23 0.21093750000000008 0.491015625 0.11132812500000004 0.491015625 0.11132812500000007 0.7015625 0.21093750000000008 0.7015625
23 0.3937500000000001 0.38593750000000004 0.2468750000000001 0.3859375 0.2468750000000001 0.4703125 0.3937500000000001 0.4703125
23 0.3984375000000001 0.553515625 0.20468750000000008 0.553515625 0.20468750000000008 0.646875 0.3984375000000001 0.646875
23 0.4984375 0.552734375 0.30546875000000007 0.552734375 0.30546875000000007 0.640625 0.4984375 0.640625
23 0.5828125 0.3566406250000001 0.39375 0.3566406250000001 0.39375000000000004 0.4421875 0.5828125 0.4421875
23 0.9203125 0.3578125000000001 0.7375 0.3578125000000001 0.7375 0.4468750000000002 0.9203125 0.4468750000000002
23 0.5859375 0.553515625 0.3921875000000001 0.553515625 0.3921875000000001 0.6375 0.5859375 0.6375
23 0.625 0.2910156250000001 0.5359375 0.2910156250000001 0.5359375 0.484375 0.625 0.484375
23 0.628125 0.4875 0.5375 0.4875 0.5375 0.696875 0.628125 0.696875
23 0.9453125 0.5500000000000002 0.7484375 0.5500000000000002 0.7484375 0.6437500000000002 0.9453125 0.6437500000000002
23 0.71875 0.483984375 0.6296875 0.483984375 0.6296875 0.6953125 0.71875 0.6953125
23 0.8015625 0.49687500000000007 0.7171875 0.496875 0.7171875 0.7015625000000001 0.8015625 0.7015625000000002
23 0.10156250000000007 0.2171875 0.0019531250000000265 0.2171875 0.001953125000000056 0.6953125 0.10156250000000008 0.6953125