23 0.2667968750000001 0.546484375 0.05507812500000007 0.546484375 0.055078125000000075 0.646875 0.2667968750000001 0.646875
23 0.36250000000000004 0.3546875 0.278125 0.3546875 0.27812500000000007 0.5015625 0.3625000000000001 0.5015625
23 0.3984375000000001 0.553515625 0.20468750000000008 0.553515625 0.20468750000000008 0.646875 0.3984375000000001 0.646875
23 0.446875 0.500390625 0.3578125000000001 0.500390625 0.3578125000000001 0.69375 0.446875 0.69375
23 0.5828125 0.35625000000000007 0.394140625 0.35625000000000007 0.394140625 0.4421875 0.5828125 0.4421875
23 0.8734375 0.3109375000000001 0.784375 0.3109375000000001 0.784375 0.4937500000000002 0.8734375 0.4937500000000002
23 0.5859375 0.553515625 0.39140625000000007 0.553515625 0.39140625000000007 0.6375 0.5859375 0.6375
23 0.6765625 0.3433593750000001 0.4828125 0.3433593750000001 0.4828125 0.43125 0.6765625 0.43125
23 0.6875 0.546875 0.478515625 0.546875 0.478515625 0.6375 0.6875 0.6375
23 0.9453125 0.5500000000000002 0.7484375 0.5500000000000002 0.7484375 0.6437500000000002 0.9453125 0.6437500000000002
23 0.7796875 0.5457031250000001 0.56875 0.545703125 0.56875 0.6343750000000001 0.7796875 0.6343750000000001
23 0.8015625 0.49687500000000007 0.7171875 0.496875 0.7171875 0.7015625000000001 0.8015625 0.7015625000000002
23 0.10156250000000007 0.2171875 0.0019531250000000265 0.2171875 0.001953125000000056 0.6953125 0.10156250000000008 0.6953125