23 0.2117187500000001 0.490625 0.11093750000000005 0.490625 0.11093750000000006 0.70234375 0.2117187500000001 0.70234375
23 0.36250000000000004 0.3546875 0.278125 0.3546875 0.27812500000000007 0.5015625 0.3625000000000001 0.5015625
23 0.34843750000000007 0.503125 0.25468750000000007 0.503125 0.25468750000000007 0.69765625 0.34843750000000007 0.69765625
23 0.446875 0.5 0.3578125000000001 0.5 0.3578125000000001 0.69453125 0.446875 0.69453125
23 0.53203125 0.3046875000000001 0.4453125 0.3046875000000001 0.4453125 0.49453125 0.53203125 0.49453125
23 0.8734375 0.3109375000000001 0.784375 0.3109375000000001 0.784375 0.4937500000000002 0.8734375 0.4937500000000002
23 0.53125 0.4984375 0.446875 0.4984375 0.446875 0.69296875 0.53125 0.69296875
23 0.625 0.2906250000000001 0.5359375 0.2906250000000001 0.5359375 0.48515625 0.625 0.48515625
23 0.62890625 0.4875 0.5375 0.4875 0.5375 0.696875 0.62890625 0.696875
23 0.89375 0.4984375000000002 0.8 0.4984375000000002 0.8 0.6953125000000002 0.89375 0.6953125000000002
23 0.71875 0.484375 0.6296875 0.484375 0.6296875 0.69609375 0.71875 0.69609375
23 0.8015625 0.49687500000000007 0.7171875 0.496875 0.7171875 0.7015625000000001 0.8015625 0.7015625000000002
23 0.10234375000000007 0.2171875 0.0015625000000000263 0.2171875 0.0015625000000000558 0.6953125 0.1023437500000001 0.6953125