23 0.56875 0.003515625000000063 0.464453125 0.003515625000000057 0.464453125 0.22812500000000008 0.56875 0.22812500000000008
23 0.5718750000000001 0.80625 0.4675781250000002 0.80625 0.4675781250000002 0.9984375 0.5718750000000001 0.9984375
23 0.6460937500000001 0.632421875 0.3984375000000001 0.632421875 0.3984375000000001 0.7421875 0.6460937500000001 0.7421875
23 0.26250000000000007 0.2234375 0.15937500000000004 0.2234375 0.15937500000000004 0.44375 0.26250000000000007 0.44375
23 0.36562500000000003 0.22539062500000004 0.2625 0.225390625 0.26250000000000007 0.4453125 0.3656250000000001 0.4453125
23 0.5234375 0.28554687500000003 0.30234375 0.285546875 0.30234375 0.37812500000000004 0.5234375 0.3781250000000001
23 0.565625 0.2269531250000001 0.4609375 0.2269531250000001 0.4609375 0.4515625 0.565625 0.4515625
23 0.730859375 0.2871093750000001 0.505078125 0.2871093750000001 0.505078125 0.3921875000000001 0.730859375 0.3921875000000001
23 0.2640625 0.001562500000000026 0.1609375 0.0015625000000000194 0.1609375 0.221875 0.2640625 0.221875
23 0.42265625 0.062109375000000036 0.2015625 0.06210937500000002 0.2015625 0.16406250000000006 0.42265625 0.16406250000000006
23 0.4640625 0.003515625000000051 0.3609375 0.0035156250000000443 0.3609375 0.22343750000000004 0.4640625 0.2234375000000001
23 0.73125 0.06328125000000008 0.508984375 0.06328125000000007 0.508984375 0.16406250000000006 0.73125 0.16406250000000008