23 0.56953125 0.003125000000000063 0.4640625 0.003125000000000057 0.4640625 0.2289062500000001 0.56953125 0.2289062500000001
23 0.5726562500000002 0.80625 0.4671875000000002 0.80625 0.4671875000000002 0.9984375 0.5726562500000002 0.9984375
23 0.5781250000000001 0.5640625 0.4671875 0.5640625 0.4671875000000001 0.81171875 0.5781250000000002 0.81171875
23 0.26250000000000007 0.2234375 0.15937500000000004 0.2234375 0.15937500000000004 0.44453125 0.26250000000000007 0.44453125
23 0.36562500000000003 0.22500000000000003 0.2625 0.225 0.26250000000000007 0.44609375 0.3656250000000001 0.44609375
23 0.459375 0.2218750000000001 0.365625 0.2218750000000001 0.36562500000000003 0.44296875 0.459375 0.44296875
23 0.56640625 0.22656250000000008 0.4609375 0.22656250000000008 0.4609375 0.45234375 0.56640625 0.45234375
23 0.67109375 0.22656250000000008 0.565625 0.22656250000000008 0.565625 0.45234375 0.67109375 0.45234375
23 0.2640625 0.001562500000000026 0.1609375 0.0015625000000000194 0.1609375 0.22265625 0.2640625 0.22265625
23 0.3640625 0.0031250000000000383 0.2609375 0.003125000000000032 0.2609375 0.22421875000000005 0.3640625 0.22421875000000008
23 0.4640625 0.0031250000000000505 0.3609375 0.0031250000000000444 0.3609375 0.22421875000000005 0.4640625 0.22421875000000008
23 0.67109375 0.001562500000000076 0.5703125 0.0015625000000000701 0.5703125 0.2250000000000001 0.67109375 0.2250000000000001