23 0.628125 0.06367187500000006 0.403515625 0.06367187500000004 0.403515625 0.16718750000000007 0.628125 0.1671875000000001
23 0.5718750000000001 0.80625 0.4671875000000002 0.80625 0.4671875000000002 0.9984375 0.5718750000000001 0.9984375
23 0.5781250000000001 0.563671875 0.4671875 0.563671875 0.4671875000000001 0.8109375 0.5781250000000002 0.8109375
23 0.26250000000000007 0.2234375 0.15937500000000004 0.2234375 0.15937500000000004 0.44375 0.26250000000000007 0.44375
23 0.36562500000000003 0.22539062500000004 0.2625 0.225390625 0.26250000000000007 0.4453125 0.3656250000000001 0.4453125
23 0.459375 0.2214843750000001 0.365625 0.2214843750000001 0.36562500000000003 0.4421875 0.459375 0.4421875
23 0.6265625 0.2871093750000001 0.401171875 0.2871093750000001 0.401171875 0.3906250000000001 0.6265625 0.3906250000000001
23 0.6703125 0.22617187500000008 0.565234375 0.22617187500000008 0.565234375 0.4515625 0.6703125 0.4515625
23 0.321875 0.060546875000000035 0.10234375 0.06054687500000002 0.10234375 0.16250000000000003 0.321875 0.16250000000000003
23 0.3640625 0.0035156250000000383 0.2609375 0.0035156250000000317 0.2609375 0.22343750000000004 0.3640625 0.2234375000000001
23 0.4640625 0.0027343750000000506 0.3609375 0.0027343750000000445 0.3609375 0.22343750000000004 0.4640625 0.2234375000000001
23 0.73125 0.06250000000000008 0.508984375 0.06250000000000007 0.508984375 0.16328125000000007 0.73125 0.1632812500000001