23 0.46562500000000007 0.609137659375 0.40544897031250005 0.609137659375 0.4054489703125001 0.8828125 0.4656250000000002 0.8828125
23 0.5093750000000001 0.715625 0.24553995312500007 0.715625 0.24553995312500007 0.7669798265625001 0.5093750000000001 0.7669798265625001
23 0.4796875000000001 0.6785106796875 0.1611155062500001 0.6785106796875 0.1611155062500001 0.740625 0.47968750000000016 0.740625
23 0.2906250000000001 0.5512757125000001 0.22596914531250006 0.5512757125000001 0.22596914531250006 0.8640625 0.2906250000000001 0.8640625
23 0.2250000000000001 0.5496736546875 0.1602848093750001 0.5496736546875 0.1602848093750001 0.8625 0.2250000000000001 0.8625
23 0.20312500000000008 0.70507318125 8.63465614582454e-17 0.70507318125 8.964070625791574e-17 0.7588706484375 0.20312500000000008 0.7588706484375
23 0.05312500000000009 0.6062895578124999 0.015625000000000073 0.6062895578124999 0.01562500000000009 0.8484375 0.05312500000000011 0.8484375
23 0.2671875 0.05460838750000002 0.10976068125 0.05460838750000002 0.10976068125 0.10312500000000002 0.2671875 0.10312500000000005
23 0.30625 0.0002571203125000349 0.2640625 0.00025712031250003237 0.2640625 0.14531250000000004 0.30625 0.14531250000000004
23 0.3109375 0.04759691406250003 0.1678401890625 0.04759691406250002 0.1678401890625 0.09531250000000004 0.3109375 0.09531250000000005
23 0.1625 1.766121865123885e-17 0.1259295890625 1.5421926816333217e-17 0.1259295890625 0.1609375 0.1625 0.1609375
23 0.1875 0.06145174062500001 0.021875000000000006 0.061451740624999994 0.02187500000000001 0.10468750000000002 0.1875 0.10468750000000004
23 0.7625000000000001 0.7187500000000001 0.479430378125 0.71875 0.4794303781250001 0.7812500000000001 0.7625000000000002 0.7812500000000002
23 0.6515625 0.722181565625 0.3678995265625001 0.722181565625 0.3678995265625001 0.7796875 0.6515625000000002 0.7796875