23 0.5875000000000001 0.6078125 0.528125 0.6078125 0.5281250000000001 0.8796875 0.5875000000000001 0.8796875
23 0.7453125 0.7136718750000001 0.484765625 0.713671875 0.4847656250000001 0.7625000000000001 0.7453125000000002 0.7625000000000002
23 0.8296875 0.6761718750000001 0.51484375 0.676171875 0.51484375 0.7375 0.8296875 0.7375000000000002
23 0.8875 0.6722656250000001 0.579296875 0.672265625 0.579296875 0.7359375000000001 0.8875 0.7359375000000001
23 0.952734375 0.6714843750000001 0.642578125 0.671484375 0.6425781250000001 0.7359375000000001 0.952734375 0.7359375000000001
23 1 0.7027343750000001 0.78828125 0.7027343750000001 0.78828125 0.7546875000000002 1 0.7546875000000002
23 0.9734375 0.6046875000000002 0.936328125 0.6046875000000002 0.936328125 0.8453125 0.9734375 0.8453125
23 0.8265625 9.825877052533841e-17 0.778125 9.529282905865343e-17 0.778125 0.1625000000000001 0.8265625 0.1625000000000001
23 0.78125 0.054687500000000076 0.633203125 0.05468750000000007 0.633203125 0.09687500000000007 0.78125 0.09687500000000009
23 0.7765625 9.213553652960166e-17 0.728125 8.916959506291665e-17 0.728125 0.14843750000000008 0.7765625 0.14843750000000008
23 0.8640625 1.0349700585762886e-16 0.826171875 1.0117687422643173e-16 0.826171875 0.16562500000000008 0.8640625 0.16562500000000008
23 0.90625 1.0842429571357328e-16 0.864453125 1.0586497525441768e-16 0.864453125 0.1703125000000001 0.90625 0.1703125000000001
23 0.4062500000000001 0.60625 0.3437500000000001 0.60625 0.3437500000000001 0.8875 0.40625000000000017 0.8875
23 0.6250000000000001 0.71953125 0.34453125000000007 0.71953125 0.34453125000000007 0.7765625 0.6250000000000002 0.7765625