23 0.6937500000000001 0.7140625 0.422265625 0.7140625 0.4222656250000001 0.7734375 0.6937500000000002 0.7734375
23 0.6406250000000001 0.6078125 0.590625 0.6078125 0.5906250000000001 0.86875 0.6406250000000002 0.86875
23 0.8296875 0.6761718750000001 0.51484375 0.676171875 0.51484375 0.7375 0.8296875 0.7375000000000002
23 0.8875 0.673046875 0.578515625 0.673046875 0.5785156250000001 0.7359375000000001 0.8875 0.7359375000000001
23 0.953125 0.6707031250000001 0.643359375 0.670703125 0.6433593750000001 0.735546875 0.953125 0.7355468750000002
23 1 0.7027343750000001 0.7875 0.7027343750000001 0.7875000000000001 0.7546875000000002 1 0.7546875000000002
23 1 0.7062500000000002 0.834765625 0.7062500000000002 0.834765625 0.7437500000000001 1 0.7437500000000001
23 0.8265625 9.825877052533841e-17 0.778125 9.529282905865343e-17 0.778125 0.1625000000000001 0.8265625 0.1625000000000001
23 0.728125 0.0019531250000000867 0.686328125 0.001953125000000084 0.686328125 0.15000000000000008 0.728125 0.15000000000000008
23 0.7765625 9.213553652960166e-17 0.728125 8.916959506291665e-17 0.728125 0.14843750000000008 0.7765625 0.14843750000000008
23 0.8640625 1.0354484362322057e-16 0.826953125 1.0127254975761512e-16 0.826953125 0.16562500000000008 0.8640625 0.16562500000000008
23 0.90625 1.0840037683077745e-16 0.8640625 1.0581713748882599e-16 0.8640625 0.1703125000000001 0.90625 0.1703125000000001
23 0.4062500000000001 0.60625 0.3437500000000001 0.60625 0.3437500000000001 0.8875 0.40625000000000017 0.8875
23 0.5140625000000001 0.6078125 0.45625 0.6078125 0.4562500000000001 0.8890625 0.5140625000000002 0.8890625