23 0.5882812500000001 0.6078125 0.528125 0.6078125 0.5281250000000001 0.8796875 0.5882812500000002 0.8796875
23 0.6414062500000001 0.6078125 0.590625 0.6078125 0.5906250000000001 0.86953125 0.6414062500000002 0.86953125
23 0.7031250000000001 0.55 0.640625 0.55 0.6406250000000001 0.86484375 0.7031250000000002 0.86484375
23 0.7664062500000001 0.55 0.7015625 0.55 0.7015625000000001 0.86015625 0.7664062500000002 0.86015625
23 0.83046875 0.5484375000000001 0.765625 0.5484375000000001 0.7656250000000001 0.85859375 0.83046875 0.85859375
23 0.9359375 0.6078125000000002 0.8828125 0.6078125000000002 0.8828125 0.85078125 0.9359375 0.85078125
23 0.97421875 0.6046875000000002 0.9359375 0.6046875000000002 0.9359375 0.8453125 0.97421875 0.8453125
23 0.8265625 9.825877052533841e-17 0.778125 9.529282905865343e-17 0.778125 0.1625000000000001 0.8265625 0.1625000000000001
23 0.72890625 0.0015625000000000868 0.6859375 0.001562500000000084 0.6859375 0.1507812500000001 0.72890625 0.1507812500000001
23 0.7765625 9.213553652960166e-17 0.728125 8.916959506291665e-17 0.728125 0.14843750000000008 0.7765625 0.14843750000000008
23 0.86484375 1.035687625060164e-16 0.8265625 1.0122471199202341e-16 0.8265625 0.16562500000000008 0.86484375 0.16562500000000008
23 0.90703125 1.0844821459636913e-16 0.8640625 1.0581713748882599e-16 0.8640625 0.17031250000000012 0.90703125 0.17031250000000014
23 0.4062500000000001 0.60625 0.3437500000000001 0.60625 0.3437500000000001 0.8875 0.40625000000000017 0.8875
23 0.5140625000000001 0.6078125 0.45625 0.6078125 0.4562500000000001 0.8890625 0.5140625000000002 0.8890625