23 0.46562500000000007 0.609216771875 0.4062598890625 0.609216771875 0.4062598890625001 0.8828125 0.4656250000000002 0.8828125
23 0.40305577500000006 0.609375 0.3516317250000001 0.609375 0.3516317250000001 0.8734375 0.40305577500000017 0.8734375
23 0.3529568828125001 0.551305378125 0.2896657437500001 0.551305378125 0.2896657437500001 0.86875 0.3529568828125001 0.86875
23 0.2906250000000001 0.5512757125000001 0.22596914531250006 0.5512757125000001 0.22596914531250006 0.8640625 0.2906250000000001 0.8640625
23 0.3500000000000001 0.6735759484375 0.03701542656250008 0.6735759484375 0.03701542656250008 0.7375 0.3500000000000001 0.7375
23 0.20312500000000008 0.7055280859375 8.640227121519181e-17 0.7055280859375 8.969641601486213e-17 0.7593255531249999 0.20312500000000008 0.7593255531249999
23 0.05312500000000009 0.6062895578124999 0.015625000000000073 0.6062895578124999 0.01562500000000009 0.8484375 0.05312500000000011 0.8484375
23 0.2135878171875 2.315347864205518e-17 0.164537184375 2.0149993618556165e-17 0.164537184375 0.15781250000000002 0.2135878171875 0.15781250000000005
23 0.30625 0.0002571203125000349 0.2640625 0.00025712031250003237 0.2640625 0.14531250000000004 0.30625 0.14531250000000004
23 0.3109375 0.04759691406250003 0.1678401890625 0.04759691406250002 0.1678401890625 0.09531250000000004 0.3109375 0.09531250000000005
23 0.1625 1.766121865123885e-17 0.1259295890625 1.5421926816333217e-17 0.1259295890625 0.1609375 0.1625 0.1609375
23 0.1875 0.06145174062500001 0.021875000000000006 0.061451740624999994 0.02187500000000001 0.10468750000000002 0.1875 0.10468750000000004
23 0.7625000000000001 0.7187500000000001 0.479430378125 0.71875 0.4794303781250001 0.7812500000000001 0.7625000000000002 0.7812500000000002
23 0.5390625000000001 0.609375 0.48125 0.609375 0.48125000000000007 0.89375 0.5390625000000002 0.89375