23 0.46677215156250007 0.609177215625 0.40585442968749996 0.609177215625 0.4058544296875001 0.8844936703125 0.4667721515625002 0.8844936703125
23 0.40348101250000007 0.609177215625 0.35205696250000007 0.609177215625 0.35205696250000007 0.8742088609374999 0.4034810125000002 0.8742088609374999
23 0.3528481015625001 0.5506329109375 0.28955696250000007 0.5506329109375 0.28955696250000007 0.869462025 0.3528481015625001 0.869462025
23 0.2911392406250001 0.5506329109375 0.2254746828125001 0.5506329109375 0.2254746828125001 0.864715190625 0.2911392406250001 0.864715190625
23 0.22626582343750007 0.5490506328125 0.16060126562500007 0.5490506328125 0.16060126562500007 0.8631329109375001 0.22626582343750007 0.8631329109375001
23 0.1075949359375001 0.609177215625 0.05379746875000006 0.609177215625 0.05379746875000009 0.85522151875 0.1075949359375001 0.85522151875
23 0.05379746875000009 0.6060126578125 0.015031645312500072 0.6060126578125 0.015031645312500088 0.84968354375 0.05379746875000011 0.84968354375
23 0.2136075953125 2.3155900763802614e-17 0.16455696250000001 2.0152415740303603e-17 0.16455696250000001 0.1582278484375 0.2136075953125 0.15822784843750004
23 0.30696202499999997 3.4927624281980373e-17 0.2634493671875 3.226324242635676e-17 0.2634493671875 0.14636075937500004 0.30696202499999997 0.14636075937500004
23 0.26424050625 2.935664399491486e-17 0.2151898734375 2.6353158971415843e-17 0.2151898734375 0.14398734218750003 0.26424050625 0.14398734218750003
23 0.16455696250000001 1.777869366085131e-17 0.1257911390625 1.540497158139902e-17 0.1257911390625 0.1613924046875 0.16455696250000001 0.1613924046875
23 0.126582278125 1.2837476317832518e-17 0.08306962031250001 1.0173094462208909e-17 0.08306962031250001 0.16613924062500002 0.126582278125 0.16613924062500002
23 0.6534810125000001 0.6075949359374999 0.5901898734375 0.6075949359374999 0.5901898734375001 0.8924050640625 0.6534810125000001 0.8924050640625
23 0.5395569625000001 0.609177215625 0.48101265781249997 0.609177215625 0.4810126578125001 0.8939873421875 0.5395569625000002 0.8939873421875