23 0.5859375 0.3593750000000001 0.4875 0.3593750000000001 0.4875 0.525 0.5859375 0.525
23 0.6765625 0.10273437500000007 0.4078125 0.10273437500000004 0.4078125 0.2218750000000001 0.6765625 0.2218750000000001
23 0.7203125 0.3945312500000001 0.555859375 0.3945312500000001 0.555859375 0.490625 0.7203125 0.490625
23 0.83671875 0.4058593750000001 0.6421875 0.405859375 0.6421875 0.503125 0.83671875 0.5031250000000002
23 0.934375 0.40351562500000016 0.73984375 0.40351562500000016 0.73984375 0.5062500000000002 0.934375 0.5062500000000002
23 0.728125 0.028125000000000084 0.6078125 0.028125000000000077 0.6078125 0.2968750000000001 0.728125 0.2968750000000001
23 0.846875 0.0312500000000001 0.7265625 0.03125000000000009 0.7265625 0.2953125000000001 0.846875 0.2953125000000001
23 0.978125 0.03398437500000011 0.842578125 0.0339843750000001 0.842578125 0.2953125000000001 0.978125 0.2953125000000001
23 0.2 0.098046875 1.2007279163515066e-17 0.098046875 1.9589565009798484e-17 0.221875 0.2 0.221875
23 0.321875 0.10156250000000003 0.048828125000000014 0.1015625 0.048828125000000014 0.21875 0.321875 0.21875
23 0.3625 0.02500000000000004 0.2453125 0.025000000000000033 0.2453125 0.29375 0.3625 0.29375
23 0.5546875 0.10429687500000007 0.287109375 0.10429687500000004 0.287109375 0.22187500000000004 0.5546875 0.2218750000000001
23 0.17031250000000006 0.353125 0.059375000000000046 0.353125 0.05937500000000005 0.5578125 0.1703125000000001 0.5578125
23 0.275 0.3578125 0.17187500000000006 0.3578125 0.17187500000000006 0.5625 0.2750000000000001 0.5625
23 0.4140625 0.38984375000000004 0.2445312500000001 0.38984375 0.2445312500000001 0.4921875 0.4140625 0.4921875
23 0.5171875 0.39257812500000006 0.3500000000000001 0.392578125 0.3500000000000001 0.490625 0.5171875 0.490625
23 1 0.4019531250000002 0.846875 0.4019531250000002 0.846875 0.5046875000000002 1 0.5046875000000002