23 0.5859375 0.3593750000000001 0.4875 0.3593750000000001 0.4875 0.525 0.5859375 0.525
23 0.603125 0.028125000000000067 0.4828125 0.028125000000000056 0.4828125 0.2968750000000001 0.603125 0.2968750000000001
23 0.6859375 0.3593750000000001 0.591015625 0.3593750000000001 0.591015625 0.525 0.6859375 0.525
23 0.7890625 0.35820312500000007 0.690625 0.35820312500000007 0.690625 0.5515625000000001 0.7890625 0.5515625000000002
23 0.8890625 0.3574218750000001 0.7859375 0.3574218750000001 0.7859375 0.5515625000000002 0.8890625 0.5515625000000002
23 0.8015625 0.10273437500000007 0.53359375 0.10273437500000004 0.53359375 0.2218750000000001 0.8015625 0.2218750000000001
23 0.91875 0.1031250000000001 0.6546875 0.10312500000000009 0.6546875 0.2234375000000001 0.91875 0.2234375000000001
23 0.978125 0.03476562500000011 0.8421875 0.0347656250000001 0.8421875 0.2953125000000001 0.978125 0.2953125000000001
23 0.2 0.098046875 1.2007279163515066e-17 0.098046875 1.9589565009798484e-17 0.221875 0.2 0.221875
23 0.24375 0.023828125000000023 0.126953125 0.023828125000000016 0.12695312500000003 0.296875 0.24375 0.296875
23 0.4375 0.10039062500000002 0.169921875 0.100390625 0.16992187500000003 0.21718750000000003 0.4375 0.2171875000000001
23 0.4796875 0.02812500000000005 0.362890625 0.028125000000000046 0.362890625 0.2968750000000001 0.4796875 0.2968750000000001
23 0.2171875000000001 0.4 0.01250000000000005 0.4 0.012500000000000056 0.5109375 0.2171875000000001 0.5109375
23 0.32500000000000007 0.40859375 0.12109375000000004 0.40859375 0.12109375000000004 0.5109375 0.32500000000000007 0.5109375
23 0.4140625 0.38984375000000004 0.2445312500000001 0.38984375 0.2445312500000001 0.4921875 0.4140625 0.4921875
23 0.5171875 0.39257812500000006 0.3500000000000001 0.392578125 0.3500000000000001 0.490625 0.5171875 0.490625
23 1 0.4019531250000002 0.846875 0.4019531250000002 0.846875 0.5046875000000002 1 0.5046875000000002