23 0.5796875 0.3613911296875001 0.4796622984375 0.3613911296875001 0.4796622984375 0.53125 0.5796875 0.53125
23 0.5980342734375 0.018750000000000065 0.47384072499999996 0.018750000000000055 0.47384072499999996 0.2968750000000001 0.5980342734375 0.2968750000000001
23 0.6828125 0.3611895140625001 0.585408265625 0.3611895140625001 0.585408265625 0.53125 0.6828125 0.53125
23 0.8390625 0.40894657343750007 0.639188509375 0.40894657343749996 0.639188509375 0.5093750000000001 0.8390625 0.5093750000000001
23 0.940625 0.4065524187500002 0.7399949593749999 0.4065524187500002 0.7399949593749999 0.5125000000000002 0.940625 0.5125000000000002
23 0.803125 0.09667338750000007 0.5268649187500001 0.09667338750000007 0.5268649187500001 0.22031250000000008 0.803125 0.22031250000000008
23 0.8484375 0.022303428125000097 0.7261844749999999 0.022303428125000087 0.7261844749999999 0.2948840718750001 0.8484375 0.2948840718750001
23 1 0.09022177500000012 0.78125 0.09022177500000009 0.78125 0.2296875000000001 1 0.2296875000000001
23 0.19375000000000003 0.10292338750000003 1.260447970592777e-17 0.1029233875 1.9027085500354352e-17 0.2078125 0.19375000000000003 0.2078125
23 0.3078125 0.09501008125000002 0.026386089062500014 0.09501008125 0.026386089062500017 0.215625 0.3078125 0.215625
23 0.35 0.016683468750000034 0.2283266125 0.016683468750000027 0.2283266125 0.29375 0.35 0.29375
23 0.4703125 0.02001008125000005 0.349949596875 0.020010081250000044 0.349949596875 0.29687500000000006 0.4703125 0.2968750000000001
23 0.15000000000000008 0.35516633125 0.03692036093750005 0.35516633125 0.036920360937500056 0.565625 0.15000000000000008 0.565625
23 0.3109375000000001 0.4118951609375 0.10128528125000005 0.4118951609375 0.10128528125000005 0.5171875 0.3109375000000001 0.5171875
23 0.36875 0.35819052500000004 0.2625 0.35819052500000004 0.26250000000000007 0.5328125 0.3687500000000001 0.5328125
23 0.4734375 0.3599546359375001 0.3733114921875 0.3599546359375001 0.37331149218750004 0.5328125 0.4734375 0.5328125
23 1 0.40680443437500013 0.8481098796875 0.40680443437500013 0.8481098796875 0.5093750000000001 1 0.5093750000000001