23 0.5806451609375001 0.3612903218750001 0.47903225781250003 0.3612903218750001 0.47903225781250003 0.5322580640625 0.5806451609375001 0.5322580640625
23 0.598387096875 0.019354839062500066 0.47419354843750006 0.019354839062500056 0.47419354843750006 0.2975806453125001 0.598387096875 0.2975806453125001
23 0.68467741875 0.3612903218750001 0.5854838703125 0.3612903218750001 0.5854838703125 0.5322580640625 0.68467741875 0.5322580640625
23 0.79032258125 0.3596774187500001 0.6887096781250001 0.3596774187500001 0.6887096781250001 0.5604838703125001 0.79032258125 0.5604838703125001
23 0.8935483874999999 0.3596774187500001 0.7870967734375001 0.3596774187500001 0.7870967734375001 0.5604838703125001 0.8935483874999999 0.5604838703125001
23 0.7274193546875 0.01935483906250008 0.60322580625 0.019354839062500073 0.60322580625 0.2975806453125001 0.7274193546875 0.2975806453125001
23 0.85 0.0225806453125001 0.7258064515625 0.022580645312500088 0.7258064515625 0.2951612906250001 0.85 0.2951612906250001
23 0.9862903218750001 0.02580645156250011 0.845161290625 0.0258064515625001 0.845161290625 0.2959677421875001 0.9862903218750001 0.2959677421875001
23 0.10645161250000001 0.014516129687500007 1.7777131757804746e-18 0.0145161296875 1.9110415826398084e-17 0.2975806453125 0.10645161250000004 0.2975806453125
23 0.22822580625 0.014516129687500021 0.10645161249999999 0.014516129687500013 0.10645161250000001 0.2975806453125 0.22822580625 0.2975806453125
23 0.3508064515625 0.016129032812500034 0.2290322578125 0.016129032812500027 0.2290322578125 0.29435483906250004 0.3508064515625 0.29435483906250004
23 0.47177419374999996 0.019354839062500052 0.35 0.019354839062500045 0.35 0.29758064531250006 0.47177419374999996 0.2975806453125001
23 0.15161290312500006 0.354838709375 0.03709677343750005 0.354838709375 0.03709677343750006 0.5661290328125 0.1516129031250001 0.5661290328125
23 0.25967741875000006 0.35967741875 0.15322580625000004 0.35967741875 0.15322580625000007 0.5709677421875 0.25967741875000006 0.5709677421875
23 0.36935483906250005 0.3580645156250001 0.2629032265625 0.358064515625 0.26290322656250004 0.5338709671874999 0.3693548390625001 0.5338709671874999
23 0.47419354843750006 0.3596774187500001 0.3725806453125 0.3596774187500001 0.37258064531250007 0.533064515625 0.47419354843750006 0.533064515625
23 1 0.3580645156250001 0.89677419375 0.3580645156250001 0.89677419375 0.5588709671875002 1 0.5588709671875002