23 0.5796875 0.3611895140625001 0.4784022171875 0.3611895140625001 0.4784022171875 0.53125 0.5796875 0.53125
23 0.675 0.09601814531250007 0.39783266093749997 0.09601814531250005 0.39783266093749997 0.2202116937500001 0.675 0.2202116937500001
23 0.7203125 0.39725302343750013 0.5494959671874999 0.39725302343750013 0.5494959671874999 0.4953125 0.7203125 0.4953125
23 0.7890625 0.3597530250000001 0.6890372984375001 0.3597530250000001 0.6890372984375001 0.5593750000000001 0.7890625 0.5593750000000002
23 0.940625 0.4065524187500002 0.7399949593749999 0.4065524187500002 0.7399949593749999 0.5125000000000002 0.940625 0.5125000000000002
23 0.803125 0.09667338750000007 0.5268649187500001 0.09667338750000007 0.5268649187500001 0.22031250000000008 0.803125 0.22031250000000008
23 0.9234375 0.0971522171875001 0.6518901203125 0.09715221718750008 0.6518901203125 0.22031250000000008 0.9234375 0.22031250000000008
23 1 0.09022177500000012 0.78125 0.09022177500000009 0.78125 0.2296875000000001 1 0.2296875000000001
23 0.10625000000000002 0.015095767187500006 0.00010080625000000187 0.015095767187500001 0.00010080625000001911 0.296875 0.10625000000000004 0.296875
23 0.22807459687499998 0.01406250000000002 0.106300403125 0.01406250000000001 0.10630040312500003 0.296875 0.22807459687499998 0.296875
23 0.428125 0.09375000000000003 0.15025201562499998 0.09375000000000003 0.150252015625 0.21542338750000006 0.428125 0.2154233875000001
23 0.5484375 0.09753024218750005 0.2711189515625 0.09753024218750003 0.2711189515625 0.21875000000000006 0.5484375 0.21875000000000008
23 0.19843750000000004 0.403125 4.9368574090627673e-17 0.403125 5.635288786701493e-17 0.5171875 0.19843750000000004 0.5171875
23 0.3109375000000001 0.4122983859375 0.10032762031250005 0.4122983859375 0.10032762031250005 0.5171875 0.3109375000000001 0.5171875
23 0.403125 0.39324596718750005 0.2283518156250001 0.3932459671875 0.2283518156250001 0.4984375 0.403125 0.4984375
23 0.4734375 0.3599546359375001 0.3733114921875 0.3599546359375001 0.37331149218750004 0.5328125 0.4734375 0.5328125
23 1 0.40680443437500013 0.8481098796875 0.40680443437500013 0.8481098796875 0.5093750000000001 1 0.5093750000000001