23 0.5859375 0.3593750000000001 0.4875 0.3593750000000001 0.4875 0.525 0.5859375 0.525
23 0.603125 0.028125000000000067 0.4828125 0.028125000000000056 0.4828125 0.29765625000000007 0.603125 0.29765625000000007
23 0.68671875 0.3593750000000001 0.590625 0.3593750000000001 0.590625 0.525 0.68671875 0.525
23 0.7890625 0.3578125000000001 0.690625 0.3578125000000001 0.690625 0.5523437500000001 0.7890625 0.5523437500000001
23 0.8890625 0.3578125000000001 0.7859375 0.3578125000000001 0.7859375 0.5523437500000001 0.8890625 0.5523437500000001
23 0.728125 0.028125000000000084 0.6078125 0.028125000000000077 0.6078125 0.29765625000000007 0.728125 0.29765625000000007
23 0.846875 0.0312500000000001 0.7265625 0.03125000000000009 0.7265625 0.2953125000000001 0.846875 0.2953125000000001
23 0.97890625 0.034375000000000114 0.8421875 0.0343750000000001 0.8421875 0.2960937500000001 0.97890625 0.2960937500000001
23 0.12656250000000002 0.023437500000000007 0.0015625000000000027 0.0234375 0.0015625000000000198 0.29765625 0.12656250000000005 0.29765625
23 0.24453125 0.02343750000000002 0.1265625 0.023437500000000017 0.12656250000000002 0.29765625 0.24453125 0.29765625
23 0.36328125 0.02500000000000004 0.2453125 0.025000000000000033 0.2453125 0.29453125 0.36328125 0.2945312500000001
23 0.48046875 0.02812500000000005 0.3625 0.028125000000000046 0.3625 0.29765625000000007 0.48046875 0.29765625000000007
23 0.17031250000000006 0.353125 0.059375000000000046 0.353125 0.05937500000000005 0.5578125 0.1703125000000001 0.5578125
23 0.275 0.3578125 0.17187500000000006 0.3578125 0.17187500000000006 0.5625 0.2750000000000001 0.5625
23 0.38125000000000003 0.35625000000000007 0.278125 0.35625 0.27812500000000007 0.5265625 0.3812500000000001 0.5265625
23 0.4828125 0.3578125000000001 0.384375 0.3578125000000001 0.384375 0.52578125 0.4828125 0.52578125
23 0.9953125 0.35625000000000007 0.8921875 0.35625000000000007 0.8921875 0.5507812500000002 0.9953125 0.5507812500000002