23 1 0.7482855156250002 0.7484375000000002 0.7482855156250002 0.7484375000000002 0.8578125 1 0.8578125
23 1 0.7357695187500001 0.6244213953125002 0.73576951875 0.6244213953125002 0.8703125 1 0.8703125
23 0.9998480171875 0.00009865625000011586 0.892339484375 0.00009865625000010929 0.892339484375 0.4500000000000002 0.9998480171875 0.4500000000000002
23 0.7187500000000002 0.7312073375 0.3185286906250001 0.7312073375 0.3185286906250001 0.8671875 0.7187500000000002 0.8671875
23 0.5796875000000001 0.7303087671874999 0.17727709062500008 0.7303087671874999 0.17727709062500008 0.865625 0.5796875000000001 0.865625
23 0.43403103593750014 0.7314233156250001 0.03300714531250009 0.7314233156250001 0.033007145312500104 0.8671875 0.43403103593750014 0.8671875
23 0.2984375000000001 0.7299888015625 8.93978449246928e-17 0.7299888015625 9.770316673794279e-17 0.865625 0.2984375000000001 0.865625
23 0.8859375 0.0001119890625001002 0.7504346203125001 0.0001119890625000919 0.7504346203125001 0.4468750000000002 0.8859375 0.4468750000000002
23 0.74375 8.299264566668102e-17 0.6116227609375 7.490218564677761e-17 0.6116227609375 0.4484375000000001 0.74375 0.44843750000000016
23 0.740625 0.15427154375000007 0.29895744375 0.15427154375000005 0.29895744375 0.28750000000000003 0.740625 0.2875000000000001
23 0.4546875 4.704705468585072e-17 0.3136492109375 3.8410950222970234e-17 0.31364921093750003 0.4421875 0.4546875 0.4421875
23 0.30937500000000007 2.942283816359493e-17 0.1711364125 2.0958165978568607e-17 0.17113641250000003 0.440625 0.30937500000000007 0.440625