23 1 0.7483015140625001 0.7484454984375002 0.7483015140625001 0.7484454984375002 0.8578125 1 0.8578125
23 1 0.7357695187500001 0.6244213953125002 0.73576951875 0.6244213953125002 0.8703125 1 0.8703125
23 1 0.17177634375000012 0.720464484375 0.1717763437500001 0.720464484375 0.27812500000000007 1 0.27812500000000007
23 0.7187500000000002 0.7312073375 0.3185286906250001 0.7312073375 0.3185286906250001 0.8671875 0.7187500000000002 0.8671875
23 0.5796875000000001 0.7303087671874999 0.17727709062500008 0.7303087671874999 0.17727709062500008 0.865625 0.5796875000000001 0.865625
23 0.4343750000000002 0.73125 0.033545756250000086 0.73125 0.0335457562500001 0.8671875 0.4343750000000002 0.8671875
23 0.1640625000000001 0.5974669375 0.02862361406250008 0.5974669375 0.0286236140625001 1 0.16406250000000014 1
23 1 0.1557087234375001 0.595675128125 0.15570872343750009 0.595675128125 0.2906250000000001 1 0.2906250000000001
23 0.903125 0.15781250000000008 0.45409556406249996 0.15781250000000005 0.45409556406249996 0.2906250000000001 0.903125 0.2906250000000001
23 0.740625 0.15374893281250007 0.299165421875 0.15374893281250004 0.299165421875 0.28750000000000003 0.740625 0.2875000000000001
23 0.60625 0.15136785312500006 0.1629372875 0.151367853125 0.16293728750000003 0.29218750000000004 0.60625 0.2921875000000001
23 0.4609375 0.15108521718750004 0.020155182812500016 0.1510852171875 0.020155182812500026 0.28906250000000006 0.4609375 0.2890625000000001