23 0.1578125000000001 0.571875 0.028125000000000067 0.571875 0.028125000000000094 1 0.15781250000000013 1
23 0.43437500000000007 0.7234375 0.006250000000000089 0.7234375 0.006250000000000096 0.8484375 0.4343750000000002 0.8484375
23 0.15468750000000003 0.003125000000000012 0.0296875 0.003125000000000004 0.029687500000000026 0.428125 0.15468750000000003 0.428125
23 0.5593750000000001 0.563671875 0.434375 0.563671875 0.43437500000000007 0.9984375 0.5593750000000002 0.9984375
23 0.8421875 0.7175781250000001 0.4078125 0.717578125 0.4078125000000001 0.8421875 0.8421875 0.8421875
23 0.8203125 0.563671875 0.6953125 0.563671875 0.6953125000000001 0.9984375 0.8203125 0.9984375
23 1 0.7175781250000001 0.665625 0.717578125 0.6656250000000001 0.8421875 1 0.8421875
23 0.28437500000000004 2.71718508560819e-17 0.159375 1.951780836141094e-17 0.15937500000000002 0.425 0.2843750000000001 0.425
23 0.4109375 0.0011718750000000429 0.288671875 0.0011718750000000353 0.288671875 0.4265625 0.4109375 0.4265625
23 0.55625 6.065828677026735e-17 0.434375 5.319559533796316e-17 0.434375 0.4203125 0.55625 0.4203125
23 0.684375 0.001562500000000076 0.5546875 0.001562500000000068 0.5546875 0.421875 0.684375 0.421875
23 0.9609375 0.14609375000000008 0.541015625 0.14609375000000005 0.541015625 0.2734375000000001 0.9609375 0.2734375000000001