23 1 0.6075085328125002 0.8890784984375 0.6075085328125002 0.8890784984375 1 1 1
23 0.8890784984375 0.6075085328125002 0.7525597265624999 0.6075085328125002 0.7525597265625 1 0.8890784984375 1
23 1 1.1588168088524252e-16 0.8924914671874999 1.0929868185574969e-16 0.8924914671874999 0.45136518750000015 1 0.45136518750000015
23 0.5870307171875001 0.598976109375 0.45051194531250005 0.598976109375 0.4505119453125001 1 0.5870307171875002 1
23 0.4470989765625001 0.597269625 0.3105802046875001 0.597269625 0.3105802046875001 1 0.4470989765625002 1
23 0.3020477812500001 0.598976109375 0.1655290109375001 0.598976109375 0.1655290109375001 1 0.3020477812500001 1
23 0.1655290109375001 0.597269625 0.029010239062500075 0.597269625 0.0290102390625001 1 0.16552901093750014 1
23 0.8873720140625 1.0031236581744573e-16 0.7508532421874999 9.195300196743342e-17 0.7508532421874999 0.4470989765625002 0.8873720140625 0.4470989765625002
23 0.7457337890625 8.31234239762024e-17 0.6117747437500001 7.492079817326298e-17 0.6117747437500001 0.44965870312500006 0.7457337890625 0.44965870312500017
23 0.5870307171875 6.368790307754528e-17 0.45307167187499997 5.5485277274605864e-17 0.45307167187499997 0.441979521875 0.5870307171875 0.441979521875
23 0.4556314 4.712591352026908e-17 0.3139931734375 3.8453073480435415e-17 0.31399317343750005 0.44368600625 0.4556314 0.44368600625
23 0.3105802046875 2.951900345782244e-17 0.17150170625 2.1002901560737214e-17 0.17150170625000002 0.441979521875 0.3105802046875001 0.441979521875