23 0.1578125000000001 0.571875 0.028125000000000067 0.571875 0.028125000000000094 1 0.15781250000000013 1
23 0.2828125000000001 0.571875 0.15781250000000008 0.571875 0.1578125000000001 1 0.2828125000000001 1
23 0.15468750000000003 0.003125000000000012 0.0296875 0.003125000000000004 0.029687500000000026 0.42890625 0.15468750000000003 0.42890625
23 0.5593750000000001 0.5640625 0.434375 0.5640625 0.43437500000000007 0.99921875 0.5593750000000002 0.99921875
23 0.6875000000000001 0.5625 0.5625 0.5625 0.5625000000000001 0.99765625 0.6875000000000002 0.99765625
23 0.8203125 0.5640625000000001 0.6953125 0.5640625 0.6953125000000001 0.99921875 0.8203125 0.99921875
23 0.9453125 0.5625000000000002 0.8203125 0.5625000000000002 0.8203125 0.99765625 0.9453125 0.99765625
23 0.28437500000000004 2.71718508560819e-17 0.159375 1.951780836141094e-17 0.15937500000000002 0.425 0.2843750000000001 0.425
23 0.41171875 0.001562500000000043 0.2890625 0.0015625000000000354 0.28906250000000006 0.42734375 0.41171875 0.42734375
23 0.55703125 6.070612453585903e-17 0.434375 5.319559533796316e-17 0.434375 0.4203125 0.55703125 0.4203125
23 0.684375 0.001562500000000076 0.5546875 0.001562500000000068 0.5546875 0.421875 0.684375 0.421875
23 0.81484375 9.199202323282657e-17 0.6875 8.419446744138054e-17 0.6875 0.4203125000000001 0.81484375 0.4203125000000002