23 0.1578125000000001 0.571875 0.028125000000000067 0.571875 0.028125000000000094 1 0.15781250000000013 1
23 0.43437500000000007 0.7234375 0.006250000000000089 0.7234375 0.006250000000000096 0.8484375 0.4343750000000002 0.8484375
23 0.15468750000000003 0.003125000000000012 0.0296875 0.003125000000000004 0.029687500000000026 0.428125 0.15468750000000003 0.428125
23 0.7140625 0.719140625 0.2796875000000001 0.719140625 0.2796875000000001 0.84375 0.7140625000000002 0.84375
23 0.8421875 0.7175781250000001 0.4078125 0.717578125 0.4078125000000001 0.8421875 0.8421875 0.8421875
23 0.8203125 0.5644531250000001 0.6953125 0.564453125 0.6953125000000001 0.9984375 0.8203125 0.9984375
23 0.9453125 0.5625000000000002 0.8203125 0.5625000000000002 0.8203125 0.996875 0.9453125 0.996875
23 0.28437500000000004 2.71718508560819e-17 0.159375 1.951780836141094e-17 0.15937500000000002 0.425 0.2843750000000001 0.425
23 0.5625 0.15351562500000004 0.137109375 0.153515625 0.13710937500000003 0.275 0.5625 0.2750000000000001
23 0.55625 6.068220565306319e-17 0.434765625 5.3243433103554855e-17 0.434765625 0.4203125 0.55625 0.4203125
23 0.8296875 0.14687500000000006 0.409375 0.14687500000000003 0.409375 0.2765625000000001 0.8296875 0.2765625000000001
23 0.8140625 9.192026658443903e-17 0.687109375 8.414662967578884e-17 0.687109375 0.4203125000000001 0.8140625 0.4203125000000002