23 0.4777217734375 0.264289315625 0.30675403125 0.264289315625 0.30675403125 0.34062500000000007 0.4777217734375 0.34062500000000007
23 0.2156250000000001 0.5003276203125 0.14490927500000003 0.5003276203125 0.14490927500000006 0.6703125 0.2156250000000001 0.6703125
23 0.109375 0.0993447578125 1.2166223966714712e-17 0.09934475781249999 1.574634063287944e-17 0.1578125 0.109375 0.1578125
23 0.34362399218750006 0.5538810468750001 0.1645917343750001 0.5538810468750001 0.1645917343750001 0.625 0.34362399218750006 0.625
23 0.36244959687500006 0.503125 0.2906754031250001 0.503125 0.2906754031250001 0.6734375 0.36244959687500006 0.6734375
23 0.484375 0.5556451609375 0.3143649203125001 0.5556451609375 0.3143649203125001 0.6265625 0.484375 0.6265625
23 0.5078125 0.507862903125 0.435408265625 0.507862903125 0.435408265625 0.678125 0.5078125 0.678125
23 0.6296875 0.5566028234375 0.45947580468749993 0.5566028234375 0.45947580468749993 0.6296875 0.6296875 0.6296875
23 0.653125 0.5078377015625 0.5808719765625 0.5078377015625 0.5808719765625 0.6812247984375001 0.653125 0.6812247984375001
23 0.7296875 0.5109627015625 0.656653225 0.5109627015625 0.656653225 0.6843497984375001 0.7296875 0.6843497984375002
23 0.7967489921875 0.5098286296875002 0.7298135078125 0.5098286296875002 0.7298135078125 0.6796875000000002 0.7967489921875 0.6796875000000002
23 0.8640625 0.5111895140625002 0.7953125015625 0.5111895140625002 0.7953125015625 0.6812500000000001 0.8640625 0.6812500000000001
23 0.9386592734375 0.5113911296875002 0.864465725 0.5113911296875002 0.864465725 0.6812500000000001 0.9386592734375 0.6812500000000001
23 1 0.5116179421875001 0.9381048390625001 0.5116179421875001 0.9381048390625001 0.6843750000000002 1 0.6843750000000002
23 0.05937500000000003 0.21292842812499999 0.00015120937500002606 0.21292842812499999 0.00015120937500003685 0.3887348796875 0.059375000000000046 0.3887348796875
23 0.13281250000000006 0.2166078640625 0.05957661250000003 0.2166078640625 0.059576612500000035 0.3890625 0.13281250000000006 0.3890625
23 0.20781250000000004 0.2128780234375 0.13555947656250006 0.2128780234375 0.13555947656250006 0.388684475 0.2078125000000001 0.388684475
23 0.3296875 0.2646673390625 0.15972782343750005 0.2646673390625 0.15972782343750005 0.3388608875 0.3296875 0.3388608875
23 0.353125 0.2178427421875 0.2804183453125 0.2178427421875 0.28041834531250004 0.388810484375 0.3531250000000001 0.388810484375
23 0.0703125000000001 0.677872984375 8.301549805433075e-17 0.677872984375 9.307686033501095e-17 0.8421875 0.07031250000000011 0.8421875
23 0.18906250000000008 0.7231350796875 0.02409274218750009 0.7231350796875 0.024092742187500092 0.79375 0.18906250000000008 0.79375
23 0.2171875000000001 0.677872984375 0.1437500000000001 0.677872984375 0.1437500000000001 0.8421875 0.2171875000000001 0.8421875
23 0.3343750000000001 0.7275201625000001 0.17011088750000009 0.7275201625000001 0.17011088750000009 0.7984375 0.3343750000000001 0.7984375
23 0.36244959687500006 0.6810735875 0.2906754031250001 0.6810735875 0.2906754031250001 0.840625 0.36244959687500006 0.840625
23 0.43437500000000007 0.6841985875 0.3641129046875001 0.6841985875 0.3641129046875001 0.84375 0.4343750000000002 0.84375
23 0.5500000000000002 0.7288810484375 0.39024697500000005 0.7288810484375 0.39024697500000005 0.8 0.5500000000000002 0.8
23 0.5781250000000001 0.6857610875 0.507862903125 0.6857610875 0.5078629031250002 0.8453125 0.5781250000000002 0.8453125
23 0.6984375000000002 0.73125 0.5332661296875002 0.73125 0.5332661296875002 0.8046875 0.6984375000000002 0.8046875
23 0.7265625000000001 0.6832661281250001 0.6529233875 0.683266128125 0.6529233875000001 0.8515625 0.7265625000000002 0.8515625
23 0.13437500000000002 0.04649697656250001 0.0583921359375 0.04649697656250001 0.05839213593750001 0.209375 0.13437500000000005 0.209375
23 0.2078125 0.048437500000000015 0.13125 0.04843750000000001 0.13125000000000003 0.209375 0.2078125 0.209375
23 0.28125 0.05312500000000003 0.2062247984375 0.05312500000000002 0.2062247984375 0.2140625 0.28125 0.2140625
23 0.4 0.09654737968750003 0.23477822499999998 0.09654737968750002 0.23477822499999998 0.17187500000000006 0.4 0.17187500000000006
23 0.4296875 0.051915321875000045 0.3534022171875 0.051915321875000045 0.3534022171875 0.21718750000000003 0.4296875 0.2171875000000001
23 0.9984375 0.22731854843750007 0.9450856859375 0.22731854843750007 0.9450856859375 0.3890625000000001 0.9984375 0.3890625000000001
23 0.9984375 0.05947580625000012 0.94364919375 0.05947580625000011 0.94364919375 0.2280241937500001 0.9984375 0.2280241937500001
23 0.8421875 0.7330393140625 0.6796875000000002 0.7330393140625 0.6796875000000002 0.7968750000000001 0.8421875 0.7968750000000002
23 0.909375 0.7281250000000001 0.7468750000000002 0.7281250000000001 0.7468750000000002 0.7968750000000002 0.909375 0.7968750000000002
23 0.9828125 0.7257812500000002 0.8171875 0.7257812500000002 0.8171875 0.8015625 0.9828125 0.8015625
23 0.9997983874999999 0.6856854843750002 0.9377016125000001 0.6856854843750002 0.9377016125000001 0.85 0.9997983874999999 0.85
23 0.06875000000000007 0.5045362890625 0.0003024187500000618 0.5045362890625 0.0003024187500000722 0.675 0.06875000000000009 0.675
23 0.14218750000000008 0.503125 0.07192540312500006 0.503125 0.07192540312500008 0.6734375 0.14218750000000008 0.6734375