23 0.43064516093750005 0.21774193593750005 0.35403225781250003 0.2177419359375 0.35403225781250003 0.388709678125 0.43064516093750005 0.38870967812500007
23 0.21612903281250012 0.5 0.14435483906250005 0.5 0.14435483906250007 0.6709677421875 0.21612903281250012 0.6709677421875
23 0.05967741875000001 0.04838709687500001 5.9257103308001644e-18 0.048387096875 1.580189415168342e-17 0.20967741874999998 0.05967741875000002 0.20967741874999998
23 0.2903225812500001 0.5 0.2185483875000001 0.5 0.2185483875000001 0.6790322578125 0.2903225812500001 0.6790322578125
23 0.36290322656250007 0.50322580625 0.29112903281250013 0.50322580625 0.29112903281250013 0.6741935484375 0.36290322656250007 0.6741935484375
23 0.4354838703125 0.5064516125 0.3637096781250001 0.5064516125 0.3637096781250001 0.6774193546875 0.4354838703125 0.6774193546875
23 0.50967741875 0.508064515625 0.4354838703125 0.508064515625 0.4354838703125 0.6790322578125 0.50967741875 0.6790322578125
23 0.5822580640624999 0.508064515625 0.508064515625 0.508064515625 0.508064515625 0.6790322578125 0.5822580640624999 0.6790322578125
23 0.654838709375 0.508064515625 0.5806451609375001 0.508064515625 0.5806451609375001 0.6814516125 0.654838709375 0.6814516125
23 0.7306451609375 0.511290321875 0.6564516125 0.511290321875 0.6564516125 0.6846774187500001 0.7306451609375 0.6846774187500002
23 0.7967741937499999 0.5096774187500002 0.729838709375 0.5096774187500002 0.729838709375 0.6806451609375002 0.7967741937499999 0.6806451609375002
23 0.8645161296874999 0.5112903218750001 0.7951612906250001 0.5112903218750001 0.7951612906250001 0.6822580640625001 0.8645161296874999 0.6822580640625001
23 0.938709678125 0.5112903218750001 0.8645161296874999 0.5112903218750001 0.8645161296874999 0.6822580640625001 0.938709678125 0.6822580640625001
23 1 0.5112903218750001 0.9379032265625 0.5112903218750001 0.9379032265625 0.6846774187500002 1 0.6846774187500002
23 0.05967741875000003 0.2129032265625 2.6073125493790937e-17 0.2129032265625 3.683816590256443e-17 0.388709678125 0.059677418750000044 0.388709678125
23 0.13387096718750005 0.2161290328125 0.05967741875000002 0.2161290328125 0.05967741875000003 0.3895161296875 0.13387096718750005 0.3895161296875
23 0.20967741875000004 0.2129032265625 0.13548387031250003 0.2129032265625 0.13548387031250003 0.388709678125 0.20967741875000007 0.388709678125
23 0.28225806406250004 0.2161290328125 0.208064515625 0.2161290328125 0.20806451562500006 0.38709677343750004 0.2822580640625001 0.38709677343750004
23 0.35483870937500006 0.2177419359375 0.28064516093749997 0.2177419359375 0.2806451609375 0.388709678125 0.3548387093750001 0.388709678125
23 0.0709677421875001 0.6774193546875 8.295994443985124e-17 0.6774193546875 9.313241385381491e-17 0.8435483874999999 0.07096774218750011 0.8435483874999999
23 0.1435483875000001 0.6758064515625 0.07177419375000009 0.6758064515625 0.0717741937500001 0.841935484375 0.1435483875000001 0.841935484375
23 0.21774193593750008 0.6774193546875 0.1435483875000001 0.6774193546875 0.1435483875000001 0.8435483874999999 0.21774193593750008 0.8435483874999999
23 0.2887096781250001 0.6806451609375 0.21693548437500007 0.6806451609375 0.21693548437500007 0.84677419375 0.2887096781250001 0.84677419375
23 0.36290322656250007 0.6806451609375 0.29112903281250013 0.6806451609375 0.29112903281250013 0.841935484375 0.36290322656250007 0.841935484375
23 0.4354838703125001 0.6838709671875 0.3637096781250001 0.6838709671875 0.3637096781250001 0.845161290625 0.4354838703125002 0.845161290625
23 0.5064516125 0.6838709671875 0.43467741875000004 0.6838709671875 0.4346774187500001 0.845161290625 0.5064516125000001 0.845161290625
23 0.5790322578125001 0.6854838703125 0.5072580640625 0.6854838703125 0.5072580640625001 0.84677419375 0.5790322578125002 0.84677419375
23 0.6532258062500002 0.6854838703125 0.5790322578125 0.6854838703125 0.5790322578125001 0.8516129031249999 0.6532258062500003 0.8516129031249999
23 0.7274193546875001 0.6838709671875001 0.65322580625 0.6838709671875 0.6532258062500002 0.8524193546875001 0.7274193546875002 0.8524193546875001
23 0.13548387031250003 0.04677419375000001 0.0588709671875 0.04677419375000001 0.05887096718750001 0.2104838703125 0.13548387031250003 0.2104838703125
23 0.208064515625 0.04838709687500002 0.13145161249999998 0.048387096875000014 0.1314516125 0.20967741874999998 0.208064515625 0.20967741874999998
23 0.2822580640625 0.05322580625000003 0.2056451609375 0.05322580625000002 0.2056451609375 0.2145161296875 0.2822580640625 0.2145161296875
23 0.3564516125 0.05161290312500004 0.279838709375 0.05161290312500004 0.279838709375 0.2177419359375 0.3564516125 0.2177419359375
23 0.43064516093750005 0.05161290312500004 0.35403225781250003 0.05161290312500004 0.35403225781250003 0.21774193593750005 0.43064516093750005 0.21774193593750008
23 1 0.22741935468750007 0.945161290625 0.22741935468750007 0.945161290625 0.3911290328125001 1 0.3911290328125001
23 1 0.05967741875000012 0.9435483874999999 0.059677418750000114 0.9435483874999999 0.22822580625000008 1 0.22822580625000008
23 0.7935483875000001 0.6838709671875002 0.7290322578125 0.6838709671875002 0.7290322578125001 0.8475806453124999 0.7935483875000002 0.8475806453124999
23 0.8629032265625 0.6806451609375002 0.7935483875 0.6806451609375002 0.7935483875000001 0.8443548390625001 0.8629032265625 0.8443548390625001
23 0.938709678125 0.6806451609375002 0.8620967734375 0.6806451609375002 0.8620967734375 0.84677419375 0.938709678125 0.84677419375
23 1 0.6854838703125001 0.9379032265625 0.6854838703125001 0.9379032265625 0.8516129031249999 1 0.8516129031249999
23 0.06935483906250008 0.504838709375 6.182491095217746e-17 0.504838709375 7.229366586354605e-17 0.6758064515625 0.06935483906250009 0.6758064515625
23 0.14354838750000007 0.50322580625 0.07177419375000008 0.50322580625 0.07177419375000008 0.6741935484375 0.1435483875000001 0.6741935484375