23 0.4779233875 0.26554939531250005 0.3069556453125 0.2655493953125 0.3069556453125 0.34062500000000007 0.4779233875 0.34062500000000007
23 0.2640625000000001 0.550151209375 0.09443044375000006 0.550151209375 0.09443044375000006 0.6203125 0.2640625000000001 0.6203125
23 0.05937500000000001 0.04851310468750001 0.00015120937500000595 0.0485131046875 0.0001512093750000158 0.209375 0.059375000000000025 0.209375
23 0.34362399218750006 0.5538810468750001 0.1645917343750001 0.5538810468750001 0.1645917343750001 0.625 0.34362399218750006 0.625
23 0.3625000000000001 0.503654234375 0.2915826625000001 0.503654234375 0.2915826625000001 0.6734375 0.3625000000000001 0.6734375
23 0.484375 0.5564516125 0.3138608875000001 0.5564516125 0.3138608875000001 0.6265625 0.484375 0.6265625
23 0.5078125 0.5082661296875 0.435559475 0.5082661296875 0.435559475 0.678125 0.5078125 0.678125
23 0.58125 0.507862903125 0.5079133046875 0.507862903125 0.5079133046875 0.678125 0.58125 0.678125
23 0.653125 0.5082913296875 0.5804183468749999 0.5082913296875 0.5804183468749999 0.68125 0.653125 0.68125
23 0.7296875 0.5116179421875 0.65625 0.5116179421875 0.65625 0.6843750000000001 0.7296875 0.6843750000000002
23 0.8484375 0.5616683468750001 0.6776713703125 0.561668346875 0.6776713703125 0.628125 0.8484375 0.6281250000000002
23 0.8640625 0.5113911296875002 0.7953125 0.5113911296875002 0.7953125 0.6812500000000001 0.8640625 0.6812500000000001
23 0.9869959671874999 0.5596270156250002 0.8160282249999999 0.5596270156250002 0.8160282249999999 0.6328125000000002 0.9869959671874999 0.6328125000000002
23 1 0.5671370968750001 0.8819304453125 0.5671370968750001 0.8819304453125 0.6281250000000002 1 0.6281250000000002
23 0.05937500000000003 0.2128780234375 2.6070039001154962e-17 0.2128780234375 3.683507940992845e-17 0.388684475 0.059375000000000046 0.388684475
23 0.13281250000000006 0.2166078640625 0.05957661250000003 0.2166078640625 0.059576612500000035 0.3890625 0.13281250000000006 0.3890625
23 0.259375 0.2640625 0.08470262031250002 0.2640625 0.08470262031250003 0.3375 0.259375 0.3375
23 0.3296875 0.26436491875 0.15962701718750005 0.26436491875 0.15962701718750005 0.3385584671875 0.3296875 0.3385584671875
23 0.403125 0.266355846875 0.2323588703125 0.26635584687499997 0.2323588703125 0.33906250000000004 0.403125 0.3390625000000001
23 0.11718750000000008 0.7253276203125 8.882701485488698e-17 0.7253276203125 9.311235279978745e-17 0.7953125 0.11718750000000008 0.7953125
23 0.18906250000000008 0.7228326609375 0.02510080625000009 0.7228326609375 0.025100806250000097 0.79375 0.18906250000000008 0.79375
23 0.2171875000000001 0.676965725 0.1437500000000001 0.676965725 0.1437500000000001 0.8421875 0.2171875000000001 0.8421875
23 0.3343750000000001 0.728125 0.16940524218750008 0.728125 0.16940524218750008 0.7984375 0.3343750000000001 0.7984375
23 0.4062500000000001 0.725 0.24594254062500007 0.725 0.24594254062500007 0.7967237890625001 0.40625000000000017 0.7967237890625001
23 0.43437500000000007 0.6841985875 0.3641129046875001 0.6841985875 0.3641129046875001 0.84375 0.4343750000000002 0.84375
23 0.5500000000000002 0.7288810484375 0.39024697500000005 0.7288810484375 0.39024697500000005 0.8 0.5500000000000002 0.8
23 0.5781250000000001 0.6852066515625 0.506653225 0.6852066515625 0.5066532250000001 0.8453125 0.5781250000000002 0.8453125
23 0.6984375000000002 0.73125 0.5332661296875002 0.73125 0.5332661296875002 0.8046875 0.6984375000000002 0.8046875
23 0.7265625000000001 0.6832661281250001 0.6529233875 0.683266128125 0.6529233875000001 0.8515625 0.7265625000000002 0.8515625
23 0.13437500000000002 0.04649697656250001 0.0583921359375 0.04649697656250001 0.05839213593750001 0.209375 0.13437500000000005 0.209375
23 0.25 0.09095262031250001 0.08906250000000002 0.0909526203125 0.08906250000000002 0.16718750000000002 0.25 0.16718750000000004
23 0.3234375 0.09531250000000004 0.16302923281249998 0.09531250000000002 0.16302923281249998 0.17159778281250002 0.3234375 0.17159778281250004
23 0.35625 0.051915321875000045 0.2800151203125 0.051915321875000045 0.2800151203125 0.2171875 0.35625 0.2171875
23 0.4296875 0.051915321875000045 0.3534022171875 0.051915321875000045 0.3534022171875 0.21718750000000003 0.4296875 0.2171875000000001
23 0.9984375 0.22752016093750008 0.9452368953124999 0.22752016093750008 0.9452368953124999 0.3890625000000001 0.9984375 0.3890625000000001
23 1 0.11562500000000012 0.8872983874999999 0.11562500000000009 0.8872983874999999 0.1718750000000001 1 0.17187500000000014
23 0.7921875 0.6843750000000002 0.7286038296874999 0.6843750000000002 0.7286038296875 0.846875 0.7921875000000002 0.846875
23 0.909375 0.7281250000000001 0.7468750000000002 0.7281250000000001 0.7468750000000002 0.7968750000000002 0.909375 0.7968750000000002
23 0.9375 0.6802923390625002 0.86171875 0.6802923390625002 0.86171875 0.8453125 0.9375 0.8453125
23 1 0.6852822578125002 0.9381048390625001 0.6852822578125002 0.9381048390625001 0.85 1 0.85
23 0.12031250000000009 0.5559475796875 6.808394239580149e-17 0.5559475796875 7.221650814007215e-17 0.6234375 0.12031250000000009 0.6234375
23 0.14218750000000008 0.503654234375 0.07162298437500006 0.503654234375 0.07162298437500007 0.6734375 0.14218750000000008 0.6734375