23 0.3750000000000001 0.6359375 0.32500000000000007 0.6359375 0.32500000000000007 0.796875 0.3750000000000001 0.796875
23 1 0.48554687500000016 0.84609375 0.48554687500000016 0.84609375 0.5375000000000002 1 0.5375000000000002
23 0.9015625 0.4339843750000002 0.853125 0.4339843750000002 0.853125 0.5921875000000002 0.9015625 0.5921875000000002
23 0.8546875 0.43476562500000016 0.80625 0.43476562500000016 0.80625 0.5921875000000002 0.8546875 0.5921875000000002
23 0.859375 0.4863281250000001 0.7015625 0.486328125 0.7015625 0.534375 0.859375 0.5343750000000002
23 0.808984375 0.4855468750000001 0.650390625 0.485546875 0.650390625 0.5359375000000001 0.808984375 0.5359375000000002
23 0.7046875 0.434765625 0.659375 0.434765625 0.659375 0.5875 0.7046875 0.5875
23 0.2906250000000001 0.482421875 0.13359375000000004 0.482421875 0.13359375000000004 0.534375 0.2906250000000001 0.534375
23 0.24218750000000008 0.484765625 0.08437500000000006 0.484765625 0.08437500000000006 0.5328125 0.24218750000000008 0.5328125
23 0.13906250000000006 0.432421875 0.09062500000000004 0.432421875 0.09062500000000005 0.5859375 0.1390625000000001 0.5859375
23 0.14375000000000004 0.48203125 5.903180274014976e-17 0.48203125 6.194990644124306e-17 0.5296875 0.14375000000000004 0.5296875
23 0.04531250000000007 0.434375 5.319559533796316e-17 0.434375 6.276314845630185e-17 0.590625 0.045312500000000075 0.590625
23 0.7125 0.490234375 0.560546875 0.490234375 0.560546875 0.5328125 0.7125 0.5328125
23 0.7812500000000002 0.8796875 0.6703125000000002 0.8796875 0.6703125000000002 0.925 0.7812500000000002 0.925
23 0.7371093750000002 0.880859375 0.6238281250000002 0.880859375 0.6238281250000002 0.9234375 0.7371093750000002 0.9234375
23 0.6578125000000001 0.846875 0.6152343750000002 0.846875 0.6152343750000002 0.9578125 0.6578125000000001 0.9578125
23 0.6125000000000002 0.846875 0.5703125000000002 0.846875 0.5703125000000002 0.9578125 0.6125000000000002 0.9578125
23 0.5718750000000001 0.842578125 0.5265625000000002 0.842578125 0.5265625000000002 0.9546875 0.5718750000000001 0.9546875
23 0.5593750000000002 0.877734375 0.4468750000000002 0.877734375 0.4468750000000002 0.921875 0.5593750000000002 0.921875
23 0.5132812500000001 0.876171875 0.4000000000000002 0.876171875 0.4000000000000002 0.9203125 0.5132812500000001 0.9203125
23 0.4703125000000002 0.876171875 0.3570312500000001 0.876171875 0.3570312500000001 0.9203125 0.4703125000000002 0.9203125
23 0.3890625000000001 0.841015625 0.3437500000000001 0.841015625 0.3437500000000001 0.9578125 0.3890625000000001 0.9578125
23 0.3421875000000001 0.840234375 0.2968750000000001 0.840234375 0.2968750000000001 0.9578125 0.3421875000000001 0.9578125
23 0.2968750000000001 0.840234375 0.2515625000000001 0.840234375 0.2515625000000001 0.9578125 0.2968750000000001 0.9578125
23 0.2890625000000001 0.876953125 0.1710937500000001 0.876953125 0.1710937500000001 0.921875 0.2890625000000001 0.921875
23 0.2078125000000001 0.841015625 0.1625000000000001 0.841015625 0.16250000000000012 0.9578125 0.2078125000000001 0.9578125
23 0.1968750000000001 0.876953125 0.0796875000000001 0.876953125 0.0796875000000001 0.921875 0.19687500000000013 0.921875
23 0.11562500000000012 0.8390625 0.07031250000000011 0.8390625 0.07031250000000011 0.959375 0.11562500000000013 0.959375
23 0.06875000000000012 0.8390625 0.023437500000000104 0.8390625 0.02343750000000011 0.959375 0.06875000000000012 0.959375
23 0.7546875000000001 0.6980468750000001 0.60234375 0.698046875 0.6023437500000001 0.7421875000000001 0.7546875000000002 0.7421875000000002
23 0.7093750000000001 0.69609375 0.55390625 0.69609375 0.55390625 0.740625 0.7093750000000002 0.740625
23 0.6609375000000001 0.694921875 0.50859375 0.694921875 0.5085937500000001 0.7390625 0.6609375000000002 0.7390625
23 0.6156250000000001 0.696484375 0.46171875 0.696484375 0.46171875000000007 0.740625 0.6156250000000002 0.740625
23 0.5140625000000001 0.644140625 0.46875 0.644140625 0.4687500000000001 0.796875 0.5140625000000002 0.796875
23 0.5210937500000001 0.696484375 0.3671875000000001 0.696484375 0.3671875000000001 0.740625 0.5210937500000001 0.740625
23 0.4218750000000001 0.637890625 0.3765625000000001 0.637890625 0.3765625000000001 0.7953125 0.42187500000000017 0.7953125
23 0.3265625000000001 0.6359375 0.2812500000000001 0.6359375 0.2812500000000001 0.796875 0.3265625000000001 0.796875
23 0.2796875000000001 0.6390625 0.23437500000000008 0.6390625 0.23437500000000008 0.7953125 0.2796875000000001 0.7953125
23 0.2328125000000001 0.640625 0.18750000000000008 0.640625 0.18750000000000008 0.796875 0.2328125000000001 0.796875
23 0.15000000000000008 0.637109375 0.09218750000000009 0.637109375 0.09218750000000009 0.7953125 0.15000000000000008 0.7953125
23 0.14843750000000008 0.692578125 8.481635839407255e-17 0.692578125 8.77583809779617e-17 0.740625 0.14843750000000008 0.740625
23 0.1062500000000001 0.696484375 8.529473604998948e-17 0.696484375 8.771054321237e-17 0.7359375 0.1062500000000001 0.7359375
23 1 0.4378906250000002 0.9515625 0.4378906250000002 0.9515625 0.6000000000000002 1 0.6000000000000002