23 0.3750000000000001 0.6359375 0.32500000000000007 0.6359375 0.32500000000000007 0.796875 0.3750000000000001 0.796875
23 0.9515625 0.4332031250000002 0.8984375 0.4332031250000002 0.8984375 0.5906250000000002 0.9515625 0.5906250000000002
23 0.9015625 0.4339843750000002 0.853125 0.4339843750000002 0.853125 0.5921875000000002 0.9015625 0.5921875000000002
23 0.909375 0.48945312500000016 0.75078125 0.48945312500000016 0.75078125 0.5375000000000002 0.909375 0.5375000000000002
23 0.859375 0.4863281250000001 0.7015625 0.486328125 0.7015625 0.534375 0.859375 0.5343750000000002
23 0.7546875 0.4316406250000001 0.705078125 0.431640625 0.705078125 0.5890625 0.7546875 0.5890625000000002
23 0.7046875 0.434375 0.659375 0.434375 0.659375 0.5875 0.7046875 0.5875
23 0.2390625000000001 0.4296875 0.18593750000000003 0.4296875 0.18593750000000006 0.5875 0.2390625000000001 0.5875
23 0.18750000000000006 0.4296875 0.13906250000000003 0.4296875 0.13906250000000006 0.5875 0.18750000000000008 0.5875
23 0.13906250000000006 0.432421875 0.09062500000000004 0.432421875 0.09062500000000005 0.5859375 0.1390625000000001 0.5859375
23 0.14375000000000004 0.48203125 5.903180274014976e-17 0.48203125 6.194990644124306e-17 0.5296875 0.14375000000000004 0.5296875
23 0.10000000000000005 0.48984375 5.998855805198363e-17 0.48984375 6.271531069071016e-17 0.534375 0.10000000000000005 0.534375
23 0.6578125 0.434375 0.616015625 0.434375 0.616015625 0.5875 0.6578125 0.5875
23 0.7484375000000002 0.846875 0.7031250000000002 0.846875 0.7031250000000002 0.9578125 0.7484375000000002 0.9578125
23 0.7371093750000002 0.880859375 0.6238281250000002 0.880859375 0.6238281250000002 0.9234375 0.7371093750000002 0.9234375
23 0.6921875000000002 0.88046875 0.5816406250000001 0.88046875 0.5816406250000001 0.9234375 0.6921875000000002 0.9234375
23 0.6125000000000002 0.846875 0.5707031250000002 0.846875 0.5707031250000002 0.9578125 0.6125000000000002 0.9578125
23 0.5718750000000001 0.842578125 0.5265625000000002 0.842578125 0.5265625000000002 0.9546875 0.5718750000000001 0.9546875
23 0.5593750000000002 0.877734375 0.4468750000000002 0.877734375 0.4468750000000002 0.921875 0.5593750000000002 0.921875
23 0.47968750000000016 0.841796875 0.4343750000000002 0.841796875 0.4343750000000002 0.9546875 0.47968750000000016 0.9546875
23 0.4695312500000002 0.876171875 0.35625000000000007 0.876171875 0.35625000000000007 0.9203125 0.4695312500000002 0.9203125
23 0.42500000000000016 0.876953125 0.3078125000000001 0.876953125 0.3078125000000001 0.921875 0.42500000000000016 0.921875
23 0.3421875000000001 0.841015625 0.2968750000000001 0.841015625 0.2968750000000001 0.9578125 0.3421875000000001 0.9578125
23 0.33281250000000007 0.876953125 0.21484375000000008 0.876953125 0.21484375000000008 0.921875 0.33281250000000007 0.921875
23 0.2531250000000001 0.840234375 0.2078125000000001 0.840234375 0.2078125000000001 0.9578125 0.2531250000000001 0.9578125
23 0.24375000000000008 0.876953125 0.1257812500000001 0.876953125 0.12578125000000012 0.921875 0.24375000000000008 0.921875
23 0.16093750000000012 0.841015625 0.11562500000000009 0.841015625 0.11562500000000012 0.9578125 0.16093750000000012 0.9578125
23 0.11562500000000012 0.8390625 0.07031250000000011 0.8390625 0.07031250000000011 0.959375 0.11562500000000013 0.959375
23 0.10625000000000011 0.8765625 1.0734794598776019e-16 0.8765625 1.101225363920784e-16 0.921875 0.10625000000000014 0.921875
23 0.7015625000000001 0.64375 0.65625 0.64375 0.6562500000000001 0.796875 0.7015625000000002 0.796875
23 0.6546875000000001 0.640625 0.609375 0.640625 0.6093750000000001 0.796875 0.6546875000000002 0.796875
23 0.6609375000000001 0.694921875 0.50859375 0.694921875 0.5085937500000001 0.7390625 0.6609375000000002 0.7390625
23 0.6156250000000001 0.696484375 0.46171875 0.696484375 0.46171875000000007 0.740625 0.6156250000000002 0.740625
23 0.5671875000000001 0.698046875 0.4140625 0.698046875 0.4140625000000001 0.7421875 0.5671875000000002 0.7421875
23 0.4671875000000001 0.641796875 0.421875 0.641796875 0.4218750000000001 0.7953125 0.4671875000000002 0.7953125
23 0.4218750000000001 0.637109375 0.3765625000000001 0.637109375 0.3765625000000001 0.7953125 0.42187500000000017 0.7953125
23 0.3843750000000001 0.69375 0.2234375000000001 0.69375 0.2234375000000001 0.7390625 0.3843750000000001 0.7390625
23 0.3343750000000001 0.69453125 0.1789062500000001 0.69453125 0.1789062500000001 0.7390625 0.3343750000000001 0.7390625
23 0.2328125000000001 0.640625 0.18750000000000008 0.640625 0.18750000000000008 0.796875 0.2328125000000001 0.796875
23 0.15000000000000008 0.637109375 0.09218750000000009 0.637109375 0.09218750000000009 0.7953125 0.15000000000000008 0.7953125
23 0.09375000000000008 0.637890625 0.045312500000000075 0.637890625 0.04531250000000009 0.7953125 0.09375000000000008 0.7953125
23 0.04687500000000009 0.637890625 0.0062500000000000775 0.637890625 0.006250000000000087 0.7953125 0.0468750000000001 0.7953125
23 1 0.43750000000000017 0.9515625 0.43750000000000017 0.9515625 0.6000000000000002 1 0.6000000000000002