23 0.37578125000000007 0.6359375 0.32500000000000007 0.6359375 0.32500000000000007 0.796875 0.37578125000000007 0.796875
23 0.9515625 0.43281250000000016 0.8984375 0.43281250000000016 0.8984375 0.5914062500000001 0.9515625 0.5914062500000001
23 0.9015625 0.4343750000000002 0.853125 0.4343750000000002 0.853125 0.5929687500000002 0.9015625 0.5929687500000002
23 0.8546875 0.4343750000000002 0.80625 0.4343750000000002 0.80625 0.5929687500000002 0.8546875 0.5929687500000002
23 0.8046875 0.4312500000000002 0.75625 0.4312500000000002 0.75625 0.5898437500000002 0.8046875 0.5898437500000002
23 0.75546875 0.4312500000000001 0.7046875 0.43125 0.7046875 0.5898437500000001 0.75546875 0.5898437500000002
23 0.7046875 0.434375 0.659375 0.434375 0.659375 0.58828125 0.7046875 0.58828125
23 0.2390625000000001 0.4296875 0.18593750000000003 0.4296875 0.18593750000000006 0.58828125 0.2390625000000001 0.58828125
23 0.18750000000000006 0.4296875 0.13906250000000003 0.4296875 0.13906250000000006 0.58828125 0.18750000000000008 0.58828125
23 0.13906250000000006 0.4328125 0.09062500000000004 0.4328125 0.09062500000000005 0.58671875 0.1390625000000001 0.58671875
23 0.09062500000000005 0.428125 0.04218750000000006 0.428125 0.04218750000000006 0.584375 0.09062500000000007 0.584375
23 0.04531250000000007 0.434375 5.319559533796316e-17 0.434375 6.276314845630185e-17 0.590625 0.045312500000000075 0.590625
23 0.65859375 0.434375 0.615625 0.434375 0.615625 0.58828125 0.65859375 0.58828125
23 0.7484375000000002 0.846875 0.7031250000000002 0.846875 0.7031250000000002 0.9578125 0.7484375000000002 0.9578125
23 0.7023437500000002 0.8453125 0.6593750000000002 0.8453125 0.6593750000000002 0.95859375 0.7023437500000002 0.95859375
23 0.6585937500000002 0.846875 0.6156250000000002 0.846875 0.6156250000000002 0.9578125 0.6585937500000002 0.9578125
23 0.6132812500000002 0.846875 0.5703125000000002 0.846875 0.5703125000000002 0.9578125 0.6132812500000002 0.9578125
23 0.5718750000000001 0.8421875 0.5265625000000002 0.8421875 0.5265625000000002 0.95546875 0.5718750000000001 0.95546875
23 0.5265625000000002 0.84375 0.4812500000000002 0.84375 0.4812500000000002 0.95703125 0.5265625000000002 0.95703125
23 0.47968750000000016 0.8421875 0.4343750000000002 0.8421875 0.4343750000000002 0.95546875 0.47968750000000016 0.95546875
23 0.4359375000000002 0.8421875 0.3906250000000001 0.8421875 0.3906250000000001 0.95546875 0.4359375000000002 0.95546875
23 0.3890625000000001 0.840625 0.3437500000000001 0.840625 0.3437500000000001 0.95859375 0.3890625000000001 0.95859375
23 0.3421875000000001 0.840625 0.2968750000000001 0.840625 0.2968750000000001 0.95859375 0.3421875000000001 0.95859375
23 0.2968750000000001 0.840625 0.2515625000000001 0.840625 0.2515625000000001 0.95859375 0.2968750000000001 0.95859375
23 0.2531250000000001 0.840625 0.2078125000000001 0.840625 0.2078125000000001 0.95859375 0.2531250000000001 0.95859375
23 0.2078125000000001 0.840625 0.1625000000000001 0.840625 0.16250000000000012 0.95859375 0.2078125000000001 0.95859375
23 0.16093750000000012 0.840625 0.11562500000000009 0.840625 0.11562500000000012 0.95859375 0.16093750000000012 0.95859375
23 0.11562500000000012 0.8390625 0.07031250000000011 0.8390625 0.07031250000000011 0.959375 0.11562500000000013 0.959375
23 0.06875000000000012 0.8390625 0.023437500000000104 0.8390625 0.02343750000000011 0.959375 0.06875000000000012 0.959375
23 0.7015625000000001 0.64375 0.65625 0.64375 0.6562500000000001 0.79765625 0.7015625000000002 0.79765625
23 0.6546875000000001 0.640625 0.609375 0.640625 0.6093750000000001 0.796875 0.6546875000000002 0.796875
23 0.6078125000000001 0.640625 0.5625 0.640625 0.5625000000000001 0.79453125 0.6078125000000002 0.79453125
23 0.5609375000000001 0.6421875 0.515625 0.6421875 0.5156250000000001 0.79609375 0.5609375000000002 0.79609375
23 0.5140625000000001 0.64375 0.46875 0.64375 0.4687500000000001 0.79765625 0.5140625000000002 0.79765625
23 0.4671875000000001 0.6421875 0.421875 0.6421875 0.4218750000000001 0.79609375 0.4671875000000002 0.79609375
23 0.4218750000000001 0.6375 0.3765625000000001 0.6375 0.3765625000000001 0.79609375 0.42187500000000017 0.79609375
23 0.3265625000000001 0.6359375 0.2812500000000001 0.6359375 0.2812500000000001 0.796875 0.3265625000000001 0.796875
23 0.2796875000000001 0.6390625 0.23437500000000008 0.6390625 0.23437500000000008 0.7953125 0.2796875000000001 0.7953125
23 0.2328125000000001 0.640625 0.18750000000000008 0.640625 0.18750000000000008 0.796875 0.2328125000000001 0.796875
23 0.15000000000000008 0.6375 0.09218750000000009 0.6375 0.09218750000000009 0.79609375 0.15000000000000008 0.79609375
23 0.09375000000000008 0.6375 0.045312500000000075 0.6375 0.04531250000000009 0.79609375 0.09375000000000008 0.79609375
23 0.04687500000000009 0.6375 0.0062500000000000775 0.6375 0.006250000000000087 0.79609375 0.0468750000000001 0.79609375
23 1 0.43750000000000017 0.9515625 0.43750000000000017 0.9515625 0.6007812500000002 1 0.6007812500000002