23 0.9390625 0.6075112343750002 0.8066738140625 0.6075112343750002 0.8066738140625 0.6796875000000002 0.9390625 0.6796875000000002
23 0.025000000000000005 1.5308084989341918e-18 0 0 7.462691432304185e-18 0.121875 0.025000000000000012 0.121875
23 0.25609170781250007 0.3518178109375 0.12047079218750005 0.3518178109375 0.12047079218750005 0.428125 0.2560917078125001 0.428125
23 0.3921875 0.35000000000000003 0.2566636046875 0.35 0.25666360468750005 0.4265625 0.3921875000000001 0.4265625
23 0.7984375 0.6113000406250001 0.66875 0.611300040625 0.66875 0.6828125 0.7984375 0.6828125000000002
23 0.4984375 0.3234375000000001 0.4212622546875 0.3234375000000001 0.4212622546875 0.4561019203125 0.4984375 0.4561019203125
23 0.6296875 0.3187500000000001 0.5531607421875 0.3187500000000001 0.5531607421875 0.4512918703125 0.6296875 0.4512918703125
23 0.796875 0.3500000000000001 0.6595383984375001 0.3500000000000001 0.6595383984375001 0.42656250000000007 0.796875 0.4265625000000002
23 0.9046875 0.3177593968750001 0.8285590265625 0.3177593968750001 0.8285590265625 0.4546875000000002 0.9046875 0.4546875000000002
23 0.2514042078125001 0.428125 0.11578329218750005 0.428125 0.11578329218750005 0.503125 0.2514042078125001 0.503125
23 0.3578125000000001 0.399525121875 0.2831495093750001 0.399525121875 0.2831495093750001 0.53125 0.3578125000000001 0.53125
23 0.5246221421875 0.43113255625 0.3914522046875001 0.43113255625 0.3914522046875001 0.503125 0.5246221421875 0.503125
23 0.6296875 0.3963745906250001 0.5591503265625 0.3963745906250001 0.5591503265625 0.529544525 0.6296875 0.529544525
23 0.765625 0.3984375000000001 0.691932190625 0.3984375000000001 0.691932190625 0.5328125000000001 0.765625 0.5328125000000001
23 0.903125 0.3961856609375001 0.8268075984375001 0.3961856609375001 0.8268075984375001 0.5312500000000002 0.903125 0.5312500000000002
23 0.11718750000000007 0.535595384375 0.00022977968750006555 0.535595384375 0.00022977968750007 0.6078125 0.11718750000000008 0.6078125
23 0.09218750000000007 0.591697303125 0.02258476250000007 0.591697303125 0.02258476250000008 0.70625 0.09218750000000009 0.70625
23 0.2468545765625001 0.535595384375 0.11613562187500004 0.535595384375 0.11613562187500007 0.6078125 0.2468545765625001 0.6078125
23 0.35625000000000007 0.503125 0.2838490593750001 0.503125 0.2838490593750001 0.640625 0.35625000000000007 0.640625
23 0.2515625000000001 0.6126276546875 0.12006229531250008 0.6126276546875 0.12006229531250008 0.684375 0.2515625000000001 0.684375
23 0.35625000000000007 0.5796875 0.2870251234375001 0.5796875 0.2870251234375001 0.71247446875 0.35625000000000007 0.71247446875
23 0.8046875 0.5322916671875001 0.662275328125 0.5322916671875 0.662275328125 0.6093750000000001 0.8046875 0.6093750000000002
23 0.934375 0.5305861937500002 0.8015625 0.5305861937500002 0.8015625 0.6078125000000002 0.934375 0.6078125000000002
23 1 0.7859323937500002 0.9226409312499999 0.7859323937500002 0.9226409312499999 0.8546875 1 0.8546875
23 0.884375 0.7553921562500002 0.8145578015625 0.7553921562500002 0.8145578015625 0.8859375 0.884375 0.8859375
23 0.7796875000000002 0.7859375000000001 0.6530535140625002 0.7859375 0.6530535140625002 0.8609375 0.7796875000000002 0.8609375
23 0.6468750000000002 0.7826286765625 0.5189031859375002 0.7826286765625 0.5189031859375002 0.85625 0.6468750000000002 0.85625
23 0.4906250000000002 0.7536815765625 0.4205014296875002 0.7536815765625 0.4205014296875002 0.88125 0.4906250000000002 0.88125
23 1 0.7110498359375002 0.9226409312499999 0.7110498359375002 0.9226409312499999 0.7828125000000001 1 0.7828125000000001
23 0.88592218125 0.6840788406250001 0.8156607421875 0.6840788406250001 0.8156607421875 0.8109375 0.88592218125 0.8109375
23 0.7500000000000001 0.6837622562500001 0.680039828125 0.68376225625 0.6800398281250001 0.8109375 0.7500000000000002 0.8109375
23 0.6156250000000001 0.684375 0.5458588640625 0.684375 0.5458588640625001 0.809375 0.6156250000000002 0.809375
23 0.4875000000000001 0.6851868875 0.41778492656250005 0.6851868875 0.4177849265625001 0.8078125 0.48750000000000016 0.8078125
23 0.37968750000000007 0.778125 0.3028288406250001 0.778125 0.3028288406250001 0.8546875 0.37968750000000007 0.8546875
23 0.3828125000000001 0.7125408484375 0.30623978593750006 0.7125408484375 0.30623978593750006 0.775 0.3828125000000001 0.775
23 0.2906250000000001 0.7743515109375 0.2192197718750001 0.7743515109375 0.2192197718750001 0.85625 0.2906250000000001 0.85625
23 0.2890625000000001 0.7015625 0.23186785000000007 0.7015625 0.23186785000000007 0.7868923609375 0.2890625000000001 0.7868923609375
23 0.2000000000000001 0.7825776140625 0.1428870515625001 0.7825776140625 0.1428870515625001 0.85625 0.2000000000000001 0.85625