23 0.939542484375 0.6078431375000002 0.8063725484375001 0.6078431375000002 0.8063725484375001 0.6805555562500002 0.939542484375 0.6805555562500002
23 0.026143790625000007 1.600845475324242e-18 0 0 7.553989616584869e-18 0.12336601250000001 0.026143790625000014 0.12336601250000001
23 0.25653594843750005 0.3513071890625 0.12091503281250005 0.3513071890625 0.12091503281250005 0.42892156875 0.2565359484375001 0.42892156875
23 0.39215686250000004 0.34967320312500005 0.2565359484375 0.349673203125 0.25653594843750005 0.42728758125 0.3921568625000001 0.42728758125
23 0.7990196078125 0.6111111109375 0.668300653125 0.6111111109375 0.668300653125 0.6838235296875002 0.7990196078125 0.6838235296875002
23 0.526143790625 0.3513071890625001 0.39297385625 0.3513071890625001 0.39297385625000003 0.42892156875 0.526143790625 0.42892156875
23 0.65849673125 0.3464052281250001 0.5253267968750001 0.3464052281250001 0.5253267968750001 0.4240196078125 0.65849673125 0.4240196078125
23 0.7973856203125 0.3496732031250001 0.659313725 0.3496732031250001 0.659313725 0.42728758125000005 0.7973856203125 0.42728758125000016
23 0.936274509375 0.3480392156250001 0.7982026140625 0.3480392156250001 0.7982026140625 0.42565359531250013 0.936274509375 0.42565359531250013
23 0.2516339875000001 0.428104575 0.11601307187500005 0.428104575 0.11601307187500005 0.5032679734375 0.2516339875000001 0.5032679734375
23 0.3872549015625001 0.428104575 0.2540849671875001 0.428104575 0.2540849671875001 0.5032679734375 0.3872549015625001 0.5032679734375
23 0.5245098046875001 0.43137254843750006 0.3913398687500001 0.43137254843750006 0.3913398687500001 0.5040849671875 0.5245098046875001 0.5040849671875
23 0.66176470625 0.4264705875 0.528594771875 0.4264705875 0.528594771875 0.49918300625 0.66176470625 0.49918300625
23 0.7973856203125 0.42810457500000004 0.66176470625 0.428104575 0.66176470625 0.5032679734375001 0.7973856203125 0.5032679734375002
23 0.9330065359375 0.42483660156250014 0.7973856203125 0.42483660156250014 0.7973856203125 0.5024509796875002 0.9330065359375 0.5024509796875002
23 0.11764705937500006 0.5359477125 6.56346650623471e-17 0.5359477125 7.008701660636957e-17 0.60866013125 0.11764705937500008 0.60866013125
23 0.1160130718750001 0.614379084375 7.523973791429253e-17 0.614379084375 7.95420102368614e-17 0.6846405234375 0.1160130718750001 0.6846405234375
23 0.2467320265625001 0.5359477125 0.11601307187500005 0.5359477125 0.11601307187500007 0.60866013125 0.2467320265625001 0.60866013125
23 0.3888888890625001 0.5359477125 0.2508169937500001 0.5359477125 0.2508169937500001 0.60866013125 0.3888888890625001 0.60866013125
23 0.25326797343750007 0.6127450984375 0.12009803906250009 0.6127450984375 0.12009803906250009 0.685457515625 0.25326797343750007 0.685457515625
23 0.3888888890625001 0.6111111109375 0.2557189546875001 0.6111111109375 0.2557189546875001 0.6813725484375001 0.3888888890625001 0.6813725484375001
23 0.8055555562500001 0.5326797390625001 0.6625816999999999 0.5326797390625 0.6625816999999999 0.6102941171875 0.8055555562500001 0.6102941171875002
23 0.9346405234375 0.5310457515625002 0.8014705875000001 0.5310457515625002 0.8014705875000001 0.6086601312500002 0.9346405234375 0.6086601312500002
23 1 0.7859477125000002 0.9223856203125 0.7859477125000002 0.9223856203125 0.85620915 1 0.85620915
23 0.9150326796874999 0.7859477125000002 0.7843137250000002 0.7859477125000002 0.7843137250000002 0.85620915 0.9150326796874999 0.85620915
23 0.7810457515625002 0.7859477125000001 0.6527777781250002 0.7859477125 0.6527777781250002 0.8611111109375 0.7810457515625002 0.8611111109375
23 0.6470588234375001 0.7826797390625 0.5187908500000001 0.7826797390625 0.5187908500000001 0.8578431375 0.6470588234375001 0.8578431375
23 0.5196078437500001 0.7826797390625 0.3913398687500001 0.7826797390625 0.3913398687500001 0.8529411765624999 0.5196078437500001 0.8529411765624999
23 1 0.7107843140625001 0.9223856203125 0.7107843140625001 0.9223856203125 0.7834967312500002 1 0.7834967312500002
23 0.9150326796874999 0.7124183000000002 0.78676470625 0.7124183000000002 0.7867647062500001 0.7826797390625002 0.9150326796874999 0.7826797390625002
23 0.7794117640625001 0.7124183000000002 0.651143790625 0.7124183000000001 0.6511437906250002 0.7826797390625001 0.7794117640625002 0.7826797390625002
23 0.64379085 0.7124183000000001 0.51797385625 0.7124183000000001 0.51797385625 0.7826797390625 0.6437908500000001 0.7826797390625
23 0.5147058828125001 0.7124183000000001 0.3913398687500001 0.7124183000000001 0.3913398687500001 0.7826797390625 0.5147058828125002 0.7826797390625
23 0.3807189546875001 0.777777778125 0.3031045750000001 0.777777778125 0.3031045750000001 0.85539215625 0.3807189546875001 0.85539215625
23 0.38398692812500007 0.7124183000000001 0.30637254843750006 0.7124183000000001 0.30637254843750006 0.7753267968750001 0.38398692812500007 0.7753267968750001
23 0.2973856203125001 0.7794117640625 0.21405228750000008 0.7794117640625 0.21405228750000008 0.8521241828124999 0.2973856203125001 0.8521241828124999
23 0.3039215687500001 0.715686275 0.2181372546875001 0.715686275 0.2181372546875001 0.7736928109375001 0.3039215687500001 0.7736928109375001
23 0.2091503265625001 0.7908496734375 0.13398692812500007 0.7908496734375 0.13398692812500007 0.848856209375 0.2091503265625001 0.848856209375