23 0.9390625 0.6075112343750002 0.8066738140625 0.6075112343750002 0.8066738140625 0.6796875000000002 0.9390625 0.6796875000000002
23 0.0734375 0.048401756250000004 5.9275055864672894e-18 0.04840175625 7.460502758852831e-18 0.0734375 0.0734375 0.0734375
23 0.25609170781250007 0.3518178109375 0.12047079218750005 0.3518178109375 0.12047079218750005 0.428125 0.2560917078125001 0.428125
23 0.3921875 0.35000000000000003 0.2566636046875 0.35 0.25666360468750005 0.4265625 0.3921875000000001 0.4265625
23 0.7702052703125 0.5821742234375 0.6974928499999999 0.5821742234375 0.6974928499999999 0.7109375000000001 0.7702052703125 0.7109375000000002
23 0.4978553921875 0.3241268375000001 0.4203125 0.3241268375000001 0.4203125 0.45625 0.4978553921875 0.45625
23 0.6578125 0.3468750000000001 0.5258323109374999 0.3468750000000001 0.5258323109374999 0.4234375 0.6578125 0.4234375
23 0.765625 0.3192197718750001 0.6897416265625 0.3192197718750001 0.6897416265625 0.4562500000000001 0.765625 0.45625000000000016
23 0.9046875 0.3177593968750001 0.8285590265625 0.3177593968750001 0.8285590265625 0.4546875000000002 0.9046875 0.4546875000000002
23 0.2515625000000001 0.4281658484375 0.11624285156250005 0.4281658484375 0.11624285156250005 0.503125 0.2515625000000001 0.503125
23 0.3578125000000001 0.399525121875 0.2831495093750001 0.399525121875 0.2831495093750001 0.53125 0.3578125000000001 0.53125
23 0.5246221421875 0.43113255625 0.3914522046875001 0.43113255625 0.3914522046875001 0.503125 0.5246221421875 0.503125
23 0.6609375 0.42679738437500003 0.5284620109375 0.42679738437500003 0.5284620109375 0.4984375 0.6609375 0.4984375
23 0.7953125 0.42816584843750005 0.66165236875 0.4281658484375 0.66165236875 0.503125 0.7953125 0.5031250000000002
23 0.9328125 0.4244178921875002 0.7977379484375 0.4244178921875002 0.7977379484375 0.5015625000000001 0.9328125 0.5015625000000001
23 0.11718750000000007 0.535595384375 0.00022977968750006555 0.535595384375 0.00022977968750007 0.6078125 0.11718750000000008 0.6078125
23 0.11562500000000009 0.6140880296875 7.520409399515017e-17 0.6140880296875 7.950636631771905e-17 0.68434946875 0.11562500000000009 0.68434946875
23 0.24660947656250007 0.536300040625 0.11589052187500004 0.536300040625 0.11589052187500007 0.6078125 0.24660947656250007 0.6078125
23 0.38750000000000007 0.535595384375 0.2503574343750001 0.535595384375 0.2503574343750001 0.6078125 0.38750000000000007 0.6078125
23 0.2515625000000001 0.6126276546875 0.12006229531250008 0.6126276546875 0.12006229531250008 0.684375 0.2515625000000001 0.684375
23 0.38750000000000007 0.611259190625 0.2553666265625001 0.611259190625 0.2553666265625001 0.68125 0.38750000000000007 0.68125
23 0.8046875 0.5322916671875001 0.662275328125 0.5322916671875 0.662275328125 0.6093750000000001 0.8046875 0.6093750000000002
23 0.934375 0.5315053109375002 0.8015625 0.5315053109375002 0.8015625 0.6078125000000002 0.934375 0.6078125000000002
23 0.9953125 0.7820159312500002 0.9260467734375 0.7820159312500002 0.9260467734375 0.859375 0.9953125 0.859375
23 0.9140625 0.7859630312500002 0.7846405218750002 0.7859630312500002 0.7846405218750002 0.8546875 0.9140625 0.8546875
23 0.7531250000000002 0.7593750000000001 0.6792381531250002 0.759375 0.6792381531250002 0.8873876640624999 0.7531250000000002 0.8873876640624999
23 0.6203125000000002 0.7562397875 0.5453942000000002 0.7562397875 0.5453942000000002 0.8828125 0.6203125000000002 0.8828125
23 0.4906250000000002 0.7536815765625 0.4205014296875002 0.7536815765625 0.4205014296875002 0.88125 0.4906250000000002 0.88125
23 0.996875 0.7085886437500002 0.925 0.7085886437500002 0.925 0.7859375000000002 0.996875 0.7859375000000002
23 0.9140625 0.7123110703125002 0.7861008984375 0.7123110703125002 0.7861008984375001 0.7812500000000002 0.9140625 0.7812500000000002
23 0.7500000000000001 0.6837622562500001 0.680039828125 0.68376225625 0.6800398281250001 0.8109375 0.7500000000000002 0.8109375
23 0.6156250000000001 0.6850081703125 0.5456444031250001 0.6850081703125 0.5456444031250001 0.809375 0.6156250000000002 0.809375
23 0.5140267578125001 0.7125255312500001 0.3906607421875001 0.7125255312500001 0.3906607421875001 0.78125 0.5140267578125002 0.78125
23 0.37968750000000007 0.778125 0.3028288406250001 0.778125 0.3028288406250001 0.8546875 0.37968750000000007 0.8546875
23 0.3828125000000001 0.7125408484375 0.30623978593750006 0.7125408484375 0.30623978593750006 0.775 0.3828125000000001 0.775
23 0.2906250000000001 0.7743515109375 0.2192197718750001 0.7743515109375 0.2192197718750001 0.85625 0.2906250000000001 0.85625
23 0.2890625000000001 0.7015625 0.23186785000000007 0.7015625 0.23186785000000007 0.7868923609375 0.2890625000000001 0.7868923609375
23 0.2078125000000001 0.790625 0.1342933000000001 0.790625 0.1342933000000001 0.8484375 0.2078125000000001 0.8484375