23 0.7867187500000001 0.7656250000000002 0.7312500000000002 0.7656250000000002 0.7312500000000002 0.953125 0.7867187500000001 0.953125
23 0.5390625 0.0015625000000000617 0.471875 0.0015625000000000575 0.471875 0.10937500000000004 0.5390625 0.10937500000000004
23 0.5390625 0.10781250000000005 0.471875 0.10781250000000005 0.471875 0.2710937500000001 0.5390625 0.2710937500000001
23 0.53671875 0.2687500000000001 0.471875 0.2687500000000001 0.471875 0.43203125 0.53671875 0.43203125
23 0.6 0.11250000000000007 0.5375 0.11250000000000004 0.5375 0.2687500000000001 0.6 0.2687500000000001
23 0.5984375 0.2734375000000001 0.5359375 0.2734375000000001 0.5359375 0.43203125 0.5984375 0.43203125
23 0.6609375 7.711447813380989e-17 0.5984375 7.328745688647442e-17 0.5984375 0.11250000000000009 0.6609375 0.11250000000000009
23 0.728125 8.524689828439779e-17 0.6640625 8.132420150587893e-17 0.6640625 0.11250000000000009 0.728125 0.11250000000000009
23 0.66484375 0.1140625000000001 0.6 0.1140625000000001 0.6 0.27031250000000007 0.66484375 0.27031250000000007
23 0.72890625 0.1140625000000001 0.6640625 0.1140625000000001 0.6640625 0.27031250000000007 0.72890625 0.27031250000000007
23 0.6609375 0.2718750000000001 0.5984375 0.2718750000000001 0.5984375 0.43046875 0.6609375 0.43046875
23 0.725 0.2718750000000001 0.6625 0.2718750000000001 0.6625 0.43046875 0.725 0.43046875
23 0.79609375 0.025000000000000095 0.73125 0.025000000000000088 0.73125 0.23437500000000008 0.79609375 0.23437500000000008
23 0.85390625 0.0250000000000001 0.79375 0.0250000000000001 0.79375 0.2367187500000001 0.85390625 0.2367187500000001
23 0.9109375 0.023437500000000108 0.853125 0.023437500000000104 0.853125 0.2351562500000001 0.9109375 0.2351562500000001
23 0.96875 0.026562500000000117 0.9109375 0.02656250000000011 0.9109375 0.23828125000000008 0.96875 0.23828125000000008
23 0.78671875 0.23593750000000008 0.7265625 0.23593750000000008 0.7265625 0.44531250000000017 0.78671875 0.44531250000000017
23 0.84765625 0.23593750000000008 0.7875 0.23593750000000008 0.7875 0.44531250000000017 0.84765625 0.44531250000000017
23 0.90078125 0.23593750000000008 0.8453125 0.23593750000000008 0.8453125 0.4429687500000002 0.90078125 0.4429687500000002
23 0.9578125 0.2390625000000001 0.9 0.2390625000000001 0.9 0.44843750000000016 0.9578125 0.44843750000000016
23 0.0593750000000001 0.640625 7.845393557037732e-17 0.640625 9.758904180705471e-17 0.953125 0.05937500000000011 0.953125
23 0.11953125000000012 0.640625 0.05937500000000009 0.640625 0.0593750000000001 0.95078125 0.11953125000000013 0.95078125
23 0.1773437500000001 0.64375 0.11718750000000008 0.64375 0.11718750000000011 0.95390625 0.17734375000000013 0.95390625
23 0.23984375000000008 0.64375 0.17968750000000008 0.64375 0.1796875000000001 0.95390625 0.23984375000000008 0.95390625
23 0.3085937500000001 0.64375 0.24375000000000008 0.64375 0.24375000000000008 0.95390625 0.3085937500000001 0.95390625
23 0.5359375 0.509375 0.4734375 0.509375 0.4734375 0.66796875 0.5359375 0.66796875
23 0.6015625 0.5078125 0.534375 0.5078125 0.534375 0.66640625 0.6015625 0.66640625
23 0.6703125 0.5078125 0.603125 0.5078125 0.603125 0.66640625 0.6703125 0.66640625
23 0.73046875 0.5093750000000001 0.6703125 0.509375 0.6703125 0.6679687500000001 0.73046875 0.6679687500000002
23 0.5390625000000001 0.66875 0.471875 0.66875 0.4718750000000001 0.82265625 0.5390625000000002 0.82265625
23 0.6039062500000001 0.665625 0.5390625 0.665625 0.5390625000000001 0.821875 0.6039062500000002 0.821875
23 0.6664062500000001 0.665625 0.6015625 0.665625 0.6015625000000001 0.821875 0.6664062500000002 0.821875
23 0.7320312500000001 0.6656250000000001 0.6671875 0.665625 0.6671875 0.821875 0.7320312500000001 0.821875
23 0.5375000000000002 0.8234375 0.4703125000000002 0.8234375 0.4703125000000002 0.95078125 0.5375000000000002 0.95078125
23 0.6039062500000002 0.8234375 0.5390625000000002 0.8234375 0.5390625000000002 0.95078125 0.6039062500000002 0.95078125
23 0.6695312500000001 0.8203125 0.6046875000000002 0.8203125 0.6046875000000002 0.95 0.6695312500000001 0.95
23 0.7304687500000002 0.8234375 0.6703125000000002 0.8234375 0.6703125000000002 0.95078125 0.7304687500000002 0.95078125
23 0.7929687500000001 0.5562500000000001 0.7328125 0.5562500000000001 0.7328125000000001 0.7703125000000002 0.7929687500000002 0.7703125000000002
23 0.83359375 0.5406250000000001 0.790625 0.5406250000000001 0.7906250000000001 0.7500000000000002 0.83359375 0.7500000000000002
23 0.828125 0.7453125000000002 0.7875000000000002 0.7453125000000002 0.7875000000000002 0.93515625 0.828125 0.93515625
23 0.88359375 0.5406250000000001 0.8328125 0.5406250000000001 0.8328125 0.7500000000000002 0.88359375 0.7500000000000002
23 0.88125 0.7500000000000002 0.828125 0.7500000000000002 0.828125 0.93515625 0.88125 0.93515625
23 0.94921875 0.7296875000000002 0.8890625 0.7296875000000002 0.8890625 0.9390625 0.94921875 0.9390625
23 0.92265625 0.5312500000000002 0.884375 0.5312500000000002 0.884375 0.7304687500000002 0.92265625 0.7304687500000002