23 0.7859375000000002 0.7656250000000002 0.7316406250000002 0.7656250000000002 0.7316406250000002 0.953125 0.7859375000000002 0.953125
23 0.559375 0.02187500000000006 0.4515625 0.021875000000000054 0.4515625 0.08906250000000006 0.559375 0.08906250000000007
23 0.5390625 0.10742187500000004 0.471875 0.10742187500000004 0.471875 0.27031250000000007 0.5390625 0.27031250000000007
23 0.5359375 0.2691406250000001 0.471484375 0.2691406250000001 0.471484375 0.43125 0.5359375 0.43125
23 0.6 0.11250000000000007 0.5375 0.11250000000000004 0.5375 0.2687500000000001 0.6 0.2687500000000001
23 0.6453125 0.3214843750000001 0.48828125 0.3214843750000001 0.48828125 0.3828125000000001 0.6453125 0.3828125000000001
23 0.6859375 0.025000000000000078 0.5734375 0.025000000000000067 0.5734375 0.08750000000000008 0.6859375 0.08750000000000009
23 0.728125 8.524689828439779e-17 0.6640625 8.132420150587893e-17 0.6640625 0.11250000000000009 0.728125 0.11250000000000009
23 0.6640625 0.1140625000000001 0.599609375 0.1140625000000001 0.599609375 0.27031250000000007 0.6640625 0.27031250000000007
23 0.7734375 0.1593750000000001 0.618359375 0.1593750000000001 0.618359375 0.2234375000000001 0.7734375 0.2234375000000001
23 0.6609375 0.27226562500000007 0.5984375 0.27226562500000007 0.5984375 0.4296875 0.6609375 0.4296875
23 0.77265625 0.3199218750000001 0.6140625 0.3199218750000001 0.6140625 0.3812500000000001 0.77265625 0.3812500000000001
23 0.8671875 0.0976562500000001 0.658984375 0.09765625000000008 0.658984375 0.1625000000000001 0.8671875 0.1625000000000001
23 0.9296875 0.1011718750000001 0.718359375 0.10117187500000009 0.718359375 0.1593750000000001 0.9296875 0.15937500000000013
23 0.9109375 0.023437500000000108 0.853125 0.023437500000000104 0.853125 0.23437500000000008 0.9109375 0.23437500000000008
23 0.96875 0.026562500000000117 0.9109375 0.02656250000000011 0.9109375 0.2375000000000001 0.96875 0.2375000000000001
23 0.7859375 0.23593750000000008 0.726171875 0.23593750000000008 0.726171875 0.44531250000000017 0.7859375 0.44531250000000017
23 0.921875 0.3109375000000001 0.712890625 0.3109375000000001 0.712890625 0.3703125000000001 0.921875 0.3703125000000001
23 0.9 0.23632812500000008 0.8453125 0.23632812500000008 0.8453125 0.4421875000000002 0.9 0.4421875000000002
23 0.9578125 0.2390625000000001 0.9 0.2390625000000001 0.9 0.44843750000000016 0.9578125 0.44843750000000016
23 0.0593750000000001 0.640625 7.845393557037732e-17 0.640625 9.758904180705471e-17 0.953125 0.05937500000000011 0.953125
23 0.1187500000000001 0.641015625 0.059765625000000086 0.641015625 0.0597656250000001 0.95 0.11875000000000013 0.95
23 0.30156250000000007 0.768359375 9.409688491886108e-17 0.768359375 9.775647398662564e-17 0.828125 0.30156250000000007 0.828125
23 0.2390625000000001 0.64375 0.1800781250000001 0.64375 0.18007812500000012 0.953125 0.2390625000000001 0.953125
23 0.42968750000000017 0.766015625 0.12070312500000009 0.766015625 0.12070312500000009 0.830859375 0.42968750000000017 0.830859375
23 0.58359375 0.557421875 0.425 0.557421875 0.425 0.61875 0.58359375 0.61875
23 0.646875 0.553515625 0.4890625 0.553515625 0.4890625 0.6203125 0.646875 0.6203125
23 0.6703125 0.508203125 0.603125 0.508203125 0.603125 0.665625 0.6703125 0.665625
23 0.779296875 0.5589843750000001 0.620703125 0.558984375 0.620703125 0.6187500000000001 0.779296875 0.6187500000000001
23 0.5390625000000001 0.669140625 0.471875 0.669140625 0.4718750000000001 0.821875 0.5390625000000002 0.821875
23 0.6484375000000001 0.71171875 0.493359375 0.71171875 0.4933593750000001 0.775 0.6484375000000002 0.775
23 0.6656250000000001 0.665625 0.601953125 0.665625 0.6019531250000001 0.821875 0.6656250000000001 0.821875
23 0.7312500000000001 0.6656250000000001 0.667578125 0.665625 0.6675781250000001 0.821875 0.7312500000000002 0.821875
23 0.5375000000000002 0.8234375 0.4703125000000002 0.8234375 0.4703125000000002 0.95 0.5375000000000002 0.95
23 0.6031250000000001 0.823828125 0.5394531250000002 0.823828125 0.5394531250000002 0.95 0.6031250000000001 0.95
23 0.6687500000000002 0.8203125 0.6050781250000001 0.8203125 0.6050781250000001 0.95 0.6687500000000002 0.95
23 0.7296875000000002 0.823828125 0.6699218750000002 0.823828125 0.6699218750000002 0.95 0.7296875000000002 0.95
23 0.7921875 0.5562500000000001 0.732421875 0.5562500000000001 0.7324218750000001 0.7703125000000002 0.7921875000000002 0.7703125000000002
23 0.915625 0.6234375000000001 0.707421875 0.6234375 0.707421875 0.6664062500000001 0.915625 0.6664062500000002
23 0.9015625 0.819921875 0.7132812500000002 0.819921875 0.7132812500000002 0.859375 0.9015625 0.859375
23 0.9625 0.6195312500000002 0.753515625 0.6195312500000002 0.753515625 0.6703125000000002 0.9625 0.6703125000000002
23 0.88125 0.7503906250000002 0.828125 0.7503906250000002 0.828125 0.934375 0.88125 0.934375
23 1 0.8046875 0.814453125 0.8046875 0.814453125 0.8640625 1 0.8640625
23 1 0.6113281250000002 0.803515625 0.6113281250000002 0.803515625 0.6484375000000002 1 0.6484375000000002