23 0.7859375000000002 0.7656250000000002 0.7308593750000002 0.7656250000000002 0.7308593750000002 0.953125 0.7859375000000002 0.953125
23 0.5390625 0.0015625000000000617 0.471875 0.0015625000000000575 0.471875 0.10937500000000004 0.5390625 0.10937500000000004
23 0.58671875 0.15585937500000008 0.4234375 0.15585937500000005 0.4234375 0.2218750000000001 0.58671875 0.2218750000000001
23 0.584375 0.3183593750000001 0.423046875 0.3183593750000001 0.423046875 0.3828125000000001 0.584375 0.3828125000000001
23 0.646875 0.15937500000000007 0.490625 0.15937500000000004 0.490625 0.2218750000000001 0.646875 0.2218750000000001
23 0.5984375 0.2734375000000001 0.5359375 0.2734375000000001 0.5359375 0.43125 0.5984375 0.43125
23 0.6609375 7.711447813380989e-17 0.5984375 7.328745688647442e-17 0.5984375 0.11250000000000009 0.6609375 0.11250000000000009
23 0.728125 8.524689828439779e-17 0.6640625 8.132420150587893e-17 0.6640625 0.11250000000000009 0.728125 0.11250000000000009
23 0.709375 0.16015625000000008 0.554296875 0.16015625000000008 0.554296875 0.2250000000000001 0.709375 0.2250000000000001
23 0.728125 0.1140625000000001 0.664453125 0.1140625000000001 0.664453125 0.27031250000000007 0.728125 0.27031250000000007
23 0.70859375 0.3199218750000001 0.55 0.3199218750000001 0.55 0.3812500000000001 0.70859375 0.3812500000000001
23 0.7734375 0.3199218750000001 0.61484375 0.3199218750000001 0.61484375 0.3812500000000001 0.7734375 0.3812500000000001
23 0.8671875 0.0968750000000001 0.658984375 0.09687500000000009 0.658984375 0.16171875000000008 0.8671875 0.16171875000000008
23 0.853125 0.024609375000000103 0.794140625 0.0246093750000001 0.794140625 0.23593750000000008 0.853125 0.23593750000000008
23 0.9875 0.10039062500000011 0.7765625 0.1003906250000001 0.7765625 0.1578125000000001 0.9875 0.15781250000000013
23 0.96875 0.026562500000000117 0.9109375 0.02656250000000011 0.9109375 0.2375000000000001 0.96875 0.2375000000000001
23 0.8609375 0.3101562500000001 0.651953125 0.3101562500000001 0.651953125 0.3703125000000001 0.8609375 0.3703125000000001
23 0.921875 0.3109375000000001 0.712890625 0.3109375000000001 0.712890625 0.3703125000000001 0.921875 0.3703125000000001
23 0.9 0.2355468750000001 0.845703125 0.2355468750000001 0.845703125 0.4421875000000002 0.9 0.4421875000000002
23 1 0.3148437500000001 0.82421875 0.3148437500000001 0.82421875 0.37187500000000007 1 0.37187500000000007
23 0.0593750000000001 0.640625 7.845393557037732e-17 0.640625 9.758904180705471e-17 0.953125 0.05937500000000011 0.953125
23 0.1187500000000001 0.640625 0.05937500000000009 0.640625 0.0593750000000001 0.95 0.11875000000000013 0.95
23 0.30156250000000007 0.768359375 9.409688491886108e-17 0.768359375 9.775647398662564e-17 0.828125 0.30156250000000007 0.828125
23 0.36406250000000007 0.768359375 0.05468750000000009 0.768359375 0.0546875000000001 0.828125 0.36406250000000007 0.828125
23 0.42968750000000017 0.766796875 0.12148437500000009 0.766796875 0.12148437500000009 0.83125 0.42968750000000017 0.83125
23 0.5359375 0.509765625 0.4734375 0.509765625 0.4734375 0.6671875 0.5359375 0.6671875
23 0.6015625 0.5078125 0.534375 0.5078125 0.534375 0.665625 0.6015625 0.665625
23 0.715625 0.553515625 0.5578125 0.553515625 0.5578125 0.6203125 0.715625 0.6203125
23 0.779296875 0.5589843750000001 0.620703125 0.558984375 0.620703125 0.6187500000000001 0.779296875 0.6187500000000001
23 0.5390625000000001 0.669140625 0.471875 0.669140625 0.4718750000000001 0.821875 0.5390625000000002 0.821875
23 0.6031250000000001 0.665625 0.539453125 0.665625 0.5394531250000001 0.821875 0.6031250000000001 0.821875
23 0.6656250000000001 0.665625 0.601953125 0.665625 0.6019531250000001 0.821875 0.6656250000000001 0.821875
23 0.7312500000000001 0.6656250000000001 0.6671875 0.665625 0.6671875 0.821875 0.7312500000000002 0.821875
23 0.5671875000000002 0.853515625 0.44062500000000016 0.853515625 0.44062500000000016 0.9203125 0.5671875000000002 0.9203125
23 0.6031250000000001 0.8234375 0.5390625000000002 0.8234375 0.5390625000000002 0.95 0.6031250000000001 0.95
23 0.6687500000000002 0.8203125 0.6046875000000002 0.8203125 0.6046875000000002 0.95 0.6687500000000002 0.95
23 0.7296875000000002 0.823828125 0.6699218750000002 0.823828125 0.6699218750000002 0.95 0.7296875000000002 0.95
23 0.7921875 0.5562500000000001 0.732421875 0.5562500000000001 0.7324218750000001 0.7703125000000002 0.7921875000000002 0.7703125000000002
23 0.8328125 0.5406250000000001 0.791015625 0.5406250000000001 0.7910156250000001 0.7500000000000002 0.8328125 0.7500000000000002
23 0.828125 0.7457031250000001 0.7875000000000002 0.7457031250000001 0.7875000000000002 0.934375 0.828125 0.934375
23 0.9625 0.6203125000000002 0.753515625 0.6203125000000002 0.753515625 0.6703125000000002 0.9625 0.6703125000000002
23 0.946875 0.816015625 0.7625000000000002 0.816015625 0.7625000000000002 0.86875 0.946875 0.86875
23 0.9484375 0.7296875000000002 0.889453125 0.7296875000000002 0.889453125 0.9390625 0.9484375 0.9390625
23 1 0.6113281250000002 0.803515625 0.6113281250000002 0.803515625 0.6484375000000002 1 0.6484375000000002