24 1 0.8328125 0.6406250000000002 0.8328125 0.6406250000000002 0.946875 1 0.946875
24 0.95234375 0.7765625 0.6625000000000002 0.7765625 0.6625000000000002 0.86640625 0.95234375 0.86640625
24 0.99921875 0.903125 0.6531250000000002 0.903125 0.6531250000000002 0.9921875 0.99921875 0.9921875
24 0.6601562500000002 0.909375 0.3031250000000001 0.909375 0.3031250000000001 0.99921875 0.6601562500000002 0.99921875
24 0.6203125000000002 0.846875 0.2906250000000001 0.846875 0.2906250000000001 0.93359375 0.6203125000000002 0.93359375
24 0.5648437500000002 0.8015625 0.3281250000000001 0.8015625 0.3281250000000001 0.8625 0.5648437500000002 0.8625
24 0.3023437500000001 0.865625 0.08125000000000011 0.865625 0.08125000000000011 0.93984375 0.3023437500000001 0.93984375
24 0.22031250000000008 0.821875 0.07031250000000011 0.821875 0.07031250000000011 0.884375 0.22031250000000008 0.884375
24 0.88359375 0.4453125000000001 0.5640625 0.4453125 0.5640625 0.5484375000000001 0.88359375 0.5484375000000001
24 0.53984375 0.4953125 0.26250000000000007 0.4953125 0.26250000000000007 0.5796875 0.53984375 0.5796875
24 0.52734375 0.4453125 0.2640625000000001 0.4453125 0.2640625000000001 0.521875 0.52734375 0.521875
24 0.5578125 0.5625 0.3531250000000001 0.5625 0.3531250000000001 0.62734375 0.5578125 0.62734375
24 0.2578125000000001 0.575 0.03750000000000007 0.575 0.037500000000000075 0.646875 0.2578125000000001 0.646875
24 0.2632812500000001 0.534375 0.026562500000000065 0.534375 0.026562500000000072 0.59921875 0.2632812500000001 0.59921875
24 0.80078125 0.11093750000000006 0.4921875 0.11093750000000005 0.4921875 0.2375000000000001 0.80078125 0.2375000000000001
24 0.86953125 0.22812500000000008 0.5640625 0.22812500000000008 0.5640625 0.3414062500000001 0.86953125 0.3414062500000001