24 0.8765625 0.7101562500000002 0.76328125 0.7101562500000002 0.7632812500000001 1 0.8765625 1
24 0.9515625 0.7769531250000001 0.6621093750000002 0.776953125 0.6621093750000002 0.865625 0.9515625 0.865625
24 0.8703125 0.7750000000000001 0.7816406250000002 0.7750000000000001 0.7816406250000002 1 0.8703125 1
24 0.5265625000000002 0.776171875 0.4371093750000002 0.776171875 0.4371093750000002 1 0.5265625000000002 1
24 0.4984375000000002 0.725390625 0.4117187500000002 0.725390625 0.4117187500000002 1 0.4984375000000002 1
24 0.5640625000000001 0.8015625 0.3285156250000001 0.8015625 0.3285156250000001 0.8625 0.5640625000000001 0.8625
24 0.22812500000000008 0.791796875 0.1550781250000001 0.791796875 0.15507812500000012 1 0.22812500000000008 1
24 0.17656250000000012 0.778125 0.1140625000000001 0.778125 0.11406250000000011 0.928125 0.17656250000000012 0.928125
24 0.8828125 0.4453125000000001 0.564453125 0.4453125 0.564453125 0.5484375000000001 0.8828125 0.5484375000000001
24 0.5390625 0.4953125 0.2628906250000001 0.4953125 0.2628906250000001 0.5796875 0.5390625 0.5796875
24 0.4328125 0.35234375000000007 0.357421875 0.35234375 0.35742187500000006 0.615625 0.4328125 0.615625
24 0.5578125 0.562109375 0.3531250000000001 0.562109375 0.3531250000000001 0.6265625 0.5578125 0.6265625
24 0.18281250000000007 0.50078125 0.11171875000000005 0.50078125 0.11171875000000006 0.7203125 0.1828125000000001 0.7203125
24 0.17656250000000007 0.4484375 0.11210937500000004 0.4484375 0.11210937500000007 0.684375 0.1765625000000001 0.684375
24 0.709375 0.02031250000000008 0.583203125 0.020312500000000074 0.583203125 0.3281250000000001 0.709375 0.3281250000000001
24 0.771875 0.13242187500000008 0.659765625 0.13242187500000008 0.659765625 0.4359375000000001 0.771875 0.4359375000000002