24 0.8765625 0.7101562500000002 0.76328125 0.7101562500000002 0.7632812500000001 1 0.8765625 1
24 0.8515625 0.6769531250000002 0.762890625 0.6769531250000002 0.762890625 0.965625 0.8515625 0.965625
24 0.8703125 0.7750000000000001 0.7816406250000002 0.7750000000000001 0.7816406250000002 1 0.8703125 1
24 0.6593750000000002 0.908984375 0.30351562500000007 0.908984375 0.30351562500000007 0.9984375 0.6593750000000002 0.9984375
24 0.4984375000000002 0.725390625 0.4117187500000002 0.725390625 0.4117187500000002 1 0.4984375000000002 1
24 0.4765625000000001 0.7140625 0.416015625 0.7140625 0.4160156250000001 0.95 0.47656250000000017 0.95
24 0.30156250000000007 0.865234375 0.08085937500000011 0.865234375 0.08085937500000011 0.9390625 0.30156250000000007 0.9390625
24 0.22031250000000008 0.821875 0.07031250000000011 0.821875 0.07031250000000011 0.884375 0.22031250000000008 0.884375
24 0.8828125 0.4453125000000001 0.564453125 0.4453125 0.564453125 0.5484375000000001 0.8828125 0.5484375000000001
24 0.5390625 0.4953125 0.2628906250000001 0.4953125 0.2628906250000001 0.5796875 0.5390625 0.5796875
24 0.4328125 0.35234375000000007 0.357421875 0.35234375 0.35742187500000006 0.615625 0.4328125 0.615625
24 0.4875 0.492578125 0.42265625 0.492578125 0.42265625 0.696875 0.4875 0.696875
24 0.18281250000000007 0.50078125 0.11171875000000005 0.50078125 0.11171875000000006 0.7203125 0.1828125000000001 0.7203125
24 0.17656250000000007 0.4484375 0.11210937500000004 0.4484375 0.11210937500000007 0.684375 0.1765625000000001 0.684375
24 0.8 0.11093750000000006 0.4921875 0.11093750000000005 0.4921875 0.2375000000000001 0.8 0.2375000000000001
24 0.86875 0.22851562500000008 0.564453125 0.22851562500000008 0.564453125 0.34062500000000007 0.86875 0.34062500000000007