5 0.6484375 0.3218750000000001 0.6265625 0.3218750000000001 0.6265625 0.3648437500000001 0.6484375 0.3648437500000001
5 0.58046875 0.3218750000000001 0.5515625 0.3218750000000001 0.5515625 0.3671875000000001 0.58046875 0.3671875000000001
5 0.6015625 0.3156250000000001 0.5796875 0.3156250000000001 0.5796875 0.3734375000000001 0.6015625 0.3734375000000001
5 0.30000000000000004 0.3234375 0.278125 0.3234375 0.27812500000000007 0.36875 0.3000000000000001 0.36875
5 0.27968750000000003 0.321875 0.253125 0.321875 0.25312500000000004 0.3703125 0.2796875000000001 0.3703125
5 0.6265625 0.3218750000000001 0.6046875 0.3218750000000001 0.6046875 0.3703125000000001 0.6265625 0.3703125000000001
5 0.671875 0.3234375000000001 0.65 0.3234375000000001 0.65 0.3687500000000001 0.671875 0.3687500000000001
5 0.55703125 0.3203125000000001 0.528125 0.3203125000000001 0.528125 0.3710937500000001 0.55703125 0.3710937500000001
5 0.71875 0.32500000000000007 0.696875 0.32500000000000007 0.696875 0.36796875000000007 0.71875 0.36796875000000007
5 0.22812500000000005 0.3203125 0.2015625 0.3203125 0.20156250000000003 0.3734375 0.22812500000000008 0.3734375
5 0.69609375 0.32500000000000007 0.671875 0.32500000000000007 0.671875 0.3703125000000001 0.69609375 0.3703125000000001
5 0.35000000000000003 0.3234375 0.328125 0.3234375 0.32812500000000006 0.371875 0.3500000000000001 0.371875
5 0.32734375000000004 0.3234375 0.303125 0.3234375 0.30312500000000003 0.37421875 0.3273437500000001 0.37421875
5 0.25390625000000006 0.3265625 0.225 0.3265625 0.22500000000000003 0.375 0.2539062500000001 0.375
5 0.7515625 0.3890625000000001 0.734375 0.3890625000000001 0.734375 0.4273437500000002 0.7515625 0.4273437500000002
5 0.44765625 0.3906250000000001 0.4234375 0.3906250000000001 0.4234375 0.43125 0.44765625 0.43125
5 0.425 0.3906250000000001 0.403125 0.3906250000000001 0.403125 0.42890625 0.425 0.42890625
5 0.590625 0.3937500000000001 0.5734375 0.3937500000000001 0.5734375 0.42734375 0.590625 0.42734375
5 0.6359375 0.3906250000000001 0.61875 0.3906250000000001 0.61875 0.42890625 0.6359375 0.42890625
5 0.73125 0.38750000000000007 0.709375 0.38750000000000007 0.709375 0.4328125000000001 0.73125 0.43281250000000016
5 0.37968750000000007 0.39375000000000004 0.3578125000000001 0.39375 0.3578125000000001 0.4296875 0.37968750000000007 0.4296875
5 0.30546875000000007 0.3921875 0.28593750000000007 0.3921875 0.28593750000000007 0.43046875 0.30546875000000007 0.43046875
5 0.659375 0.3937500000000001 0.6375 0.3937500000000001 0.6375 0.4296875 0.659375 0.4296875
5 0.3539062500000001 0.3890625 0.3343750000000001 0.3890625 0.3343750000000001 0.434375 0.3539062500000001 0.434375
5 0.40234375 0.3921875000000001 0.3781250000000001 0.3921875000000001 0.3781250000000001 0.43046875 0.40234375 0.43046875
5 0.4703125 0.3921875000000001 0.4484375 0.3921875000000001 0.4484375 0.43046875 0.4703125 0.43046875
5 0.61484375 0.39531250000000007 0.5953125 0.39531250000000007 0.5953125 0.43125 0.61484375 0.43125
5 0.3312500000000001 0.3921875 0.30937500000000007 0.3921875 0.30937500000000007 0.4328125 0.3312500000000001 0.4328125
5 0.52578125 0.3937500000000001 0.5015625 0.3937500000000001 0.5015625 0.434375 0.52578125 0.434375
5 0.54609375 0.3984375000000001 0.534375 0.3984375000000001 0.534375 0.42734375 0.54609375 0.42734375
5 0.2562500000000001 0.39375 0.23437500000000008 0.39375 0.23437500000000008 0.434375 0.2562500000000001 0.434375
5 0.28203125000000007 0.39375 0.2578125000000001 0.39375 0.2578125000000001 0.434375 0.28203125000000007 0.434375
5 0.23046875000000008 0.3953125 0.2062500000000001 0.3953125 0.2062500000000001 0.4359375 0.23046875000000008 0.4359375
5 0.56953125 0.39531250000000007 0.55 0.39531250000000007 0.55 0.4359375 0.56953125 0.4359375
5 0.65390625 0.43125 0.634375 0.43125 0.634375 0.471875 0.65390625 0.471875
5 0.75078125 0.42968750000000017 0.73125 0.42968750000000017 0.73125 0.47265625000000017 0.75078125 0.47265625000000017
5 0.3789062500000001 0.4328125 0.3593750000000001 0.4328125 0.3593750000000001 0.47109375 0.3789062500000001 0.47109375
5 0.61328125 0.43125 0.59375 0.43125 0.59375 0.471875 0.61328125 0.471875
5 0.45 0.4296875 0.428125 0.4296875 0.428125 0.47265625 0.45 0.47265625
5 0.425 0.4328125 0.403125 0.4328125 0.403125 0.4734375 0.425 0.4734375
5 0.59140625 0.434375 0.571875 0.434375 0.571875 0.47265625 0.59140625 0.47265625
5 0.728125 0.4312500000000001 0.70625 0.43125 0.70625 0.4742187500000001 0.728125 0.4742187500000002
5 0.54765625 0.4328125 0.528125 0.4328125 0.528125 0.4734375 0.54765625 0.4734375
5 0.5703125 0.434375 0.5484375 0.434375 0.5484375 0.47265625 0.5703125 0.47265625
5 0.46953125 0.4328125 0.45 0.4328125 0.45 0.4734375 0.46953125 0.4734375
5 0.525 0.434375 0.503125 0.434375 0.503125 0.47265625 0.525 0.47265625
5 0.4921875 0.4359375 0.478125 0.4359375 0.478125 0.47421875 0.4921875 0.47421875
5 0.40390625 0.434375 0.37968750000000007 0.434375 0.37968750000000007 0.475 0.40390625 0.475
5 0.3531250000000001 0.4359375 0.3312500000000001 0.4359375 0.3312500000000001 0.47421875 0.3531250000000001 0.47421875
5 0.528125 0.4328125 0.50625 0.4328125 0.50625 0.47578125 0.528125 0.47578125
5 0.2593750000000001 0.4359375 0.2375000000000001 0.4359375 0.2375000000000001 0.4765625 0.2593750000000001 0.4765625
5 0.3078125000000001 0.4359375 0.28593750000000007 0.4359375 0.28593750000000007 0.47421875 0.3078125000000001 0.47421875
5 0.2835937500000001 0.4375 0.2593750000000001 0.4375 0.2593750000000001 0.478125 0.2835937500000001 0.478125
5 0.23437500000000008 0.4359375 0.21250000000000008 0.4359375 0.21250000000000008 0.48125 0.23437500000000008 0.48125
5 0.7203125 0.49375 0.6984375 0.49375 0.6984375 0.5296875 0.7203125 0.5296875
5 0.6484375 0.49375 0.6265625 0.49375 0.6265625 0.53203125 0.6484375 0.53203125
5 0.74609375 0.49218750000000017 0.7265625 0.49218750000000017 0.7265625 0.5351562500000002 0.74609375 0.5351562500000002
5 0.5015625 0.4875 0.4796875 0.4875 0.4796875 0.53828125 0.5015625 0.53828125
5 0.6703125 0.4921875 0.6484375 0.4921875 0.6484375 0.53515625 0.6703125 0.53515625
5 0.69765625 0.496875 0.6734375 0.496875 0.6734375 0.53515625 0.69765625 0.53515625
5 0.55703125 0.49375 0.5328125 0.49375 0.5328125 0.5390625 0.55703125 0.5390625
5 0.52265625 0.4921875 0.503125 0.4921875 0.503125 0.54296875 0.52265625 0.54296875
5 0.40703125 0.496875 0.3828125000000001 0.496875 0.3828125000000001 0.53984375 0.40703125 0.53984375
5 0.54765625 0.5015625 0.528125 0.5015625 0.528125 0.53515625 0.54765625 0.53515625
5 0.3867187500000001 0.496875 0.3671875000000001 0.496875 0.3671875000000001 0.5421875 0.3867187500000001 0.5421875
5 0.45546875 0.496875 0.43125 0.496875 0.43125 0.5421875 0.45546875 0.5421875
5 0.4734375 0.4984375 0.45625 0.4984375 0.45625 0.54140625 0.4734375 0.54140625
5 0.26640625000000007 0.4984375 0.2375000000000001 0.4984375 0.2375000000000001 0.54140625 0.26640625000000007 0.54140625
5 0.2914062500000001 0.4984375 0.2671875000000001 0.4984375 0.2671875000000001 0.54140625 0.2914062500000001 0.54140625
5 0.23437500000000008 0.5046875 0.21250000000000008 0.5046875 0.21250000000000008 0.540625 0.23437500000000008 0.540625
5 0.3117187500000001 0.496875 0.2875000000000001 0.496875 0.2875000000000001 0.54765625 0.3117187500000001 0.54765625
5 0.71796875 0.534375 0.6984375 0.534375 0.6984375 0.57265625 0.71796875 0.57265625
5 0.578125 0.5359375 0.55625 0.5359375 0.55625 0.571875 0.578125 0.571875
5 0.59921875 0.534375 0.5796875 0.534375 0.5796875 0.57265625 0.59921875 0.57265625
5 0.6703125 0.5359375 0.653125 0.5359375 0.653125 0.571875 0.6703125 0.571875
5 0.74140625 0.534375 0.721875 0.534375 0.721875 0.5750000000000001 0.74140625 0.5750000000000002
5 0.64453125 0.534375 0.625 0.534375 0.625 0.57265625 0.64453125 0.57265625
5 0.62109375 0.5359375 0.6015625 0.5359375 0.6015625 0.57421875 0.62109375 0.57421875
5 0.55078125 0.5390625 0.53125 0.5390625 0.53125 0.575 0.55078125 0.575
5 0.6953125 0.5328125 0.6734375 0.5328125 0.6734375 0.58125 0.6953125 0.58125
5 0.4578125 0.5375 0.43125 0.5375 0.43125 0.58046875 0.4578125 0.58046875
5 0.409375 0.5390625 0.38750000000000007 0.5390625 0.38750000000000007 0.58203125 0.409375 0.58203125
5 0.4328125 0.5359375 0.40625 0.5359375 0.40625 0.584375 0.4328125 0.584375
5 0.34062500000000007 0.5375 0.3140625000000001 0.5375 0.3140625000000001 0.5859375 0.34062500000000007 0.5859375
5 0.3632812500000001 0.5375 0.3390625000000001 0.5375 0.3390625000000001 0.5859375 0.3632812500000001 0.5859375
5 0.2828125000000001 0.5421875 0.2562500000000001 0.5421875 0.2562500000000001 0.5828125 0.2828125000000001 0.5828125
5 0.3859375000000001 0.54375 0.36406250000000007 0.54375 0.36406250000000007 0.58203125 0.3859375000000001 0.58203125
5 0.31718750000000007 0.5453125 0.2953125000000001 0.5453125 0.2953125000000001 0.58359375 0.31718750000000007 0.58359375
5 0.2656250000000001 0.54375 0.2390625000000001 0.54375 0.2390625000000001 0.58671875 0.2656250000000001 0.58671875
5 0.47421875 0.54375 0.45 0.54375 0.45 0.58671875 0.47421875 0.58671875
5 0.49765625 0.54375 0.4734375 0.54375 0.4734375 0.58671875 0.49765625 0.58671875
5 0.52734375 0.546875 0.503125 0.546875 0.503125 0.58515625 0.52734375 0.58515625
5 0.24375000000000008 0.5453125 0.21250000000000008 0.5453125 0.21250000000000008 0.58828125 0.24375000000000008 0.58828125
5 0.76640625 0.5937500000000002 0.7546875 0.5937500000000002 0.7546875 0.6296875000000002 0.76640625 0.6296875000000002
5 0.7546875 0.5953125000000001 0.7328125 0.5953125000000001 0.7328125 0.6312500000000002 0.7546875 0.6312500000000002
5 0.43828125 0.5953125 0.4140625 0.5953125 0.4140625 0.63828125 0.43828125 0.63828125
5 0.3687500000000001 0.5953125 0.3421875000000001 0.5953125 0.3421875000000001 0.64375 0.3687500000000001 0.64375
5 0.41328125 0.6015625 0.3890625000000001 0.6015625 0.3890625000000001 0.63984375 0.41328125 0.63984375
5 0.3195312500000001 0.596875 0.3000000000000001 0.596875 0.3000000000000001 0.64765625 0.3195312500000001 0.64765625
5 0.3890625000000001 0.6046875 0.3671875000000001 0.6046875 0.3671875000000001 0.6453125 0.3890625000000001 0.6453125
5 0.3453125000000001 0.6046875 0.3234375000000001 0.6046875 0.3234375000000001 0.65 0.3453125000000001 0.65
5 0.2492187500000001 0.6046875 0.2250000000000001 0.6046875 0.2250000000000001 0.65 0.2492187500000001 0.65
5 0.2710937500000001 0.60625 0.2515625000000001 0.60625 0.2515625000000001 0.646875 0.2710937500000001 0.646875
5 0.30156250000000007 0.6078125 0.2750000000000001 0.6078125 0.2750000000000001 0.65078125 0.30156250000000007 0.65078125
5 0.77421875 0.6296875000000002 0.7546875 0.6296875000000002 0.7546875 0.6703125000000002 0.77421875 0.6703125000000002
5 0.7546875 0.6328125000000002 0.7328125 0.6328125000000002 0.7328125 0.6710937500000002 0.7546875 0.6710937500000002
5 0.43671875 0.6390625 0.4125 0.6390625 0.4125 0.68203125 0.43671875 0.68203125
5 0.29765625000000007 0.640625 0.2734375000000001 0.640625 0.2734375000000001 0.68125 0.29765625000000007 0.68125
5 0.39140625000000007 0.6453125 0.3671875000000001 0.6453125 0.3671875000000001 0.6765625 0.39140625000000007 0.6765625
5 0.41328125 0.64375 0.3890625000000001 0.64375 0.3890625000000001 0.68203125 0.41328125 0.68203125
5 0.31718750000000007 0.6453125 0.2953125000000001 0.6453125 0.2953125000000001 0.6859375 0.31718750000000007 0.6859375
5 0.2750000000000001 0.64375 0.2531250000000001 0.64375 0.2531250000000001 0.68671875 0.2750000000000001 0.68671875
5 0.3453125000000001 0.64375 0.3187500000000001 0.64375 0.3187500000000001 0.68671875 0.3453125000000001 0.68671875
5 0.3687500000000001 0.64375 0.3421875000000001 0.64375 0.3421875000000001 0.68671875 0.3687500000000001 0.68671875
5 0.25468750000000007 0.65 0.2234375000000001 0.65 0.2234375000000001 0.6859375 0.25468750000000007 0.6859375
5 0.5671875000000001 0.7078125 0.55 0.7078125 0.55 0.74609375 0.5671875000000002 0.74609375
5 0.5476562500000001 0.709375 0.528125 0.709375 0.5281250000000001 0.74765625 0.5476562500000002 0.74765625
5 0.5898437500000001 0.709375 0.5703125 0.709375 0.5703125000000001 0.74765625 0.5898437500000002 0.74765625
5 0.6820312500000002 0.765625 0.6625000000000002 0.765625 0.6625000000000002 0.79453125 0.6820312500000002 0.79453125
5 0.7023437500000002 0.765625 0.6828125000000002 0.765625 0.6828125000000002 0.796875 0.7023437500000002 0.796875
5 0.6609375000000002 0.765625 0.6390625000000002 0.765625 0.6390625000000002 0.796875 0.6609375000000002 0.796875
5 0.5937500000000002 0.7703125 0.5765625000000002 0.7703125 0.5765625000000002 0.796875 0.5937500000000002 0.796875
5 0.6375000000000002 0.765625 0.6203125000000002 0.765625 0.6203125000000002 0.79921875 0.6375000000000002 0.79921875
5 0.5750000000000002 0.7703125 0.5578125000000002 0.7703125 0.5578125000000002 0.8015625 0.5750000000000002 0.8015625
5 0.5562500000000001 0.7734375 0.5343750000000002 0.7734375 0.5343750000000002 0.80703125 0.5562500000000001 0.80703125
5 0.60703125 0.2296875000000001 0.5828125 0.2296875000000001 0.5828125 0.2875000000000001 0.60703125 0.2875000000000001
5 0.63046875 0.22656250000000008 0.60625 0.22656250000000008 0.60625 0.2914062500000001 0.63046875 0.2914062500000001
5 0.56015625 0.2328125000000001 0.521875 0.2328125000000001 0.521875 0.28593750000000007 0.56015625 0.28593750000000007
5 0.58515625 0.2328125000000001 0.5609375 0.2328125000000001 0.5609375 0.28593750000000007 0.58515625 0.28593750000000007