5 0.6484375 0.3214843750000001 0.6265625 0.3214843750000001 0.6265625 0.36406250000000007 0.6484375 0.36406250000000007
5 0.5796875 0.3218750000000001 0.551953125 0.3218750000000001 0.551953125 0.3671875000000001 0.5796875 0.3671875000000001
5 0.61875 0.3335937500000001 0.56171875 0.3335937500000001 0.56171875 0.3546875000000001 0.61875 0.3546875000000001
5 0.3109375 0.33515625 0.26640625 0.33515625 0.26640625 0.35625 0.3109375 0.35625
5 0.290625 0.3328125 0.2421875 0.3328125 0.2421875 0.359375 0.290625 0.359375
5 0.6265625 0.3218750000000001 0.6046875 0.3218750000000001 0.6046875 0.3703125000000001 0.6265625 0.3703125000000001
5 0.671875 0.3234375000000001 0.65 0.3234375000000001 0.65 0.3687500000000001 0.671875 0.3687500000000001
5 0.55625 0.3199218750000001 0.528515625 0.3199218750000001 0.528515625 0.3703125000000001 0.55625 0.3703125000000001
5 0.71875 0.3253906250000001 0.696875 0.3253906250000001 0.696875 0.3671875000000001 0.71875 0.3671875000000001
5 0.240625 0.33359375 0.18828125000000004 0.33359375 0.18828125000000004 0.359375 0.240625 0.359375
5 0.6953125 0.32500000000000007 0.671484375 0.32500000000000007 0.671484375 0.3703125000000001 0.6953125 0.3703125000000001
5 0.3625 0.33671875 0.31484375 0.33671875 0.31484375 0.3578125 0.3625 0.3578125
5 0.340234375 0.337109375 0.289453125 0.337109375 0.289453125 0.3609375 0.340234375 0.3609375
5 0.25312500000000004 0.3265625 0.225 0.3265625 0.22500000000000003 0.375 0.2531250000000001 0.375
5 0.7515625 0.38945312500000007 0.734375 0.38945312500000007 0.734375 0.4265625000000002 0.7515625 0.4265625000000002
5 0.446875 0.3906250000000001 0.4234375 0.3906250000000001 0.4234375 0.43125 0.446875 0.43125
5 0.4328125 0.3988281250000001 0.39531250000000007 0.3988281250000001 0.39531250000000007 0.4203125 0.4328125 0.4203125
5 0.5984375 0.401953125 0.56484375 0.401953125 0.56484375 0.41875 0.5984375 0.41875
5 0.6453125 0.401171875 0.6078125 0.401171875 0.6078125 0.4171875 0.6453125 0.4171875
5 0.7421875 0.39921875000000007 0.69765625 0.39921875000000007 0.69765625 0.4203125000000001 0.7421875 0.4203125000000002
5 0.37968750000000007 0.39375000000000004 0.3578125000000001 0.39375 0.3578125000000001 0.4296875 0.37968750000000007 0.4296875
5 0.3140625000000001 0.401171875 0.2769531250000001 0.401171875 0.2769531250000001 0.4203125 0.3140625000000001 0.4203125
5 0.665625 0.40078125 0.63046875 0.40078125 0.63046875 0.421875 0.665625 0.421875
5 0.3531250000000001 0.3890625 0.33476562500000007 0.3890625 0.33476562500000007 0.434375 0.3531250000000001 0.434375
5 0.408984375 0.3996093750000001 0.3707031250000001 0.3996093750000001 0.3707031250000001 0.4234375 0.408984375 0.4234375
5 0.478125 0.400390625 0.440625 0.400390625 0.440625 0.421875 0.478125 0.421875
5 0.621875 0.40390625 0.587109375 0.40390625 0.587109375 0.4234375 0.621875 0.4234375
5 0.34062500000000007 0.4015625 0.3000000000000001 0.4015625 0.3000000000000001 0.4234375 0.34062500000000007 0.4234375
5 0.5328125 0.4015625 0.493359375 0.4015625 0.493359375 0.425 0.5328125 0.425
5 0.5453125 0.3988281250000001 0.534765625 0.3988281250000001 0.534765625 0.4265625 0.5453125 0.4265625
5 0.2562500000000001 0.39375 0.23437500000000008 0.39375 0.23437500000000008 0.434375 0.2562500000000001 0.434375
5 0.2890625000000001 0.4015625 0.24960937500000008 0.4015625 0.24960937500000008 0.425 0.2890625000000001 0.425
5 0.2375000000000001 0.40390625 0.19804687500000004 0.40390625 0.19804687500000004 0.428125 0.2375000000000001 0.428125
5 0.56875 0.39531250000000007 0.55 0.39531250000000007 0.55 0.4359375 0.56875 0.4359375
5 0.6640625 0.4421875 0.623828125 0.4421875 0.623828125 0.4609375 0.6640625 0.4609375
5 0.75 0.4300781250000002 0.731640625 0.4300781250000002 0.731640625 0.47187500000000016 0.75 0.47187500000000016
5 0.38750000000000007 0.442578125 0.35039062500000007 0.442578125 0.35039062500000007 0.4609375 0.38750000000000007 0.4609375
5 0.6125 0.43125 0.59375 0.43125 0.59375 0.471875 0.6125 0.471875
5 0.45 0.4296875 0.428125 0.4296875 0.428125 0.471875 0.45 0.471875
5 0.434375 0.4421875 0.3937500000000001 0.4421875 0.3937500000000001 0.4640625 0.434375 0.4640625
5 0.590625 0.434375 0.571875 0.434375 0.571875 0.471875 0.590625 0.471875
5 0.728125 0.4316406250000001 0.70625 0.431640625 0.70625 0.47343750000000007 0.728125 0.4734375000000002
5 0.546875 0.4328125 0.528125 0.4328125 0.528125 0.4734375 0.546875 0.4734375
5 0.5703125 0.434765625 0.5484375 0.434765625 0.5484375 0.471875 0.5703125 0.471875
5 0.4796875 0.44375 0.439453125 0.44375 0.439453125 0.4625 0.4796875 0.4625
5 0.525 0.434765625 0.503125 0.434765625 0.503125 0.471875 0.525 0.471875
5 0.4921875 0.435546875 0.478125 0.435546875 0.478125 0.4734375 0.4921875 0.4734375
5 0.403125 0.434375 0.37968750000000007 0.434375 0.37968750000000007 0.475 0.403125 0.475
5 0.3609375000000001 0.444140625 0.3234375000000001 0.444140625 0.3234375000000001 0.465625 0.3609375000000001 0.465625
5 0.528125 0.433203125 0.50625 0.433203125 0.50625 0.475 0.528125 0.475
5 0.2687500000000001 0.4453125 0.22812500000000008 0.4453125 0.22812500000000008 0.4671875 0.2687500000000001 0.4671875
5 0.3078125000000001 0.435546875 0.28593750000000007 0.435546875 0.28593750000000007 0.4734375 0.3078125000000001 0.4734375
5 0.2828125000000001 0.4375 0.2597656250000001 0.4375 0.2597656250000001 0.478125 0.2828125000000001 0.478125
5 0.2453125000000001 0.44765625 0.20078125000000008 0.44765625 0.20078125000000008 0.46875 0.2453125000000001 0.46875
5 0.7265625 0.5007812500000001 0.69140625 0.50078125 0.69140625 0.5218750000000001 0.7265625 0.5218750000000002
5 0.6484375 0.494140625 0.6265625 0.494140625 0.6265625 0.53125 0.6484375 0.53125
5 0.7453125 0.4925781250000002 0.726171875 0.4925781250000002 0.726171875 0.5343750000000002 0.7453125 0.5343750000000002
5 0.5015625 0.4875 0.4796875 0.4875 0.4796875 0.5375 0.5015625 0.5375
5 0.6703125 0.4921875 0.6484375 0.4921875 0.6484375 0.534375 0.6703125 0.534375
5 0.696875 0.497265625 0.673828125 0.497265625 0.673828125 0.534375 0.696875 0.534375
5 0.55625 0.49375 0.5328125 0.49375 0.5328125 0.5390625 0.55625 0.5390625
5 0.521875 0.491796875 0.503515625 0.491796875 0.503515625 0.5421875 0.521875 0.5421875
5 0.40625 0.496484375 0.3832031250000001 0.496484375 0.3832031250000001 0.5390625 0.40625 0.5390625
5 0.546875 0.5015625 0.528125 0.5015625 0.528125 0.534375 0.546875 0.534375
5 0.3859375000000001 0.496875 0.3675781250000001 0.496875 0.3675781250000001 0.5421875 0.3859375000000001 0.5421875
5 0.465625 0.5078125 0.420703125 0.5078125 0.420703125 0.53125 0.465625 0.53125
5 0.4859375 0.511328125 0.44375 0.511328125 0.44375 0.528125 0.4859375 0.528125
5 0.2656250000000001 0.498828125 0.23789062500000008 0.498828125 0.23789062500000008 0.540625 0.2656250000000001 0.540625
5 0.3000000000000001 0.508203125 0.2578125000000001 0.508203125 0.2578125000000001 0.53125 0.3000000000000001 0.53125
5 0.23437500000000008 0.5046875 0.21250000000000008 0.5046875 0.21250000000000008 0.540625 0.23437500000000008 0.540625
5 0.3109375000000001 0.497265625 0.2871093750000001 0.497265625 0.2871093750000001 0.546875 0.3109375000000001 0.546875
5 0.7171875 0.534765625 0.698046875 0.534765625 0.698046875 0.571875 0.7171875 0.571875
5 0.584375 0.54296875 0.54921875 0.54296875 0.54921875 0.5640625 0.584375 0.5640625
5 0.5984375 0.534375 0.580078125 0.534375 0.580078125 0.571875 0.5984375 0.571875
5 0.6796875 0.5453125 0.64375 0.5453125 0.64375 0.5625 0.6796875 0.5625
5 0.7515625 0.5453125000000001 0.711328125 0.5453125 0.711328125 0.5640625000000001 0.7515625 0.5640625000000001
5 0.64375 0.534375 0.625 0.534375 0.625 0.571875 0.64375 0.571875
5 0.6203125 0.536328125 0.601953125 0.536328125 0.601953125 0.5734375 0.6203125 0.5734375
5 0.55 0.5390625 0.53125 0.5390625 0.53125 0.575 0.55 0.575
5 0.7078125 0.54609375 0.66015625 0.54609375 0.66015625 0.5671875 0.7078125 0.5671875
5 0.4578125 0.537109375 0.43125 0.537109375 0.43125 0.5796875 0.4578125 0.5796875
5 0.41875 0.549609375 0.3765625000000001 0.549609375 0.3765625000000001 0.5703125 0.41875 0.5703125
5 0.4328125 0.5359375 0.40625 0.5359375 0.40625 0.584375 0.4328125 0.584375
5 0.34062500000000007 0.5375 0.3140625000000001 0.5375 0.3140625000000001 0.5859375 0.34062500000000007 0.5859375
5 0.3750000000000001 0.55 0.32695312500000007 0.55 0.32695312500000007 0.5734375 0.3750000000000001 0.5734375
5 0.2828125000000001 0.5421875 0.2562500000000001 0.5421875 0.2562500000000001 0.5828125 0.2828125000000001 0.5828125
5 0.3859375000000001 0.54375 0.36406250000000007 0.54375 0.36406250000000007 0.58125 0.3859375000000001 0.58125
5 0.32500000000000007 0.553515625 0.2867187500000001 0.553515625 0.2867187500000001 0.575 0.32500000000000007 0.575
5 0.2734375000000001 0.551953125 0.2312500000000001 0.551953125 0.2312500000000001 0.578125 0.2734375000000001 0.578125
5 0.4828125 0.552734375 0.441015625 0.552734375 0.441015625 0.5765625 0.4828125 0.5765625
5 0.50625 0.553125 0.463671875 0.553125 0.463671875 0.5765625 0.50625 0.5765625
5 0.5265625 0.547265625 0.502734375 0.547265625 0.502734375 0.584375 0.5265625 0.584375
5 0.24375000000000008 0.5453125 0.21250000000000008 0.5453125 0.21250000000000008 0.5875 0.24375000000000008 0.5875
5 0.778125 0.6062500000000002 0.742578125 0.6062500000000002 0.742578125 0.6171875000000002 0.778125 0.6171875000000002
5 0.7546875 0.5953125000000001 0.7328125 0.5953125000000001 0.7328125 0.6312500000000002 0.7546875 0.6312500000000002
5 0.4375 0.5953125 0.4140625 0.5953125 0.4140625 0.6375 0.4375 0.6375
5 0.3687500000000001 0.5953125 0.3421875000000001 0.5953125 0.3421875000000001 0.64375 0.3687500000000001 0.64375
5 0.4203125 0.608984375 0.3824218750000001 0.608984375 0.3824218750000001 0.63125 0.4203125 0.63125
5 0.3187500000000001 0.597265625 0.3003906250000001 0.597265625 0.3003906250000001 0.646875 0.3187500000000001 0.646875
5 0.3984375000000001 0.6140625 0.3578125000000001 0.6140625 0.3578125000000001 0.6359375 0.3984375000000001 0.6359375
5 0.3453125000000001 0.6046875 0.3234375000000001 0.6046875 0.3234375000000001 0.65 0.3453125000000001 0.65
5 0.2593750000000001 0.61484375 0.21445312500000008 0.61484375 0.21445312500000008 0.6390625 0.2593750000000001 0.6390625
5 0.27031250000000007 0.60625 0.2519531250000001 0.60625 0.2519531250000001 0.646875 0.27031250000000007 0.646875
5 0.30156250000000007 0.608203125 0.2750000000000001 0.608203125 0.2750000000000001 0.65 0.30156250000000007 0.65
5 0.7734375 0.6296875000000002 0.754296875 0.6296875000000002 0.754296875 0.6703125000000002 0.7734375 0.6703125000000002
5 0.7546875 0.6324218750000001 0.7328125 0.6324218750000001 0.7328125 0.6703125000000002 0.7546875 0.6703125000000002
5 0.4359375 0.6390625 0.412890625 0.6390625 0.412890625 0.68125 0.4359375 0.68125
5 0.2968750000000001 0.640625 0.2734375000000001 0.640625 0.2734375000000001 0.68125 0.2968750000000001 0.68125
5 0.3906250000000001 0.6453125 0.3671875000000001 0.6453125 0.3671875000000001 0.6765625 0.3906250000000001 0.6765625
5 0.41875 0.651171875 0.38164062500000007 0.651171875 0.38164062500000007 0.6734375 0.41875 0.6734375
5 0.31718750000000007 0.6453125 0.2953125000000001 0.6453125 0.2953125000000001 0.6859375 0.31718750000000007 0.6859375
5 0.2750000000000001 0.644140625 0.2531250000000001 0.644140625 0.2531250000000001 0.6859375 0.2750000000000001 0.6859375
5 0.3453125000000001 0.643359375 0.3187500000000001 0.643359375 0.3187500000000001 0.6859375 0.3453125000000001 0.6859375
5 0.3765625000000001 0.651953125 0.3335937500000001 0.651953125 0.3335937500000001 0.678125 0.3765625000000001 0.678125
5 0.2562500000000001 0.65234375 0.2210937500000001 0.65234375 0.2210937500000001 0.6828125 0.2562500000000001 0.6828125
5 0.57734375 0.718359375 0.5390625 0.718359375 0.5390625000000001 0.734375 0.5773437500000002 0.734375
5 0.5468750000000001 0.709765625 0.528515625 0.709765625 0.528515625 0.746875 0.5468750000000002 0.746875
5 0.5984375000000001 0.718359375 0.5609375 0.718359375 0.5609375000000001 0.7375 0.5984375000000002 0.7375
5 0.6812500000000001 0.766015625 0.6628906250000002 0.766015625 0.6628906250000002 0.79375 0.6812500000000001 0.79375
5 0.7015625000000002 0.765625 0.6824218750000002 0.765625 0.6824218750000002 0.796875 0.7015625000000002 0.796875
5 0.6609375000000002 0.765625 0.6390625000000002 0.765625 0.6390625000000002 0.796875 0.6609375000000002 0.796875
5 0.5984375000000002 0.775 0.5718750000000001 0.775 0.5718750000000001 0.7921875 0.5984375000000002 0.7921875
5 0.6453125000000002 0.773828125 0.6125000000000002 0.773828125 0.6125000000000002 0.790625 0.6453125000000002 0.790625
5 0.5812500000000002 0.77734375 0.5507812500000002 0.77734375 0.5507812500000002 0.79375 0.5812500000000002 0.79375
5 0.5562500000000001 0.7734375 0.5343750000000002 0.7734375 0.5343750000000002 0.80625 0.5562500000000001 0.80625
5 0.60625 0.2296875000000001 0.5828125 0.2296875000000001 0.5828125 0.2875000000000001 0.60625 0.2875000000000001
5 0.6296875 0.2269531250000001 0.605859375 0.2269531250000001 0.605859375 0.2906250000000001 0.6296875 0.2906250000000001
5 0.559375 0.2328125000000001 0.521875 0.2328125000000001 0.521875 0.28593750000000007 0.559375 0.28593750000000007
5 0.5984375 0.2468750000000001 0.546484375 0.2468750000000001 0.546484375 0.27031250000000007 0.5984375 0.27031250000000007