5 0.41796875 0.51875 0.31718750000000007 0.51875 0.31718750000000007 0.571875 0.41796875 0.571875
5 0.825 0.5250000000000001 0.7359375 0.5250000000000001 0.7359375 0.5703125000000002 0.825 0.5703125000000002
5 0.52421875 0.5203125 0.4234375 0.5203125 0.4234375 0.57578125 0.52421875 0.57578125
5 0.2882812500000001 0.5234375 0.19218750000000004 0.5234375 0.19218750000000007 0.57890625 0.2882812500000001 0.57890625
5 0.72109375 0.51875 0.625 0.51875 0.625 0.58359375 0.72109375 0.58359375
5 0.87734375 0.6515625000000002 0.8125 0.6515625000000002 0.8125 0.7023437500000002 0.87734375 0.7023437500000002
5 0.6156250000000001 0.675 0.5359375 0.675 0.5359375000000001 0.73984375 0.6156250000000002 0.73984375
5 0.80234375 0.6828125 0.715625 0.6828125 0.7156250000000001 0.7500000000000001 0.80234375 0.7500000000000002
5 0.9984375 0.6796875000000002 0.9140625 0.6796875000000002 0.9140625 0.7539062500000002 0.9984375 0.7539062500000002
5 0.41093750000000007 0.696875 0.31718750000000007 0.696875 0.31718750000000007 0.7640625 0.4109375000000002 0.7640625
5 0.51484375 0.703125 0.4234375 0.703125 0.4234375000000001 0.775 0.5148437500000002 0.775
5 0.2984375000000001 0.7140625 0.2093750000000001 0.7140625 0.2093750000000001 0.790625 0.2984375000000001 0.790625
5 0.7546875 0.18125000000000008 0.6390625 0.18125000000000008 0.6390625 0.2656250000000001 0.7546875 0.2656250000000001
5 0.28125 0.17343750000000002 0.1609375 0.1734375 0.1609375 0.27421875 0.28125 0.27421875
5 0.3953125 0.17812500000000003 0.2875 0.17812500000000003 0.2875 0.26953125000000006 0.3953125 0.2695312500000001
5 0.634375 0.18125000000000008 0.5265625 0.18125000000000005 0.5265625 0.27031250000000007 0.634375 0.27031250000000007
5 0.51953125 0.17968750000000006 0.4015625 0.17968750000000006 0.4015625 0.2710937500000001 0.51953125 0.2710937500000001
5 0.87578125 0.18750000000000008 0.7578125 0.18750000000000008 0.7578125 0.2671875000000001 0.87578125 0.2671875000000001