5 0.4171875 0.3175781250000001 0.362890625 0.3175781250000001 0.362890625 0.3453125000000001 0.4171875 0.3453125000000001
5 0.9765625 0.30937500000000007 0.928515625 0.30937500000000007 0.928515625 0.36406250000000007 0.9765625 0.36406250000000007
5 0.18906250000000005 0.312890625 0.14687500000000003 0.312890625 0.14687500000000003 0.3703125 0.18906250000000005 0.3703125
5 0.5171875 0.3902343750000001 0.485546875 0.3902343750000001 0.485546875 0.440625 0.5171875 0.440625
5 0.61875 0.3964843750000001 0.58046875 0.3964843750000001 0.58046875 0.44375 0.61875 0.44375
5 0.7171875 0.3941406250000001 0.67890625 0.3941406250000001 0.67890625 0.446875 0.7171875 0.446875
5 0.675 0.4015625 0.625 0.4015625 0.625 0.44375 0.675 0.44375
5 0.8703125 0.4000000000000002 0.803125 0.4000000000000002 0.803125 0.44843750000000016 0.8703125 0.44843750000000016
5 0.5671875 0.3996093750000001 0.5296875 0.3996093750000001 0.5296875 0.45 0.5671875 0.45
5 0.4703125 0.408984375 0.415234375 0.408984375 0.415234375 0.4421875 0.4703125 0.4421875
5 0.3140625000000001 0.40625 0.2597656250000001 0.40625 0.2597656250000001 0.446875 0.3140625000000001 0.446875
5 0.9765625 0.4058593750000002 0.909375 0.4058593750000002 0.909375 0.44843750000000016 0.9765625 0.44843750000000016
5 0.3625000000000001 0.401953125 0.32500000000000007 0.401953125 0.32500000000000007 0.4546875 0.3625000000000001 0.4546875
5 0.26250000000000007 0.409765625 0.20468750000000008 0.409765625 0.20468750000000008 0.446875 0.26250000000000007 0.446875
5 0.90625 0.4046875000000002 0.85625 0.4046875000000002 0.85625 0.4578125000000002 0.90625 0.4578125000000002
5 0.2093750000000001 0.413671875 0.14687500000000003 0.413671875 0.14687500000000003 0.4515625 0.2093750000000001 0.4515625
5 0.621875 0.544140625 0.5984375 0.544140625 0.5984375 0.5890625 0.621875 0.5890625
5 0.796875 0.5503906250000001 0.7484375 0.5503906250000001 0.7484375 0.5875000000000001 0.796875 0.5875000000000001
5 0.5765625 0.553515625 0.534765625 0.553515625 0.534765625 0.5859375 0.5765625 0.5859375
5 0.84375 0.5535156250000002 0.790625 0.5535156250000002 0.790625 0.5859375000000002 0.84375 0.5859375000000002
5 0.7359375 0.54609375 0.705078125 0.54609375 0.705078125 0.596875 0.7359375 0.5968750000000002
5 0.6828125 0.558203125 0.634375 0.558203125 0.634375 0.5859375 0.6828125 0.5859375
5 0.25468750000000007 0.551171875 0.2175781250000001 0.551171875 0.2175781250000001 0.6015625 0.25468750000000007 0.6015625
5 0.31718750000000007 0.560546875 0.2687500000000001 0.560546875 0.2687500000000001 0.5984375 0.31718750000000007 0.5984375
5 0.2062500000000001 0.5546875 0.16562500000000008 0.5546875 0.16562500000000008 0.6078125 0.2062500000000001 0.6078125
5 0.9 0.6203125000000002 0.8515625 0.6203125000000002 0.8515625 0.6781250000000002 0.9 0.6781250000000002
5 0.9484375 0.6296875000000002 0.908203125 0.6296875000000002 0.908203125 0.6796875000000002 0.9484375 0.6796875000000002
5 0.6265625 0.6390625 0.576171875 0.6390625 0.576171875 0.675 0.6265625 0.675
5 0.5703125 0.6359375 0.534375 0.6359375 0.534375 0.68125 0.5703125 0.68125
5 0.834375 0.6347656250000002 0.79140625 0.6347656250000002 0.79140625 0.6828125000000002 0.834375 0.6828125000000002
5 0.525 0.63359375 0.485546875 0.63359375 0.485546875 0.6890625 0.525 0.6890625
5 0.671875 0.6359375 0.6359375 0.6359375 0.6359375 0.684375 0.671875 0.684375
5 0.778125 0.6371093750000002 0.745703125 0.6371093750000002 0.745703125 0.6859375000000002 0.778125 0.6859375000000002
5 0.726171875 0.6363281250000001 0.687890625 0.636328125 0.687890625 0.690625 0.726171875 0.6906250000000002
5 0.421875 0.64140625 0.3820312500000001 0.64140625 0.3820312500000001 0.6890625 0.421875 0.6890625
5 0.3671875000000001 0.6390625 0.3277343750000001 0.6390625 0.3277343750000001 0.69375 0.3671875000000001 0.69375
5 0.3218750000000001 0.648046875 0.2687500000000001 0.648046875 0.2687500000000001 0.6859375 0.3218750000000001 0.6859375
5 0.4765625 0.64375 0.428125 0.64375 0.428125 0.6921875 0.4765625 0.6921875
5 0.26250000000000007 0.650390625 0.2296875000000001 0.650390625 0.2296875000000001 0.6953125 0.26250000000000007 0.6953125
5 0.6343750000000001 0.836328125 0.5765625000000002 0.836328125 0.5765625000000002 0.8734375 0.6343750000000001 0.8734375
5 0.5796875000000001 0.8375 0.5343750000000002 0.8375 0.5343750000000002 0.8828125 0.5796875000000001 0.8828125
5 0.5406250000000001 0.8421875 0.48750000000000016 0.8421875 0.48750000000000016 0.878125 0.5406250000000001 0.878125
5 0.4859375000000002 0.844140625 0.43750000000000017 0.844140625 0.43750000000000017 0.88125 0.4859375000000002 0.88125
5 0.43281250000000016 0.843359375 0.3906250000000001 0.843359375 0.3906250000000001 0.8828125 0.43281250000000016 0.8828125
5 0.3812500000000001 0.84375 0.3437500000000001 0.84375 0.3437500000000001 0.88125 0.3812500000000001 0.88125
5 0.2875000000000001 0.84140625 0.24765625000000008 0.84140625 0.24765625000000008 0.8859375 0.2875000000000001 0.8859375
5 0.34062500000000007 0.845703125 0.2984375000000001 0.845703125 0.2984375000000001 0.89375 0.34062500000000007 0.89375
5 0.24218750000000008 0.85546875 0.20273437500000008 0.85546875 0.20273437500000008 0.896875 0.24218750000000008 0.896875
5 0.4109375 0.14531250000000004 0.353125 0.14531250000000004 0.353125 0.19062500000000004 0.4109375 0.19062500000000004
5 0.29375 0.14726562500000004 0.23125 0.14726562500000004 0.23125 0.18906250000000005 0.29375 0.18906250000000005
5 0.225 0.13945312500000004 0.183984375 0.13945312500000004 0.18398437500000003 0.19843750000000004 0.225 0.19843750000000004
5 0.46875 0.15000000000000005 0.415625 0.15000000000000005 0.415625 0.19531250000000006 0.46875 0.19531250000000006
5 0.3515625 0.14296875000000003 0.298828125 0.14296875000000003 0.298828125 0.203125 0.3515625 0.203125
5 0.1765625 0.1515625 0.117578125 0.1515625 0.11757812500000002 0.19375 0.17656250000000004 0.19375
5 0.73125 0.3097656250000001 0.678125 0.3097656250000001 0.678125 0.3421875000000001 0.73125 0.3421875000000001
5 0.8546875 0.2984375000000001 0.823828125 0.2984375000000001 0.823828125 0.3578125000000001 0.8546875 0.3578125000000001
5 0.61875 0.3039062500000001 0.58828125 0.3039062500000001 0.58828125 0.3515625000000001 0.61875 0.3515625000000001
5 0.6671875 0.3031250000000001 0.636328125 0.3031250000000001 0.636328125 0.3531250000000001 0.6671875 0.3531250000000001
5 0.5265625 0.3128906250000001 0.478125 0.3128906250000001 0.478125 0.3453125000000001 0.5265625 0.3453125000000001
5 0.4734375 0.3121093750000001 0.4203125 0.3121093750000001 0.4203125 0.3453125000000001 0.4734375 0.3453125000000001
5 0.309375 0.315625 0.2546875 0.315625 0.2546875 0.34375 0.309375 0.34375
5 0.246875 0.298828125 0.20859375 0.298828125 0.20859375 0.3609375 0.246875 0.3609375
5 0.571875 0.3046875000000001 0.540625 0.3046875000000001 0.540625 0.3578125000000001 0.571875 0.3578125000000001