5 0.91875 0.4675781250000002 0.7796875 0.4675781250000002 0.7796875 0.5718750000000001 0.91875 0.5718750000000001
5 0.478125 0.451953125 0.34843750000000007 0.451953125 0.34843750000000007 0.5953125 0.478125 0.5953125
5 0.790625 0.4769531250000001 0.623046875 0.476953125 0.623046875 0.6031250000000001 0.790625 0.6031250000000001
5 0.646875 0.47421875 0.476953125 0.47421875 0.476953125 0.6234375 0.646875 0.6234375
5 0.3312500000000001 0.4703125 0.19726562500000006 0.4703125 0.19726562500000006 0.6328125 0.3312500000000001 0.6328125
5 0.3328125 0.13906250000000003 0.1859375 0.13906250000000003 0.18593750000000003 0.2734375 0.3328125 0.2734375
5 0.6390625 0.16406250000000006 0.4734375 0.16406250000000006 0.4734375 0.2671875000000001 0.6390625 0.2671875000000001
5 0.328125 0.13437500000000002 0.1796875 0.134375 0.17968750000000003 0.296875 0.328125 0.296875
5 0.4953125 0.13632812500000005 0.332421875 0.13632812500000005 0.332421875 0.30312500000000003 0.4953125 0.3031250000000001
5 1 0.17460937500000012 0.85625 0.1746093750000001 0.85625 0.2718750000000001 1 0.2718750000000001
5 0.840625 0.15000000000000008 0.658203125 0.15000000000000008 0.658203125 0.31718750000000007 0.840625 0.31718750000000007