5 0.05460750781250008 0.597269625 7.3144433448419e-17 0.597269625 8.087684491878864e-17 0.7235494874999999 0.05460750781250009 0.7235494874999999
5 0.88395904375 0.6023890781250002 0.7474402734375001 0.6023890781250002 0.7474402734375001 0.7491467578125002 0.88395904375 0.7491467578125002
5 1 0.6075085328125002 0.8831058015625001 0.6075085328125002 0.8831058015625001 0.7568259390625002 1 0.7568259390625002
5 0.2491467578125001 0.617747440625 0.05460750781250007 0.617747440625 0.05460750781250008 0.7883959046875 0.2491467578125001 0.7883959046875
5 0.6774744031250001 0.641638225 0.4726962453125 0.641638225 0.4726962453125001 0.7994880546875 0.6774744031250002 0.7994880546875
5 0.46416382187500005 0.6484641640625 0.2517064843750001 0.6484641640625 0.2517064843750001 0.8063139937500001 0.46416382187500016 0.8063139937500001
5 1 0.1825938562500001 0.902730375 0.18259385625000008 0.902730375 0.3216723546875001 1 0.3216723546875001
5 0.8924914671874999 0.1962457343750001 0.7005119453125 0.1962457343750001 0.7005119453125 0.3225255968750001 0.8924914671874999 0.3225255968750001
5 0.677474403125 0.20136518750000007 0.4488054609375 0.20136518750000007 0.4488054609375 0.3506825937500001 0.677474403125 0.3506825937500001
5 0.438566553125 0.22696245781250007 0.22610921562500003 0.22696245781250002 0.22610921562500003 0.3558020484375001 0.438566553125 0.3558020484375001
5 0.21501706562500003 0.2337883953125 2.863082099972492e-17 0.2337883953125 3.82963354333625e-17 0.391638225 0.21501706562500006 0.391638225