5 0.08906250000000007 0.6330658062500001 7.75282013273701e-17 0.6330658062500001 8.086133438437532e-17 0.6875 0.08906250000000009 0.6875
5 0.8838843859375001 0.6024024093750001 0.7473656156249999 0.6024024093750001 0.747365615625 0.7468750000000002 0.8838843859375001 0.7468750000000002
5 1 0.6078125000000002 0.883252453125 0.6078125000000002 0.883252453125 0.7562500000000002 1 0.7562500000000002
5 0.23714803750000008 0.6054874140625001 0.06649957343750007 0.6054874140625001 0.06649957343750008 0.7984375 0.23714803750000008 0.7984375
5 0.6531250000000001 0.6188699875 0.49562979843750005 0.6188699875 0.4956297984375001 0.821875 0.6531250000000002 0.821875
5 0.4640411687500001 0.6484375 0.2515838312500001 0.6484375 0.2515838312500001 0.80625 0.46404116875000023 0.80625
5 1 0.2036956046875001 0.88161529375 0.2036956046875001 0.88161529375 0.3000000000000001 1 0.3000000000000001
5 0.8578125 0.16380386093750007 0.733351109375 0.16380386093750007 0.733351109375 0.3546875000000001 0.8578125 0.3546875000000001
5 0.6765625 0.20160782812500008 0.44866414375 0.20160782812500008 0.44866414375 0.3500000000000001 0.6765625 0.3500000000000001
5 0.4375 0.22693846093750003 0.22563460000000002 0.22693846093749998 0.22563460000000002 0.35468750000000004 0.4375 0.3546875000000001
5 0.21406250000000004 0.2343563359375 0.00030396718750002867 0.2343563359375 0.00030396718750003827 0.390625 0.2140625000000001 0.390625