5 0.659375 0.33080536562500007 0.61601185625 0.33080536562500007 0.61601185625 0.3531250000000001 0.659375 0.3531250000000001
5 0.578125 0.3204381015625001 0.5499723671875001 0.3204381015625001 0.5499723671875001 0.3656250000000001 0.578125 0.3656250000000001
5 0.61875 0.3318051656250001 0.559786978125 0.3318051656250001 0.559786978125 0.35431320468750005 0.61875 0.35431320468750005
5 0.290625 0.32108621406250004 0.26875 0.32108621406250004 0.26875000000000004 0.3671875 0.2906250000000001 0.3671875
5 0.2702773312500001 0.3194784953125 0.24294614218750002 0.3194784953125 0.24294614218750005 0.36875 0.2702773312500001 0.36875
5 0.6265625 0.3194784953125001 0.6046875 0.3194784953125001 0.6046875 0.3687500000000001 0.6265625 0.3687500000000001
5 0.671875 0.3210862140625001 0.6510048234375 0.3210862140625001 0.6510048234375 0.3671875000000001 0.671875 0.3671875000000001
5 0.565625 0.3303331000000001 0.5145473265625 0.3303331000000001 0.5145473265625 0.3578125000000001 0.565625 0.3578125000000001
5 0.7203125 0.32309585937500007 0.69903034375 0.32309585937500007 0.69903034375 0.3656250000000001 0.7203125 0.3656250000000001
5 0.2296875 0.3317423640625 0.17561043125000003 0.3317423640625 0.17561043125000003 0.359073553125 0.2296875 0.359073553125
5 0.6984375 0.32273914843750007 0.6737891874999999 0.32273914843750007 0.6737891874999999 0.3687500000000001 0.6984375 0.3687500000000001
5 0.34062500000000007 0.3219553859375 0.3199959796875 0.3219553859375 0.31999597968750004 0.3703125 0.34062500000000007 0.3703125
5 0.31875000000000003 0.321875 0.29463424374999997 0.321875 0.29463424375 0.3734375 0.3187500000000001 0.3734375
5 0.25312500000000004 0.335015575 0.2034565921875 0.335015575 0.20345659218750006 0.3640625 0.2531250000000001 0.3640625
5 0.765625 0.3998291796875001 0.7269217234375 0.3998291796875001 0.7269217234375 0.41718750000000016 0.765625 0.41718750000000016
5 0.440625 0.3905320531250001 0.4180039203125 0.3905320531250001 0.4180039203125 0.43125 0.440625 0.43125
5 0.4265625 0.3988821343750001 0.3884520703125001 0.3988821343750001 0.3884520703125001 0.42139017343749996 0.4265625 0.42139017343749996
5 0.596875 0.4023914796875 0.5641428859375 0.4023914796875 0.5641428859375 0.4200763671875 0.596875 0.4200763671875
5 0.6359375 0.3908887656250001 0.619440815625 0.3908887656250001 0.619440815625 0.4296875 0.6359375 0.4296875
5 0.734375 0.38729401250000006 0.7125 0.38729401250000006 0.7125 0.4328125000000001 0.734375 0.43281250000000016
5 0.37297276875000007 0.39401125468750003 0.3504647312500001 0.3940112546875 0.3504647312500001 0.4296875 0.37297276875000007 0.4296875
5 0.2953125000000001 0.3921875 0.2766705187500001 0.3921875 0.2766705187500001 0.43125 0.2953125000000001 0.43125
5 0.6609375 0.3937700968750001 0.6385626 0.3937700968750001 0.6385626 0.4296875 0.6609375 0.4296875
5 0.3453125000000001 0.389188103125 0.3266705187500001 0.389188103125 0.3266705187500001 0.434375 0.3453125000000001 0.434375
5 0.403125 0.3989851281250001 0.36406250000000007 0.3989851281250001 0.36406250000000007 0.4234375 0.403125 0.4234375
5 0.465625 0.3925416984375001 0.4440263265625 0.3925416984375001 0.4440263265625 0.43125 0.465625 0.43125
5 0.6233169203125 0.40450411875 0.586339428125 0.40450411875 0.586339428125 0.4234375 0.6233169203125 0.4234375
5 0.3233294812500001 0.39218498749999997 0.3008214437500001 0.39218498749999997 0.3008214437500001 0.4328125 0.3233294812500001 0.4328125
5 0.53125 0.40224577968749997 0.490004521875 0.40224577968749997 0.490004521875 0.4265625 0.53125 0.4265625
5 0.5515625 0.4078125 0.5230079375 0.4078125 0.5230079375 0.41875 0.5515625 0.41875
5 0.2453125000000001 0.393837921875 0.2238243562500001 0.393837921875 0.2238243562500001 0.434375 0.2453125000000001 0.434375
5 0.2796875000000001 0.4016579578125 0.2390951578125001 0.4016579578125 0.2390951578125001 0.4265625 0.2796875000000001 0.4265625
5 0.2171875000000001 0.39549085625 0.19449608281250003 0.39549085625 0.19449608281250003 0.4359375 0.2171875000000001 0.4359375
5 0.578125 0.40603647499999995 0.5373869578125 0.40603647499999995 0.5373869578125 0.425 0.578125 0.425
5 0.6545794828125 0.43300592968749996 0.63448301875 0.43300592968749996 0.63448301875 0.4734375 0.6545794828125 0.4734375
5 0.765625 0.4426823750000001 0.7225180875 0.44268237499999996 0.7225180875 0.4625000000000001 0.765625 0.4625000000000002
5 0.37187500000000007 0.4339554875 0.3525095468750001 0.4339554875 0.3525095468750001 0.471875 0.37187500000000007 0.471875
5 0.6125 0.4319458390625 0.5926371593749999 0.4319458390625 0.5926371593749999 0.4734375 0.6125 0.4734375
5 0.4546875 0.44201165624999994 0.41182676875 0.44201165624999994 0.41182676875 0.4625 0.4546875 0.4625
5 0.41875 0.4345684296875 0.3973397312500001 0.4345684296875 0.3973397312500001 0.475 0.41875 0.475
5 0.6 0.4456566515625 0.5611761453125 0.4456566515625 0.5611761453125 0.4640625 0.6 0.4640625
5 0.740625 0.44338323906250005 0.6980456187499999 0.4433832390625 0.6980456187499999 0.4640625000000001 0.740625 0.46406250000000016
5 0.54520448125 0.4345684296875 0.52510801875 0.4345684296875 0.52510801875 0.475 0.54520448125 0.475
5 0.56875 0.4356084203125 0.546875 0.4356084203125 0.546875 0.4734375 0.56875 0.4734375
5 0.4640625 0.433598775 0.44525472187500004 0.433598775 0.44525472187500004 0.475 0.4640625 0.475
5 0.5296875 0.44381531250000006 0.49147658749999995 0.44381531250000006 0.49147658749999995 0.465625 0.5296875 0.465625
5 0.5 0.4502788375 0.461779040625 0.4502788375 0.461779040625 0.4625 0.5 0.4625
5 0.40625 0.44375 0.36498945000000005 0.44375 0.36498945000000005 0.46856410625 0.40625 0.46856410625
5 0.3453125000000001 0.43733671718749995 0.3234375000000001 0.43733671718749995 0.3234375000000001 0.475 0.3453125000000001 0.475
5 0.525 0.434143890625 0.503125 0.434143890625 0.503125 0.4765625 0.525 0.4765625
5 0.2484375000000001 0.43769342968749997 0.22656250000000008 0.43769342968749997 0.22656250000000008 0.478125 0.2484375000000001 0.478125
5 0.2984375000000001 0.4372613546875 0.2768086828125001 0.4372613546875 0.2768086828125001 0.475 0.2984375000000001 0.475
5 0.2812500000000001 0.446875 0.24040645312500009 0.446875 0.24040645312500009 0.47154843281250003 0.2812500000000001 0.47154843281250003
5 0.23437500000000008 0.44963826406249996 0.18858018437500004 0.44963826406249996 0.18858018437500004 0.4703125 0.23437500000000008 0.4703125
5 0.721875 0.49713625468749995 0.70124598125 0.49713625468749995 0.70124598125 0.5328125 0.721875 0.5328125
5 0.6484375 0.496875 0.6269920625000001 0.496875 0.6269920625000001 0.5359375 0.6484375 0.5359375
5 0.7609375 0.5071267078125001 0.7179411171875001 0.5071267078125 0.7179411171875001 0.5265625 0.7609375 0.5265625000000002
5 0.5125 0.5048633437500001 0.4609400109375 0.5048633437500001 0.4609400109375 0.5265625 0.5125 0.5265625
5 0.68125 0.50625 0.638761053125 0.50625 0.638761053125 0.528125 0.68125 0.528125
5 0.6999598078125 0.5 0.67504019375 0.5 0.67504019375 0.5390625 0.6999598078125 0.5390625
5 0.565625 0.5078125 0.5194784953125 0.5078125 0.5194784953125 0.53125 0.565625 0.53125
5 0.534375 0.5113620375 0.48413132968749995 0.5113620375 0.48413132968749995 0.53125 0.534375 0.53125
5 0.409375 0.509375 0.3663283765625001 0.509375 0.3663283765625001 0.5341690109375 0.409375 0.5341690109375
5 0.5515625 0.5114424234375 0.5187198562499999 0.5114424234375 0.5187198562499999 0.53125 0.5515625 0.53125
5 0.3921875000000001 0.5126180671875 0.3467393484375001 0.5126180671875 0.3467393484375001 0.5327145296875 0.3921875000000001 0.5327145296875
5 0.4609375 0.5102944125 0.415318528125 0.5102944125 0.415318528125 0.534375 0.4609375 0.534375
5 0.48125 0.5153260656249999 0.438228496875 0.5153260656249999 0.438228496875 0.53125 0.48125 0.53125
5 0.2562500000000001 0.5015625 0.22656250000000008 0.5015625 0.22656250000000008 0.5453125 0.2562500000000001 0.5453125
5 0.2812500000000001 0.50188404375 0.25661675937500006 0.50188404375 0.25661675937500006 0.5453125 0.2812500000000001 0.5453125
5 0.2296875000000001 0.5149919609375 0.19376507187500006 0.5149919609375 0.19376507187500006 0.5359375 0.2296875000000001 0.5359375
5 0.3156250000000001 0.51363545 0.2641253015625001 0.51363545 0.2641253015625001 0.5375 0.3156250000000001 0.5375
5 0.7296875 0.5484375000000001 0.6916323359375001 0.5484375 0.6916323359375001 0.5671875000000001 0.7296875 0.5671875000000002
5 0.5828125 0.5471362531249999 0.547515575 0.5471362531249999 0.547515575 0.56875 0.5828125 0.56875
5 0.59832948125 0.538899215625 0.5782330171875001 0.538899215625 0.5782330171875001 0.5765625 0.59832948125 0.5765625
5 0.6796875 0.55 0.6446066109374999 0.55 0.6446066109374999 0.5671875 0.6796875 0.5671875
5 0.74375 0.5390625000000001 0.7251080187500001 0.5390625 0.7251080187500001 0.5796875000000001 0.74375 0.5796875000000001
5 0.6546875 0.548525421875 0.616069634375 0.548525421875 0.616069634375 0.5671875 0.6546875 0.5671875
5 0.6203125 0.5399241359375 0.600901828125 0.5399241359375 0.600901828125 0.578125 0.6203125 0.578125
5 0.546875 0.54375 0.52886354375 0.54375 0.52886354375 0.5796875 0.546875 0.5796875
5 0.7108118984375 0.550866659375 0.6609726703125001 0.550866659375 0.6609726703125001 0.5733746984375 0.7108118984375 0.5733746984375
5 0.4609375 0.55010801875 0.4177602484375 0.55010801875 0.4177602484375 0.5765625 0.4609375 0.5765625
5 0.403125 0.5432978281249999 0.3812500000000001 0.5432978281249999 0.3812500000000001 0.5859375 0.403125 0.5859375
5 0.4265625 0.5396804671875 0.40024618125 0.5396804671875 0.40024618125 0.5890625 0.4265625 0.5890625
5 0.3324155953125001 0.5422678859375 0.3050844046875001 0.5422678859375 0.3050844046875001 0.590625 0.3324155953125001 0.590625
5 0.3671875000000001 0.5543609328125 0.3182626609375001 0.5543609328125 0.3182626609375001 0.578125 0.3671875000000001 0.578125
5 0.2730405953125001 0.547068428125 0.24570940468750008 0.547068428125 0.24570940468750008 0.5875 0.2730405953125001 0.5875
5 0.3796196734375001 0.54818880625 0.3571116343750001 0.54818880625 0.3571116343750001 0.5859375 0.3796196734375001 0.5859375
5 0.3156250000000001 0.5585083390625 0.27773563125000006 0.5585083390625 0.27773563125000006 0.581016378125 0.3156250000000001 0.581016378125
5 0.26250000000000007 0.5568981109375 0.21988042656250012 0.5568981109375 0.21988042656250012 0.5842293 0.26250000000000007 0.5842293
5 0.478125 0.557862740625 0.435666196875 0.557862740625 0.435666196875 0.5827823546875 0.478125 0.5827823546875
5 0.503125 0.5585409968749999 0.459781953125 0.5585409968749999 0.459781953125 0.5828125 0.503125 0.5828125
5 0.53125 0.558721865625 0.4928130015625 0.558721865625 0.4928130015625 0.5828125 0.53125 0.5828125
5 0.2375000000000001 0.55625 0.19486535312500008 0.55625 0.19486535312500008 0.5875 0.2375000000000001 0.5875
5 0.7828125 0.6125000000000002 0.746875 0.6125000000000002 0.746875 0.6234375000000002 0.7828125 0.6234375000000002
5 0.7578125 0.6015625000000002 0.73640223125 0.6015625000000002 0.73640223125 0.6375000000000002 0.7578125 0.6375000000000002
5 0.4327723078125 0.601331390625 0.40785269375000005 0.601331390625 0.40785269375000005 0.64375 0.4327723078125 0.64375
5 0.37187500000000007 0.6121734328125 0.3235078390625001 0.6121734328125 0.3235078390625001 0.6390625 0.37187500000000007 0.6390625
5 0.4140625 0.61516780625 0.3754697546875001 0.61516780625 0.3754697546875001 0.6390625 0.4140625 0.6390625
5 0.3265625000000001 0.6192348265625001 0.2750000000000001 0.6192348265625001 0.2750000000000001 0.6390625 0.3265625000000001 0.6390625
5 0.3921875000000001 0.6208676640624999 0.3506807687500001 0.6208676640624999 0.3506807687500001 0.6421875 0.3921875000000001 0.6421875
5 0.3359375000000001 0.61080185 0.3149166000000001 0.61080185 0.3149166000000001 0.65625 0.3359375000000001 0.65625
5 0.2484375000000001 0.6220608921874999 0.2028436500000001 0.6220608921874999 0.2028436500000001 0.6453125 0.2484375000000001 0.6453125
5 0.2718750000000001 0.6229677453125 0.2301522296875001 0.6229677453125 0.2301522296875001 0.6421875 0.2718750000000001 0.6421875
5 0.2921875000000001 0.614464428125 0.2656250000000001 0.614464428125 0.2656250000000001 0.6578125 0.2921875000000001 0.6578125
5 0.778125 0.6371809687500002 0.75820186875 0.6371809687500002 0.75820186875 0.6781250000000002 0.778125 0.6781250000000002
5 0.765625 0.6483797234375002 0.72730355625 0.6483797234375002 0.72730355625 0.6703125000000002 0.765625 0.6703125000000002
5 0.43125 0.6459606124999999 0.4072146296875 0.6459606124999999 0.4072146296875 0.6890625 0.43125 0.6890625
5 0.2953125000000001 0.6567875796875 0.2552853687500001 0.6567875796875 0.2552853687500001 0.68125 0.2953125000000001 0.68125
5 0.38750000000000007 0.65706390625 0.35645096562500006 0.65706390625 0.35645096562500006 0.68125 0.38750000000000007 0.68125
5 0.40625 0.6513992171874999 0.3828526937500001 0.6513992171874999 0.3828526937500001 0.6890625 0.40625 0.6890625
5 0.31718750000000007 0.6626080187500001 0.2759420203125001 0.6626080187500001 0.2759420203125001 0.684375 0.31718750000000007 0.684375
5 0.2750000000000001 0.662090534375 0.2321191734375001 0.662090534375 0.2321191734375001 0.684375 0.2750000000000001 0.684375
5 0.3453125000000001 0.6598296828125 0.3016428843750001 0.6598296828125 0.3016428843750001 0.6859375 0.3453125000000001 0.6859375
5 0.3609375000000001 0.6509194125 0.3340383859375001 0.6509194125 0.3340383859375001 0.69375 0.3609375000000001 0.69375
5 0.24375000000000008 0.6580737531249999 0.21250000000000008 0.6580737531249999 0.21250000000000008 0.69375 0.24375000000000008 0.69375
5 0.5765625000000002 0.728125 0.5375000000000002 0.728125 0.5375000000000002 0.7453125 0.5765625000000002 0.7453125
5 0.5452044812500001 0.71875 0.52510801875 0.71875 0.5251080187500001 0.7578125 0.5452044812500001 0.7578125
5 0.5984375000000002 0.728125 0.5595483312500001 0.728125 0.5595483312500001 0.74811846875 0.5984375000000002 0.74811846875
5 0.6828125000000002 0.7765348671875001 0.6641705171875002 0.7765348671875001 0.6641705171875002 0.8046875 0.6828125000000002 0.8046875
5 0.7106486140625001 0.7821518281250001 0.6784942718750002 0.7821518281250001 0.6784942718750002 0.8015625 0.7106486140625001 0.8015625
5 0.6671875000000002 0.78125 0.6354124796875003 0.78125 0.6354124796875003 0.803125 0.6671875000000002 0.803125
5 0.5932174437500002 0.7816469046875001 0.5755325562500002 0.7816469046875001 0.5755325562500002 0.8078125 0.5932174437500002 0.8078125
5 0.6453125000000002 0.7854828171875 0.6120779750000002 0.7854828171875 0.6120779750000002 0.8015625 0.6453125000000002 0.8015625
5 0.5809611140625002 0.78831641875 0.5488067734375002 0.78831641875 0.5488067734375002 0.8046875 0.5809611140625002 0.8046875
5 0.5593750000000002 0.790625 0.5258390281250002 0.790625 0.5258390281250002 0.8125 0.5593750000000002 0.8125
5 0.6062098078125 0.2250000000000001 0.58129019375 0.2250000000000001 0.58129019375 0.2843750000000001 0.6062098078125 0.2843750000000001
5 0.6296875 0.2216212828125001 0.6059284578125 0.2216212828125001 0.6059284578125 0.2875000000000001 0.6296875 0.2875000000000001
5 0.565625 0.23600783906250009 0.5118142078125001 0.23600783906250009 0.5118142078125001 0.2750000000000001 0.565625 0.2750000000000001
5 0.584375 0.22845408125000008 0.55955586875 0.22845408125000008 0.55955586875 0.2828125000000001 0.584375 0.2828125000000001