5 0.9015625 0.45039062500000016 0.796875 0.45039062500000016 0.796875 0.5890625000000002 0.9015625 0.5890625000000002
5 0.48515625 0.458984375 0.34062500000000007 0.458984375 0.34062500000000007 0.5875 0.48515625 0.5875
5 0.7703125 0.45585937500000007 0.643359375 0.455859375 0.643359375 0.6234375000000001 0.7703125 0.6234375000000002
5 0.6359375 0.4640625 0.487890625 0.4640625 0.487890625 0.634375 0.6359375 0.634375
5 0.3453125000000001 0.484375 0.18320312500000005 0.484375 0.18320312500000008 0.61875 0.3453125000000001 0.61875
5 0.3328125 0.13906250000000003 0.1859375 0.13906250000000003 0.18593750000000003 0.2734375 0.3328125 0.2734375
5 0.6078125 0.13281250000000006 0.5046875 0.13281250000000006 0.5046875 0.2984375000000001 0.6078125 0.2984375000000001
5 0.328125 0.13437500000000002 0.1796875 0.134375 0.17968750000000003 0.296875 0.328125 0.296875
5 0.496875 0.13789062500000004 0.330078125 0.13789062500000004 0.330078125 0.30117187500000003 0.496875 0.3011718750000001
5 1 0.17460937500000012 0.85703125 0.1746093750000001 0.85703125 0.2718750000000001 1 0.2718750000000001
5 0.840625 0.15000000000000008 0.658203125 0.15000000000000008 0.658203125 0.31718750000000007 0.840625 0.31718750000000007