5 0.4171875 0.51875 0.3167968750000001 0.51875 0.3167968750000001 0.571875 0.4171875 0.571875
5 0.803125 0.5031250000000002 0.7578125 0.5031250000000002 0.7578125 0.5921875000000002 0.803125 0.5921875000000002
5 0.5 0.497265625 0.445703125 0.497265625 0.445703125 0.598046875 0.5 0.598046875
5 0.2875000000000001 0.523828125 0.19257812500000004 0.523828125 0.19257812500000007 0.578125 0.2875000000000001 0.578125
5 0.7046875 0.502734375 0.641015625 0.502734375 0.641015625 0.5984375 0.7046875 0.5984375
5 0.8765625 0.6519531250000001 0.812890625 0.6519531250000001 0.812890625 0.7015625000000002 0.8765625 0.7015625000000002
5 0.6156250000000001 0.674609375 0.5359375 0.674609375 0.5359375000000001 0.7390625 0.6156250000000002 0.7390625
5 0.7921875 0.6734375000000001 0.725390625 0.6734375000000001 0.7253906250000001 0.7593750000000001 0.7921875000000002 0.7593750000000001
5 0.9921875 0.6746093750000002 0.91953125 0.6746093750000002 0.91953125 0.7578125000000002 0.9921875 0.7578125000000002
5 0.41093750000000007 0.696875 0.31718750000000007 0.696875 0.31718750000000007 0.7640625 0.4109375000000002 0.7640625
5 0.5140625000000001 0.703125 0.423828125 0.703125 0.4238281250000001 0.775 0.5140625000000002 0.775
5 0.2921875000000001 0.7078125 0.2156250000000001 0.7078125 0.2156250000000001 0.796875 0.2921875000000001 0.796875
5 0.7390625 0.16562500000000008 0.6546875 0.16562500000000008 0.6546875 0.2812500000000001 0.7390625 0.2812500000000001
5 0.271875 0.16367187500000002 0.17109375 0.163671875 0.17109375000000002 0.2828125 0.271875 0.2828125
5 0.3859375 0.16992187500000006 0.2953125 0.16992187500000006 0.2953125 0.27656250000000004 0.3859375 0.2765625000000001
5 0.634375 0.18125000000000008 0.5265625 0.18125000000000005 0.5265625 0.27031250000000007 0.634375 0.27031250000000007
5 0.50625 0.16679687500000004 0.415234375 0.16679687500000004 0.415234375 0.2828125000000001 0.50625 0.2828125000000001
5 0.85625 0.1687500000000001 0.776953125 0.1687500000000001 0.776953125 0.28593750000000007 0.85625 0.28593750000000007