5 0.91875 0.4671875000000002 0.7796875 0.4671875000000002 0.7796875 0.5726562500000002 0.91875 0.5726562500000002
5 0.478125 0.4515625 0.34843750000000007 0.4515625 0.34843750000000007 0.59609375 0.478125 0.59609375
5 0.77109375 0.4562500000000001 0.64375 0.45625 0.64375 0.62421875 0.77109375 0.6242187500000002
5 0.63671875 0.4640625 0.4875 0.4640625 0.4875 0.634375 0.63671875 0.634375
5 0.3460937500000001 0.484375 0.18281250000000004 0.484375 0.18281250000000007 0.61875 0.3460937500000001 0.61875
5 0.3265625 0.13281250000000006 0.1921875 0.13281250000000006 0.1921875 0.2796875 0.3265625 0.2796875
5 0.6078125 0.13281250000000006 0.5046875 0.13281250000000006 0.5046875 0.2984375000000001 0.6078125 0.2984375000000001
5 0.32890625 0.13437500000000002 0.1796875 0.134375 0.17968750000000003 0.29765625 0.32890625 0.29765625
5 0.49609375 0.13593750000000004 0.3328125 0.13593750000000004 0.3328125 0.30390625000000004 0.49609375 0.3039062500000001
5 0.9828125 0.14687500000000012 0.884375 0.1468750000000001 0.884375 0.3007812500000001 0.9828125 0.3007812500000001
5 0.83359375 0.14218750000000008 0.665625 0.14218750000000008 0.665625 0.32500000000000007 0.83359375 0.32500000000000007