5 0.4171875 0.3175781250000001 0.362890625 0.3175781250000001 0.362890625 0.3453125000000001 0.4171875 0.3453125000000001
5 0.9765625 0.3085937500000001 0.928515625 0.3085937500000001 0.928515625 0.36406250000000007 0.9765625 0.36406250000000007
5 0.18906250000000005 0.312890625 0.14687500000000003 0.312890625 0.14687500000000003 0.3703125 0.18906250000000005 0.3703125
5 0.5265625 0.3988281250000001 0.476171875 0.3988281250000001 0.476171875 0.43125 0.5265625 0.43125
5 0.61875 0.3964843750000001 0.58046875 0.3964843750000001 0.58046875 0.44375 0.61875 0.44375
5 0.725 0.401953125 0.671875 0.401953125 0.671875 0.4390625 0.725 0.4390625
5 0.6703125 0.3980468750000001 0.628515625 0.3980468750000001 0.628515625 0.446875 0.6703125 0.446875
5 0.8703125 0.4000000000000002 0.803125 0.4000000000000002 0.803125 0.44843750000000016 0.8703125 0.44843750000000016
5 0.5734375 0.40625 0.523828125 0.40625 0.523828125 0.44375 0.5734375 0.44375
5 0.459375 0.3988281250000001 0.426171875 0.3988281250000001 0.426171875 0.453125 0.459375 0.453125
5 0.3140625000000001 0.40625 0.2597656250000001 0.40625 0.2597656250000001 0.446875 0.3140625000000001 0.446875
5 0.9765625 0.4066406250000002 0.909375 0.4066406250000002 0.909375 0.44843750000000016 0.9765625 0.44843750000000016
5 0.3625000000000001 0.401953125 0.32500000000000007 0.401953125 0.32500000000000007 0.4546875 0.3625000000000001 0.4546875
5 0.2515625000000001 0.399609375 0.21484375000000008 0.399609375 0.21484375000000008 0.45625 0.2515625000000001 0.45625
5 0.90625 0.4046875000000002 0.856640625 0.4046875000000002 0.856640625 0.4578125000000002 0.90625 0.4578125000000002
5 0.2093750000000001 0.413671875 0.14687500000000003 0.413671875 0.14687500000000003 0.4515625 0.2093750000000001 0.4515625
5 0.6328125 0.555078125 0.5875 0.555078125 0.5875 0.578125 0.6328125 0.578125
5 0.796875 0.5500000000000002 0.7484375 0.5500000000000002 0.7484375 0.5875000000000001 0.796875 0.5875000000000001
5 0.5765625 0.552734375 0.533984375 0.552734375 0.533984375 0.5859375 0.5765625 0.5859375
5 0.84375 0.5527343750000002 0.790625 0.5527343750000002 0.790625 0.5859375000000002 0.84375 0.5859375000000002
5 0.7359375 0.5468750000000001 0.705078125 0.546875 0.705078125 0.596875 0.7359375 0.5968750000000002
5 0.6734375 0.548046875 0.64453125 0.548046875 0.64453125 0.5953125 0.6734375 0.5953125
5 0.2609375000000001 0.557421875 0.21054687500000008 0.557421875 0.21054687500000008 0.5953125 0.2609375000000001 0.5953125
5 0.3125000000000001 0.555859375 0.27421875000000007 0.555859375 0.27421875000000007 0.603125 0.3125000000000001 0.603125
5 0.21250000000000008 0.5609375 0.1593750000000001 0.5609375 0.1593750000000001 0.6015625 0.21250000000000008 0.6015625
5 0.9 0.6203125000000002 0.8515625 0.6203125000000002 0.8515625 0.6781250000000002 0.9 0.6781250000000002
5 0.953125 0.6343750000000001 0.903515625 0.6343750000000001 0.903515625 0.6750000000000002 0.953125 0.6750000000000002
5 0.61875 0.63203125 0.583984375 0.63203125 0.583984375 0.6828125 0.61875 0.6828125
5 0.5703125 0.6359375 0.534375 0.6359375 0.534375 0.68125 0.5703125 0.68125
5 0.8375 0.6371093750000002 0.7890625 0.6371093750000002 0.7890625 0.6796875000000002 0.8375 0.6796875000000002
5 0.525 0.6328125 0.485546875 0.6328125 0.485546875 0.68828125 0.525 0.68828125
5 0.671875 0.6359375 0.6359375 0.6359375 0.6359375 0.684375 0.671875 0.684375
5 0.778125 0.6363281250000001 0.746484375 0.6363281250000001 0.746484375 0.6859375000000002 0.778125 0.6859375000000002
5 0.734375 0.645703125 0.6796875 0.645703125 0.6796875 0.6828125 0.734375 0.6828125000000002
5 0.421875 0.64140625 0.3820312500000001 0.64140625 0.3820312500000001 0.6890625 0.421875 0.6890625
5 0.3750000000000001 0.646875 0.3203125000000001 0.646875 0.3203125000000001 0.6875 0.3750000000000001 0.6875
5 0.3140625000000001 0.641015625 0.2757812500000001 0.641015625 0.2757812500000001 0.69375 0.3140625000000001 0.69375
5 0.4765625 0.64375 0.428125 0.64375 0.428125 0.6921875 0.4765625 0.6921875
5 0.2687500000000001 0.656640625 0.2234375000000001 0.656640625 0.2234375000000001 0.6890625 0.2687500000000001 0.6890625
5 0.6343750000000001 0.835546875 0.5765625000000002 0.835546875 0.5765625000000002 0.8734375 0.6343750000000001 0.8734375
5 0.5796875000000001 0.8375 0.5343750000000002 0.8375 0.5343750000000002 0.8828125 0.5796875000000001 0.8828125
5 0.5406250000000001 0.8421875 0.48750000000000016 0.8421875 0.48750000000000016 0.878125 0.5406250000000001 0.878125
5 0.47968750000000016 0.838671875 0.4429687500000002 0.838671875 0.4429687500000002 0.8859375 0.47968750000000016 0.8859375
5 0.43281250000000016 0.843359375 0.3906250000000001 0.843359375 0.3906250000000001 0.8828125 0.43281250000000016 0.8828125
5 0.3812500000000001 0.844140625 0.3437500000000001 0.844140625 0.3437500000000001 0.88125 0.3812500000000001 0.88125
5 0.2906250000000001 0.84375 0.2453125000000001 0.84375 0.2453125000000001 0.884375 0.2906250000000001 0.884375
5 0.3437500000000001 0.8484375 0.2953125000000001 0.8484375 0.2953125000000001 0.890625 0.3437500000000001 0.890625
5 0.24375000000000008 0.85625 0.2019531250000001 0.85625 0.2019531250000001 0.896875 0.24375000000000008 0.896875
5 0.4046875 0.13906250000000003 0.359375 0.13906250000000003 0.359375 0.19687500000000005 0.4046875 0.19687500000000005
5 0.29375 0.14726562500000004 0.23125 0.14726562500000004 0.23125 0.18906250000000005 0.29375 0.18906250000000005
5 0.225 0.14023437500000005 0.183203125 0.14023437500000005 0.18320312500000002 0.19843750000000004 0.225 0.19843750000000004
5 0.46875 0.15000000000000005 0.415625 0.15000000000000005 0.415625 0.19531250000000006 0.46875 0.19531250000000006
5 0.3515625 0.14296875000000003 0.298828125 0.14296875000000003 0.298828125 0.203125 0.3515625 0.203125
5 0.16718750000000002 0.143359375 0.126171875 0.143359375 0.12617187500000002 0.203125 0.16718750000000004 0.203125
5 0.721875 0.29960937500000007 0.68828125 0.29960937500000007 0.68828125 0.3515625000000001 0.721875 0.3515625000000001
5 0.86875 0.3125000000000001 0.809375 0.3125000000000001 0.809375 0.3437500000000001 0.86875 0.3437500000000001
5 0.61875 0.3039062500000001 0.58828125 0.3039062500000001 0.58828125 0.3515625000000001 0.61875 0.3515625000000001
5 0.6671875 0.3023437500000001 0.636328125 0.3023437500000001 0.636328125 0.3531250000000001 0.6671875 0.3531250000000001
5 0.51875 0.3050781250000001 0.4859375 0.3050781250000001 0.4859375 0.3531250000000001 0.51875 0.3531250000000001
5 0.46328125 0.3027343750000001 0.4296875 0.3027343750000001 0.4296875 0.3546875000000001 0.46328125 0.3546875000000001
5 0.309375 0.316015625 0.255078125 0.316015625 0.255078125 0.34375 0.309375 0.34375
5 0.246875 0.298828125 0.20859375 0.298828125 0.20859375 0.3609375 0.246875 0.3609375
5 0.5828125 0.3156250000000001 0.5296875 0.3156250000000001 0.5296875 0.3468750000000001 0.5828125 0.3468750000000001