5 0.4171875 0.51875 0.3167968750000001 0.51875 0.3167968750000001 0.571875 0.4171875 0.571875
5 0.803125 0.5031250000000002 0.7578125 0.5031250000000002 0.7578125 0.5921875000000002 0.803125 0.5921875000000002
5 0.5 0.498046875 0.446484375 0.498046875 0.446484375 0.5984375 0.5 0.5984375
5 0.2671875000000001 0.503125 0.21289062500000008 0.503125 0.21289062500000008 0.5984375 0.2671875000000001 0.5984375
5 0.7046875 0.503515625 0.640234375 0.503515625 0.640234375 0.5984375 0.7046875 0.5984375
5 0.8765625 0.6511718750000002 0.812109375 0.6511718750000002 0.812109375 0.7015625000000002 0.8765625 0.7015625000000002
5 0.6156250000000001 0.675390625 0.5359375 0.675390625 0.5359375000000001 0.7390625 0.6156250000000002 0.7390625
5 0.7921875 0.6726562500000002 0.725390625 0.6726562500000002 0.7253906250000001 0.7593750000000001 0.7921875000000002 0.7593750000000001
5 0.9984375 0.6796875000000002 0.9140625 0.6796875000000002 0.9140625 0.7531250000000002 0.9984375 0.7531250000000002
5 0.3968750000000001 0.68359375 0.3304687500000001 0.68359375 0.3304687500000001 0.7765625 0.3968750000000001 0.7765625
5 0.5140625000000001 0.703125 0.423046875 0.703125 0.4230468750000001 0.775 0.5140625000000002 0.775
5 0.2984375000000001 0.7140625 0.2093750000000001 0.7140625 0.2093750000000001 0.790625 0.2984375000000001 0.790625
5 0.7546875 0.18125000000000008 0.6390625 0.18125000000000008 0.6390625 0.2656250000000001 0.7546875 0.2656250000000001
5 0.27109375 0.16367187500000002 0.1703125 0.163671875 0.17031250000000003 0.2828125 0.27109375 0.2828125
5 0.3859375 0.16992187500000006 0.29609375 0.16992187500000006 0.29609375 0.27656250000000004 0.3859375 0.2765625000000001
5 0.634375 0.18125000000000008 0.5265625 0.18125000000000005 0.5265625 0.27031250000000007 0.634375 0.27031250000000007
5 0.505859375 0.16601562500000006 0.414453125 0.16601562500000006 0.414453125 0.2828125000000001 0.505859375 0.2828125000000001
5 0.875 0.18750000000000008 0.758203125 0.18750000000000008 0.758203125 0.2671875000000001 0.875 0.2671875000000001