5 0.08906250000000007 0.6331457984375 7.753799754500796e-17 0.6331457984375 8.086623249319423e-17 0.6875 0.08906250000000009 0.6875
5 0.884033703125 0.6023757468750002 0.7475149328125 0.6023757468750002 0.7475149328125001 0.7468750000000002 0.884033703125 0.7468750000000002
5 0.9998533484375001 0.6078125000000002 0.8829591515624999 0.6078125000000002 0.8829591515624999 0.7562500000000002 0.9998533484375001 0.7562500000000002
5 0.2484375000000001 0.6176941125 0.054922140625000074 0.6176941125 0.05492214062500008 0.7875 0.2484375000000001 0.7875
5 0.6765625000000001 0.641107615625 0.47200031875 0.641107615625 0.47200031875000004 0.7984375 0.6765625000000002 0.7984375
5 0.4640625000000001 0.64850949375 0.2518291375000001 0.64850949375 0.2518291375000001 0.80625 0.46406250000000016 0.80625
5 1 0.2036956046875001 0.88161529375 0.2036956046875001 0.88161529375 0.3000000000000001 1 0.3000000000000001
5 0.8921875 0.19687500000000008 0.7009199015625 0.19687500000000008 0.7009199015625 0.3218750000000001 0.8921875 0.3218750000000001
5 0.6359375 0.16154810156250005 0.4882385875 0.16154810156250005 0.4882385875 0.3902170437500001 0.6359375 0.3902170437500001
5 0.4375 0.22698645468750006 0.22658383125 0.2269864546875 0.22658383125 0.35468750000000004 0.4375 0.3546875000000001
5 0.18586550781250005 0.20550874531250002 0.02812500000000002 0.20550874531250002 0.02812500000000004 0.4203125 0.18586550781250005 0.4203125