5 0.65859375 0.3324218750000001 0.615625 0.3324218750000001 0.615625 0.3531250000000001 0.65859375 0.3531250000000001
5 0.5796875 0.3218750000000001 0.551171875 0.3218750000000001 0.551171875 0.3671875000000001 0.5796875 0.3671875000000001
5 0.6015625 0.3156250000000001 0.5796875 0.3156250000000001 0.5796875 0.3734375000000001 0.6015625 0.3734375000000001
5 0.30000000000000004 0.3234375 0.278125 0.3234375 0.27812500000000007 0.36875 0.3000000000000001 0.36875
5 0.27968750000000003 0.321875 0.253125 0.321875 0.25312500000000004 0.3703125 0.2796875000000001 0.3703125
5 0.6265625 0.3218750000000001 0.6046875 0.3218750000000001 0.6046875 0.3703125000000001 0.6265625 0.3703125000000001
5 0.671875 0.3234375000000001 0.65 0.3234375000000001 0.65 0.3687500000000001 0.671875 0.3687500000000001
5 0.55625 0.3199218750000001 0.528515625 0.3199218750000001 0.528515625 0.3703125000000001 0.55625 0.3703125000000001
5 0.71875 0.3253906250000001 0.696875 0.3253906250000001 0.696875 0.3671875000000001 0.71875 0.3671875000000001
5 0.240625 0.33359375 0.18828125000000004 0.33359375 0.18828125000000004 0.359375 0.240625 0.359375
5 0.6953125 0.32500000000000007 0.671484375 0.32500000000000007 0.671484375 0.3703125000000001 0.6953125 0.3703125000000001
5 0.3625 0.33671875 0.31484375 0.33671875 0.31484375 0.3578125 0.3625 0.3578125
5 0.32656250000000003 0.323046875 0.302734375 0.323046875 0.30273437500000006 0.3734375 0.3265625000000001 0.3734375
5 0.26250000000000007 0.3359375 0.215234375 0.3359375 0.21523437500000003 0.3640625 0.26250000000000007 0.3640625
5 0.7515625 0.3886718750000001 0.734375 0.3886718750000001 0.734375 0.4265625000000002 0.7515625 0.4265625000000002
5 0.446875 0.3906250000000001 0.4234375 0.3906250000000001 0.4234375 0.43125 0.446875 0.43125
5 0.425 0.3906250000000001 0.403125 0.3906250000000001 0.403125 0.428125 0.425 0.428125
5 0.590625 0.39335937500000007 0.5734375 0.39335937500000007 0.5734375 0.4265625 0.590625 0.4265625
5 0.6453125 0.401171875 0.60859375 0.401171875 0.60859375 0.4171875 0.6453125 0.4171875
5 0.7421875 0.39921875000000007 0.69765625 0.39921875000000007 0.69765625 0.4203125000000001 0.7421875 0.4203125000000002
5 0.3859375000000001 0.40078125 0.3507812500000001 0.40078125 0.3507812500000001 0.421875 0.3859375000000001 0.421875
5 0.3046875000000001 0.391796875 0.2855468750000001 0.391796875 0.2855468750000001 0.4296875 0.3046875000000001 0.4296875
5 0.665625 0.40078125 0.63046875 0.40078125 0.63046875 0.421875 0.665625 0.421875
5 0.3656250000000001 0.40234375 0.3214843750000001 0.40234375 0.3214843750000001 0.4203125 0.3656250000000001 0.4203125
5 0.4015625 0.3917968750000001 0.37773437500000007 0.3917968750000001 0.37773437500000007 0.4296875 0.4015625 0.4296875
5 0.478125 0.400390625 0.440625 0.400390625 0.440625 0.421875 0.478125 0.421875
5 0.6140625 0.39531250000000007 0.594921875 0.39531250000000007 0.594921875 0.43125 0.6140625 0.43125
5 0.34062500000000007 0.4015625 0.3000000000000001 0.4015625 0.3000000000000001 0.4234375 0.34062500000000007 0.4234375
5 0.5328125 0.4015625 0.493359375 0.4015625 0.493359375 0.425 0.5328125 0.425
5 0.5453125 0.3988281250000001 0.534765625 0.3988281250000001 0.534765625 0.4265625 0.5453125 0.4265625
5 0.2656250000000001 0.403125 0.2250000000000001 0.403125 0.2250000000000001 0.425 0.2656250000000001 0.425
5 0.2890625000000001 0.4015625 0.24960937500000008 0.4015625 0.24960937500000008 0.425 0.2890625000000001 0.425
5 0.2296875000000001 0.3953125 0.20664062500000008 0.3953125 0.20664062500000008 0.4359375 0.2296875000000001 0.4359375
5 0.5796875 0.40625 0.539453125 0.40625 0.539453125 0.425 0.5796875 0.425
5 0.6640625 0.4421875 0.623828125 0.4421875 0.623828125 0.4609375 0.6640625 0.4609375
5 0.75 0.42968750000000017 0.73125 0.42968750000000017 0.73125 0.47187500000000016 0.75 0.47187500000000016
5 0.38750000000000007 0.442578125 0.35039062500000007 0.442578125 0.35039062500000007 0.4609375 0.38750000000000007 0.4609375
5 0.6125 0.43125 0.59375 0.43125 0.59375 0.471875 0.6125 0.471875
5 0.459375 0.440234375 0.4171875 0.440234375 0.4171875 0.4609375 0.459375 0.4609375
5 0.434375 0.4421875 0.3937500000000001 0.4421875 0.3937500000000001 0.4640625 0.434375 0.4640625
5 0.6 0.444140625 0.5625 0.444140625 0.5625 0.4625 0.6 0.4625
5 0.7390625 0.4417968750000001 0.69609375 0.441796875 0.69609375 0.4625000000000001 0.7390625 0.4625000000000002
5 0.546875 0.4328125 0.528515625 0.4328125 0.528515625 0.4734375 0.546875 0.4734375
5 0.578125 0.442578125 0.540625 0.442578125 0.540625 0.4640625 0.578125 0.4640625
5 0.4796875 0.44375 0.439453125 0.44375 0.439453125 0.4625 0.4796875 0.4625
5 0.5328125 0.442578125 0.4953125 0.442578125 0.4953125 0.4640625 0.5328125 0.4640625
5 0.4921875 0.436328125 0.478125 0.436328125 0.478125 0.4734375 0.4921875 0.4734375
5 0.403125 0.434375 0.3800781250000001 0.434375 0.3800781250000001 0.475 0.403125 0.475
5 0.3531250000000001 0.436328125 0.3312500000000001 0.436328125 0.3312500000000001 0.4734375 0.3531250000000001 0.4734375
5 0.5375 0.443359375 0.49609375 0.443359375 0.49609375 0.4640625 0.5375 0.4640625
5 0.2593750000000001 0.4359375 0.2375000000000001 0.4359375 0.2375000000000001 0.4765625 0.2593750000000001 0.4765625
5 0.3078125000000001 0.436328125 0.28593750000000007 0.436328125 0.28593750000000007 0.4734375 0.3078125000000001 0.4734375
5 0.2828125000000001 0.4375 0.2597656250000001 0.4375 0.2597656250000001 0.478125 0.2828125000000001 0.478125
5 0.2453125000000001 0.44765625 0.20078125000000008 0.44765625 0.20078125000000008 0.46875 0.2453125000000001 0.46875
5 0.7203125 0.49375 0.6984375 0.49375 0.6984375 0.5296875 0.7203125 0.5296875
5 0.65625 0.501953125 0.61875 0.501953125 0.61875 0.5234375 0.65625 0.5234375
5 0.75625 0.5035156250000001 0.714453125 0.503515625 0.714453125 0.5230468750000001 0.75625 0.5230468750000001
5 0.5015625 0.487890625 0.4796875 0.487890625 0.4796875 0.5375 0.5015625 0.5375
5 0.6796875 0.502734375 0.6375 0.502734375 0.6375 0.5234375 0.6796875 0.5234375
5 0.703125 0.504296875 0.666015625 0.504296875 0.666015625 0.5265625 0.703125 0.5265625
5 0.5671875 0.5046875 0.522265625 0.5046875 0.522265625 0.528125 0.5671875 0.528125
5 0.5375 0.508203125 0.487890625 0.508203125 0.487890625 0.5265625 0.5375 0.5265625
5 0.40625 0.497265625 0.3828125000000001 0.497265625 0.3828125000000001 0.5390625 0.40625 0.5390625
5 0.546875 0.501953125 0.528515625 0.501953125 0.528515625 0.534375 0.546875 0.534375
5 0.3984375000000001 0.509375 0.35429687500000007 0.509375 0.35429687500000007 0.52890625 0.3984375000000001 0.52890625
5 0.4546875 0.496875 0.430859375 0.496875 0.430859375 0.5421875 0.4546875 0.5421875
5 0.4734375 0.4984375 0.45625 0.4984375 0.45625 0.540625 0.4734375 0.540625
5 0.2718750000000001 0.505078125 0.2308593750000001 0.505078125 0.2308593750000001 0.5328125 0.2718750000000001 0.5328125
5 0.3000000000000001 0.5078125 0.2582031250000001 0.5078125 0.2582031250000001 0.53125 0.3000000000000001 0.53125
5 0.2406250000000001 0.51171875 0.2054687500000001 0.51171875 0.2054687500000001 0.5328125 0.2406250000000001 0.5328125
5 0.3109375000000001 0.497265625 0.2871093750000001 0.497265625 0.2871093750000001 0.546875 0.3109375000000001 0.546875
5 0.7265625 0.5433593750000001 0.6890625 0.543359375 0.6890625 0.5625000000000001 0.7265625 0.5625000000000002
5 0.578125 0.5359375 0.55625 0.5359375 0.55625 0.571875 0.578125 0.571875
5 0.5984375 0.534375 0.580078125 0.534375 0.580078125 0.571875 0.5984375 0.571875
5 0.6796875 0.5453125 0.64375 0.5453125 0.64375 0.5625 0.6796875 0.5625
5 0.7515625 0.5453125000000001 0.711328125 0.5453125 0.711328125 0.5640625000000001 0.7515625 0.5640625000000001
5 0.64375 0.534765625 0.625390625 0.534765625 0.625390625 0.571875 0.64375 0.571875
5 0.6203125 0.536328125 0.601953125 0.536328125 0.601953125 0.5734375 0.6203125 0.5734375
5 0.5578125 0.546875 0.523046875 0.546875 0.523046875 0.565625 0.5578125 0.565625
5 0.7078125 0.54609375 0.66015625 0.54609375 0.66015625 0.5671875 0.7078125 0.5671875
5 0.465625 0.545703125 0.42265625 0.545703125 0.42265625 0.571875 0.465625 0.571875
5 0.41875 0.549609375 0.3773437500000001 0.549609375 0.3773437500000001 0.5703125 0.41875 0.5703125
5 0.4328125 0.5359375 0.40625 0.5359375 0.40625 0.584375 0.4328125 0.584375
5 0.3515625000000001 0.5484375 0.3031250000000001 0.5484375 0.3031250000000001 0.575 0.3515625000000001 0.575
5 0.3750000000000001 0.55 0.32695312500000007 0.55 0.32695312500000007 0.5734375 0.3750000000000001 0.5734375
5 0.2890625000000001 0.54921875 0.2492187500000001 0.54921875 0.2492187500000001 0.575 0.2890625000000001 0.575
5 0.3859375000000001 0.54375 0.36406250000000007 0.54375 0.36406250000000007 0.58125 0.3859375000000001 0.58125
5 0.32500000000000007 0.553515625 0.2875000000000001 0.553515625 0.2875000000000001 0.575 0.32500000000000007 0.575
5 0.2734375000000001 0.551953125 0.23046875000000008 0.551953125 0.23046875000000008 0.578125 0.2734375000000001 0.578125
5 0.4828125 0.553515625 0.440234375 0.553515625 0.440234375 0.5765625 0.4828125 0.5765625
5 0.496875 0.543359375 0.473828125 0.543359375 0.473828125 0.5859375 0.496875 0.5859375
5 0.5328125 0.553515625 0.495703125 0.553515625 0.495703125 0.577734375 0.5328125 0.577734375
5 0.2484375000000001 0.551171875 0.20703125000000008 0.551171875 0.20703125000000008 0.58125 0.2484375000000001 0.58125
5 0.778125 0.6062500000000002 0.742578125 0.6062500000000002 0.742578125 0.6171875000000002 0.778125 0.6171875000000002
5 0.7546875 0.5953125000000001 0.7328125 0.5953125000000001 0.7328125 0.6312500000000002 0.7546875 0.6312500000000002
5 0.4375 0.595703125 0.414453125 0.595703125 0.414453125 0.6375 0.4375 0.6375
5 0.37968750000000007 0.60625 0.3312500000000001 0.60625 0.3312500000000001 0.6328125 0.37968750000000007 0.6328125
5 0.4203125 0.608984375 0.3824218750000001 0.608984375 0.3824218750000001 0.63125 0.4203125 0.63125
5 0.3343750000000001 0.6125 0.2847656250000001 0.6125 0.2847656250000001 0.63125 0.3343750000000001 0.63125
5 0.3984375000000001 0.6140625 0.3578125000000001 0.6140625 0.3578125000000001 0.6359375 0.3984375000000001 0.6359375
5 0.3453125000000001 0.6046875 0.3234375000000001 0.6046875 0.3234375000000001 0.65 0.3453125000000001 0.65
5 0.2484375000000001 0.6046875 0.22460937500000008 0.6046875 0.22460937500000008 0.65 0.2484375000000001 0.65
5 0.27031250000000007 0.60625 0.2511718750000001 0.60625 0.2511718750000001 0.646875 0.27031250000000007 0.646875
5 0.30156250000000007 0.608203125 0.2750000000000001 0.608203125 0.2750000000000001 0.65 0.30156250000000007 0.65
5 0.784375 0.6406250000000002 0.744140625 0.6406250000000002 0.744140625 0.6593750000000002 0.784375 0.6593750000000002
5 0.7546875 0.6324218750000001 0.7328125 0.6324218750000001 0.7328125 0.6703125000000002 0.7546875 0.6703125000000002
5 0.4453125 0.648046875 0.403125 0.648046875 0.403125 0.671875 0.4453125 0.671875
5 0.3046875000000001 0.64921875 0.2652343750000001 0.64921875 0.2652343750000001 0.671875 0.3046875000000001 0.671875
5 0.3906250000000001 0.6453125 0.3675781250000001 0.6453125 0.3675781250000001 0.6765625 0.3906250000000001 0.6765625
5 0.41875 0.651171875 0.38164062500000007 0.651171875 0.38164062500000007 0.6734375 0.41875 0.6734375
5 0.31718750000000007 0.6453125 0.2953125000000001 0.6453125 0.2953125000000001 0.6859375 0.31718750000000007 0.6859375
5 0.2851562500000001 0.654296875 0.24218750000000008 0.654296875 0.24218750000000008 0.675 0.2851562500000001 0.675
5 0.3531250000000001 0.651953125 0.3101562500000001 0.651953125 0.3101562500000001 0.678125 0.3531250000000001 0.678125
5 0.3765625000000001 0.651953125 0.3343750000000001 0.651953125 0.3343750000000001 0.678125 0.3765625000000001 0.678125
5 0.2562500000000001 0.65234375 0.2210937500000001 0.65234375 0.2210937500000001 0.6828125 0.2562500000000001 0.6828125
5 0.57734375 0.718359375 0.5390625 0.718359375 0.5390625000000001 0.734375 0.5773437500000002 0.734375
5 0.5562500000000001 0.719140625 0.51875 0.719140625 0.51875 0.7375 0.5562500000000001 0.7375
5 0.5984375000000001 0.718359375 0.5609375 0.718359375 0.5609375000000001 0.7375 0.5984375000000002 0.7375
5 0.6859375000000002 0.7703125 0.6582031250000002 0.7703125 0.6582031250000002 0.7890625 0.6859375000000002 0.7890625
5 0.7015625000000002 0.765625 0.6832031250000001 0.765625 0.6832031250000001 0.796875 0.7015625000000002 0.796875
5 0.6656250000000001 0.7703125 0.6343750000000001 0.7703125 0.6343750000000001 0.7921875 0.6656250000000001 0.7921875
5 0.5984375000000002 0.775 0.5718750000000001 0.775 0.5718750000000001 0.7921875 0.5984375000000002 0.7921875
5 0.6453125000000002 0.773828125 0.6117187500000002 0.773828125 0.6117187500000002 0.790625 0.6453125000000002 0.790625
5 0.5750000000000002 0.7703125 0.5578125000000002 0.7703125 0.5578125000000002 0.8015625 0.5750000000000002 0.8015625
5 0.5562500000000001 0.7734375 0.5343750000000002 0.7734375 0.5343750000000002 0.80625 0.5562500000000001 0.80625
5 0.60625 0.2296875000000001 0.5828125 0.2296875000000001 0.5828125 0.2875000000000001 0.60625 0.2875000000000001
5 0.6296875 0.22656250000000008 0.606640625 0.22656250000000008 0.606640625 0.2906250000000001 0.6296875 0.2906250000000001
5 0.5671875 0.2406250000000001 0.514453125 0.2406250000000001 0.514453125 0.27812500000000007 0.5671875 0.27812500000000007
5 0.584375 0.2328125000000001 0.561328125 0.2328125000000001 0.561328125 0.28593750000000007 0.584375 0.28593750000000007