5 0.41796875 0.31718750000000007 0.3625 0.3171875 0.3625 0.34609375000000003 0.41796875 0.3460937500000001
5 0.98046875 0.3125000000000001 0.925 0.3125000000000001 0.925 0.3609375000000001 0.98046875 0.3609375000000001
5 0.19687500000000005 0.3203125 0.13906250000000003 0.3203125 0.13906250000000003 0.36328125 0.19687500000000005 0.36328125
5 0.52734375 0.3984375000000001 0.4765625 0.3984375000000001 0.4765625 0.43203125 0.52734375 0.43203125
5 0.6234375 0.4015625 0.575 0.4015625 0.575 0.43984375 0.6234375 0.43984375
5 0.725 0.4015625 0.671875 0.4015625 0.671875 0.43984375 0.725 0.43984375
5 0.67578125 0.4015625 0.625 0.4015625 0.625 0.44453125 0.67578125 0.44453125
5 0.8703125 0.4000000000000002 0.803125 0.4000000000000002 0.803125 0.44843750000000016 0.8703125 0.44843750000000016
5 0.57421875 0.40625 0.5234375 0.40625 0.5234375 0.44453125 0.57421875 0.44453125
5 0.47109375 0.409375 0.415625 0.409375 0.415625 0.44296875 0.47109375 0.44296875
5 0.3148437500000001 0.40625 0.2593750000000001 0.40625 0.2593750000000001 0.446875 0.3148437500000001 0.446875
5 0.9765625 0.40625000000000017 0.909375 0.40625000000000017 0.909375 0.44921875000000017 0.9765625 0.44921875000000017
5 0.3703125000000001 0.409375 0.31718750000000007 0.409375 0.31718750000000007 0.44765625 0.3703125000000001 0.44765625
5 0.26250000000000007 0.409375 0.20468750000000008 0.409375 0.20468750000000008 0.44765625 0.26250000000000007 0.44765625
5 0.90703125 0.4046875000000002 0.85625 0.4046875000000002 0.85625 0.4578125000000002 0.90703125 0.4578125000000002
5 0.2093750000000001 0.4140625 0.14687500000000003 0.4140625 0.14687500000000003 0.45234375 0.2093750000000001 0.45234375
5 0.6328125 0.5546875 0.5875 0.5546875 0.5875 0.57890625 0.6328125 0.57890625
5 0.796875 0.5500000000000002 0.7484375 0.5500000000000002 0.7484375 0.5882812500000002 0.796875 0.5882812500000002
5 0.57734375 0.553125 0.534375 0.553125 0.534375 0.58671875 0.57734375 0.58671875
5 0.84375 0.5531250000000002 0.790625 0.5531250000000002 0.790625 0.5867187500000002 0.84375 0.5867187500000002
5 0.74609375 0.5562500000000001 0.6953125 0.55625 0.6953125 0.5875000000000001 0.74609375 0.5875000000000001
5 0.6828125 0.5578125 0.634375 0.5578125 0.634375 0.58671875 0.6828125 0.58671875
5 0.2617187500000001 0.5578125 0.21093750000000008 0.5578125 0.21093750000000008 0.59609375 0.2617187500000001 0.59609375
5 0.31718750000000007 0.5609375 0.2687500000000001 0.5609375 0.2687500000000001 0.59921875 0.31718750000000007 0.59921875
5 0.21250000000000008 0.5609375 0.1593750000000001 0.5609375 0.1593750000000001 0.6015625 0.21250000000000008 0.6015625
5 0.9046875 0.6250000000000002 0.846875 0.6250000000000002 0.846875 0.6734375000000001 0.9046875 0.6734375000000001
5 0.95390625 0.6343750000000001 0.903125 0.6343750000000001 0.903125 0.6750000000000002 0.95390625 0.6750000000000002
5 0.62734375 0.6390625 0.5765625 0.6390625 0.5765625 0.675 0.62734375 0.675
5 0.575 0.640625 0.5296875 0.640625 0.5296875 0.6765625 0.575 0.6765625
5 0.8375 0.6375000000000002 0.7890625 0.6375000000000002 0.7890625 0.6804687500000002 0.8375 0.6804687500000002
5 0.53359375 0.640625 0.478125 0.640625 0.478125 0.68125 0.53359375 0.68125
5 0.678125 0.6421875 0.6296875 0.6421875 0.6296875 0.678125 0.678125 0.678125
5 0.78828125 0.6453125000000002 0.7375 0.6453125000000002 0.7375 0.6789062500000002 0.78828125 0.6789062500000002
5 0.73515625 0.6453125000000001 0.6796875 0.6453125 0.6796875 0.6835937500000001 0.73515625 0.6835937500000002
5 0.4265625 0.6453125 0.3781250000000001 0.6453125 0.3781250000000001 0.6859375 0.4265625 0.6859375
5 0.37578125000000007 0.646875 0.3203125000000001 0.646875 0.3203125000000001 0.6875 0.37578125000000007 0.6875
5 0.3218750000000001 0.6484375 0.2687500000000001 0.6484375 0.2687500000000001 0.68671875 0.3218750000000001 0.68671875
5 0.4765625 0.64375 0.428125 0.64375 0.428125 0.6921875 0.4765625 0.6921875
5 0.2687500000000001 0.65625 0.2234375000000001 0.65625 0.2234375000000001 0.68984375 0.2687500000000001 0.68984375
5 0.6343750000000001 0.8359375 0.5765625000000002 0.8359375 0.5765625000000002 0.87421875 0.6343750000000001 0.87421875
5 0.5796875000000001 0.8375 0.5343750000000002 0.8375 0.5343750000000002 0.8828125 0.5796875000000001 0.8828125
5 0.5406250000000001 0.8421875 0.48750000000000016 0.8421875 0.48750000000000016 0.878125 0.5406250000000001 0.878125
5 0.4859375000000002 0.84375 0.43750000000000017 0.84375 0.43750000000000017 0.88203125 0.4859375000000002 0.88203125
5 0.43281250000000016 0.8421875 0.3921875000000001 0.8421875 0.3921875000000001 0.88515625 0.43281250000000016 0.88515625
5 0.3820312500000001 0.84375 0.3437500000000001 0.84375 0.3437500000000001 0.88203125 0.3820312500000001 0.88203125
5 0.2906250000000001 0.84375 0.2453125000000001 0.84375 0.2453125000000001 0.884375 0.2906250000000001 0.884375
5 0.3437500000000001 0.8484375 0.2953125000000001 0.8484375 0.2953125000000001 0.89140625 0.3437500000000001 0.89140625
5 0.2445312500000001 0.85625 0.2015625000000001 0.85625 0.2015625000000001 0.896875 0.2445312500000001 0.896875
5 0.4109375 0.14531250000000004 0.353125 0.14531250000000004 0.353125 0.19062500000000004 0.4109375 0.19062500000000004
5 0.29375 0.14687500000000003 0.23125 0.14687500000000003 0.23125 0.18984375000000003 0.29375 0.18984375000000003
5 0.23515625 0.14843750000000003 0.175 0.1484375 0.17500000000000002 0.19140625000000003 0.23515625 0.19140625000000006
5 0.46875 0.15000000000000005 0.415625 0.15000000000000005 0.415625 0.19531250000000006 0.46875 0.19531250000000006
5 0.35546875 0.14687500000000003 0.2953125 0.14687500000000003 0.2953125 0.2 0.35546875 0.2
5 0.17734375000000002 0.1515625 0.1171875 0.1515625 0.11718750000000003 0.19453125 0.17734375000000005 0.19453125
5 0.73125 0.30937500000000007 0.678125 0.30937500000000007 0.678125 0.3429687500000001 0.73125 0.3429687500000001
5 0.86953125 0.3125000000000001 0.809375 0.3125000000000001 0.809375 0.3437500000000001 0.86953125 0.3437500000000001
5 0.628125 0.3125000000000001 0.5796875 0.3125000000000001 0.5796875 0.3437500000000001 0.628125 0.3437500000000001
5 0.67734375 0.3125000000000001 0.6265625 0.3125000000000001 0.6265625 0.3437500000000001 0.67734375 0.3437500000000001
5 0.5265625 0.3125000000000001 0.478125 0.3125000000000001 0.478125 0.3460937500000001 0.5265625 0.3460937500000001
5 0.4734375 0.3125000000000001 0.4203125 0.3125000000000001 0.4203125 0.3460937500000001 0.4734375 0.3460937500000001
5 0.31015625 0.315625 0.2546875 0.315625 0.2546875 0.34453125 0.31015625 0.34453125
5 0.259375 0.3109375 0.19687500000000005 0.3109375 0.19687500000000005 0.34921875 0.259375 0.34921875
5 0.5828125 0.3156250000000001 0.5296875 0.3156250000000001 0.5296875 0.3468750000000001 0.5828125 0.3468750000000001