5 0.636792453125 0.3176100625000001 0.5809748421875 0.3176100625000001 0.5809748421875 0.3466981125000001 0.636792453125 0.3466981125000001
5 0.07075471718750005 0.31289308125000004 0.01493710625000004 0.31289308125000004 0.014937106250000044 0.3616352203125 0.07075471718750005 0.3616352203125
5 0.8616352203125001 0.3207547171875001 0.80345911875 0.3207547171875001 0.80345911875 0.3639937109375001 0.8616352203125001 0.3639937109375001
5 0.522012578125 0.3993710687500001 0.47091194999999997 0.3993710687500001 0.47091194999999997 0.4331761 0.522012578125 0.4331761
5 0.422955975 0.40251572343750003 0.3742138359375001 0.40251572343750003 0.3742138359375001 0.44103773593750006 0.422955975 0.44103773593750006
5 0.32547169843750007 0.40251572343750003 0.2720125781250001 0.40251572343750003 0.2720125781250001 0.44103773593750006 0.32547169843750007 0.44103773593750006
5 0.37264150937500007 0.40251572343750003 0.32154088125000013 0.40251572343750003 0.32154088125000013 0.44575471718750004 0.37264150937500007 0.44575471718750004
5 0.19339622656250005 0.40094339687499997 0.12578616406250004 0.40094339687499997 0.12578616406250004 0.44968553437500003 0.19339622656250005 0.44968553437500003
5 0.47484276718749996 0.40723270468750006 0.4237421390625 0.40723270468750006 0.4237421390625 0.44575471718750004 0.47484276718749996 0.44575471718750004
5 0.5833333328125 0.41037735781249995 0.5275157234375001 0.41037735781249995 0.5275157234375001 0.444182390625 0.5833333328125 0.444182390625
5 0.7405660375 0.4072327046875001 0.684748428125 0.40723270468750006 0.684748428125 0.44811320781250014 0.7405660375 0.4481132078125002
5 0.08647798750000005 0.40723270468750006 0.01886792500000005 0.40723270468750006 0.018867925000000053 0.4504716984375 0.08647798750000005 0.4504716984375
5 0.6823899375 0.41037735781249995 0.6289308171875 0.41037735781249995 0.6289308171875 0.4488993703125 0.6823899375 0.4488993703125
5 0.795597484375 0.4103773578125002 0.7374213843749999 0.4103773578125002 0.7374213843749999 0.44889937031250016 0.795597484375 0.44889937031250016
5 0.13993710625000005 0.405660378125 0.08883647812500003 0.405660378125 0.08883647812500005 0.459119496875 0.13993710625000005 0.459119496875
5 0.853773584375 0.41509433906250015 0.790880503125 0.41509433906250015 0.790880503125 0.45361635156250013 0.853773584375 0.45361635156250013
5 0.41037735781249995 0.5566037734375 0.36477987343750007 0.5566037734375 0.36477987343750007 0.5809748421875 0.41037735781249995 0.5809748421875
5 0.24842767343750008 0.5518867921874999 0.19968553437500008 0.5518867921874999 0.19968553437500008 0.5904088046875 0.24842767343750008 0.5904088046875
5 0.463836478125 0.555031446875 0.420597484375 0.555031446875 0.420597484375 0.588836478125 0.463836478125 0.588836478125
5 0.20597484218750012 0.555031446875 0.15251572343750008 0.555031446875 0.15251572343750008 0.588836478125 0.20597484218750012 0.588836478125
5 0.3018867921875001 0.5581761000000001 0.2507861640625001 0.5581761000000001 0.2507861640625001 0.5896226421875 0.3018867921875001 0.5896226421875
5 0.3632075468750001 0.559748428125 0.31446540937500006 0.559748428125 0.31446540937500006 0.588836478125 0.3632075468750001 0.588836478125
5 0.7893081765625001 0.5597484281250001 0.738207546875 0.5597484281250001 0.738207546875 0.5982704406250001 0.7893081765625001 0.5982704406250001
5 0.731132075 0.5628930812500001 0.6823899375 0.56289308125 0.6823899375 0.6014150937500001 0.731132075 0.6014150937500002
5 0.84119496875 0.5628930812500001 0.7877358484375 0.5628930812500001 0.7877358484375 0.6037735843750002 0.84119496875 0.6037735843750002
5 0.14937106875000009 0.627358490625 0.09119496875000008 0.627358490625 0.09119496875000008 0.6761006296875001 0.14937106875000009 0.6761006296875001
5 0.09276729531250008 0.636792453125 0.041666667187500075 0.636792453125 0.041666667187500075 0.67767295625 0.09276729531250008 0.67767295625
5 0.42138364843750004 0.641509434375 0.3702830187500001 0.641509434375 0.3702830187500001 0.67767295625 0.42138364843750004 0.67767295625
5 0.468553459375 0.6430817609374999 0.422955975 0.6430817609374999 0.422955975 0.6792452828125 0.468553459375 0.6792452828125
5 0.20754717031250008 0.63993710625 0.1588050312500001 0.63993710625 0.1588050312500001 0.6831761000000001 0.20754717031250008 0.6831761000000001
5 0.5204402515625 0.6430817609374999 0.46462264218750005 0.6430817609374999 0.46462264218750005 0.6839622640624999 0.5204402515625 0.6839622640624999
5 0.3679245281250001 0.6446540875 0.3191823906250001 0.6446540875 0.3191823906250001 0.680817609375 0.3679245281250001 0.680817609375
5 0.25943396250000006 0.6477987421875 0.2083333328125001 0.6477987421875 0.2083333328125001 0.6816037734375 0.25943396250000006 0.6816037734375
5 0.3176100625000001 0.6477987421875 0.2617924531250001 0.6477987421875 0.2617924531250001 0.6863207546875 0.3176100625000001 0.6863207546875
5 0.6210691828125 0.6477987421875 0.57232704375 0.6477987421875 0.57232704375 0.6886792453125 0.6210691828125 0.6886792453125
5 0.6792452828125 0.6493710687500001 0.6234276734375 0.6493710687500001 0.6234276734375 0.690251571875 0.6792452828125 0.690251571875
5 0.731132075 0.650943396875 0.67767295625 0.650943396875 0.67767295625 0.6894654093750001 0.731132075 0.6894654093750001
5 0.5707547171875 0.6462264156249999 0.522012578125 0.6462264156249999 0.522012578125 0.694968553125 0.5707547171875 0.694968553125
5 0.776729559375 0.6588050312500002 0.731132075 0.6588050312500002 0.731132075 0.6926100625000002 0.776729559375 0.6926100625000002
5 0.4213836484375002 0.8396226421874999 0.3632075468750001 0.8396226421874999 0.3632075468750001 0.8781446546874999 0.4213836484375002 0.8781446546874999
5 0.4638364781250002 0.84119496875 0.4182389937500002 0.84119496875 0.4182389937500002 0.8867924531250001 0.4638364781250002 0.8867924531250001
5 0.5110062890625001 0.84591195 0.4575471703125002 0.84591195 0.4575471703125002 0.8820754718750001 0.5110062890625001 0.8820754718750001
5 0.5613207546875001 0.8474842765625 0.5125786156250002 0.8474842765625 0.5125786156250002 0.8860062890625 0.5613207546875001 0.8860062890625
5 0.6069182390625002 0.84591195 0.5660377359375002 0.84591195 0.5660377359375002 0.88915094375 0.6069182390625002 0.88915094375
5 0.6556603781250001 0.8474842765625 0.6171383640625001 0.8474842765625 0.6171383640625001 0.8860062890625 0.6556603781250001 0.8860062890625
5 0.7547169812500002 0.8474842765625 0.7091194968750002 0.8474842765625 0.7091194968750002 0.8883647796874999 0.7547169812500002 0.8883647796874999
5 0.7044025156250002 0.8522012578125 0.6556603781250001 0.8522012578125 0.6556603781250001 0.8954402515625001 0.7044025156250002 0.8954402515625001
5 0.7987421390625002 0.86006289375 0.7555031453125002 0.86006289375 0.7555031453125002 0.900943396875 0.7987421390625002 0.900943396875
5 0.6462264156249999 0.14465408750000008 0.5880503140625 0.14465408750000008 0.5880503140625 0.19025157187500008 0.6462264156249999 0.19025157187500008
5 0.768867925 0.1462264156250001 0.7059748421875 0.1462264156250001 0.7059748421875 0.1894654093750001 0.768867925 0.1894654093750001
5 0.8254716984374999 0.14779874218750008 0.76493710625 0.14779874218750008 0.76493710625 0.1910377359375001 0.8254716984374999 0.1910377359375001
5 0.5833333328125 0.14937106875000006 0.5298742140625 0.14937106875000003 0.5298742140625 0.19496855312500008 0.5833333328125 0.1949685531250001
5 0.704402515625 0.1462264156250001 0.643867925 0.1462264156250001 0.643867925 0.19968553437500008 0.704402515625 0.19968553437500008
5 0.8836477984375 0.15094339687500008 0.8231132078125001 0.15094339687500008 0.8231132078125001 0.1941823906250001 0.8836477984375 0.1941823906250001
5 0.319182390625 0.309748428125 0.2657232703125 0.309748428125 0.2657232703125 0.343553459375 0.319182390625 0.343553459375
5 0.18710691875000005 0.31289308125000004 0.12657232656250003 0.31289308125000004 0.12657232656250003 0.344339621875 0.18710691875000005 0.344339621875
5 0.41823899375 0.3128930812500001 0.36949685468750004 0.3128930812500001 0.36949685468750004 0.34433962187500006 0.41823899375 0.34433962187500006
5 0.3710691828125 0.31289308125000004 0.319968553125 0.31289308125000004 0.319968553125 0.344339621875 0.3710691828125 0.34433962187500006
5 0.5204402515625 0.3128930812500001 0.47169811250000004 0.3128930812500001 0.47169811250000004 0.3466981125000001 0.5204402515625 0.3466981125000001
5 0.5786163515625 0.3128930812500001 0.5251572328125 0.3128930812500001 0.5251572328125 0.3466981125000001 0.5786163515625 0.3466981125000001
5 0.74528301875 0.31603773593750006 0.689465409375 0.31603773593750006 0.689465409375 0.3451257859375001 0.74528301875 0.3451257859375001
5 0.80345911875 0.3113207546875001 0.7405660375 0.3113207546875001 0.7405660375 0.34984276718750007 0.80345911875 0.34984276718750007
5 0.468553459375 0.31603773593750006 0.4150943390625 0.31603773593750006 0.4150943390625 0.3474842765625001 0.468553459375 0.3474842765625001