5 0.6234375 0.3047366343750001 0.5944624609375 0.3047366343750001 0.5944624609375 0.3593750000000001 0.6234375 0.3593750000000001
5 0.06562500000000004 0.309375 0.01792944218750004 0.309375 0.01792944218750004 0.3640625 0.06562500000000004 0.3640625
5 0.853125 0.3138020828125001 0.8107409593750001 0.3138020828125001 0.8107409593750001 0.3703125000000001 0.853125 0.3703125000000001
5 0.521875 0.3992384031250001 0.4712804640625 0.3992384031250001 0.4712804640625 0.43125 0.521875 0.43125
5 0.4231033796875 0.402417453125 0.3743612421875001 0.402417453125 0.3743612421875001 0.4390625 0.4231033796875 0.4390625
5 0.32500000000000007 0.402417453125 0.27231721718750007 0.402417453125 0.27231721718750007 0.4390625 0.32500000000000007 0.4390625
5 0.37187500000000007 0.40243219375 0.3218750000000001 0.40243219375 0.3218750000000001 0.44375 0.37187500000000007 0.44375
5 0.19218750000000004 0.4004766125 0.12522110937500003 0.4004766125 0.12522110937500003 0.4484375 0.19218750000000004 0.4484375
5 0.4671875 0.40086969375 0.42996265781250004 0.40086969375 0.42996265781250004 0.4515625 0.4671875 0.4515625
5 0.5703125 0.3994152921875001 0.5384581359375 0.3994152921875001 0.5384581359375 0.453125 0.5703125 0.453125
5 0.740625 0.4067806609375001 0.6849056609375 0.40678066093750004 0.6849056609375 0.4468750000000001 0.740625 0.4468750000000002
5 0.07343750000000006 0.3947179640625 0.03125000000000004 0.3947179640625 0.03125000000000005 0.4609375 0.07343750000000007 0.4609375
5 0.6734375 0.4034984265625 0.6363502343749999 0.4034984265625 0.6363502343749999 0.4546875 0.6734375 0.4546875
5 0.784375 0.4006534984375002 0.7472975640625 0.4006534984375002 0.7472975640625 0.4578125000000002 0.784375 0.4578125000000002
5 0.13906250000000003 0.40523781562499994 0.08837952031250004 0.40523781562499994 0.08837952031250006 0.4578125 0.13906250000000003 0.4578125
5 0.840625 0.40245676093750016 0.803125 0.40245676093750016 0.803125 0.46406250000000016 0.840625 0.46406250000000016
5 0.3998034578125001 0.54591195 0.3754323890625001 0.54591195 0.3754323890625001 0.591509434375 0.3998034578125001 0.591509434375
5 0.24218750000000008 0.546875 0.2047415500000001 0.546875 0.2047415500000001 0.5953125 0.24218750000000008 0.5953125
5 0.46386595937499997 0.555090409375 0.420626965625 0.555090409375 0.420626965625 0.588895440625 0.46386595937499997 0.588895440625
5 0.20468750000000008 0.554972484375 0.1529579406250001 0.554972484375 0.1529579406250001 0.588777515625 0.20468750000000008 0.588777515625
5 0.2906250000000001 0.5485750781250001 0.2610750781250001 0.5485750781250001 0.2610750781250001 0.5984375 0.2906250000000001 0.5984375
5 0.3625000000000001 0.55982213125 0.3150206375000001 0.55982213125 0.3150206375000001 0.5889101812499999 0.3625000000000001 0.5889101812499999
5 0.7828125 0.5539357312500002 0.7443936718749999 0.5539357312500002 0.7443936718749999 0.6046875000000002 0.7828125 0.6046875000000002
5 0.7296875 0.5627702437500001 0.6826601812499999 0.56277024375 0.6826601812499999 0.60129225625 0.7296875 0.6012922562500002
5 0.840625 0.5625000000000002 0.7875 0.5625000000000002 0.7875 0.6031250000000001 0.840625 0.6031250000000001
5 0.1437500000000001 0.6226120296875 0.09652613906250007 0.6226120296875 0.09652613906250009 0.6807881296875 0.1437500000000001 0.6807881296875
5 0.09218750000000009 0.6362126578125 0.04218750000000008 0.6362126578125 0.04218750000000008 0.6765625 0.09218750000000009 0.6765625
5 0.4125 0.634301296875 0.3771865187500001 0.634301296875 0.3771865187500001 0.684375 0.4125 0.684375
5 0.4625 0.638025746875 0.428228184375 0.638025746875 0.428228184375 0.6828125 0.4625 0.6828125
5 0.20312500000000008 0.636767884375 0.16171875000000008 0.636767884375 0.16171875000000008 0.684375 0.20312500000000008 0.684375
5 0.5203125 0.6425412734375 0.4649665890625 0.6425412734375 0.4649665890625 0.6828125 0.5203125 0.6828125
5 0.3609375000000001 0.6377800703125 0.32500000000000007 0.6377800703125 0.32500000000000007 0.6859375 0.3609375000000001 0.6859375
5 0.2500000000000001 0.6394408406250001 0.2171875000000001 0.6394408406250001 0.2171875000000001 0.6890625 0.2500000000000001 0.6890625
5 0.3078125000000001 0.6390625 0.27056800312500007 0.6390625 0.27056800312500007 0.69375 0.3078125000000001 0.69375
5 0.6203125 0.6472877359375 0.5729314078125001 0.6472877359375 0.5729314078125001 0.6875 0.6203125 0.6875
5 0.6703125 0.6421285375 0.630395046875 0.6421285375 0.630395046875 0.696875 0.6703125 0.696875
5 0.721875 0.643759828125 0.6850334124999999 0.643759828125 0.6850334124999999 0.6953125 0.721875 0.6953125
5 0.5703125 0.6465163125 0.5225088453125 0.6465163125 0.5225088453125 0.69375 0.5703125 0.69375
5 0.7765625 0.6587313281250002 0.73125 0.6587313281250002 0.73125 0.6906250000000002 0.7765625 0.6906250000000002
5 0.4109375000000002 0.8299036953125001 0.3727446937500001 0.8299036953125001 0.3727446937500001 0.8875 0.4109375000000002 0.8875
5 0.46390526718750014 0.8408264546875 0.41830778281250014 0.8408264546875 0.41830778281250014 0.8859375 0.46390526718750014 0.8859375
5 0.5015625000000001 0.83716588125 0.4662637578125001 0.83716588125 0.4662637578125001 0.8890625 0.5015625000000001 0.8890625
5 0.5609375000000002 0.84714524375 0.5125000000000002 0.84714524375 0.5125000000000002 0.88566725625 0.5609375000000002 0.88566725625
5 0.6078125000000002 0.846875 0.5652024375000002 0.846875 0.5652024375000002 0.8874312109375 0.6078125000000002 0.8874312109375
5 0.6546875000000002 0.847164896875 0.6167993312500002 0.847164896875 0.6167993312500002 0.8856869109375 0.6546875000000002 0.8856869109375
5 0.7515625000000001 0.845012775 0.7115222093750002 0.845012775 0.7115222093750002 0.8890625 0.7515625000000001 0.8890625
5 0.7012676890625003 0.8490123828125 0.6580286953125002 0.8490123828125 0.6580286953125002 0.896875 0.7012676890625003 0.896875
5 0.7968750000000002 0.8600284984375 0.7557242531250001 0.8600284984375 0.7557242531250001 0.9009090015625001 0.7968750000000002 0.9009090015625001
5 0.6390625 0.1384139140625001 0.5938237015625 0.1384139140625001 0.5938237015625 0.1965900156250001 0.6390625 0.1965900156250001
5 0.7578125 0.1363207546875001 0.7159247234375 0.1363207546875001 0.7159247234375 0.1984375000000001 0.7578125 0.1984375000000001
5 0.815625 0.1392590406250001 0.77347189375 0.1392590406250001 0.77347189375 0.1984375000000001 0.815625 0.1984375000000001
5 0.578125 0.14531250000000007 0.5333185921875 0.14531250000000004 0.5333185921875 0.19843750000000007 0.578125 0.1984375000000001
5 0.7 0.14277220937500007 0.6469241359375 0.14277220937500007 0.6469241359375 0.20312500000000008 0.7 0.20312500000000008
5 0.8828125 0.1508500406250001 0.8225874609374999 0.1508500406250001 0.8225874609374999 0.1921875000000001 0.8828125 0.1921875000000001
5 0.3092669015625 0.30018671406249997 0.27546187031249997 0.30018671406249997 0.27546187031249997 0.353125 0.3092669015625 0.353125
5 0.17187500000000006 0.2985406828125 0.14160770468750003 0.2985406828125 0.14160770468750003 0.3578125 0.17187500000000006 0.3578125
5 0.4183569171875 0.31338443281250006 0.3696147796875 0.31338443281250006 0.3696147796875 0.3437500000000001 0.4183569171875 0.3437500000000001
5 0.3703125 0.31338443281250006 0.3203125 0.3133844328125 0.3203125 0.34375000000000006 0.3703125 0.3437500000000001
5 0.5125 0.3054490953125001 0.47927476249999995 0.3054490953125001 0.47927476249999995 0.3531250000000001 0.5125 0.3531250000000001
5 0.578125 0.3127849843750001 0.525 0.3127849843750001 0.525 0.3465900156250001 0.578125 0.3465900156250001
5 0.7450963046875 0.3159247250000001 0.6892786953125001 0.3159247250000001 0.6892786953125001 0.3450127750000001 0.7450963046875 0.3450127750000001
5 0.803125 0.3114337656250001 0.740703615625 0.3114337656250001 0.740703615625 0.3499557781250001 0.803125 0.3499557781250001
5 0.4671875 0.3156250000000001 0.4154579390625 0.3156250000000001 0.4154579390625 0.3468750000000001 0.4671875 0.3468750000000001