5 0.6484375 0.3197899906250001 0.6269920625000001 0.3197899906250001 0.6269920625000001 0.3625000000000001 0.6484375 0.3625000000000001
5 0.578125 0.3204381015625001 0.5499723671875001 0.3204381015625001 0.5499723671875001 0.3656250000000001 0.578125 0.3656250000000001
5 0.6014745765625 0.31300241250000005 0.5789665375 0.31300241250000005 0.5789665375 0.37187500000000007 0.6014745765625 0.37187500000000007
5 0.290625 0.322000603125 0.26875 0.322000603125 0.26875000000000004 0.3671875 0.2906250000000001 0.3671875
5 0.26991559531250003 0.320392884375 0.2425844046875 0.320392884375 0.24258440468750003 0.36875 0.2699155953125001 0.36875
5 0.6265625 0.3203928843750001 0.6046875 0.3203928843750001 0.6046875 0.3687500000000001 0.6265625 0.3687500000000001
5 0.684375 0.3337218656250001 0.6386103296875 0.3337218656250001 0.6386103296875 0.3546875000000001 0.684375 0.3546875000000001
5 0.5546875 0.3182501015625001 0.5264745796875 0.3182501015625001 0.5264745796875 0.3687500000000001 0.5546875 0.3687500000000001
5 0.73125 0.3343297828125001 0.6884495578125 0.3343297828125001 0.6884495578125 0.3546875000000001 0.73125 0.3546875000000001
5 0.2296875 0.332244775 0.17647960156250003 0.332244775 0.17647960156250003 0.359375 0.2296875 0.359375
5 0.7089931671875 0.3338474671875001 0.6625 0.3338474671875001 0.6625 0.3578125000000001 0.7089931671875 0.3578125000000001
5 0.3546875 0.3351487125 0.3066820734375 0.3351487125 0.3066820734375 0.35625 0.3546875 0.35625
5 0.33125 0.335631028125 0.2805340625 0.335631028125 0.2805340625 0.359375 0.33125 0.359375
5 0.24218750000000006 0.3250803859375 0.2140348671875 0.3250803859375 0.21403486718750003 0.3734375 0.24218750000000008 0.3734375
5 0.765625 0.3998291796875001 0.7269217234375 0.3998291796875001 0.7269217234375 0.41718750000000016 0.765625 0.41718750000000016
5 0.440625 0.3908184281250001 0.41800894375000003 0.3908184281250001 0.41800894375000003 0.43125 0.440625 0.43125
5 0.4265625 0.3993493765625001 0.3888791187500001 0.3993493765625001 0.3888791187500001 0.421857415625 0.4265625 0.421857415625
5 0.5890625 0.3937500000000001 0.5724075562500001 0.3937500000000001 0.5724075562500001 0.428125 0.5890625 0.428125
5 0.6359375 0.3908887656250001 0.619440815625 0.3908887656250001 0.619440815625 0.4296875 0.6359375 0.4296875
5 0.734375 0.38729401250000006 0.7125 0.38729401250000006 0.7125 0.4328125000000001 0.734375 0.43281250000000016
5 0.37297276875000007 0.39401125468750003 0.3504647312500001 0.3940112546875 0.3504647312500001 0.4296875 0.37297276875000007 0.4296875
5 0.2953125000000001 0.3925416984375 0.2763841437500001 0.3925416984375 0.2763841437500001 0.43125 0.2953125000000001 0.43125
5 0.6671875 0.40142433750000006 0.6311495171875 0.40142433750000006 0.6311495171875 0.4234375 0.6671875 0.4234375
5 0.3453125000000001 0.38894694531249996 0.3260626000000001 0.38894694531249996 0.3260626000000001 0.434375 0.3453125000000001 0.434375
5 0.403125 0.4000502390625 0.3644066515625001 0.4000502390625 0.3644066515625001 0.4234375 0.403125 0.4234375
5 0.465625 0.3925416984375001 0.4440263265625 0.3925416984375001 0.4440263265625 0.43125 0.465625 0.43125
5 0.6233169203125 0.40450411875 0.586339428125 0.40450411875 0.586339428125 0.4234375 0.6233169203125 0.4234375
5 0.33281250000000007 0.40210761718750004 0.2910947546875001 0.40210761718750004 0.2910947546875001 0.4234375 0.33281250000000007 0.4234375
5 0.521875 0.3939434281250001 0.49847769375000006 0.3939434281250001 0.49847769375000006 0.434375 0.521875 0.434375
5 0.5515625 0.4078125 0.5230079375 0.4078125 0.5230079375 0.41875 0.5515625 0.41875
5 0.25468750000000007 0.4031852890625 0.2137736125000001 0.4031852890625 0.2137736125000001 0.425 0.25468750000000007 0.425
5 0.2796875000000001 0.40300442187499996 0.2392006640625001 0.40300442187499996 0.2392006640625001 0.4265625 0.2796875000000001 0.4265625
5 0.2171875000000001 0.395505928125 0.19457144218750005 0.395505928125 0.19457144218750005 0.4359375 0.2171875000000001 0.4359375
5 0.578125 0.40603647499999995 0.5373869578125 0.40603647499999995 0.5373869578125 0.425 0.578125 0.425
5 0.6546875 0.4319458390625 0.63561344375 0.4319458390625 0.63561344375 0.4734375 0.6546875 0.4734375
5 0.7546875 0.43071744375000015 0.7349703578125 0.43071744375000015 0.7349703578125 0.4734375000000002 0.7546875 0.4734375000000002
5 0.3717669812500001 0.43421171718749996 0.3516705187500001 0.43421171718749996 0.3516705187500001 0.471875 0.3717669812500001 0.471875
5 0.6125 0.4319458390625 0.5926371593749999 0.4319458390625 0.5926371593749999 0.4734375 0.6125 0.4734375
5 0.44375 0.43071744375 0.4225381828125 0.43071744375 0.4225381828125 0.4734375 0.44375 0.4734375
5 0.41875 0.433598775 0.3968724875000001 0.433598775 0.3968724875000001 0.475 0.41875 0.475
5 0.590625 0.4356084203125 0.57105858125 0.4356084203125 0.57105858125 0.4734375 0.590625 0.4734375
5 0.740625 0.4432727093750001 0.6982566328125 0.44327270937499996 0.6982566328125 0.4640625000000001 0.740625 0.46406250000000016
5 0.5561871984375 0.44432023750000005 0.5143865562500001 0.44432023750000005 0.5143865562500001 0.4640625 0.5561871984375 0.4640625
5 0.56875 0.43577421562499996 0.546875 0.43577421562499996 0.546875 0.4734375 0.56875 0.4734375
5 0.4640625 0.4345684296875 0.44542051718750003 0.4345684296875 0.44542051718750003 0.475 0.4640625 0.475
5 0.521875 0.43577421562499996 0.5 0.43577421562499996 0.5 0.4734375 0.521875 0.4734375
5 0.5 0.4502788375 0.461779040625 0.4502788375 0.461779040625 0.4625 0.5 0.4625
5 0.40625 0.44375 0.36498945000000005 0.44375 0.36498945000000005 0.46856410625 0.40625 0.46856410625
5 0.3531250000000001 0.44570940468750003 0.31467292968750005 0.44570940468750003 0.31467292968750005 0.4671875 0.3531250000000001 0.4671875
5 0.525 0.43402331250000004 0.5036223890625 0.43402331250000004 0.5036223890625 0.4765625 0.525 0.4765625
5 0.2484375000000001 0.43769342968749997 0.22656250000000008 0.43769342968749997 0.22656250000000008 0.478125 0.2484375000000001 0.478125
5 0.3062500000000001 0.4460209 0.2681244984375001 0.4460209 0.2681244984375001 0.4671875 0.3062500000000001 0.4671875
5 0.2733973078125001 0.43925592968749994 0.2484776921875001 0.43925592968749994 0.2484776921875001 0.4796875 0.2733973078125001 0.4796875
5 0.23437500000000008 0.44963826406249996 0.18858018437500004 0.44963826406249996 0.18858018437500004 0.4703125 0.23437500000000008 0.4703125
5 0.721875 0.4964328765625 0.7006832796875 0.4964328765625 0.7006832796875 0.5328125 0.721875 0.5328125
5 0.65625 0.5052426640625 0.6186419812499999 0.5052426640625 0.6186419812499999 0.5277507015625 0.65625 0.5277507015625
5 0.74989198125 0.49531250000000016 0.72979551875 0.49531250000000016 0.72979551875 0.5390625000000002 0.74989198125 0.5390625000000002
5 0.496875 0.490625 0.47624597968750004 0.490625 0.47624597968750004 0.5421875 0.496875 0.5421875
5 0.68125 0.50625 0.638761053125 0.50625 0.638761053125 0.528125 0.68125 0.528125
5 0.6999598078125 0.5 0.67504019375 0.5 0.67504019375 0.5390625 0.6999598078125 0.5390625
5 0.5546875 0.49700060312499994 0.53125 0.49700060312499994 0.53125 0.5421875 0.5546875 0.5421875
5 0.51875 0.4953125 0.50010801875 0.4953125 0.50010801875 0.546875 0.51875 0.546875
5 0.4 0.5 0.3766026921875001 0.5 0.3766026921875001 0.54375 0.4 0.54375
5 0.54520448125 0.5046875 0.52510801875 0.5046875 0.52510801875 0.5390625 0.54520448125 0.5390625
5 0.3795794812500001 0.500125603125 0.3594830187500001 0.500125603125 0.3594830187500001 0.5453125 0.3795794812500001 0.5453125
5 0.4609375 0.5114097671875 0.41506732187499995 0.5114097671875 0.41506732187499995 0.534375 0.4609375 0.534375
5 0.46875 0.50188404375 0.45222317187499994 0.50188404375 0.45222317187499994 0.5453125 0.46875 0.5453125
5 0.26250000000000007 0.5086892078125 0.21972970312500012 0.5086892078125 0.21972970312500012 0.5375 0.26250000000000007 0.5375
5 0.2812500000000001 0.50188404375 0.25661675937500006 0.50188404375 0.25661675937500006 0.5453125 0.2812500000000001 0.5453125
5 0.2296875000000001 0.5155546625 0.19369473437500004 0.5155546625 0.19369473437500004 0.5359375 0.2296875000000001 0.5359375
5 0.30156250000000007 0.5003441515625 0.2781049031250001 0.5003441515625 0.2781049031250001 0.5515625 0.30156250000000007 0.5515625
5 0.7296875 0.5484375000000001 0.6916323359375001 0.5484375 0.6916323359375001 0.5671875000000001 0.7296875 0.5671875000000002
5 0.5828125 0.5471362531249999 0.547515575 0.5471362531249999 0.547515575 0.56875 0.5828125 0.56875
5 0.6078125 0.5476863937500001 0.568817825 0.5476863937500001 0.568817825 0.5671875 0.6078125 0.5671875
5 0.6796875 0.55 0.6446066109374999 0.55 0.6446066109374999 0.5671875 0.6796875 0.5671875
5 0.7546875 0.5494649312500001 0.7143388265625 0.54946493125 0.7143388265625 0.5687500000000001 0.7546875 0.5687500000000002
5 0.6546875 0.5479376 0.615625 0.5479376 0.615625 0.5671875 0.6546875 0.5671875
5 0.6203125 0.540461715625 0.60167051875 0.540461715625 0.60167051875 0.578125 0.6203125 0.578125
5 0.546875 0.54375 0.5290142671875 0.54375 0.5290142671875 0.5796875 0.546875 0.5796875
5 0.7109375 0.5504195140625 0.6621784578125001 0.5504195140625 0.6621784578125001 0.572927553125 0.7109375 0.572927553125
5 0.4609375 0.5503742968750001 0.4174487546875 0.5503742968750001 0.4174487546875 0.5765625 0.4609375 0.5765625
5 0.403125 0.5435188906249999 0.3812500000000001 0.5435188906249999 0.3812500000000001 0.5859375 0.403125 0.5859375
5 0.4375 0.551371584375 0.38957998281250006 0.551371584375 0.38957998281250006 0.578125 0.4375 0.578125
5 0.3324155953125001 0.5422678859375 0.3050844046875001 0.5422678859375 0.3050844046875001 0.590625 0.3324155953125001 0.590625
5 0.3546875000000001 0.5422678859375 0.3312901921875001 0.5422678859375 0.3312901921875001 0.590625 0.3546875000000001 0.590625
5 0.2730405953125001 0.547068428125 0.24570940468750008 0.547068428125 0.24570940468750008 0.5875 0.2730405953125001 0.5875
5 0.38750000000000007 0.5564735734374999 0.34843750000000007 0.5564735734374999 0.34843750000000007 0.578125 0.38750000000000007 0.578125
5 0.3078125000000001 0.55 0.2859450359375001 0.55 0.2859450359375001 0.5890625 0.3078125000000001 0.5890625
5 0.26250000000000007 0.556445940625 0.21983018437500007 0.556445940625 0.21983018437500007 0.5837771296875001 0.26250000000000007 0.5837771296875001
5 0.478125 0.5578928859375 0.4357164375 0.5578928859375 0.4357164375 0.5828125 0.478125 0.5828125
5 0.49370980624999994 0.5484375 0.46879019218750007 0.5484375 0.46879019218750007 0.5921875 0.49370980624999994 0.5921875
5 0.5234375 0.5515625 0.49995980624999997 0.5515625 0.49995980624999997 0.590625 0.5234375 0.590625
5 0.2312500000000001 0.55 0.2011103296875001 0.55 0.2011103296875001 0.59375 0.2312500000000001 0.59375
5 0.7828125 0.6125000000000002 0.746875 0.6125000000000002 0.746875 0.6234375000000002 0.7828125 0.6234375000000002
5 0.7640625 0.6085887265625002 0.729343346875 0.6085887265625002 0.729343346875 0.6310967640625001 0.7640625 0.6310967640625001
5 0.4421875 0.6114399109375 0.3987590437500001 0.6114399109375 0.3987590437500001 0.634375 0.4421875 0.634375
5 0.3609375000000001 0.6016428859375 0.33477190468750007 0.6016428859375 0.33477190468750007 0.65 0.3609375000000001 0.65
5 0.40625 0.6078125 0.3828526937500001 0.6078125 0.3828526937500001 0.646875 0.40625 0.646875
5 0.3109375000000001 0.603125 0.2912605500000001 0.603125 0.2912605500000001 0.6546875 0.3109375000000001 0.6546875
5 0.3828125000000001 0.610734025 0.3604175046875001 0.610734025 0.3604175046875001 0.6515625 0.3828125000000001 0.6515625
5 0.3359375000000001 0.61080185 0.3149166000000001 0.61080185 0.3149166000000001 0.65625 0.3359375000000001 0.65625
5 0.2484375000000001 0.621508240625 0.20310490468750012 0.621508240625 0.20310490468750012 0.6453125 0.2484375000000001 0.6453125
5 0.2609375000000001 0.6123869562500001 0.2415820937500001 0.6123869562500001 0.2415820937500001 0.653125 0.2609375000000001 0.653125
5 0.3000000000000001 0.6225557671875 0.25714931718750006 0.6225557671875 0.25714931718750006 0.6484375 0.3000000000000001 0.6484375
5 0.7890625 0.6481486140625001 0.7485153734375001 0.6481486140625001 0.7485153734375001 0.6671875000000002 0.7890625 0.6671875000000002
5 0.7578125 0.6392810484375002 0.7362665796875 0.6392810484375002 0.7362665796875 0.6781250000000002 0.7578125 0.6781250000000002
5 0.43120980624999994 0.6466438921875 0.40629019218750007 0.6466438921875 0.40629019218750007 0.6890625 0.43120980624999994 0.6890625
5 0.2953125000000001 0.65625 0.2551647921875001 0.65625 0.2551647921875001 0.6808329984375 0.2953125000000001 0.6808329984375
5 0.38750000000000007 0.65625 0.3565715421875001 0.65625 0.3565715421875001 0.680556671875 0.38750000000000007 0.680556671875
5 0.40625 0.6513992171874999 0.3828526937500001 0.6513992171874999 0.3828526937500001 0.6890625 0.40625 0.6890625
5 0.31718750000000007 0.6626080187500001 0.2759420203125001 0.6626080187500001 0.2759420203125001 0.684375 0.31718750000000007 0.684375
5 0.2750000000000001 0.662090534375 0.2321191734375001 0.662090534375 0.2321191734375001 0.684375 0.2750000000000001 0.684375
5 0.3453125000000001 0.6598296828125 0.3016428843750001 0.6598296828125 0.3016428843750001 0.6859375 0.3453125000000001 0.6859375
5 0.3687500000000001 0.6591991562499999 0.3261706203125001 0.6591991562499999 0.3261706203125001 0.6859375 0.3687500000000001 0.6859375
5 0.24375000000000008 0.6580737531249999 0.21250000000000008 0.6580737531249999 0.21250000000000008 0.69375 0.24375000000000008 0.69375
5 0.5765625000000002 0.728125 0.5375000000000002 0.728125 0.5375000000000002 0.7453125 0.5765625000000002 0.7453125
5 0.5452044812500001 0.71875 0.52510801875 0.71875 0.5251080187500001 0.7578125 0.5452044812500001 0.7578125
5 0.5984375000000002 0.728569634375 0.5594227281250002 0.728569634375 0.5594227281250002 0.7484375 0.5984375000000002 0.7484375
5 0.6875000000000002 0.7815338625 0.6591564500000001 0.7815338625 0.6591564500000001 0.8 0.6875000000000002 0.8
5 0.7045794828125002 0.7768915796875 0.6844830187500002 0.7768915796875 0.6844830187500002 0.8078125 0.7045794828125002 0.8078125
5 0.6671875000000002 0.78125 0.6354124796875003 0.78125 0.6354124796875003 0.803125 0.6671875000000002 0.803125
5 0.5932777343750002 0.7810540593749999 0.5755928468750001 0.7810540593749999 0.5755928468750001 0.8078125 0.5932777343750002 0.8078125
5 0.6453125000000002 0.7844528734375 0.6121985531250002 0.7844528734375 0.6121985531250002 0.8015625 0.6453125000000002 0.8015625
5 0.5734375000000002 0.7811218859375 0.5565388875000001 0.7811218859375 0.5565388875000001 0.8125 0.5734375000000002 0.8125
5 0.5531250000000002 0.784375 0.5324959812500002 0.784375 0.5324959812500002 0.81875 0.5531250000000002 0.81875
5 0.6234375 0.24218750000000008 0.5648462624999999 0.24218750000000008 0.5648462624999999 0.2665795812500001 0.6234375 0.2665795812500001
5 0.6515625 0.2429461421875001 0.584965334375 0.2429461421875001 0.584965334375 0.2671875000000001 0.6515625 0.2671875000000001
5 0.5578125 0.22845408125000008 0.5192172421875 0.22845408125000008 0.5192172421875 0.2828125000000001 0.5578125 0.2828125000000001
5 0.58433480625 0.2281375609375001 0.5594151921875 0.2281375609375001 0.5594151921875 0.2827999406250001 0.58433480625 0.2827999406250001