5 0.6359375 0.3177329000000001 0.580483490625 0.3177329000000001 0.580483490625 0.34682095000000007 0.6359375 0.34682095000000007
5 0.06875000000000005 0.3134384828125 0.01481426875000004 0.3134384828125 0.014814268750000043 0.3609375 0.06875000000000005 0.3609375
5 0.853125 0.3138020828125001 0.8107409593750001 0.3138020828125001 0.8107409593750001 0.3703125000000001 0.853125 0.3703125000000001
5 0.521875 0.3992384031250001 0.4712804640625 0.3992384031250001 0.4712804640625 0.43125 0.521875 0.43125
5 0.42280856875 0.40261399375 0.3740664296875001 0.40261399375 0.3740664296875001 0.4390625 0.42280856875 0.4390625
5 0.31718750000000007 0.3953518078125 0.2796875000000001 0.3953518078125 0.2796875000000001 0.446875 0.31718750000000007 0.446875
5 0.37187500000000007 0.402599253125 0.3218750000000001 0.402599253125 0.3218750000000001 0.44375 0.37187500000000007 0.44375
5 0.18281250000000004 0.3909443796875 0.13568691093750004 0.3909443796875 0.13568691093750004 0.4578125 0.18281250000000004 0.4578125
5 0.47491647031250006 0.407163915625 0.4238158421875 0.407163915625 0.4238158421875 0.44375 0.47491647031250006 0.44375
5 0.58125 0.41031348124999995 0.5274715015625 0.41031348124999995 0.5274715015625 0.4421875 0.58125 0.4421875
5 0.7328125 0.39992138437500013 0.692669025 0.39992138437500013 0.692669025 0.4546875000000001 0.7328125 0.4546875000000002
5 0.08593750000000004 0.407286753125 0.01875000000000005 0.407286753125 0.01875000000000005 0.4484375 0.08593750000000004 0.4484375
5 0.6734375 0.4034984265625 0.6363502343749999 0.4034984265625 0.6363502343749999 0.4546875 0.6734375 0.4546875
5 0.784375 0.4006534984375002 0.7472975640625 0.4006534984375002 0.7472975640625 0.4578125000000002 0.784375 0.4578125000000002
5 0.14062500000000006 0.40729658124999996 0.08750000000000005 0.40729658124999996 0.08750000000000005 0.4578125 0.14062500000000006 0.4578125
5 0.840625 0.40336084843750014 0.803125 0.40336084843750014 0.803125 0.46406250000000016 0.840625 0.46406250000000016
5 0.4104559734375 0.5566430812500001 0.36485848906250007 0.5566430812500001 0.36485848906250007 0.58101415 0.4104559734375 0.58101415
5 0.24218750000000008 0.546875 0.2047415500000001 0.546875 0.2047415500000001 0.5953125 0.24218750000000008 0.5953125
5 0.463806996875 0.554972484375 0.420568003125 0.554972484375 0.420568003125 0.588777515625 0.463806996875 0.588777515625
5 0.20468750000000008 0.554972484375 0.1529579406250001 0.554972484375 0.1529579406250001 0.588777515625 0.20468750000000008 0.588777515625
5 0.2906250000000001 0.5484375 0.2601513359375001 0.5484375 0.2601513359375001 0.5984375 0.2906250000000001 0.5984375
5 0.3625000000000001 0.559674725 0.3140625000000001 0.559674725 0.3140625000000001 0.588762775 0.3625000000000001 0.588762775
5 0.7828125 0.5539357312500002 0.7443936718749999 0.5539357312500002 0.7443936718749999 0.6046875000000002 0.7828125 0.6046875000000002
5 0.7296875 0.5627702437500001 0.6826601812499999 0.56277024375 0.6826601812499999 0.60129225625 0.7296875 0.6012922562500002
5 0.840625 0.5634139140625002 0.78813875625 0.5634139140625002 0.78813875625 0.6031250000000001 0.840625 0.6031250000000001
5 0.1437500000000001 0.6226120296875 0.09652613906250007 0.6226120296875 0.09652613906250009 0.6807881296875 0.1437500000000001 0.6807881296875
5 0.08750000000000008 0.631711871875 0.04735652500000008 0.631711871875 0.04735652500000008 0.68125 0.08750000000000009 0.68125
5 0.4203125 0.6409443796875001 0.3700226031250001 0.6409443796875001 0.3700226031250001 0.6765625 0.4203125 0.6765625
5 0.4671875 0.6425265328124999 0.4226169421875 0.6425265328124999 0.4226169421875 0.678125 0.4671875 0.678125
5 0.2062500000000001 0.640099253125 0.1592226812500001 0.640099253125 0.1592226812500001 0.68125 0.2062500000000001 0.68125
5 0.5125 0.6359571546875 0.4726316828125 0.6359571546875 0.4726316828125 0.690625 0.5125 0.690625
5 0.3671875000000001 0.6451994890625 0.3187500000000001 0.6451994890625 0.3187500000000001 0.6796875 0.3671875000000001 0.6796875
5 0.2500000000000001 0.6394408406250001 0.2171875000000001 0.6394408406250001 0.2171875000000001 0.6890625 0.2500000000000001 0.6890625
5 0.3078125000000001 0.6390625 0.27056800312500007 0.6390625 0.27056800312500007 0.69375 0.3078125000000001 0.69375
5 0.615625 0.6444722875 0.5767688671875 0.6444722875 0.5767688671875 0.6921875 0.615625 0.6921875
5 0.6703125 0.6421285375 0.630395046875 0.6421285375 0.630395046875 0.696875 0.6703125 0.696875
5 0.7296875 0.65105149375 0.677957940625 0.65105149375 0.677957940625 0.6875000000000001 0.7296875 0.6875000000000002
5 0.5703125 0.64672268125 0.521875 0.64672268125 0.521875 0.69375 0.5703125 0.69375
5 0.7765625 0.6588787343750002 0.73125 0.6588787343750002 0.73125 0.6906250000000002 0.7765625 0.6906250000000002
5 0.4109375000000002 0.8299036953125001 0.3727446937500001 0.8299036953125001 0.3727446937500001 0.8875 0.4109375000000002 0.8875
5 0.4625000000000002 0.8411261796874999 0.41787047968750024 0.8411261796874999 0.41787047968750024 0.8859375 0.4625000000000002 0.8859375
5 0.5093750000000001 0.8458431609374999 0.45744890000000016 0.8458431609374999 0.45744890000000016 0.88125 0.5093750000000001 0.88125
5 0.5558716578125001 0.8426051484375 0.5173496453125002 0.8426051484375 0.5173496453125002 0.890625 0.5558716578125001 0.890625
5 0.6062500000000002 0.8455680031249999 0.5656250000000002 0.8455680031249999 0.5656250000000002 0.8888069968750001 0.6062500000000002 0.8888069968750001
5 0.6546875000000002 0.84714524375 0.6174577437500002 0.84714524375 0.6174577437500002 0.88566725625 0.6546875000000002 0.88566725625
5 0.7531250000000002 0.8475284984375 0.7092325078125001 0.8475284984375 0.7092325078125001 0.8875 0.7531250000000002 0.8875
5 0.7031250000000002 0.8518180031249999 0.6560976812500001 0.8518180031249999 0.6560976812500001 0.8950569968750001 0.7031250000000002 0.8950569968750001
5 0.7968750000000002 0.8600284984375 0.7557242531250001 0.8600284984375 0.7557242531250001 0.9009090015625001 0.7968750000000002 0.9009090015625001
5 0.6390625 0.1384139140625001 0.5938237015625 0.1384139140625001 0.5938237015625 0.1965900156250001 0.6390625 0.1965900156250001
5 0.7671875 0.1461035781250001 0.705896225 0.1461035781250001 0.705896225 0.18750000000000008 0.7671875 0.18750000000000008
5 0.815625 0.1390625000000001 0.773697915625 0.1390625000000001 0.773697915625 0.1984375000000001 0.815625 0.1984375000000001
5 0.578125 0.14531250000000007 0.5333185921875 0.14531250000000004 0.5333185921875 0.19843750000000007 0.578125 0.1984375000000001
5 0.7 0.1426051500000001 0.6478871859375 0.1426051500000001 0.6478871859375 0.20312500000000008 0.7 0.20312500000000008
5 0.8734375 0.14282134531250007 0.83166765 0.14282134531250007 0.83166765 0.2015625000000001 0.8734375 0.2015625000000001
5 0.3092669015625 0.30018671406249997 0.27546187031249997 0.30018671406249997 0.27546187031249997 0.353125 0.3092669015625 0.353125
5 0.17187500000000006 0.298157428125 0.14062500156250005 0.298157428125 0.14062500156250005 0.3578125 0.17187500000000006 0.3578125
5 0.409375 0.3041273578125001 0.37863600625 0.3041273578125001 0.37863600625 0.3528694968750001 0.409375 0.3528694968750001
5 0.3609375 0.303125 0.3302869484375 0.303125 0.3302869484375 0.353125 0.3609375 0.353125
5 0.5125 0.3053999593750001 0.47905856875 0.3053999593750001 0.47905856875 0.3531250000000001 0.5125 0.3531250000000001
5 0.5686812109375 0.3033903296875001 0.5348761796875 0.3033903296875001 0.5348761796875 0.35625000000000007 0.5686812109375 0.35625000000000007
5 0.7453125 0.3161507468750001 0.6896521234375 0.3161507468750001 0.6896521234375 0.3452387968750001 0.7453125 0.3452387968750001
5 0.790625 0.2992727984375001 0.7526385609374999 0.2992727984375001 0.7526385609374999 0.3609375000000001 0.790625 0.3609375000000001
5 0.45625 0.3046875000000001 0.42558962187500005 0.3046875000000001 0.42558962187500005 0.3578125000000001 0.45625 0.3578125000000001