23 0.8515625 0.3801297156250001 0.7792895046874999 0.3801297156250001 0.7792895046874999 0.42968750000000017 0.8515625 0.42968750000000017
23 0.18906250000000002 0.13727397812500003 0.1345911953125 0.137273978125 0.13459119531250002 0.2078125 0.18906250000000005 0.2078125
23 0.25 0.14448702812500003 0.1765625 0.144487028125 0.1765625 0.19687500000000002 0.25 0.19687500000000005
23 0.2875 0.13883647812500005 0.2390625 0.13883647812500005 0.2390625 0.209375 0.2875 0.209375
23 0.346875 0.14701257812500004 0.278125 0.14701257812500004 0.278125 0.19843750000000004 0.346875 0.19843750000000004
23 0.4 0.14694870312500002 0.3287047953125 0.14694870312500002 0.3287047953125 0.19804933125000004 0.4 0.19804933125000004
23 0.44999017343750003 0.14912047968750003 0.378125 0.14912047968750003 0.378125 0.19687500000000005 0.44999017343750003 0.19687500000000005
23 0.4984375 0.14724351406250005 0.4267983484375 0.14724351406250005 0.4267983484375 0.19834414375000003 0.4984375 0.19834414375000003
23 0.540625 0.13827633593750005 0.4902663109375 0.13827633593750005 0.4902663109375 0.2062500000000001 0.540625 0.2062500000000001
23 0.5890625 0.13727397812500006 0.5390625 0.13727397812500003 0.5390625 0.2078125000000001 0.5890625 0.2078125000000001
23 0.640625 0.1363109281250001 0.5899616734375 0.1363109281250001 0.5899616734375 0.2078125000000001 0.640625 0.2078125000000001
23 0.690625 0.1357114781250001 0.6388954390625 0.1357114781250001 0.6388954390625 0.2062500000000001 0.690625 0.2062500000000001
23 0.7484375 0.1363109281250001 0.696373821875 0.1363109281250001 0.696373821875 0.2078125000000001 0.7484375 0.2078125000000001
23 0.08906250000000003 0.26183667499999996 0.020297759375000033 0.26183667499999996 0.020297759375000037 0.315625 0.08906250000000004 0.315625
23 0.14218750000000005 0.2652270046875 0.07324587343750003 0.2652270046875 0.07324587343750003 0.315625 0.14218750000000005 0.315625
23 0.18281250000000004 0.2561566421875 0.13267983593750005 0.2561566421875 0.13267983593750005 0.325 0.18281250000000004 0.325
23 0.2421875 0.26520735 0.17124607031250005 0.26520735 0.17124607031250005 0.315625 0.2421875 0.315625
23 0.2828125 0.254972484375 0.2323555421875 0.254972484375 0.2323555421875 0.3265625 0.2828125 0.3265625
23 0.3328125 0.2546875 0.28382468437499997 0.2546875 0.28382468437499997 0.3265625 0.3328125 0.3265625
23 0.39375 0.2648339234375 0.321875 0.2648339234375 0.321875 0.31562500000000004 0.39375 0.3156250000000001
23 0.434375 0.2549724843750001 0.3842619890625 0.2549724843750001 0.3842619890625 0.3265625000000001 0.434375 0.3265625000000001
23 0.49375 0.2654628531250001 0.4223073890625 0.2654628531250001 0.4223073890625 0.3156250000000001 0.49375 0.3156250000000001
23 0.5359375 0.25655463750000007 0.4855198515625 0.25655463750000007 0.4855198515625 0.3281250000000001 0.5359375 0.3281250000000001
23 0.5828125 0.25655463750000007 0.5337853765625 0.25655463750000007 0.5337853765625 0.3281250000000001 0.5828125 0.3281250000000001
23 0.634375 0.25655463750000007 0.583633059375 0.25655463750000007 0.583633059375 0.3281250000000001 0.634375 0.3281250000000001
23 0.6953125 0.2651582156250001 0.6235652515625 0.2651582156250001 0.6235652515625 0.3156250000000001 0.6953125 0.3156250000000001
23 0.7453125 0.26547268125000006 0.6738797171875001 0.26547268125000006 0.6738797171875001 0.3156250000000001 0.7453125 0.3156250000000001
23 0.796875 0.2648634046875001 0.726277515625 0.2648634046875001 0.726277515625 0.3156250000000001 0.796875 0.3156250000000001
23 0.8375 0.2549724843750001 0.7875 0.2549724843750001 0.7875 0.3265625000000001 0.8375 0.3265625000000001
23 0.8984375 0.2648634046875001 0.8265625 0.2648634046875001 0.8265625 0.3156250000000001 0.8984375 0.3156250000000001
23 0.9484375 0.2643917062500001 0.8765625 0.2643917062500001 0.8765625 0.3125000000000001 0.9484375 0.3125000000000001
23 0.996875 0.2636055421875001 0.925953225 0.2636055421875001 0.925953225 0.3140625000000001 0.996875 0.3140625000000001
23 0.05468750000000004 0.3862765328125 4.730523194945657e-17 0.3862765328125 4.967636045660954e-17 0.425 0.05468750000000004 0.425
23 0.08593750000000004 0.370867728125 0.03750000000000005 0.370867728125 0.03750000000000005 0.443194771875 0.08593750000000004 0.443194771875
23 0.13750000000000004 0.370867728125 0.08773093593750005 0.370867728125 0.08773093593750005 0.443194771875 0.13750000000000004 0.443194771875
23 0.18906250000000005 0.3712706375 0.13900845156250002 0.3712706375 0.13900845156250002 0.44359768125 0.18906250000000005 0.44359768125
23 0.25295302656250007 0.381500590625 0.18062598281250003 0.381500590625 0.18062598281250003 0.43260121875 0.25295302656250007 0.43260121875
23 0.2919565640625001 0.370867728125 0.24085593593750007 0.370867728125 0.24085593593750007 0.443194771875 0.2919565640625001 0.443194771875
23 0.35625000000000007 0.38320558125000004 0.2844093953125001 0.38320558125000004 0.2844093953125001 0.4328125 0.35625000000000007 0.4328125
23 0.3921875000000001 0.370867728125 0.34437892968750006 0.370867728125 0.34437892968750006 0.443194771875 0.3921875000000001 0.443194771875
23 0.4390625 0.37008647812500006 0.39098368750000007 0.37008647812500006 0.39098368750000007 0.44375 0.4390625 0.44375
23 0.5 0.3843750000000001 0.4282478390625 0.3843750000000001 0.4282478390625 0.4328125 0.5 0.4328125
23 0.5390625 0.3728527906250001 0.4906593953125 0.3728527906250001 0.4906593953125 0.445179834375 0.5390625 0.445179834375
23 0.5859375 0.37127063750000006 0.538124015625 0.37127063750000006 0.538124015625 0.44359768125 0.5859375 0.44359768125
23 0.6359375 0.37127063750000006 0.5879716968750001 0.37127063750000006 0.5879716968750001 0.44359768125 0.6359375 0.44359768125
23 0.6984375 0.3831023968750001 0.626754128125 0.3831023968750001 0.626754128125 0.4342030265625 0.6984375 0.4342030265625
23 0.7494054625000001 0.3818445359375001 0.6770784187500001 0.3818445359375001 0.6770784187500001 0.4328125000000001 0.7494054625000001 0.43281250000000016
23 0.8012922546875 0.3821688281250001 0.7289652109375 0.3821688281250001 0.7289652109375 0.43281250000000016 0.8012922546875 0.43281250000000016
23 0.890625 0.3693052265625001 0.8428164312499999 0.3693052265625001 0.8428164312499999 0.44163227343750017 0.890625 0.44163227343750017
23 0.9494791671874999 0.3831220531250001 0.8818691031249999 0.3831220531250001 0.8818691031249999 0.4312500000000002 0.9494791671874999 0.4312500000000002
23 0.04218750000000008 0.5979363203125 0.0001326640625000732 0.5979363203125 0.00013266406250007773 0.671875 0.04218750000000008 0.671875
23 0.10000000000000009 0.6100579796875001 0.026788521875000075 0.6100579796875001 0.026788521875000075 0.6578125 0.10000000000000009 0.6578125
23 0.13437500000000008 0.5979363203125 0.08638954531250007 0.5979363203125 0.08638954531250008 0.671875 0.13437500000000008 0.671875
23 0.18750000000000008 0.5954697328125 0.1357704406250001 0.5954697328125 0.1357704406250001 0.6701552671875 0.18750000000000008 0.6701552671875
23 0.2500000000000001 0.6062991359375001 0.1760514937500001 0.6062991359375001 0.1760514937500001 0.659375 0.2500000000000001 0.659375
23 0.29375000000000007 0.594398584375 0.24067413593750006 0.594398584375 0.24067413593750006 0.6745872625 0.29375000000000007 0.6745872625