23 0.2234375000000001 0.3796875 0.15195312500000005 0.3796875 0.15195312500000005 0.4296875 0.2234375000000001 0.4296875
23 0.871875 0.14609375000000008 0.801171875 0.14609375000000008 0.801171875 0.2015625000000001 0.871875 0.2015625000000001
23 0.8125 0.13476562500000008 0.759375 0.13476562500000008 0.759375 0.2078125000000001 0.8125 0.2078125000000001
23 0.771875 0.1507812500000001 0.70078125 0.1507812500000001 0.70078125 0.1984375000000001 0.771875 0.1984375000000001
23 0.7140625 0.13867187500000008 0.6609375 0.13867187500000008 0.6609375 0.2078125000000001 0.7140625 0.2078125000000001
23 0.671875 0.1476562500000001 0.600390625 0.1476562500000001 0.600390625 0.1984375000000001 0.671875 0.1984375000000001
23 0.621875 0.1492187500000001 0.55078125 0.1492187500000001 0.55078125 0.19687500000000008 0.621875 0.19687500000000008
23 0.5734375 0.14843750000000006 0.501953125 0.14843750000000006 0.501953125 0.19843750000000007 0.5734375 0.1984375000000001
23 0.5203125 0.14882812500000003 0.451171875 0.14882812500000003 0.451171875 0.19843750000000004 0.5203125 0.19843750000000004
23 0.4625 0.13750000000000004 0.4125 0.13750000000000004 0.4125 0.2093750000000001 0.4625 0.2093750000000001
23 0.421875 0.14765625000000004 0.350390625 0.14765625000000004 0.350390625 0.19843750000000004 0.421875 0.19843750000000004
23 0.3734375 0.14531250000000004 0.3015625 0.14531250000000004 0.3015625 0.19843750000000004 0.3734375 0.19843750000000004
23 0.30625 0.13750000000000004 0.253125 0.13750000000000004 0.253125 0.209375 0.30625 0.209375
23 0.978125 0.2613281250000001 0.908984375 0.2613281250000001 0.908984375 0.3167968750000001 0.978125 0.3167968750000001
23 0.915625 0.25664062500000007 0.866015625 0.25664062500000007 0.866015625 0.32500000000000007 0.915625 0.32500000000000007
23 0.875 0.2660156250000001 0.80625 0.2660156250000001 0.80625 0.3156250000000001 0.875 0.3156250000000001
23 0.8171875 0.25468750000000007 0.766796875 0.25468750000000007 0.766796875 0.3265625000000001 0.8171875 0.3265625000000001
23 0.778125 0.2656250000000001 0.706640625 0.2656250000000001 0.706640625 0.3156250000000001 0.778125 0.3156250000000001
23 0.715625 0.25468750000000007 0.665625 0.25468750000000007 0.665625 0.3265625000000001 0.715625 0.3265625000000001
23 0.678125 0.2648437500000001 0.606640625 0.2648437500000001 0.606640625 0.3156250000000001 0.678125 0.3156250000000001
23 0.6265625 0.2656250000000001 0.555078125 0.2656250000000001 0.555078125 0.3156250000000001 0.6265625 0.3156250000000001
23 0.5671875 0.25468750000000007 0.516796875 0.25468750000000007 0.516796875 0.3265625000000001 0.5671875 0.3265625000000001
23 0.515625 0.2562500000000001 0.465625 0.2562500000000001 0.465625 0.3281250000000001 0.515625 0.3281250000000001
23 0.4671875 0.2562500000000001 0.416796875 0.2562500000000001 0.416796875 0.3281250000000001 0.4671875 0.3281250000000001
23 0.4171875 0.2562500000000001 0.366796875 0.2562500000000001 0.366796875 0.3281250000000001 0.4171875 0.3281250000000001
23 0.378125 0.26562500000000006 0.306640625 0.265625 0.306640625 0.31562500000000004 0.378125 0.3156250000000001
23 0.3171875 0.2546875 0.267578125 0.2546875 0.267578125 0.3265625 0.3171875 0.3265625
23 0.265625 0.2546875 0.215625 0.2546875 0.215625 0.3265625 0.265625 0.3265625
23 0.215625 0.2546875 0.16562500000000005 0.2546875 0.16562500000000005 0.3265625 0.215625 0.3265625
23 0.16562500000000005 0.2546875 0.11601562500000004 0.2546875 0.11601562500000004 0.3265625 0.16562500000000005 0.3265625
23 0.11562500000000005 0.253125 0.06718750000000002 0.253125 0.06718750000000004 0.325 0.11562500000000005 0.325
23 0.06718750000000004 0.253125 0.017578125000000035 0.253125 0.017578125000000035 0.325 0.06718750000000004 0.325
23 1 0.3847656250000001 0.9453125 0.3847656250000001 0.9453125 0.42500000000000016 1 0.42500000000000016
23 0.9609375 0.3703125000000001 0.9125 0.3703125000000001 0.9125 0.4421875000000002 0.9609375 0.4421875000000002
23 0.9109375 0.3703125000000001 0.861328125 0.3703125000000001 0.861328125 0.4421875000000002 0.9109375 0.4421875000000002
23 0.8703125 0.3812500000000001 0.798828125 0.3812500000000001 0.798828125 0.4312500000000002 0.8703125 0.4312500000000002
23 0.8078125 0.3703125000000001 0.758203125 0.3703125000000001 0.758203125 0.4421875000000002 0.8078125 0.4421875000000002
23 0.7578125 0.3703125000000001 0.708203125 0.3703125000000001 0.708203125 0.44218750000000007 0.7578125 0.4421875000000002
23 0.715625 0.3828125000000001 0.644140625 0.3828125000000001 0.644140625 0.4328125 0.715625 0.4328125
23 0.6671875 0.3820312500000001 0.59609375 0.3820312500000001 0.59609375 0.4296875 0.6671875 0.4296875
23 0.621875 0.38164062500000007 0.5484375 0.38164062500000007 0.5484375 0.4296875 0.621875 0.4296875
23 0.5609375 0.37187500000000007 0.5125 0.37187500000000007 0.5125 0.44375 0.5609375 0.44375
23 0.521875 0.38359375000000007 0.45078125 0.38359375000000007 0.45078125 0.43125 0.521875 0.43125
23 0.4640625 0.3703125000000001 0.415625 0.3703125000000001 0.415625 0.4421875 0.4640625 0.4421875
23 0.425 0.38203125000000004 0.3539062500000001 0.38203125 0.3539062500000001 0.4296875 0.425 0.4296875
23 0.36406250000000007 0.37187500000000007 0.3144531250000001 0.371875 0.3144531250000001 0.44375 0.36406250000000007 0.44375
23 0.3140625000000001 0.3703125 0.26445312500000007 0.3703125 0.26445312500000007 0.4421875 0.3140625000000001 0.4421875
23 0.26250000000000007 0.3703125 0.21289062500000008 0.3703125 0.21289062500000008 0.4421875 0.26250000000000007 0.4421875
23 0.16093750000000004 0.36875 0.11250000000000004 0.36875 0.11250000000000004 0.440625 0.16093750000000004 0.440625
23 0.11250000000000004 0.3734375 0.06406250000000005 0.3734375 0.06406250000000005 0.440625 0.11250000000000004 0.440625
23 0.9984375 0.5957031250000002 0.955859375 0.5957031250000002 0.955859375 0.6687500000000002 0.9984375 0.6687500000000002
23 0.971875 0.6082031250000002 0.8984375 0.6082031250000002 0.8984375 0.6562500000000002 0.971875 0.6562500000000002
23 0.9125 0.5957031250000002 0.8640625 0.5957031250000002 0.8640625 0.6687500000000002 0.9125 0.6687500000000002
23 0.8640625 0.5933593750000001 0.8109375 0.5933593750000001 0.8109375 0.6671875000000002 0.8640625 0.6671875000000002
23 0.82265625 0.6042968750000002 0.7484375 0.6042968750000002 0.7484375 0.6562500000000002 0.82265625 0.6562500000000002
23 0.771875 0.6054687500000001 0.69296875 0.60546875 0.69296875 0.6578125000000001 0.771875 0.6578125000000001