23 0.2132812500000001 0.36875 0.16250000000000003 0.36875 0.16250000000000003 0.440625 0.2132812500000001 0.440625
23 0.86484375 0.1375000000000001 0.809375 0.1375000000000001 0.809375 0.2093750000000001 0.86484375 0.2093750000000001
23 0.8125 0.13437500000000008 0.759375 0.13437500000000008 0.759375 0.20859375000000008 0.8125 0.20859375000000008
23 0.7609375 0.1390625000000001 0.7125 0.1390625000000001 0.7125 0.21093750000000008 0.7609375 0.21093750000000008
23 0.7140625 0.1390625000000001 0.6609375 0.1390625000000001 0.6609375 0.20859375000000008 0.7140625 0.20859375000000008
23 0.66171875 0.1375000000000001 0.6109375 0.1375000000000001 0.6109375 0.2093750000000001 0.66171875 0.2093750000000001
23 0.6109375 0.1375000000000001 0.5625 0.1375000000000001 0.5625 0.2093750000000001 0.6109375 0.2093750000000001
23 0.56328125 0.13750000000000007 0.5125 0.13750000000000004 0.5125 0.2093750000000001 0.56328125 0.2093750000000001
23 0.51171875 0.13906250000000003 0.4609375 0.13906250000000003 0.4609375 0.20859375000000008 0.51171875 0.20859375000000008
23 0.46328125 0.13750000000000004 0.4125 0.13750000000000004 0.4125 0.2093750000000001 0.46328125 0.2093750000000001
23 0.41171875 0.13750000000000004 0.3609375 0.13750000000000004 0.3609375 0.20937500000000003 0.41171875 0.2093750000000001
23 0.3640625 0.13593750000000004 0.3109375 0.13593750000000004 0.3109375 0.20781250000000004 0.3640625 0.2078125000000001
23 0.30625 0.13750000000000004 0.253125 0.13750000000000004 0.253125 0.209375 0.30625 0.209375
23 0.97109375 0.25468750000000007 0.915625 0.25468750000000007 0.915625 0.3242187500000001 0.97109375 0.3242187500000001
23 0.91640625 0.2562500000000001 0.865625 0.2562500000000001 0.865625 0.3257812500000001 0.91640625 0.3257812500000001
23 0.86640625 0.2562500000000001 0.815625 0.2562500000000001 0.815625 0.3257812500000001 0.86640625 0.3257812500000001
23 0.81796875 0.25468750000000007 0.7671875 0.25468750000000007 0.7671875 0.3265625000000001 0.81796875 0.3265625000000001
23 0.76796875 0.25468750000000007 0.7171875 0.25468750000000007 0.7171875 0.3265625000000001 0.76796875 0.3265625000000001
23 0.71640625 0.25468750000000007 0.665625 0.25468750000000007 0.665625 0.3265625000000001 0.71640625 0.3265625000000001
23 0.66796875 0.25468750000000007 0.6171875 0.25468750000000007 0.6171875 0.3265625000000001 0.66796875 0.3265625000000001
23 0.61640625 0.25468750000000007 0.565625 0.25468750000000007 0.565625 0.3265625000000001 0.61640625 0.3265625000000001
23 0.56796875 0.25468750000000007 0.5171875 0.25468750000000007 0.5171875 0.3265625000000001 0.56796875 0.3265625000000001
23 0.51640625 0.2562500000000001 0.465625 0.2562500000000001 0.465625 0.3281250000000001 0.51640625 0.3281250000000001
23 0.46796875 0.2562500000000001 0.4171875 0.2562500000000001 0.4171875 0.3281250000000001 0.46796875 0.3281250000000001
23 0.41796875 0.2562500000000001 0.3671875 0.2562500000000001 0.3671875 0.3281250000000001 0.41796875 0.3281250000000001
23 0.36796875 0.25468750000000007 0.3171875 0.2546875 0.3171875 0.32656250000000003 0.36796875 0.3265625000000001
23 0.31796875 0.2546875 0.2671875 0.2546875 0.2671875 0.3265625 0.31796875 0.3265625
23 0.26640625 0.2546875 0.215625 0.2546875 0.215625 0.3265625 0.26640625 0.3265625
23 0.21640625 0.2546875 0.16562500000000005 0.2546875 0.16562500000000005 0.3265625 0.21640625 0.3265625
23 0.16640625000000003 0.2546875 0.11562500000000005 0.2546875 0.11562500000000005 0.3265625 0.16640625000000003 0.3265625
23 0.11562500000000005 0.253125 0.06718750000000002 0.253125 0.06718750000000004 0.325 0.11562500000000005 0.325
23 0.06796875000000004 0.253125 0.017187500000000033 0.253125 0.017187500000000036 0.325 0.06796875000000005 0.325
23 1 0.3703125000000001 0.959375 0.3703125000000001 0.959375 0.4398437500000002 1 0.4398437500000002
23 0.9609375 0.3703125000000001 0.9125 0.3703125000000001 0.9125 0.4421875000000002 0.9609375 0.4421875000000002
23 0.91171875 0.3703125000000001 0.8609375 0.3703125000000001 0.8609375 0.4421875000000002 0.91171875 0.4421875000000002
23 0.86015625 0.3703125000000001 0.809375 0.3703125000000001 0.809375 0.4421875000000002 0.86015625 0.4421875000000002
23 0.80859375 0.3703125000000001 0.7578125 0.3703125000000001 0.7578125 0.4421875000000002 0.80859375 0.4421875000000002
23 0.75859375 0.3703125000000001 0.7078125 0.3703125000000001 0.7078125 0.44218750000000007 0.75859375 0.4421875000000002
23 0.70546875 0.37187500000000007 0.6546875 0.37187500000000007 0.6546875 0.44375 0.70546875 0.44375
23 0.65625 0.3703125000000001 0.6078125 0.3703125000000001 0.6078125 0.4421875 0.65625 0.4421875
23 0.609375 0.3687500000000001 0.5609375 0.3687500000000001 0.5609375 0.44296875 0.609375 0.44296875
23 0.5609375 0.37187500000000007 0.5125 0.37187500000000007 0.5125 0.44375 0.5609375 0.44375
23 0.5109375 0.37187500000000007 0.4625 0.37187500000000007 0.4625 0.44375 0.5109375 0.44375
23 0.4640625 0.3703125000000001 0.415625 0.3703125000000001 0.415625 0.4421875 0.4640625 0.4421875
23 0.4140625 0.3703125000000001 0.3656250000000001 0.3703125000000001 0.3656250000000001 0.4421875 0.4140625 0.4421875
23 0.3648437500000001 0.37187500000000007 0.3140625000000001 0.371875 0.3140625000000001 0.44375 0.3648437500000001 0.44375
23 0.3148437500000001 0.3703125 0.2640625000000001 0.3703125 0.2640625000000001 0.4421875 0.3148437500000001 0.4421875
23 0.2632812500000001 0.3703125 0.21250000000000008 0.3703125 0.21250000000000008 0.4421875 0.2632812500000001 0.4421875
23 0.16093750000000004 0.36875 0.11250000000000004 0.36875 0.11250000000000004 0.440625 0.16093750000000004 0.440625
23 0.11250000000000004 0.3734375 0.06406250000000005 0.3734375 0.06406250000000005 0.440625 0.11250000000000004 0.440625
23 0.99921875 0.5953125000000001 0.95625 0.5953125000000001 0.95625 0.6695312500000001 0.99921875 0.6695312500000001
23 0.959375 0.5953125000000001 0.9109375 0.5953125000000001 0.9109375 0.6695312500000001 0.959375 0.6695312500000001
23 0.9125 0.5953125000000001 0.8640625 0.5953125000000001 0.8640625 0.6695312500000001 0.9125 0.6695312500000001
23 0.8640625 0.5937500000000002 0.8109375 0.5937500000000002 0.8109375 0.6679687500000002 0.8640625 0.6679687500000002
23 0.8125 0.5937500000000002 0.759375 0.5937500000000002 0.759375 0.6679687500000002 0.8125 0.6679687500000002
23 0.759375 0.5921875000000001 0.70625 0.5921875 0.70625 0.6718750000000001 0.759375 0.6718750000000002