23 0.84119496875 0.3694968546875001 0.7900943390624999 0.3694968546875001 0.7900943390624999 0.44182390000000016 0.84119496875 0.44182390000000016
23 0.19025157187500003 0.13679245312500002 0.1344339625 0.136792453125 0.1344339625 0.209119496875 0.19025157187500003 0.209119496875
23 0.2405660375 0.13364779843750005 0.18710691875000002 0.13364779843750005 0.18710691875000002 0.20833333281250002 0.2405660375 0.20833333281250002
23 0.2877358484375 0.13836477968750005 0.2389937109375 0.13836477968750005 0.2389937109375 0.2106918234375 0.2877358484375 0.2106918234375
23 0.3396226421875 0.13836477968750005 0.286163521875 0.13836477968750005 0.286163521875 0.20833333281250002 0.3396226421875 0.20833333281250002
23 0.38993710625 0.13679245312500005 0.338836478125 0.13679245312500005 0.338836478125 0.20911949687500003 0.38993710625 0.2091194968750001
23 0.4386792453125 0.13679245312500005 0.38993710625 0.13679245312500005 0.38993710625 0.2091194968750001 0.4386792453125 0.2091194968750001
23 0.48899371093750005 0.13679245312500005 0.43789308125000004 0.13679245312500005 0.43789308125000004 0.2091194968750001 0.48899371093750005 0.2091194968750001
23 0.540880503125 0.13836477968750005 0.48977987343749996 0.13836477968750005 0.48977987343749996 0.2083333328125001 0.540880503125 0.2083333328125001
23 0.5896226421875 0.13679245312500005 0.5385220125 0.13679245312500005 0.5385220125 0.2091194968750001 0.5896226421875 0.2091194968750001
23 0.641509434375 0.13679245312500007 0.5904088046875 0.13679245312500007 0.5904088046875 0.2091194968750001 0.641509434375 0.2091194968750001
23 0.6918238999999999 0.1352201265625001 0.6383647796874999 0.1352201265625001 0.6383647796874999 0.20754717031250008 0.6918238999999999 0.20754717031250008
23 0.75 0.13679245312500007 0.69654088125 0.13679245312500007 0.69654088125 0.2091194968750001 0.75 0.2091194968750001
23 0.08333333281250004 0.25471698125 0.027515723437500035 0.25471698125 0.02751572343750004 0.32468553437500003 0.08333333281250005 0.32468553437500003
23 0.13364779843750005 0.25628930781250003 0.08254717031250002 0.25628930781250003 0.08254717031250003 0.32625786093750003 0.13364779843750005 0.32625786093750003
23 0.18396226406250005 0.25628930781250003 0.13286163593750006 0.25628930781250003 0.13286163593750006 0.32625786093750003 0.18396226406250005 0.32625786093750003
23 0.232704403125 0.25471698125 0.18160377343750006 0.25471698125 0.18160377343750006 0.327044025 0.232704403125 0.327044025
23 0.28301886718749997 0.25471698125 0.2319182390625 0.25471698125 0.2319182390625 0.327044025 0.28301886718749997 0.327044025
23 0.33490566093749996 0.25471698125 0.28380503125 0.25471698125 0.28380503125 0.327044025 0.33490566093749996 0.327044025
23 0.3836477984375 0.25471698125000003 0.3325471703125 0.25471698125 0.3325471703125 0.32704402500000007 0.3836477984375 0.32704402500000007
23 0.435534590625 0.2547169812500001 0.3844339625 0.2547169812500001 0.3844339625 0.32704402500000007 0.435534590625 0.32704402500000007
23 0.4842767296875 0.2547169812500001 0.4331761 0.2547169812500001 0.4331761 0.32704402500000007 0.4842767296875 0.32704402500000007
23 0.536163521875 0.2562893078125001 0.48506289375 0.2562893078125001 0.48506289375 0.32861635156250013 0.536163521875 0.32861635156250013
23 0.5849056609375001 0.2562893078125001 0.53380503125 0.2562893078125001 0.53380503125 0.32861635156250013 0.5849056609375001 0.32861635156250013
23 0.6352201265625 0.2562893078125001 0.584119496875 0.2562893078125001 0.584119496875 0.32861635156250013 0.6352201265625 0.32861635156250013
23 0.685534590625 0.2547169812500001 0.6344339625 0.2547169812500001 0.6344339625 0.32704402500000007 0.685534590625 0.32704402500000007
23 0.73584905625 0.2547169812500001 0.684748428125 0.2547169812500001 0.684748428125 0.32704402500000007 0.73584905625 0.32704402500000007
23 0.7877358484375 0.2547169812500001 0.7366352203125001 0.2547169812500001 0.7366352203125001 0.32704402500000007 0.7877358484375 0.32704402500000007
23 0.8380503140625001 0.2547169812500001 0.7869496859375 0.2547169812500001 0.7869496859375 0.32704402500000007 0.8380503140625001 0.32704402500000007
23 0.8883647796874999 0.2547169812500001 0.8372641515625 0.2547169812500001 0.8372641515625 0.32704402500000007 0.8883647796874999 0.32704402500000007
23 0.93710691875 0.2531446546875001 0.8883647796874999 0.2531446546875001 0.8883647796874999 0.32547169843750007 0.93710691875 0.32547169843750007
23 0.987421384375 0.2531446546875001 0.9363207546875 0.2531446546875001 0.9363207546875 0.32547169843750007 0.987421384375 0.32547169843750007
23 0.039308176562500054 0.3710691828125 4.544286869935522e-17 0.3710691828125 4.9727206930630366e-17 0.44103773593750006 0.03930817656250006 0.44103773593750006
23 0.08647798750000005 0.3710691828125 0.037735848437500046 0.3710691828125 0.03773584843750005 0.44339622656250005 0.08647798750000005 0.44339622656250005
23 0.13836477968750005 0.3710691828125 0.08726415156250004 0.3710691828125 0.08726415156250004 0.44339622656250005 0.13836477968750005 0.44339622656250005
23 0.19025157187500003 0.3710691828125 0.13915094375000003 0.3710691828125 0.13915094375000003 0.44339622656250005 0.19025157187500003 0.44339622656250005
23 0.2421383640625001 0.3710691828125 0.19103773593750004 0.3710691828125 0.19103773593750004 0.44339622656250005 0.2421383640625001 0.44339622656250005
23 0.2924528296875001 0.3710691828125 0.2413522015625001 0.3710691828125 0.2413522015625001 0.44339622656250005 0.2924528296875001 0.44339622656250005
23 0.3459119500000001 0.372641509375 0.2948113203125001 0.372641509375 0.2948113203125001 0.444968553125 0.3459119500000001 0.444968553125
23 0.3930817609375001 0.3710691828125 0.34433962187500006 0.3710691828125 0.34433962187500006 0.44339622656250005 0.3930817609375001 0.44339622656250005
23 0.440251571875 0.3694968546875001 0.3915094343750001 0.3694968546875001 0.3915094343750001 0.444182390625 0.440251571875 0.444182390625
23 0.48899371093750005 0.37264150937500007 0.440251571875 0.37264150937500007 0.440251571875 0.444968553125 0.48899371093750005 0.444968553125
23 0.5393081765625001 0.37264150937500007 0.4905660375 0.37264150937500007 0.4905660375 0.444968553125 0.5393081765625001 0.444968553125
23 0.5864779875 0.37106918281250006 0.5377358484375 0.37106918281250006 0.5377358484375 0.44339622656250005 0.5864779875 0.44339622656250005
23 0.636792453125 0.37106918281250006 0.5880503140625 0.37106918281250006 0.5880503140625 0.44339622656250005 0.636792453125 0.44339622656250005
23 0.6886792453125 0.37264150937500007 0.6375786156250001 0.37264150937500007 0.6375786156250001 0.444968553125 0.6886792453125 0.444968553125
23 0.7389937109375 0.37106918281250006 0.68789308125 0.37106918281250006 0.68789308125 0.4433962265625001 0.7389937109375 0.4433962265625002
23 0.790880503125 0.37106918281250006 0.7397798734375 0.37106918281250006 0.7397798734375 0.4433962265625002 0.790880503125 0.4433962265625002
23 0.8915094343750001 0.3694968546875001 0.8427672953125 0.3694968546875001 0.8427672953125 0.44182390000000016 0.8915094343750001 0.44182390000000016
23 0.940251571875 0.3742138359375001 0.8915094343750001 0.3742138359375001 0.8915094343750001 0.44182390000000016 0.940251571875 0.44182390000000016
23 0.042452829687500075 0.5974842765624999 7.317072068331375e-17 0.5974842765624999 7.774389071406142e-17 0.6721698109375 0.042452829687500075 0.6721698109375
23 0.08805031406250008 0.5974842765624999 0.03930817656250008 0.5974842765624999 0.03930817656250008 0.6721698109375 0.08805031406250009 0.6721698109375
23 0.1352201265625001 0.5974842765624999 0.08647798750000006 0.5974842765624999 0.08647798750000008 0.6721698109375 0.1352201265625001 0.6721698109375
23 0.18867924531250008 0.59591195 0.1352201265625001 0.59591195 0.1352201265625001 0.670597484375 0.18867924531250008 0.670597484375
23 0.2405660375000001 0.59591195 0.1871069187500001 0.59591195 0.1871069187500001 0.670597484375 0.2405660375000001 0.670597484375
23 0.29402515781250005 0.594339621875 0.2405660375000001 0.594339621875 0.2405660375000001 0.6745283015625 0.29402515781250005 0.6745283015625