23 0.8515625 0.3801297156250001 0.7792895046874999 0.3801297156250001 0.7792895046874999 0.42968750000000017 0.8515625 0.42968750000000017
23 0.19687500000000002 0.14488993750000004 0.1266607703125 0.1448899375 0.12666077031250003 0.2 0.19687500000000005 0.2
23 0.2390625 0.13354461406250004 0.186880896875 0.13354461406250004 0.18688089687500004 0.20625 0.2390625 0.20625
23 0.2875 0.13789308125000005 0.239077240625 0.13789308125000005 0.239077240625 0.209375 0.2875 0.209375
23 0.3390625 0.13827633593750005 0.2865566046875 0.13827633593750005 0.2865566046875 0.20625 0.3390625 0.20625
23 0.4 0.14694870312500002 0.3287047953125 0.14694870312500002 0.3287047953125 0.19804933125000004 0.4 0.19804933125000004
23 0.4375 0.13727397812500003 0.3904726796875 0.13727397812500003 0.3904726796875 0.2078125000000001 0.4375 0.2078125000000001
23 0.4890625 0.13631092812500006 0.4380552265625 0.13631092812500006 0.4380552265625 0.2078125000000001 0.4890625 0.2078125000000001
23 0.5403940640625 0.13845322343750005 0.48929343437500006 0.13845322343750005 0.48929343437500006 0.2062500000000001 0.5403940640625 0.2062500000000001
23 0.6 0.14741548750000005 0.5283903296875 0.14741548750000005 0.5283903296875 0.19687500000000008 0.6 0.19687500000000008
23 0.6515625 0.1478527906250001 0.5796875 0.1478527906250001 0.5796875 0.1984375000000001 0.6515625 0.1984375000000001
23 0.7 0.1441234281250001 0.62942216875 0.1441234281250001 0.62942216875 0.19687500000000008 0.7 0.19687500000000008
23 0.7484375 0.1363109281250001 0.696373821875 0.1363109281250001 0.696373821875 0.2078125000000001 0.7484375 0.2078125000000001
23 0.08125000000000003 0.2545744890625 0.027471501562500035 0.2545744890625 0.02747150156250004 0.3234375 0.08125000000000004 0.3234375
23 0.14218750000000005 0.26621953593750003 0.07298054218750002 0.26621953593750003 0.07298054218750002 0.315625 0.14218750000000005 0.315625
23 0.19218750000000004 0.2659050703125 0.12329500781250005 0.2659050703125 0.12329500781250005 0.315625 0.19218750000000004 0.315625
23 0.2421875 0.2654530265625 0.17073506406250005 0.2654530265625 0.17073506406250005 0.315625 0.2421875 0.315625
23 0.2921875 0.2657674921875 0.221049528125 0.2657674921875 0.221049528125 0.315625 0.2921875 0.315625
23 0.34375 0.265625 0.27344732656250004 0.265625 0.27344732656250004 0.315625 0.34375 0.315625
23 0.3828125 0.25468750000000007 0.33304343593749997 0.2546875 0.33304343593749997 0.32656250000000003 0.3828125 0.3265625000000001
23 0.4453125 0.2651582156250001 0.3735652515625 0.2651582156250001 0.3735652515625 0.3156250000000001 0.4453125 0.3156250000000001
23 0.49375 0.2654628531250001 0.4223073890625 0.2654628531250001 0.4223073890625 0.3156250000000001 0.49375 0.3156250000000001
23 0.5453125 0.2673594734375001 0.47418435625 0.2673594734375001 0.47418435625 0.31718750000000007 0.5453125 0.31718750000000007
23 0.5828125 0.25655463750000007 0.5337853765625 0.25655463750000007 0.5337853765625 0.3281250000000001 0.5828125 0.3281250000000001
23 0.634375 0.2562500000000001 0.5846059359375 0.2562500000000001 0.5846059359375 0.3281250000000001 0.634375 0.3281250000000001
23 0.684375 0.2549724843750001 0.6342619890625001 0.2549724843750001 0.6342619890625001 0.3265625000000001 0.684375 0.3265625000000001
23 0.7357065640625 0.25468750000000007 0.6846059359375001 0.25468750000000007 0.6846059359375001 0.3265625000000001 0.7357065640625 0.3265625000000001
23 0.7872690640625 0.25468750000000007 0.7361684359375 0.25468750000000007 0.7361684359375 0.3265625000000001 0.7872690640625 0.3265625000000001
23 0.84840801875 0.2656250000000001 0.7765625 0.2656250000000001 0.7765625 0.3156250000000001 0.84840801875 0.3156250000000001
23 0.8984375 0.2648634046875001 0.8265625 0.2648634046875001 0.8265625 0.3156250000000001 0.8984375 0.3156250000000001
23 0.9359375 0.2531250000000001 0.88891018125 0.2531250000000001 0.88891018125 0.32500000000000007 0.9359375 0.32500000000000007
23 0.996875 0.2636055421875001 0.925953225 0.2636055421875001 0.925953225 0.3140625000000001 0.996875 0.3140625000000001
23 0.03906250000000005 0.3716538921875 0.0001228390625000455 0.3716538921875 0.00012283906250004973 0.440625 0.039062500000000056 0.440625
23 0.08593750000000004 0.3712706375 0.03812401562500005 0.3712706375 0.03812401562500005 0.44359768125 0.08593750000000004 0.44359768125
23 0.13750000000000004 0.370867728125 0.08773093593750005 0.370867728125 0.08773093593750005 0.443194771875 0.13750000000000004 0.443194771875
23 0.18906250000000005 0.3712706375 0.13900845156250002 0.3712706375 0.13900845156250002 0.44359768125 0.18906250000000005 0.44359768125
23 0.25295302656250007 0.381500590625 0.18062598281250003 0.381500590625 0.18062598281250003 0.43260121875 0.25295302656250007 0.43260121875
23 0.3028645828125001 0.38217865624999997 0.2305375390625001 0.38217865624999997 0.2305375390625001 0.4328125 0.3028645828125001 0.4328125
23 0.3453125000000001 0.372852790625 0.2953125000000001 0.372852790625 0.2953125000000001 0.445179834375 0.3453125000000001 0.445179834375
23 0.4046875 0.38290094375000006 0.33274862343750006 0.38290094375 0.33274862343750006 0.43125 0.4046875 0.43125
23 0.4390625 0.3689072328125001 0.3920351812500001 0.3689072328125001 0.3920351812500001 0.44359276875000003 0.4390625 0.44359276875000003
23 0.5 0.3846550703125001 0.4286704015625 0.3846550703125001 0.4286704015625 0.4328125 0.5 0.4328125
23 0.5390625 0.3724302281250001 0.490625 0.3724302281250001 0.490625 0.444757271875 0.5390625 0.444757271875
23 0.5859375 0.3708677281250001 0.5375 0.3708677281250001 0.5375 0.443194771875 0.5859375 0.443194771875
23 0.6483834500000001 0.3827830187500001 0.57605640625 0.3827830187500001 0.57605640625 0.43125 0.6483834500000001 0.43125
23 0.6875 0.3728527906250001 0.637426296875 0.3728527906250001 0.637426296875 0.445179834375 0.6875 0.445179834375
23 0.7390625 0.37127063750000006 0.6880552265625 0.37127063750000006 0.6880552265625 0.4435976812500001 0.7390625 0.44359768125000015
23 0.8012922546875 0.3821688281250001 0.7289652109375 0.3821688281250001 0.7289652109375 0.43281250000000016 0.8012922546875 0.43281250000000016
23 0.890625 0.3693052265625001 0.8428164312499999 0.3693052265625001 0.8428164312499999 0.44163227343750017 0.890625 0.44163227343750017
23 0.949891903125 0.3841735468750001 0.8822818390625 0.3841735468750001 0.8822818390625 0.4312500000000002 0.949891903125 0.4312500000000002
23 0.05781250000000008 0.6134679640625 7.512815785685841e-17 0.6134679640625 7.765212649426834e-17 0.6546875 0.057812500000000086 0.6546875
23 0.10000000000000009 0.6108539703125 0.025884434375000077 0.6108539703125 0.025884434375000077 0.6578125 0.10000000000000009 0.6578125
23 0.1468750000000001 0.6105444171875 0.07395833281250007 0.6105444171875 0.07395833281250008 0.65928655625 0.1468750000000001 0.65928655625
23 0.1984375000000001 0.607075471875 0.12504913593750008 0.607075471875 0.12504913593750008 0.659375 0.1984375000000001 0.659375
23 0.2390625000000001 0.5954697328125 0.1873329406250001 0.5954697328125 0.1873329406250001 0.6701552671875 0.2390625000000001 0.6701552671875
23 0.30733097500000006 0.6078125 0.2271422968750001 0.6078125 0.2271422968750001 0.6609375 0.30733097500000006 0.6609375