23 0.2234375000000001 0.3796875 0.15195312500000005 0.3796875 0.15195312500000005 0.4296875 0.2234375000000001 0.4296875
23 0.871875 0.14609375000000008 0.801171875 0.14609375000000008 0.801171875 0.2015625000000001 0.871875 0.2015625000000001
23 0.8234375 0.1449218750000001 0.74921875 0.1449218750000001 0.74921875 0.19687500000000008 0.8234375 0.19687500000000008
23 0.771875 0.1507812500000001 0.70078125 0.1507812500000001 0.70078125 0.1984375000000001 0.771875 0.1984375000000001
23 0.7140625 0.1394531250000001 0.6609375 0.1394531250000001 0.6609375 0.2078125000000001 0.7140625 0.2078125000000001
23 0.671875 0.14843750000000008 0.600390625 0.14843750000000008 0.600390625 0.1984375000000001 0.671875 0.1984375000000001
23 0.621875 0.1492187500000001 0.55078125 0.1492187500000001 0.55078125 0.19687500000000008 0.621875 0.19687500000000008
23 0.5734375 0.14843750000000006 0.501953125 0.14843750000000006 0.501953125 0.19843750000000007 0.5734375 0.1984375000000001
23 0.5203125 0.14804687500000005 0.451953125 0.14804687500000005 0.451953125 0.19843750000000004 0.5203125 0.19843750000000004
23 0.4734375 0.14843750000000006 0.401953125 0.14843750000000006 0.401953125 0.19843750000000004 0.4734375 0.19843750000000004
23 0.4109375 0.13750000000000004 0.360546875 0.13750000000000004 0.360546875 0.20937500000000003 0.4109375 0.2093750000000001
23 0.3640625 0.13593750000000004 0.3109375 0.13593750000000004 0.3109375 0.20781250000000004 0.3640625 0.2078125000000001
23 0.315625 0.14687500000000003 0.24375 0.14687500000000003 0.24375 0.2 0.315625 0.2
23 0.9703125 0.2542968750000001 0.915234375 0.2542968750000001 0.915234375 0.3234375000000001 0.9703125 0.3234375000000001
23 0.915625 0.2562500000000001 0.865625 0.2562500000000001 0.865625 0.32500000000000007 0.915625 0.32500000000000007
23 0.875 0.2660156250000001 0.80625 0.2660156250000001 0.80625 0.3156250000000001 0.875 0.3156250000000001
23 0.828125 0.2656250000000001 0.756640625 0.2656250000000001 0.756640625 0.3156250000000001 0.828125 0.3156250000000001
23 0.7671875 0.25468750000000007 0.717578125 0.25468750000000007 0.717578125 0.3265625000000001 0.7671875 0.3265625000000001
23 0.7265625 0.2656250000000001 0.655078125 0.2656250000000001 0.655078125 0.3156250000000001 0.7265625 0.3156250000000001
23 0.678125 0.2648437500000001 0.606640625 0.2648437500000001 0.606640625 0.3156250000000001 0.678125 0.3156250000000001
23 0.6265625 0.2656250000000001 0.555078125 0.2656250000000001 0.555078125 0.3156250000000001 0.6265625 0.3156250000000001
23 0.5671875 0.25468750000000007 0.517578125 0.25468750000000007 0.517578125 0.3265625000000001 0.5671875 0.3265625000000001
23 0.5265625 0.2671875000000001 0.455078125 0.2671875000000001 0.455078125 0.31718750000000007 0.5265625 0.31718750000000007
23 0.478125 0.2671875000000001 0.406640625 0.2671875000000001 0.406640625 0.31718750000000007 0.478125 0.31718750000000007
23 0.4171875 0.2562500000000001 0.366796875 0.2562500000000001 0.366796875 0.3281250000000001 0.4171875 0.3281250000000001
23 0.3671875 0.25468750000000007 0.317578125 0.2546875 0.317578125 0.32656250000000003 0.3671875 0.3265625000000001
23 0.328125 0.265625 0.256640625 0.265625 0.256640625 0.315625 0.328125 0.315625
23 0.2765625 0.265625 0.205078125 0.265625 0.205078125 0.315625 0.2765625 0.315625
23 0.215625 0.2546875 0.16601562500000006 0.2546875 0.16601562500000006 0.3265625 0.215625 0.3265625
23 0.16562500000000005 0.2546875 0.11601562500000004 0.2546875 0.11601562500000004 0.3265625 0.16562500000000005 0.3265625
23 0.11562500000000005 0.253125 0.06718750000000002 0.253125 0.06718750000000004 0.325 0.11562500000000005 0.325
23 0.06718750000000004 0.253125 0.017578125000000035 0.253125 0.017578125000000035 0.325 0.06718750000000004 0.325
23 1 0.3707031250000001 0.959375 0.3707031250000001 0.959375 0.4390625000000002 1 0.4390625000000002
23 0.9609375 0.3703125000000001 0.9125 0.3703125000000001 0.9125 0.4421875000000002 0.9609375 0.4421875000000002
23 0.9109375 0.3703125000000001 0.861328125 0.3703125000000001 0.861328125 0.4421875000000002 0.9109375 0.4421875000000002
23 0.8703125 0.3812500000000001 0.798828125 0.3812500000000001 0.798828125 0.4312500000000002 0.8703125 0.4312500000000002
23 0.8078125 0.3703125000000001 0.757421875 0.3703125000000001 0.757421875 0.4421875000000002 0.8078125 0.4421875000000002
23 0.76875 0.3812500000000001 0.697265625 0.3812500000000001 0.697265625 0.4312500000000001 0.76875 0.4312500000000002
23 0.7046875 0.37187500000000007 0.655078125 0.37187500000000007 0.655078125 0.44375 0.7046875 0.44375
23 0.6671875 0.3820312500000001 0.59609375 0.3820312500000001 0.59609375 0.4296875 0.6671875 0.4296875
23 0.621875 0.38164062500000007 0.5484375 0.38164062500000007 0.5484375 0.4296875 0.621875 0.4296875
23 0.5609375 0.37187500000000007 0.5125 0.37187500000000007 0.5125 0.44375 0.5609375 0.44375
23 0.5109375 0.37187500000000007 0.4625 0.37187500000000007 0.4625 0.44375 0.5109375 0.44375
23 0.4640625 0.3703125000000001 0.415625 0.3703125000000001 0.415625 0.4421875 0.4640625 0.4421875
23 0.4140625 0.3703125000000001 0.3656250000000001 0.3703125000000001 0.3656250000000001 0.4421875 0.4140625 0.4421875
23 0.3750000000000001 0.38203125000000004 0.30351562500000007 0.38203125 0.30351562500000007 0.4328125 0.3750000000000001 0.4328125
23 0.32500000000000007 0.38046875 0.2535156250000001 0.38046875 0.2535156250000001 0.43125 0.32500000000000007 0.43125
23 0.2734375000000001 0.38125 0.2019531250000001 0.38125 0.2019531250000001 0.43125 0.2734375000000001 0.43125
23 0.16093750000000004 0.36875 0.11250000000000004 0.36875 0.11250000000000004 0.440625 0.16093750000000004 0.440625
23 0.12187500000000004 0.3828125 0.05468750000000004 0.3828125 0.05468750000000004 0.43125 0.12187500000000004 0.43125
23 1 0.6105468750000002 0.940625 0.6105468750000002 0.940625 0.6531250000000002 1 0.6531250000000002
23 0.959375 0.5953125000000001 0.9109375 0.5953125000000001 0.9109375 0.6687500000000002 0.959375 0.6687500000000002
23 0.925 0.6082031250000002 0.8515625 0.6082031250000002 0.8515625 0.6562500000000002 0.925 0.6562500000000002
23 0.8640625 0.5933593750000001 0.8109375 0.5933593750000001 0.8109375 0.6671875000000002 0.8640625 0.6671875000000002
23 0.8125 0.5941406250000002 0.759375 0.5941406250000002 0.759375 0.6671875000000002 0.8125 0.6671875000000002
23 0.771875 0.6054687500000001 0.69296875 0.60546875 0.69296875 0.6578125000000001 0.771875 0.6578125000000001