24 0.5631487890625 6.022592607890815e-17 0.420415225 5.148601596090643e-17 0.420415225 0.027681660937500064 0.5631487890625 0.027681660937500067
24 0.7326989625 8.353235306024605e-17 0.6314878890625 7.733496220407095e-17 0.6314878890625 0.08391003437500008 0.7326989625 0.08391003437500008
24 0.9524221453124999 0.08131487812500011 0.8858131484375 0.08131487812500011 0.8858131484375 0.1626297578125001 0.9524221453124999 0.16262975781250014
24 0.9480968859375001 0.003460207812500111 0.8615916953125 0.0034602078125001053 0.8615916953125 0.07958477500000011 0.9480968859375001 0.07958477500000011
24 0.958477509375 1.1028177491915878e-16 0.842560553125 1.0318390844723546e-16 0.842560553125 0.026816609375000112 0.958477509375 0.026816609375000123
24 0.7110726640625 0.4948096890625 0.555363321875 0.4948096890625 0.555363321875 0.6211072671875 0.7110726640625 0.6211072671875
24 0.716262975 0.40311418750000005 0.5605536328125 0.40311418750000005 0.5605536328125 0.5363321796875 0.716262975 0.5363321796875
24 0.6297577859375 0.3027681656250001 0.484429065625 0.3027681656250001 0.484429065625 0.41695501718749994 0.6297577859375 0.41695501718749994
24 0.6098615921875 0.2214532875000001 0.46366782031250003 0.2214532875000001 0.46366782031250003 0.32352941250000006 0.6098615921875 0.32352941250000006
24 0.84083045 0.27508650468750007 0.6955017296875 0.27508650468750007 0.6955017296875 0.3858131484375001 0.84083045 0.3858131484375001
24 0.8347750859374999 0.34775086562500007 0.6937716265625 0.34775086562500007 0.6937716265625 0.4584775093750001 0.8347750859374999 0.4584775093750002
24 0.8287197234375 0.4342560546875001 0.705882353125 0.4342560546875 0.705882353125 0.5328719718750001 0.8287197234375 0.5328719718750002
24 0.8217993078125 0.5017301031250001 0.7024221453124999 0.501730103125 0.7024221453124999 0.6038062281250001 0.8217993078125 0.6038062281250002