24 0.34140625 3.114238540019246e-17 0.1671875 2.0474563673244812e-17 0.1671875 0.05312500000000003 0.34140625 0.05312500000000005
24 0.53515625 5.764450753799064e-17 0.40625 4.975127621536122e-17 0.40625 0.11093750000000005 0.53515625 0.11093750000000005
24 0.68828125 0.07031250000000008 0.596875 0.07031250000000007 0.596875 0.16171875000000008 0.68828125 0.16171875000000008
24 0.88671875 0.1593750000000001 0.8265625 0.1593750000000001 0.8265625 0.2328125000000001 0.88671875 0.2328125000000001
24 0.8828125 0.0890625000000001 0.8046875 0.08906250000000009 0.8046875 0.15781250000000008 0.8828125 0.15781250000000008
24 0.8921875 0.0515625000000001 0.7875 0.05156250000000009 0.7875 0.1101562500000001 0.8921875 0.1101562500000001
24 0.66875 0.5328125 0.528125 0.5328125 0.528125 0.646875 0.66875 0.646875
24 0.6734375 0.45 0.5328125 0.45 0.5328125 0.5703125 0.6734375 0.5703125
24 0.5953125 0.3593750000000001 0.4640625 0.3593750000000001 0.4640625 0.4625 0.5953125 0.4625
24 0.57734375 0.28593750000000007 0.4453125 0.28593750000000007 0.4453125 0.3781250000000001 0.57734375 0.3781250000000001
24 0.7859375 0.3343750000000001 0.6546875 0.3343750000000001 0.6546875 0.43437500000000007 0.7859375 0.4343750000000002
24 0.78046875 0.4000000000000001 0.653125 0.4 0.653125 0.5000000000000001 0.78046875 0.5000000000000002
24 0.775 0.4781250000000001 0.6640625 0.478125 0.6640625 0.5671875000000001 0.775 0.5671875000000002
24 0.76875 0.5390625000000001 0.6609375 0.5390625 0.6609375 0.6312500000000001 0.76875 0.6312500000000002