24 0.5625 0.00022166875000006014 0.4203125 0.00022166875000005144 0.4203125 0.026562500000000062 0.5625 0.026562500000000065
24 0.7234375 8.348070807824198e-17 0.639905925 7.836587428066763e-17 0.639905925 0.09218750000000009 0.7234375 0.09218750000000009
24 0.9515625 0.0814121968750001 0.8853995453125 0.0814121968750001 0.8853995453125 0.16250000000000012 0.9515625 0.16250000000000014
24 0.9421875 1.1076031809374467e-16 0.8666657656250001 1.0613594558032466e-16 0.8666657656250001 0.08437500000000012 0.9421875 0.08437500000000012
24 0.9125 1.1020215565561859e-16 0.88723778125 1.0865529088904121e-16 0.88723778125 0.07031250000000011 0.9125 0.07031250000000011
24 0.7106671718750001 0.49544496093749996 0.5549578296875 0.49544496093749996 0.5549578296875 0.6203125 0.7106671718750001 0.6203125
24 0.715625 0.403125 0.5609375 0.403125 0.5609375 0.5359375 0.715625 0.5359375
24 0.6296875 0.3024735062500001 0.484491240625 0.3024735062500001 0.484491240625 0.415625 0.6296875 0.415625
24 0.5875 0.19944042031250006 0.4859375 0.19944042031250003 0.4859375 0.3437500000000001 0.5875 0.3437500000000001
24 0.8234375 0.2579828062500001 0.712821690625 0.2579828062500001 0.712821690625 0.4015625000000001 0.8234375 0.40156250000000016
24 0.834375 0.34774005312500006 0.6939824828125001 0.34774005312500006 0.6939824828125001 0.4562500000000001 0.834375 0.45625000000000016
24 0.815625 0.4222588671875001 0.718022815625 0.4222588671875 0.718022815625 0.5437500000000001 0.815625 0.5437500000000002
24 0.8203125 0.5021545187500001 0.702032871875 0.5021545187500001 0.702032871875 0.6031250000000001 0.8203125 0.6031250000000001