24 0.5046875 6.018222647139119e-17 0.47816284531250003 5.855805979831441e-17 0.47816284531250003 0.08437500000000006 0.5046875 0.08437500000000006
24 0.7234375 8.350917901146048e-17 0.6403708906250001 7.84228161471046e-17 0.6403708906250001 0.09218750000000009 0.7234375 0.09218750000000009
24 0.9515625 0.0814121968750001 0.8853995453125 0.0814121968750001 0.8853995453125 0.16250000000000012 0.9515625 0.16250000000000014
24 0.9479400966875 0.0033439671875001354 0.8614349046875001 0.0033439656250001046 0.8614349033125 0.07946853281250008 0.9479400953124999 0.07946853437500011
24 0.9578125 0.0001270546875001103 0.843079584375 0.00012705468750010327 0.843079584375 0.02656250000000011 0.9578125 0.02656250000000012
24 0.7106671718750001 0.49544496093749996 0.5549578296875 0.49544496093749996 0.5549578296875 0.6203125 0.7106671718750001 0.6203125
24 0.7046875 0.3921875000000001 0.571875 0.3921875000000001 0.571875 0.546875 0.7046875 0.546875
24 0.6296875 0.3024735062500001 0.484491240625 0.3024735062500001 0.484491240625 0.415625 0.6296875 0.415625
24 0.5875 0.19934850781250008 0.4859375 0.19934850781250005 0.4859375 0.3437500000000001 0.5875 0.3437500000000001
24 0.8234375 0.2575881265625001 0.71278384375 0.2575881265625001 0.71278384375 0.4015625000000001 0.8234375 0.40156250000000016
24 0.81875 0.3324016015625001 0.709375 0.3324016015625001 0.709375 0.4718750000000001 0.81875 0.47187500000000016
24 0.815625 0.42203179062500007 0.7179633421875 0.422031790625 0.7179633421875 0.5437500000000001 0.815625 0.5437500000000002
24 0.8125 0.4926903109375001 0.7109375 0.4926903109375 0.7109375 0.6109375000000001 0.8125 0.6109375000000001