24 0.2796875 3.1070628751804916e-17 0.227734375 2.78894173399573e-17 0.227734375 0.11250000000000004 0.2796875 0.11250000000000004
24 0.534375 5.76205886551948e-17 0.406640625 4.979911398095292e-17 0.406640625 0.11093750000000005 0.534375 0.11093750000000005
24 0.6875 0.07070312500000007 0.596875 0.07070312500000006 0.596875 0.1609375000000001 0.6875 0.1609375000000001
24 0.8921875 0.1664062500000001 0.819921875 0.1664062500000001 0.819921875 0.22656250000000008 0.8921875 0.22656250000000008
24 0.878125 0.0843750000000001 0.809375 0.08437500000000009 0.809375 0.1625000000000001 0.878125 0.1625000000000001
24 0.8921875 0.0519531250000001 0.7875 0.051953125000000086 0.7875 0.10937500000000008 0.8921875 0.10937500000000008
24 0.66875 0.5328125 0.528125 0.5328125 0.528125 0.646875 0.66875 0.646875
24 0.6625 0.43984375 0.54296875 0.43984375 0.54296875 0.5796875 0.6625 0.5796875
24 0.58125 0.3453125000000001 0.478125 0.3453125000000001 0.478125 0.4765625 0.58125 0.4765625
24 0.5765625 0.28593750000000007 0.445703125 0.28593750000000007 0.445703125 0.3781250000000001 0.5765625 0.3781250000000001
24 0.7703125 0.3187500000000001 0.6703125 0.3187500000000001 0.6703125 0.45000000000000007 0.7703125 0.4500000000000002
24 0.765625 0.3867187500000001 0.666796875 0.3867187500000001 0.666796875 0.5140625000000001 0.765625 0.5140625000000002
24 0.7640625 0.4671875000000001 0.675 0.4671875 0.675 0.5781250000000001 0.7640625 0.5781250000000002
24 0.76875 0.5390625000000001 0.6609375 0.5390625 0.6609375 0.6312500000000001 0.76875 0.6312500000000002