24 0.340625 3.1094547634600764e-17 0.1671875 2.0474563673244812e-17 0.1671875 0.05312500000000003 0.340625 0.05312500000000005
24 0.534375 5.759666977239896e-17 0.40625 4.975127621536122e-17 0.40625 0.11093750000000005 0.534375 0.11093750000000005
24 0.6875 0.07070312500000007 0.596875 0.07070312500000006 0.596875 0.1609375000000001 0.6875 0.1609375000000001
24 0.8859375 0.1593750000000001 0.826171875 0.1593750000000001 0.826171875 0.2328125000000001 0.8859375 0.2328125000000001
24 0.8828125 0.0890625000000001 0.8046875 0.08906250000000009 0.8046875 0.15781250000000008 0.8828125 0.15781250000000008
24 0.8921875 0.0519531250000001 0.7875 0.051953125000000086 0.7875 0.10937500000000008 0.8921875 0.10937500000000008
24 0.66875 0.5328125 0.528125 0.5328125 0.528125 0.646875 0.66875 0.646875
24 0.6734375 0.45 0.5328125 0.45 0.5328125 0.5703125 0.6734375 0.5703125
24 0.58125 0.3453125000000001 0.478125 0.3453125000000001 0.478125 0.4765625 0.58125 0.4765625
24 0.5765625 0.28593750000000007 0.444921875 0.28593750000000007 0.444921875 0.3781250000000001 0.5765625 0.3781250000000001
24 0.7859375 0.3343750000000001 0.6546875 0.3343750000000001 0.6546875 0.43437500000000007 0.7859375 0.4343750000000002
24 0.765625 0.3867187500000001 0.666796875 0.3867187500000001 0.666796875 0.5140625000000001 0.765625 0.5140625000000002
24 0.775 0.4781250000000001 0.6640625 0.478125 0.6640625 0.5671875000000001 0.775 0.5671875000000002
24 0.7609375 0.5312500000000001 0.66875 0.53125 0.66875 0.6390625000000001 0.7609375 0.6390625000000002