19 0.50625 0.15937500000000004 0.453125 0.15937500000000004 0.453125 0.23593750000000008 0.50625 0.23593750000000008
19 0.5609375 0.16406250000000006 0.509375 0.16406250000000006 0.509375 0.23828125000000008 0.5609375 0.23828125000000008
19 0.6203125 0.1671875000000001 0.5640625 0.1671875000000001 0.5640625 0.2414062500000001 0.6203125 0.2414062500000001
19 0.6734375 0.1703125000000001 0.621875 0.1703125000000001 0.621875 0.24218750000000008 0.6734375 0.24218750000000008
19 0.728125 0.17343750000000008 0.675 0.17343750000000008 0.675 0.2453125000000001 0.728125 0.2453125000000001
19 0.7828125 0.1750000000000001 0.73125 0.1750000000000001 0.73125 0.2445312500000001 0.7828125 0.2445312500000001
19 0.27421875 0.25 0.2296875 0.25 0.2296875 0.30390625 0.27421875 0.30390625
19 0.31875 0.2515625 0.2765625 0.2515625 0.2765625 0.31171875 0.31875 0.31171875
19 0.36953125 0.25312500000000004 0.3203125 0.253125 0.3203125 0.3140625 0.36953125 0.3140625000000001
19 0.40703125 0.27031250000000007 0.371875 0.27031250000000007 0.371875 0.3109375000000001 0.40703125 0.3109375000000001
19 0.44609375 0.27031250000000007 0.4109375 0.27031250000000007 0.4109375 0.31718750000000007 0.44609375 0.31718750000000007
19 0.48203125 0.2718750000000001 0.446875 0.2718750000000001 0.446875 0.3187500000000001 0.48203125 0.3187500000000001
19 0.58515625 0.2750000000000001 0.5515625 0.2750000000000001 0.5515625 0.3234375000000001 0.58515625 0.3234375000000001
19 0.61875 0.2765625000000001 0.5875 0.2765625000000001 0.5875 0.32109375000000007 0.61875 0.32109375000000007
19 0.65 0.27812500000000007 0.6203125 0.27812500000000007 0.6203125 0.3226562500000001 0.65 0.3226562500000001
19 0.54921875 0.2890625000000001 0.521875 0.2890625000000001 0.521875 0.3203125000000001 0.54921875 0.3203125000000001
19 0.515625 0.2906250000000001 0.490625 0.2906250000000001 0.490625 0.3195312500000001 0.515625 0.3195312500000001
19 0.32421875000000006 0.35 0.265625 0.35 0.26562500000000006 0.421875 0.3242187500000001 0.421875
19 0.26406250000000003 0.3546875 0.20625 0.3546875 0.20625000000000004 0.41875 0.2640625000000001 0.41875
19 0.3750000000000001 0.37187500000000007 0.3296875000000001 0.371875 0.3296875000000001 0.4234375 0.3750000000000001 0.4234375
19 0.484375 0.3703125000000001 0.4328125 0.3703125000000001 0.4328125 0.42421875 0.484375 0.42421875
19 0.428125 0.3750000000000001 0.3828125000000001 0.3750000000000001 0.3828125000000001 0.4234375 0.428125 0.4234375
19 0.5390625 0.3750000000000001 0.4921875 0.3750000000000001 0.4921875 0.42890625 0.5390625 0.42890625
19 0.59453125 0.3765625000000001 0.5453125 0.3765625000000001 0.5453125 0.4328125 0.59453125 0.4328125
19 0.64765625 0.3828125000000001 0.5984375 0.3828125000000001 0.5984375 0.43125 0.64765625 0.43125
19 0.696875 0.3781250000000001 0.6515625 0.3781250000000001 0.6515625 0.43359375 0.696875 0.43359375
19 0.75546875 0.3828125000000001 0.7046875 0.3828125000000001 0.7046875 0.43828125000000007 0.75546875 0.4382812500000002
19 0.2273437500000001 0.48125 0.18906250000000005 0.48125 0.18906250000000005 0.53203125 0.2273437500000001 0.53203125
19 0.2671875000000001 0.4828125 0.2296875000000001 0.4828125 0.2296875000000001 0.534375 0.2671875000000001 0.534375
19 0.3085937500000001 0.484375 0.27031250000000007 0.484375 0.27031250000000007 0.53359375 0.3085937500000001 0.53359375
19 0.3507812500000001 0.4859375 0.3125000000000001 0.4859375 0.3125000000000001 0.5375 0.3507812500000001 0.5375
19 0.45546875 0.484375 0.3968750000000001 0.484375 0.3968750000000001 0.5375 0.45546875 0.5375
19 0.3921875000000001 0.4859375 0.3546875000000001 0.4859375 0.3546875000000001 0.5375 0.3921875000000001 0.5375
19 0.5734375 0.4875 0.521875 0.4875 0.521875 0.54140625 0.5734375 0.54140625
19 0.51875 0.490625 0.4609375 0.490625 0.4609375 0.53984375 0.51875 0.53984375
19 0.7453125 0.4906250000000001 0.6984375 0.490625 0.6984375 0.5484375000000001 0.7453125 0.5484375000000001
19 0.6296875 0.4953125 0.578125 0.4953125 0.578125 0.54609375 0.6296875 0.54609375
19 0.68984375 0.496875 0.6359375 0.496875 0.6359375 0.5453125 0.68984375 0.5453125
19 0.8078125 0.4968750000000002 0.7515625 0.4968750000000002 0.7515625 0.5476562500000002 0.8078125 0.5476562500000002
19 0.53671875 0.020312500000000063 0.4859375 0.02031250000000006 0.4859375 0.08671875000000007 0.53671875 0.08671875000000007
19 0.5921875 0.02343750000000007 0.540625 0.023437500000000066 0.540625 0.08984375000000007 0.5921875 0.08984375000000007
19 0.64375 0.023437500000000076 0.5984375 0.023437500000000073 0.5984375 0.09296875000000007 0.64375 0.09296875000000009
19 0.2351562500000001 0.5703125 0.1703125000000001 0.5703125 0.1703125000000001 0.64453125 0.2351562500000001 0.64453125
19 0.4421875 0.575 0.37968750000000007 0.575 0.37968750000000007 0.6484375 0.4421875 0.6484375
19 0.3773437500000001 0.575 0.31718750000000007 0.575 0.31718750000000007 0.65078125 0.3773437500000001 0.65078125
19 0.3078125000000001 0.578125 0.2468750000000001 0.578125 0.2468750000000001 0.64765625 0.3078125000000001 0.64765625
19 0.57421875 0.5828125 0.515625 0.5828125 0.515625 0.65390625 0.57421875 0.65390625
19 0.5078125 0.5875 0.44375 0.5875 0.44375 0.6546875 0.5078125 0.6546875
19 0.6421875 0.590625 0.5859375 0.590625 0.5859375 0.66015625 0.6421875 0.66015625
19 0.7046875 0.590625 0.646875 0.590625 0.646875 0.66015625 0.7046875 0.66015625
19 0.76875 0.5953125000000001 0.7046875 0.5953125 0.7046875 0.6625000000000001 0.76875 0.6625000000000002