19 0.5745762718750002 0.9355932203125 0.5067796609375002 0.9355932203125 0.5067796609375002 1 0.5745762718750002 1
19 0.7313559328125001 0.9423728812500001 0.6559322031250001 0.9423728812500001 0.6559322031250001 1 0.7313559328125001 1
19 0.6516949156250001 0.944067796875 0.5813559328125002 0.944067796875 0.5813559328125002 1 0.6516949156250001 1
19 0.4974576265625002 0.9508474578125 0.4423728812500002 0.9508474578125 0.4423728812500002 1 0.4974576265625002 1
19 0.44152542343750023 0.9542372875 0.38135593281250013 0.9542372875 0.38135593281250013 1 0.44152542343750023 1
19 0.9728813562499999 0.18644067812500015 0.9152542374999999 0.18644067812500015 0.9152542374999999 0.2330508468750001 0.9728813562499999 0.2330508468750001
19 0.8754237281249999 0.21864406718750007 0.8372881359375001 0.21864406718750007 0.8372881359375001 0.2542372875000001 0.8754237281249999 0.2542372875000001
19 0.8338983046875 0.2203389828125001 0.798305084375 0.2203389828125001 0.798305084375 0.2542372875000001 0.8338983046875 0.2542372875000001
19 0.41271186406249993 0.19152542343750006 0.3322033890625 0.19152542343750006 0.3322033890625 0.29830508437500003 0.41271186406249993 0.2983050843750001
19 0.32966101718749996 0.18644067812500004 0.25423728749999996 0.18644067812500004 0.25423728749999996 0.3 0.32966101718749996 0.3
19 0.54661016875 0.21016949218750008 0.483050846875 0.21016949218750008 0.483050846875 0.2974576265625001 0.54661016875 0.2974576265625001
19 0.480508475 0.21016949218750008 0.416949153125 0.21016949218750008 0.416949153125 0.2991525421875001 0.480508475 0.2991525421875001
19 0.7932203390625 0.21525423750000008 0.725423728125 0.21525423750000008 0.725423728125 0.2974576265625001 0.7932203390625 0.2974576265625001
19 0.7152542375000001 0.21694915312500007 0.6491525421875 0.21694915312500007 0.6491525421875 0.2974576265625001 0.7152542375000001 0.2974576265625001
19 0.16271186406250004 0.225423728125 0.11864406718750005 0.225423728125 0.11864406718750005 0.2949152546875 0.16271186406250004 0.2949152546875
19 0.20677966093750003 0.225423728125 0.16101694843750006 0.225423728125 0.16101694843750006 0.2957627125 0.20677966093750003 0.2957627125
19 0.25423728749999996 0.225423728125 0.20338983124999999 0.225423728125 0.20338983124999999 0.2957627125 0.25423728749999996 0.2957627125
19 0.64661016875 0.2322033890625001 0.6 0.2322033890625001 0.6 0.2983050843750001 0.64661016875 0.2983050843750001
19 0.5957627125 0.23050847500000007 0.5491525421875 0.23050847500000007 0.5491525421875 0.3000000000000001 0.5957627125 0.3000000000000001
19 0.8822033890625001 0.2559322031250001 0.8389830515625001 0.2559322031250001 0.8389830515625001 0.2940677968750001 0.8822033890625001 0.2940677968750001
19 0.8347457625000001 0.2593220343750001 0.79661016875 0.2593220343750001 0.79661016875 0.2983050843750001 0.8347457625000001 0.2983050843750001
19 0.7 0.3237288140625001 0.6508474578125 0.3237288140625001 0.6508474578125 0.37966101718750006 0.7 0.37966101718750006
19 0.75338983125 0.3254237281250001 0.7050847453125 0.3254237281250001 0.7050847453125 0.38050847500000007 0.75338983125 0.38050847500000007
19 0.4627118640625 0.3491525421875001 0.38474576250000003 0.3491525421875001 0.38474576250000003 0.44406779687500003 0.4627118640625 0.44406779687500003
19 0.19406779687500003 0.35762711875000003 0.11355932187500004 0.35762711875000003 0.11355932187500004 0.44661016875000004 0.19406779687500003 0.44661016875000004
19 0.37627118593750003 0.35084745781250004 0.29661016875 0.3508474578125 0.29661016875000007 0.4457627125 0.3762711859375001 0.4457627125
19 0.28050847500000003 0.3525423734375 0.19830508437500005 0.3525423734375 0.19830508437500005 0.4415254234375 0.2805084750000001 0.4415254234375
19 0.6389830515625 0.35593220312500007 0.5610169484374999 0.35593220312500007 0.5610169484374999 0.448305084375 0.6389830515625 0.448305084375
19 0.5567796609375 0.3593220343750001 0.4813559328125 0.3593220343750001 0.4813559328125 0.4457627125 0.5567796609375 0.4457627125
19 0.8415254234375 0.3745762718750001 0.7694915250000001 0.3745762718750001 0.7694915250000001 0.4466101687500002 0.8415254234375 0.4466101687500002
19 0.8991525421875 0.3762711859375001 0.8457627125 0.3762711859375001 0.8457627125 0.4457627125000002 0.8991525421875 0.4457627125000002
19 0.9686440671875 0.3762711859375001 0.9050847453124999 0.3762711859375001 0.9050847453124999 0.4440677968750002 0.9686440671875 0.4440677968750002
19 0.75762711875 0.3847457625000001 0.7050847453125 0.3847457625000001 0.7050847453125 0.4457627125000001 0.75762711875 0.4457627125000002
19 0.70338983125 0.38305084687500013 0.6525423734375 0.38305084687500013 0.6525423734375 0.448305084375 0.70338983125 0.448305084375
19 0.951694915625 0.4508474578125002 0.8881355937500001 0.4508474578125002 0.8881355937500001 0.5203389828125002 0.951694915625 0.5203389828125002
19 0.93813559375 0.5288135593750002 0.8796610171875001 0.5288135593750002 0.8796610171875001 0.5915254234375003 0.93813559375 0.5915254234375003