19 0.3109375000000001 0.7578125 0.2667968750000001 0.7578125 0.2667968750000001 0.8234375 0.3109375000000001 0.8234375
19 0.25468750000000007 0.769921875 0.19687500000000008 0.769921875 0.19687500000000008 0.8203125 0.25468750000000007 0.8203125
19 0.1906250000000001 0.775 0.13281250000000008 0.775 0.13281250000000008 0.825 0.1906250000000001 0.825
19 0.12343750000000009 0.7796875 0.059765625000000086 0.7796875 0.0597656250000001 0.828125 0.12343750000000009 0.828125
19 0.23593750000000008 0.89765625 0.1886718750000001 0.89765625 0.1886718750000001 0.946875 0.23593750000000008 0.946875
19 0.1796875000000001 0.898046875 0.13085937500000008 0.898046875 0.1308593750000001 0.953125 0.17968750000000014 0.953125
19 0.12656250000000013 0.909375 0.06562500000000011 0.909375 0.06562500000000011 0.9609375 0.12656250000000013 0.9609375
19 0.528125 0.3187500000000001 0.480078125 0.3187500000000001 0.480078125 0.3453125000000001 0.528125 0.3453125000000001
19 0.4671875 0.3402343750000001 0.37734375 0.3402343750000001 0.37734375000000003 0.3859375000000001 0.4671875 0.3859375000000001
19 0.4828125 0.3375000000000001 0.45 0.3375000000000001 0.45 0.409375 0.4828125 0.409375
19 0.527734375 0.3722656250000001 0.476953125 0.3722656250000001 0.476953125 0.3984375000000001 0.527734375 0.3984375000000001
19 0.14687500000000006 0.498046875 0.10507812500000005 0.498046875 0.10507812500000006 0.5484375 0.1468750000000001 0.5484375
19 0.2406250000000001 0.500390625 0.20312500000000008 0.500390625 0.20312500000000008 0.5484375 0.2406250000000001 0.5484375
19 0.19218750000000007 0.4984375 0.15429687500000006 0.4984375 0.15429687500000006 0.5515625 0.1921875000000001 0.5515625
19 0.2906250000000001 0.504296875 0.24023437500000008 0.504296875 0.24023437500000008 0.5421875 0.2906250000000001 0.5421875
19 0.34843750000000007 0.614453125 0.2796875000000001 0.614453125 0.2796875000000001 0.6796875 0.34843750000000007 0.6796875
19 0.2796875000000001 0.6140625 0.20898437500000008 0.6140625 0.20898437500000008 0.68515625 0.2796875000000001 0.68515625
19 0.2062500000000001 0.6234375 0.1375000000000001 0.6234375 0.1375000000000001 0.690625 0.2062500000000001 0.690625
19 0.1359375000000001 0.620703125 0.062109375000000064 0.620703125 0.06210937500000008 0.690625 0.1359375000000001 0.690625