19 0.24807889375000008 0.3647540984375 0.2015625000000001 0.3647540984375 0.2015625000000001 0.4046875 0.24807889375000008 0.4046875
19 0.19843750000000004 0.3952868859375 0.16559938593750007 0.3952868859375 0.16559938593750007 0.428125 0.19843750000000004 0.428125
19 0.15937500000000004 0.3994492828125 0.12863729531250007 0.3994492828125 0.12863729531250007 0.43125 0.15937500000000004 0.43125
19 0.7453125 0.3818903671875001 0.6574410875 0.3818903671875001 0.6574410875 0.4531250000000001 0.7453125 0.45312500000000017
19 0.599820696875 0.3936603484375001 0.540804303125 0.3936603484375001 0.540804303125 0.4625 0.599820696875 0.4625
19 0.3203125000000001 0.403304303125 0.2445312500000001 0.403304303125 0.2445312500000001 0.45625 0.3203125000000001 0.45625
19 0.5453125 0.4047131140625 0.47994364687499996 0.4047131140625 0.47994364687499996 0.459375 0.5453125 0.459375
19 0.6668288921875 0.403125 0.5987961078125 0.403125 0.5987961078125 0.4640625 0.6668288921875 0.4640625
19 0.48523309374999996 0.403125 0.43195440625000003 0.403125 0.43195440625000003 0.4640625 0.48523309374999996 0.4640625
19 0.2578125000000001 0.41875 0.2037781765625001 0.41875 0.2037781765625001 0.4609375 0.2578125000000001 0.4609375
19 0.2015625000000001 0.4345543046875 0.17507684375000004 0.4345543046875 0.17507684375000004 0.46875 0.2015625000000001 0.46875
19 0.16215420156250004 0.4375512296875 0.12690829843750004 0.4375512296875 0.12690829843750004 0.4686987703125 0.16215420156250004 0.4686987703125
19 0.3125000000000001 0.5724897546875 0.2552382171875001 0.5724897546875 0.2552382171875001 0.60625 0.3125000000000001 0.60625
19 0.2734375000000001 0.572272028125 0.21566342031250008 0.572272028125 0.21566342031250008 0.60625 0.2734375000000001 0.60625
19 0.2328125000000001 0.5703893437499999 0.1779969281250001 0.5703893437499999 0.1779969281250001 0.60625 0.2328125000000001 0.60625
19 0.4916752046875 0.6508580937499999 0.4301997953125 0.6508580937499999 0.4301997953125 0.6953125 0.4916752046875 0.6953125
19 0.2028176234375001 0.6547643453124999 0.1659323765625001 0.6547643453124999 0.1659323765625001 0.7 0.2028176234375001 0.7
19 0.3702484625000001 0.678509221875 0.3063140359375001 0.678509221875 0.3063140359375001 0.762115778125 0.3702484625000001 0.762115778125
19 0.3156250000000001 0.7020747953125 0.2488089140625001 0.7020747953125 0.2488089140625001 0.7484375 0.3156250000000001 0.7484375
19 0.25468750000000007 0.69375 0.20813268593750006 0.69375 0.20813268593750006 0.7609375 0.25468750000000007 0.7609375
19 0.49687500000000007 0.700179303125 0.4312371921875 0.700179303125 0.4312371921875001 0.7578125 0.4968750000000002 0.7578125
19 0.2078125000000001 0.7173539953125 0.1539318640625001 0.7173539953125 0.1539318640625001 0.759157275 0.2078125000000001 0.759157275