19 0.546875 0.3402343750000001 0.476953125 0.3402343750000001 0.476953125 0.4265625 0.546875 0.4265625
19 0.4625 0.3441406250000001 0.3828125 0.3441406250000001 0.38281250000000006 0.428125 0.4625 0.428125
19 0.9890625 0.3714843750000001 0.9296875 0.3714843750000001 0.9296875 0.40625000000000017 0.9890625 0.40625000000000017
19 0.9359375 0.3625000000000001 0.903515625 0.3625000000000001 0.903515625 0.42187500000000017 0.9359375 0.42187500000000017
19 0.6234375 0.36992187500000007 0.554296875 0.36992187500000007 0.554296875 0.4234375 0.6234375 0.4234375
19 0.6953125 0.36406250000000007 0.639453125 0.36406250000000007 0.639453125 0.4328125 0.6953125 0.4328125
19 0.790625 0.47265625000000017 0.76015625 0.47265625000000017 0.76015625 0.5046875000000002 0.790625 0.5046875000000002
19 0.753125 0.4722656250000001 0.7171875 0.472265625 0.7171875 0.5046875000000001 0.753125 0.5046875000000002
19 0.834375 0.4734375000000002 0.7984375 0.4734375000000002 0.7984375 0.5062500000000002 0.834375 0.5062500000000002
19 0.2062500000000001 0.48203125 0.11953125000000005 0.48203125 0.11953125000000005 0.5390625 0.2062500000000001 0.5390625
19 0.8890625 0.4878906250000002 0.849609375 0.4878906250000002 0.849609375 0.5406250000000001 0.8890625 0.5406250000000001
19 0.9390625 0.4859375000000002 0.896875 0.4859375000000002 0.896875 0.5421875000000002 0.9390625 0.5421875000000002
19 0.4890625 0.48828125 0.41640625 0.48828125 0.41640625 0.540625 0.4890625 0.540625
19 0.4328125 0.4875 0.3613281250000001 0.4875 0.3613281250000001 0.540625 0.4328125 0.540625
19 0.3671875000000001 0.478125 0.3140625000000001 0.478125 0.3140625000000001 0.55 0.3671875000000001 0.55
19 0.2578125000000001 0.491015625 0.18320312500000005 0.491015625 0.18320312500000005 0.54375 0.2578125000000001 0.54375
19 0.3156250000000001 0.490234375 0.2425781250000001 0.490234375 0.2425781250000001 0.5421875 0.3156250000000001 0.5421875
19 0.7171875 0.493359375 0.671875 0.493359375 0.671875 0.5484375 0.7171875 0.5484375
19 0.6671875 0.4953125 0.6296875 0.4953125 0.6296875 0.5484375 0.6671875 0.5484375
19 0.6265625 0.50078125 0.571484375 0.50078125 0.571484375 0.54375 0.6265625 0.54375
19 0.528125 0.493359375 0.484765625 0.493359375 0.484765625 0.5484375 0.528125 0.5484375
19 0.58125 0.5 0.525390625 0.5 0.525390625 0.54375 0.58125 0.54375
19 0.84375 0.5089843750000002 0.81171875 0.5089843750000002 0.81171875 0.5453125000000002 0.84375 0.5453125000000002
19 0.8046875 0.5121093750000002 0.766796875 0.5121093750000002 0.766796875 0.5453125000000002 0.8046875 0.5453125000000002
19 0.7609375 0.5105468750000001 0.723046875 0.510546875 0.723046875 0.5453125000000001 0.7609375 0.5453125000000002
19 0.7796875 0.6082031250000001 0.711328125 0.608203125 0.711328125 0.6828125 0.7796875 0.6828125000000002
19 0.9171875 0.6160156250000002 0.846875 0.6160156250000002 0.846875 0.6796875000000002 0.9171875 0.6796875000000002
19 0.487109375 0.612109375 0.401953125 0.612109375 0.401953125 0.6828125 0.487109375 0.6828125
19 0.55625 0.6140625 0.478515625 0.6140625 0.478515625 0.6828125 0.55625 0.6828125
19 0.409375 0.611328125 0.3285156250000001 0.611328125 0.3285156250000001 0.682421875 0.409375 0.682421875
19 0.7125 0.6171875 0.642578125 0.6171875 0.642578125 0.68125 0.7125 0.68125
19 0.3398437500000001 0.613671875 0.2531250000000001 0.613671875 0.2531250000000001 0.684375 0.3398437500000001 0.684375
19 0.2593750000000001 0.6046875 0.1859375000000001 0.6046875 0.1859375000000001 0.69375 0.2593750000000001 0.69375
19 0.634375 0.615625 0.5609375 0.615625 0.5609375 0.6875 0.634375 0.6875
19 0.19531250000000008 0.616015625 0.1062500000000001 0.616015625 0.1062500000000001 0.6890625 0.19531250000000008 0.6890625
19 0.84375 0.6253906250000002 0.78515625 0.6253906250000002 0.78515625 0.6828125000000002 0.84375 0.6828125000000002
19 0.9921875 0.6296875000000002 0.923828125 0.6296875000000002 0.923828125 0.6875000000000002 0.9921875 0.6875000000000002