19 0.393359375 0.08945312500000005 0.337890625 0.08945312500000005 0.337890625 0.12656250000000005 0.393359375 0.12656250000000005
19 0.434375 0.09335937500000005 0.3796875 0.09335937500000005 0.3796875 0.12656250000000005 0.434375 0.12656250000000005
19 0.3890625 0.15625000000000006 0.318359375 0.15625000000000006 0.318359375 0.19609375000000004 0.3890625 0.19609375000000004
19 0.41875 0.14101562500000003 0.38125 0.14101562500000003 0.38125 0.21093750000000008 0.41875 0.21093750000000008
19 0.16562500000000005 0.2640625 0.09218750000000002 0.2640625 0.09218750000000003 0.3578125 0.16562500000000005 0.3578125
19 0.86875 0.2765625000000001 0.7578125 0.2765625000000001 0.7578125 0.3500000000000001 0.86875 0.3500000000000001
19 0.696875 0.2593750000000001 0.625 0.2593750000000001 0.625 0.3671875000000001 0.696875 0.3671875000000001
19 0.7890625 0.2773437500000001 0.68203125 0.2773437500000001 0.68203125 0.34843750000000007 0.7890625 0.34843750000000007
19 0.2625 0.278515625 0.17187500000000006 0.278515625 0.17187500000000006 0.35 0.2625 0.35
19 0.625 0.2574218750000001 0.553125 0.2574218750000001 0.553125 0.3703125000000001 0.625 0.3703125000000001
19 0.346875 0.2765625 0.253125 0.2765625 0.253125 0.3546875 0.346875 0.3546875
19 0.546875 0.2871093750000001 0.483203125 0.2871093750000001 0.483203125 0.3671875000000001 0.546875 0.3671875000000001
19 0.4796875 0.2949218750000001 0.40625 0.2949218750000001 0.40625 0.3625000000000001 0.4796875 0.3625000000000001
19 0.4109375 0.2984375 0.334765625 0.2984375 0.334765625 0.36250000000000004 0.4109375 0.3625000000000001
19 0.678125 0.3898437500000001 0.657421875 0.3898437500000001 0.657421875 0.421875 0.678125 0.421875
19 0.715625 0.3898437500000001 0.69453125 0.3898437500000001 0.69453125 0.421875 0.715625 0.421875
19 0.7984375 0.39531250000000007 0.765234375 0.39531250000000007 0.765234375 0.41718750000000016 0.7984375 0.41718750000000016
19 0.640625 0.38945312500000007 0.61875 0.38945312500000007 0.61875 0.4265625 0.640625 0.4265625
19 0.7515625 0.39140625000000007 0.730859375 0.39140625000000007 0.730859375 0.42500000000000016 0.7515625 0.42500000000000016
19 0.551171875 0.3957031250000001 0.516015625 0.3957031250000001 0.516015625 0.434375 0.551171875 0.434375
19 0.5953125 0.39921875000000007 0.56015625 0.39921875000000007 0.56015625 0.4359375 0.5953125 0.4359375
19 0.6453125 0.4234375 0.609375 0.4234375 0.609375 0.459375 0.6453125 0.459375
19 0.6859375 0.4234375 0.648046875 0.4234375 0.648046875 0.459375 0.6859375 0.459375
19 0.721875 0.425 0.691796875 0.425 0.691796875 0.45859375 0.721875 0.45859375
19 0.80625 0.4253906250000002 0.773828125 0.4253906250000002 0.773828125 0.4605468750000002 0.80625 0.4605468750000002
19 0.765625 0.42695312500000016 0.7296875 0.42695312500000016 0.7296875 0.46093750000000017 0.765625 0.46093750000000017
19 0.22812500000000008 0.4234375 0.16875000000000004 0.4234375 0.16875000000000004 0.5015625 0.22812500000000008 0.5015625
19 0.16875000000000004 0.425 0.10781250000000005 0.425 0.10781250000000005 0.5046875 0.16875000000000004 0.5046875
19 0.3593750000000001 0.434375 0.2796875000000001 0.434375 0.2796875000000001 0.4953125 0.3593750000000001 0.4953125
19 0.3031250000000001 0.4359375 0.21875000000000008 0.4359375 0.21875000000000008 0.4921875 0.3031250000000001 0.4921875
19 0.425 0.4375 0.34257812500000007 0.4375 0.34257812500000007 0.4953125 0.425 0.4953125
19 0.4625 0.445703125 0.4171875 0.445703125 0.4171875 0.5046875 0.4625 0.5046875
19 0.559375 0.444921875 0.511328125 0.444921875 0.511328125 0.5046875 0.559375 0.5046875
19 0.518359375 0.450390625 0.458203125 0.450390625 0.458203125 0.4984375 0.518359375 0.4984375
19 0.609375 0.4453125 0.561328125 0.4453125 0.561328125 0.50625 0.609375 0.50625
19 0.7359375 0.46757812500000007 0.696484375 0.467578125 0.696484375 0.5062500000000001 0.7359375 0.5062500000000002
19 0.6484375 0.46875 0.609765625 0.46875 0.609765625 0.50625 0.6484375 0.50625
19 0.7796875 0.46875000000000017 0.7390625 0.46875000000000017 0.7390625 0.5062500000000002 0.7796875 0.5062500000000002
19 0.69375 0.4703125 0.653125 0.4703125 0.653125 0.5078125 0.69375 0.5078125
19 0.8203125 0.4722656250000002 0.781640625 0.4722656250000002 0.781640625 0.5046875000000002 0.8203125 0.5046875000000002
19 0.19531250000000008 0.5515625 0.10156250000000008 0.5515625 0.10156250000000008 0.6234375 0.19531250000000008 0.6234375
19 0.3421875000000001 0.554296875 0.2589843750000001 0.554296875 0.2589843750000001 0.625 0.3421875000000001 0.625
19 0.2609375000000001 0.5453125 0.1925781250000001 0.5453125 0.1925781250000001 0.634375 0.2609375000000001 0.634375
19 0.4140625 0.55625 0.3417968750000001 0.55625 0.3417968750000001 0.63125 0.4140625 0.63125
19 0.49375 0.558203125 0.41875 0.558203125 0.41875 0.6296875 0.49375 0.6296875
19 0.6203125 0.56875 0.5640625 0.56875 0.5640625 0.6359375 0.6203125 0.6359375
19 0.5609375 0.573828125 0.496875 0.573828125 0.496875 0.63125 0.5609375 0.63125
19 0.675 0.583984375 0.619921875 0.583984375 0.619921875 0.6265625 0.675 0.6265625
19 0.7234375 0.578125 0.671875 0.578125 0.671875 0.6359375 0.7234375 0.6359375
19 0.81875 0.5812500000000002 0.7734375 0.5812500000000002 0.7734375 0.6343750000000001 0.81875 0.6343750000000001
19 0.775 0.5867187500000001 0.719921875 0.58671875 0.719921875 0.628125 0.775 0.6281250000000002
19 0.5496093750000002 0.866015625 0.4832031250000002 0.866015625 0.4832031250000002 0.9203125 0.5496093750000002 0.9203125
19 0.4937500000000002 0.867578125 0.4292968750000002 0.867578125 0.4292968750000002 0.921875 0.4937500000000002 0.921875