19 0.96875 0.6691406250000002 0.925390625 0.6691406250000002 0.925390625 0.7531250000000002 0.96875 0.7531250000000002
19 0.9359375 0.6902343750000002 0.85 0.6902343750000002 0.85 0.7359375000000001 0.9359375 0.7359375000000001
19 0.6843750000000001 0.692578125 0.6265625 0.692578125 0.6265625000000001 0.75625 0.6843750000000002 0.75625
19 0.1515625 0.07578125000000001 0.06484375 0.07578125 0.06484375 0.1203125 0.1515625 0.1203125
19 0.08281250000000001 0.0546875 0.03945312500000001 0.0546875 0.03945312500000002 0.1421875 0.08281250000000002 0.1421875
19 0.853125 0.0796875000000001 0.75 0.07968750000000009 0.75 0.12656250000000008 0.853125 0.12656250000000008
19 0.8828125 0.05312500000000011 0.833203125 0.05312500000000011 0.833203125 0.15625000000000008 0.8828125 0.15625000000000008
19 0.234375 0.09960937500000003 0.17421875 0.09960937500000003 0.17421875 0.13125000000000003 0.234375 0.13125000000000003
19 0.1921875 0.09453125000000002 0.132421875 0.09453125000000002 0.132421875 0.13125000000000003 0.1921875 0.13125000000000003
19 0.4765625 0.2355468750000001 0.391015625 0.2355468750000001 0.391015625 0.3031250000000001 0.4765625 0.3031250000000001
19 0.5546875 0.2375000000000001 0.466796875 0.2375000000000001 0.466796875 0.3070312500000001 0.5546875 0.3070312500000001
19 0.10625000000000004 0.246484375 0.04179687500000003 0.246484375 0.04179687500000003 0.3046875 0.10625000000000004 0.3046875
19 0.17812500000000003 0.245703125 0.11406250000000004 0.245703125 0.11406250000000004 0.309375 0.17812500000000003 0.309375
19 0.2390625 0.242578125 0.18164062500000006 0.242578125 0.18164062500000006 0.3078125 0.2390625 0.3078125
19 0.390625 0.24179687500000005 0.31875 0.241796875 0.31875 0.31093750000000003 0.390625 0.3109375000000001
19 0.307421875 0.249609375 0.242578125 0.249609375 0.242578125 0.309375 0.307421875 0.309375
19 0.5421875 0.39335937500000007 0.451953125 0.39335937500000007 0.451953125 0.446875 0.5421875 0.446875
19 0.5890625 0.3750000000000001 0.530078125 0.3750000000000001 0.530078125 0.465625 0.5890625 0.465625
19 0.653125 0.3781250000000001 0.5921875 0.3781250000000001 0.5921875 0.4671875 0.653125 0.4671875
19 0.4171875 0.40625 0.3457031250000001 0.40625 0.3457031250000001 0.45625 0.4171875 0.45625
19 0.3652343750000001 0.404296875 0.2910156250000001 0.404296875 0.2910156250000001 0.4578125 0.3652343750000001 0.4578125
19 0.4703125 0.404296875 0.400390625 0.404296875 0.400390625 0.45625 0.4703125 0.45625
19 0.7625 0.3957031250000001 0.712890625 0.3957031250000001 0.712890625 0.46562500000000007 0.7625 0.4656250000000002
19 0.7109375 0.39531250000000007 0.6625 0.39531250000000007 0.6625 0.4671875 0.7109375 0.4671875
19 0.825 0.4027343750000002 0.75625 0.4027343750000002 0.75625 0.4593750000000002 0.825 0.4593750000000002
19 0.2953125000000001 0.412890625 0.25468750000000007 0.412890625 0.25468750000000007 0.465625 0.2953125000000001 0.465625
19 0.25468750000000007 0.421484375 0.20117187500000008 0.421484375 0.20117187500000008 0.459375 0.25468750000000007 0.459375
19 0.86875 0.41992187500000017 0.81953125 0.41992187500000017 0.81953125 0.46093750000000017 0.86875 0.46093750000000017