19 0.5390625000000002 0.8734375 0.47656250000000017 0.8734375 0.47656250000000017 0.953125 0.5390625000000002 0.953125
19 0.6835937500000002 0.8796875 0.6140625000000002 0.8796875 0.6140625000000002 0.95625 0.6835937500000002 0.95625
19 0.6101562500000002 0.88125 0.5453125000000002 0.88125 0.5453125000000002 0.953125 0.6101562500000002 0.953125
19 0.46796875000000016 0.8875 0.41718750000000016 0.8875 0.41718750000000016 0.95703125 0.46796875000000016 0.95703125
19 0.4164062500000002 0.890625 0.3609375000000001 0.890625 0.3609375000000001 0.9578125 0.4164062500000002 0.9578125
19 0.90625 0.1828125000000001 0.853125 0.1828125000000001 0.853125 0.2257812500000001 0.90625 0.2257812500000001
19 0.81640625 0.21250000000000008 0.78125 0.21250000000000008 0.78125 0.2453125000000001 0.81640625 0.2453125000000001
19 0.778125 0.2140625000000001 0.7453125 0.2140625000000001 0.7453125 0.2453125000000001 0.778125 0.2453125000000001
19 0.38984375 0.18750000000000006 0.315625 0.18750000000000006 0.315625 0.28593750000000007 0.38984375 0.28593750000000007
19 0.31328125 0.18281250000000004 0.24375 0.18281250000000004 0.24375 0.2875 0.31328125 0.2875
19 0.51328125 0.20468750000000008 0.4546875 0.20468750000000008 0.4546875 0.2851562500000001 0.51328125 0.2851562500000001
19 0.45234375 0.20468750000000008 0.39375 0.20468750000000008 0.39375 0.2867187500000001 0.45234375 0.2867187500000001
19 0.740625 0.2093750000000001 0.678125 0.2093750000000001 0.678125 0.2851562500000001 0.740625 0.2851562500000001
19 0.66875 0.21093750000000008 0.6078125 0.21093750000000008 0.6078125 0.2851562500000001 0.66875 0.2851562500000001
19 0.15937500000000004 0.21875 0.11875000000000005 0.21875 0.11875000000000005 0.2828125 0.15937500000000004 0.2828125
19 0.2 0.21875 0.15781250000000005 0.21875 0.15781250000000005 0.28359375 0.2 0.28359375
19 0.24375 0.21875 0.19687500000000005 0.21875 0.19687500000000005 0.28359375 0.24375 0.28359375
19 0.60546875 0.2250000000000001 0.5625 0.2250000000000001 0.5625 0.28593750000000007 0.60546875 0.28593750000000007
19 0.55859375 0.2234375000000001 0.515625 0.2234375000000001 0.515625 0.2875000000000001 0.55859375 0.2875000000000001
19 0.82265625 0.2468750000000001 0.7828125 0.2468750000000001 0.7828125 0.28203125000000007 0.82265625 0.28203125000000007
19 0.77890625 0.2500000000000001 0.74375 0.2500000000000001 0.74375 0.28593750000000007 0.77890625 0.28593750000000007
19 0.6546875 0.30937500000000007 0.609375 0.30937500000000007 0.609375 0.3609375000000001 0.6546875 0.3609375000000001
19 0.70390625 0.3109375000000001 0.659375 0.3109375000000001 0.659375 0.3617187500000001 0.70390625 0.3617187500000001
19 0.4359375 0.33281250000000007 0.3640625 0.33281250000000007 0.36406250000000007 0.4203125 0.4359375 0.4203125
19 0.18828125000000004 0.340625 0.11406250000000004 0.340625 0.11406250000000004 0.42265625 0.18828125000000004 0.42265625
19 0.35625000000000007 0.334375 0.2828125 0.334375 0.2828125 0.421875 0.35625000000000007 0.421875
19 0.26796875000000003 0.3359375 0.19218750000000004 0.3359375 0.19218750000000004 0.41796875 0.2679687500000001 0.41796875
19 0.5984375 0.3390625000000001 0.5265625 0.3390625000000001 0.5265625 0.42421875 0.5984375 0.42421875
19 0.52265625 0.3421875000000001 0.453125 0.3421875000000001 0.453125 0.421875 0.52265625 0.421875
19 0.78515625 0.35625000000000007 0.71875 0.35625000000000007 0.71875 0.42265625000000007 0.78515625 0.4226562500000002
19 0.83828125 0.3578125000000001 0.7890625 0.3578125000000001 0.7890625 0.42187500000000017 0.83828125 0.42187500000000017
19 0.90234375 0.3578125000000001 0.84375 0.3578125000000001 0.84375 0.4203125000000002 0.90234375 0.4203125000000002
19 0.7078125 0.3656250000000001 0.659375 0.3656250000000001 0.659375 0.421875 0.7078125 0.421875
19 0.6578125 0.36406250000000007 0.6109375 0.36406250000000007 0.6109375 0.42421875 0.6578125 0.42421875
19 0.88671875 0.4265625000000002 0.828125 0.4265625000000002 0.828125 0.4906250000000002 0.88671875 0.4906250000000002
19 0.87421875 0.4984375000000002 0.8203125 0.4984375000000002 0.8203125 0.5562500000000001 0.87421875 0.5562500000000001