19 0.510135134375 0.3513513515625001 0.4332770265625 0.3513513515625001 0.4332770265625 0.4451013515625 0.510135134375 0.4451013515625
19 0.6114864859375 0.3547297296875001 0.5253378375 0.3547297296875001 0.5253378375 0.446790540625 0.6114864859375 0.446790540625
19 0.04898648593750005 0.375 0.012668918750000044 0.375 0.01266891875000005 0.440033784375 0.04898648593750006 0.440033784375
19 0.42567567500000003 0.38344594531250004 0.35050675625000005 0.3834459453125 0.35050675625000005 0.4417229734375 0.42567567500000003 0.4417229734375
19 0.3412162156250001 0.3834459453125 0.2660472968750001 0.3834459453125 0.2660472968750001 0.44425675625 0.3412162156250001 0.44425675625
19 0.2043918921875001 0.4949324328125 0.16891891875000004 0.4949324328125 0.16891891875000004 0.528716215625 0.2043918921875001 0.528716215625
19 0.2500000000000001 0.49324324375 0.21114864843750009 0.49324324375 0.21114864843750009 0.5295608109375001 0.2500000000000001 0.5295608109375001
19 0.16216216250000004 0.4949324328125 0.12331081093750004 0.4949324328125 0.12331081093750004 0.5304054046875 0.16216216250000004 0.5304054046875
19 0.8800675671875 0.4881756750000002 0.8175675671875 0.4881756750000002 0.8175675671875 0.5827702703125002 0.8800675671875 0.5827702703125002
19 0.10641891875000006 0.510135134375 0.06334459531250006 0.510135134375 0.06334459531250006 0.5684121625 0.10641891875000009 0.5684121625
19 0.055743243750000074 0.5084459453125 0.010135134375000061 0.5084459453125 0.010135134375000066 0.5692567562499999 0.055743243750000074 0.5692567562499999
19 0.5641891890624999 0.5 0.5067567562499999 0.5 0.5067567562499999 0.5793918921875 0.5641891890624999 0.5793918921875
19 0.625 0.5 0.5667229734375 0.5 0.5667229734375 0.577702703125 0.625 0.577702703125
19 0.6858108109375001 0.5 0.6283783781250001 0.5 0.6283783781250001 0.577702703125 0.6858108109375001 0.577702703125
19 0.815878378125 0.5016891890625002 0.7576013515625 0.5016891890625002 0.7576013515625 0.5836148656250002 0.815878378125 0.5836148656250002
19 0.7516891890624999 0.5016891890625 0.6934121625 0.5016891890624999 0.6934121625 0.5819256750000001 0.7516891890624999 0.5819256750000001
19 0.2989864859375001 0.5168918921875 0.2500000000000001 0.5168918921875 0.2500000000000001 0.5768581078125 0.2989864859375001 0.5768581078125
19 0.3445945953125001 0.51858108125 0.3040540546875001 0.51858108125 0.3040540546875001 0.5760135140625 0.3445945953125001 0.5760135140625
19 0.40033783749999996 0.5168918921875 0.35388513437500013 0.5168918921875 0.35388513437500013 0.577702703125 0.40033783749999996 0.577702703125
19 0.5016891890624999 0.5168918921875 0.45354729687499995 0.5168918921875 0.45354729687499995 0.5768581078125 0.5016891890624999 0.5768581078125
19 0.45101351406249995 0.5168918921875 0.402871621875 0.5168918921875 0.402871621875 0.577702703125 0.45101351406249995 0.577702703125
19 0.15033783750000007 0.5354729734375 0.10979729687500003 0.5354729734375 0.10979729687500006 0.571790540625 0.1503378375000001 0.571790540625
19 0.19594594531250006 0.5371621625 0.15456081093750004 0.5371621625 0.15456081093750007 0.5734797296874999 0.1959459453125001 0.5734797296874999
19 0.24324324375000012 0.5354729734375 0.20185810781250008 0.5354729734375 0.20185810781250008 0.5734797296874999 0.24324324375000012 0.5734797296874999
19 0.25675675625000005 0.640202703125 0.1815878375000001 0.640202703125 0.1815878375000001 0.7221283781250001 0.25675675625000005 0.7221283781250001
19 0.10641891875000009 0.6452702703125001 0.03716216250000008 0.6452702703125001 0.03716216250000008 0.7221283781250001 0.10641891875000009 0.7221283781250001
19 0.5827702703125002 0.636824325 0.5059121625 0.636824325 0.5059121625000002 0.728885134375 0.5827702703125002 0.728885134375
19 0.5033783781250001 0.6418918921875 0.428209459375 0.6418918921875 0.4282094593750001 0.7263513515625 0.5033783781250002 0.7263513515625
19 0.6638513515625001 0.6385135140625 0.5869932437500001 0.6385135140625 0.5869932437500001 0.7271959453125 0.6638513515625002 0.7271959453125
19 0.32770270312500005 0.646959459375 0.2576013515625001 0.646959459375 0.2576013515625001 0.7238175671875 0.32770270312500005 0.7238175671875
19 0.7432432437500001 0.6385135140625 0.665540540625 0.6385135140625 0.6655405406250001 0.7322635140625 0.7432432437500002 0.7322635140625001
19 0.8243243250000001 0.6368243250000002 0.7449324328125 0.6368243250000002 0.7449324328125001 0.7339527031250002 0.8243243250000001 0.7339527031250002
19 0.4189189187500001 0.6486486484375 0.3386824328125001 0.6486486484375 0.3386824328125001 0.7263513515625 0.4189189187500002 0.7263513515625
19 0.9020270265624999 0.6402027031250002 0.822635134375 0.6402027031250002 0.822635134375 0.7373310812500001 0.9020270265624999 0.7373310812500001
19 0.1756756750000001 0.658783784375 0.1131756750000001 0.658783784375 0.1131756750000001 0.7221283781250001 0.1756756750000001 0.7221283781250001
19 0.027027026562500084 0.6638513515625 8.129834328006599e-17 0.6638513515625 8.517708097902733e-17 0.7271959453125 0.02702702656250009 0.7271959453125