19 0.54765625 0.34062500000000007 0.4765625 0.34062500000000007 0.4765625 0.42734375 0.54765625 0.42734375
19 0.4625 0.3437500000000001 0.3828125 0.3437500000000001 0.38281250000000006 0.42890625 0.4625 0.42890625
19 0.97734375 0.3593750000000001 0.9421875 0.3593750000000001 0.9421875 0.4195312500000002 0.97734375 0.4195312500000002
19 0.93671875 0.3625000000000001 0.903125 0.3625000000000001 0.903125 0.4226562500000002 0.93671875 0.4226562500000002
19 0.62421875 0.3703125000000001 0.5546875 0.3703125000000001 0.5546875 0.42421875 0.62421875 0.42421875
19 0.70234375 0.3703125000000001 0.6328125 0.3703125000000001 0.6328125 0.4265625 0.70234375 0.4265625
19 0.7921875 0.4734375000000002 0.759375 0.4734375000000002 0.759375 0.5046875000000002 0.7921875 0.5046875000000002
19 0.753125 0.4718750000000001 0.7171875 0.471875 0.7171875 0.5054687500000001 0.753125 0.5054687500000001
19 0.834375 0.4734375000000002 0.7984375 0.4734375000000002 0.7984375 0.5062500000000002 0.834375 0.5062500000000002
19 0.19218750000000007 0.4671875 0.13437500000000005 0.4671875 0.13437500000000008 0.5546875 0.1921875000000001 0.5546875
19 0.88984375 0.48750000000000016 0.85 0.48750000000000016 0.85 0.5414062500000002 0.88984375 0.5414062500000002
19 0.9390625 0.4859375000000002 0.896875 0.4859375000000002 0.896875 0.5421875000000002 0.9390625 0.5421875000000002
19 0.4796875 0.478125 0.4265625 0.478125 0.4265625 0.5515625 0.4796875 0.5515625
19 0.42421875 0.478125 0.3703125000000001 0.478125 0.3703125000000001 0.55 0.42421875 0.55
19 0.3671875000000001 0.478125 0.3140625000000001 0.478125 0.3140625000000001 0.55 0.3671875000000001 0.55
19 0.24765625000000008 0.4796875 0.19375000000000003 0.4796875 0.19375000000000006 0.55546875 0.24765625000000008 0.55546875
19 0.3070312500000001 0.4796875 0.2531250000000001 0.4796875 0.2531250000000001 0.55390625 0.3070312500000001 0.55390625
19 0.7171875 0.49375 0.671875 0.49375 0.671875 0.54921875 0.7171875 0.54921875
19 0.6671875 0.4953125 0.6296875 0.4953125 0.6296875 0.5484375 0.6671875 0.5484375
19 0.62109375 0.49375 0.578125 0.49375 0.578125 0.55 0.62109375 0.55
19 0.52890625 0.49375 0.484375 0.49375 0.484375 0.54921875 0.52890625 0.54921875
19 0.57578125 0.49375 0.53125 0.49375 0.53125 0.55 0.57578125 0.55
19 0.846875 0.5109375000000002 0.809375 0.5109375000000002 0.809375 0.5445312500000001 0.846875 0.5445312500000001
19 0.80546875 0.5125000000000002 0.7671875 0.5125000000000002 0.7671875 0.5460937500000002 0.80546875 0.5460937500000002
19 0.76171875 0.5109375 0.7234375 0.5109375 0.7234375 0.54609375 0.76171875 0.5460937500000002
19 0.78046875 0.6078125000000001 0.7109375 0.6078125 0.7109375 0.6835937500000001 0.78046875 0.6835937500000002
19 0.9140625 0.6125000000000002 0.85 0.6125000000000002 0.85 0.6835937500000002 0.9140625 0.6835937500000002
19 0.48046875 0.6046875 0.409375 0.6046875 0.409375 0.68984375 0.48046875 0.68984375
19 0.55234375 0.609375 0.4828125 0.609375 0.4828125 0.6875 0.55234375 0.6875
19 0.40546875 0.60625 0.3343750000000001 0.60625 0.3343750000000001 0.68828125 0.40546875 0.68828125
19 0.71015625 0.6140625 0.6453125 0.6140625 0.6453125 0.68515625 0.71015625 0.68515625
19 0.33281250000000007 0.60625 0.2609375000000001 0.60625 0.2609375000000001 0.69296875 0.33281250000000007 0.69296875
19 0.2593750000000001 0.6046875 0.1859375000000001 0.6046875 0.1859375000000001 0.69453125 0.2593750000000001 0.69453125
19 0.63515625 0.615625 0.5609375 0.615625 0.5609375 0.6875 0.63515625 0.6875
19 0.18750000000000008 0.6078125 0.1140625000000001 0.6078125 0.1140625000000001 0.69765625 0.18750000000000008 0.69765625
19 0.84375 0.6250000000000002 0.7859375 0.6250000000000002 0.7859375 0.6835937500000002 0.84375 0.6835937500000002
19 0.99296875 0.6296875000000002 0.9234375 0.6296875000000002 0.9234375 0.6882812500000002 0.99296875 0.6882812500000002