19 0.38515625 0.08125000000000004 0.346875 0.08125000000000004 0.346875 0.13671875000000006 0.38515625 0.13671875000000006
19 0.42421875 0.08281250000000004 0.390625 0.08281250000000004 0.390625 0.13828125000000005 0.42421875 0.13828125000000005
19 0.37421875 0.14062500000000006 0.334375 0.14062500000000006 0.334375 0.21250000000000005 0.37421875 0.21250000000000008
19 0.41953125 0.14062500000000006 0.38125 0.14062500000000006 0.38125 0.2117187500000001 0.41953125 0.2117187500000001
19 0.16562500000000005 0.2640625 0.09218750000000002 0.2640625 0.09218750000000003 0.3578125 0.16562500000000005 0.3578125
19 0.85 0.2578125000000001 0.7765625 0.2578125000000001 0.7765625 0.3687500000000001 0.85 0.3687500000000001
19 0.696875 0.2593750000000001 0.625 0.2593750000000001 0.625 0.3671875000000001 0.696875 0.3671875000000001
19 0.771875 0.2593750000000001 0.7 0.2593750000000001 0.7 0.3671875000000001 0.771875 0.3671875000000001
19 0.253125 0.26875 0.18125000000000005 0.26875 0.18125000000000005 0.36015625 0.253125 0.36015625
19 0.625 0.2578125000000001 0.553125 0.2578125000000001 0.553125 0.3710937500000001 0.625 0.3710937500000001
19 0.3390625 0.26875 0.2609375 0.26875 0.2609375 0.3625 0.3390625 0.3625
19 0.54765625 0.2875000000000001 0.4828125 0.2875000000000001 0.4828125 0.36796875000000007 0.54765625 0.36796875000000007
19 0.478125 0.2921875000000001 0.409375 0.2921875000000001 0.409375 0.3664062500000001 0.478125 0.3664062500000001
19 0.40546875 0.29218750000000004 0.340625 0.2921875 0.34062500000000007 0.36875 0.40546875 0.3687500000000001
19 0.68515625 0.39531250000000007 0.6515625 0.39531250000000007 0.6515625 0.4171875 0.68515625 0.4171875
19 0.721875 0.39531250000000007 0.6890625 0.39531250000000007 0.6890625 0.4171875 0.721875 0.4171875
19 0.79921875 0.39531250000000007 0.765625 0.39531250000000007 0.765625 0.41718750000000016 0.79921875 0.41718750000000016
19 0.6484375 0.3968750000000001 0.6109375 0.3968750000000001 0.6109375 0.41953125 0.6484375 0.41953125
19 0.75859375 0.3968750000000001 0.725 0.3968750000000001 0.725 0.41875000000000007 0.75859375 0.4187500000000002
19 0.55390625 0.3984375000000001 0.5140625 0.3984375000000001 0.5140625 0.43359375 0.55390625 0.43359375
19 0.596875 0.4 0.559375 0.4 0.559375 0.4359375 0.596875 0.4359375
19 0.6453125 0.4234375 0.609375 0.4234375 0.609375 0.459375 0.6453125 0.459375
19 0.68671875 0.4234375 0.6484375 0.4234375 0.6484375 0.459375 0.68671875 0.459375
19 0.72421875 0.4265625 0.690625 0.4265625 0.690625 0.4578125 0.72421875 0.4578125
19 0.80859375 0.4265625000000002 0.7734375 0.4265625000000002 0.7734375 0.46015625000000016 0.80859375 0.46015625000000016
19 0.765625 0.4265625000000002 0.7296875 0.4265625000000002 0.7296875 0.4617187500000002 0.765625 0.4617187500000002
19 0.2289062500000001 0.4234375 0.16875000000000004 0.4234375 0.16875000000000004 0.5015625 0.2289062500000001 0.5015625
19 0.16875000000000004 0.425 0.10781250000000005 0.425 0.10781250000000005 0.5046875 0.16875000000000004 0.5046875
19 0.3500000000000001 0.425 0.2890625000000001 0.425 0.2890625000000001 0.5046875 0.3500000000000001 0.5046875
19 0.2890625000000001 0.421875 0.2328125000000001 0.421875 0.2328125000000001 0.50625 0.2890625000000001 0.50625
19 0.41328125 0.425 0.3546875000000001 0.425 0.3546875000000001 0.5078125 0.41328125 0.5078125
19 0.4625 0.4453125 0.4171875 0.4453125 0.4171875 0.50546875 0.4625 0.50546875
19 0.56015625 0.4453125 0.5109375 0.4453125 0.5109375 0.50546875 0.56015625 0.50546875
19 0.51328125 0.4453125 0.4640625 0.4453125 0.4640625 0.50546875 0.51328125 0.50546875
19 0.61015625 0.4453125 0.5609375 0.4453125 0.5609375 0.50625 0.61015625 0.50625
19 0.73671875 0.4671875000000001 0.696875 0.4671875 0.696875 0.50703125 0.73671875 0.5070312500000002
19 0.64921875 0.46875 0.609375 0.46875 0.609375 0.50625 0.64921875 0.50625
19 0.778125 0.4671875000000002 0.740625 0.4671875000000002 0.740625 0.5078125000000002 0.778125 0.5078125000000002
19 0.6921875 0.46875 0.6546875 0.46875 0.6546875 0.509375 0.6921875 0.509375
19 0.82109375 0.47187500000000016 0.78125 0.47187500000000016 0.78125 0.5054687500000001 0.82109375 0.5054687500000001
19 0.18437500000000007 0.540625 0.11250000000000004 0.540625 0.11250000000000007 0.634375 0.1843750000000001 0.634375
19 0.33671875000000007 0.546875 0.2656250000000001 0.546875 0.2656250000000001 0.63203125 0.33671875000000007 0.63203125
19 0.2617187500000001 0.5453125 0.1921875000000001 0.5453125 0.1921875000000001 0.634375 0.2617187500000001 0.634375
19 0.41640625 0.5578125 0.34062500000000007 0.5578125 0.34062500000000007 0.63125 0.41640625 0.63125
19 0.4921875 0.55625 0.4203125 0.55625 0.4203125 0.63203125 0.4921875 0.63203125
19 0.6203125 0.56875 0.5640625 0.56875 0.5640625 0.6359375 0.6203125 0.6359375
19 0.5578125 0.5703125 0.5 0.5703125 0.5 0.63515625 0.5578125 0.63515625
19 0.66953125 0.578125 0.625 0.578125 0.625 0.63359375 0.66953125 0.63359375
19 0.7234375 0.578125 0.671875 0.578125 0.671875 0.6359375 0.7234375 0.6359375
19 0.81875 0.5812500000000002 0.7734375 0.5812500000000002 0.7734375 0.6343750000000001 0.81875 0.6343750000000001
19 0.76953125 0.5796875000000001 0.7265625 0.5796875000000001 0.7265625 0.6359375000000002 0.76953125 0.6359375000000002
19 0.5445312500000001 0.8609375 0.4890625000000002 0.8609375 0.4890625000000002 0.92734375 0.5445312500000001 0.92734375
19 0.4898437500000002 0.8625 0.4343750000000002 0.8625 0.4343750000000002 0.92734375 0.4898437500000002 0.92734375