19 0.509375 0.3515625000000001 0.4328125 0.3515625000000001 0.4328125 0.44375 0.509375 0.44375
19 0.6109375 0.35470861562500006 0.52578125 0.35470861562500006 0.52578125 0.4453125 0.6109375 0.4453125
19 0.04843750000000005 0.3752956078125 0.012500000000000044 0.3752956078125 0.01250000000000005 0.4390625 0.04843750000000006 0.4390625
19 0.4171875 0.37500000000000006 0.3590371609375001 0.375 0.3590371609375001 0.449577703125 0.4171875 0.449577703125
19 0.34062500000000007 0.38287584531249996 0.2656250000000001 0.38287584531249996 0.2656250000000001 0.44368665468749996 0.34062500000000007 0.44368665468749996
19 0.2015625000000001 0.49415118125 0.16986908906250003 0.49415118125 0.16986908906250003 0.5296241546875 0.2015625000000001 0.5296241546875
19 0.2498944265625001 0.493559965625 0.2110430734375001 0.493559965625 0.2110430734375001 0.528125 0.2498944265625001 0.528125
19 0.15937500000000004 0.49347550625 0.12516891875000005 0.49347550625 0.12516891875000005 0.53125 0.15937500000000004 0.53125
19 0.8796875 0.4878589515625002 0.8171875 0.4878589515625002 0.8171875 0.5824535468750002 0.8796875 0.5824535468750002
19 0.10468750000000007 0.5103462828125 0.06307010312500007 0.5103462828125 0.06307010312500007 0.5686233109375001 0.10468750000000009 0.5686233109375001
19 0.06250000000000007 0.5161739843750001 0.001963682812500063 0.5161739843750001 0.001963682812500066 0.5609375 0.06250000000000007 0.5609375
19 0.563872465625 0.5001478046875001 0.506440034375 0.5001478046875001 0.506440034375 0.578125 0.563872465625 0.578125
19 0.634375 0.5099451015625001 0.5567989859375 0.5099451015625001 0.5567989859375 0.5671875 0.634375 0.5671875
19 0.6858741562499999 0.4997888515625 0.6284417234374999 0.4997888515625 0.6284417234374999 0.5765625 0.6858741562499999 0.5765625
19 0.815625 0.5020059125000003 0.7578125 0.5020059125000003 0.7578125 0.5828125000000002 0.815625 0.5828125000000002
19 0.75 0.5020903703125 0.6933065890625 0.5020903703124999 0.6933065890625 0.58125 0.75 0.5812500000000002
19 0.2984375000000001 0.5171875 0.2502744937500001 0.5171875 0.2502744937500001 0.5765625 0.2984375000000001 0.5765625
19 0.3531250000000001 0.5265625 0.2959670609375001 0.5265625 0.2959670609375001 0.5668918921875 0.3531250000000001 0.5668918921875
19 0.40625 0.5246199328125 0.3470650328125001 0.5246199328125 0.3470650328125001 0.5703125 0.40625 0.5703125
19 0.5014146968750001 0.5171875 0.45327280468750003 0.5171875 0.45327280468750003 0.5765625 0.5014146968750001 0.5765625
19 0.45 0.516532940625 0.40247043906249996 0.516532940625 0.40247043906249996 0.5765625 0.45 0.5765625
19 0.14687500000000006 0.53298141875 0.11163429062500005 0.53298141875 0.11163429062500008 0.5734375 0.1468750000000001 0.5734375
19 0.19218750000000007 0.534375 0.15694679062500005 0.534375 0.15694679062500008 0.575 0.1921875000000001 0.575
19 0.2406250000000001 0.5338893578125 0.20333614843750009 0.5338893578125 0.20333614843750009 0.575 0.2406250000000001 0.575
19 0.2562500000000001 0.6402871625000001 0.18125000000000008 0.6402871625000001 0.18125000000000008 0.7203125 0.2562500000000001 0.7203125
19 0.10937500000000008 0.6489864875 0.03325591250000008 0.6489864875 0.03325591250000008 0.7171875 0.10937500000000008 0.7171875
19 0.58125 0.6375 0.5057221296875001 0.6375 0.5057221296875001 0.728125 0.5812500000000002 0.728125
19 0.503125 0.6416385140624999 0.428378378125 0.6416385140624999 0.428378378125 0.725 0.503125 0.725
19 0.6625000000000001 0.6390625 0.5866342921875 0.6390625 0.5866342921875001 0.7265625 0.6625000000000002 0.7265625
19 0.3296875000000001 0.6506545609375001 0.2544552375000001 0.6506545609375001 0.2544552375000001 0.7203125 0.3296875000000001 0.7203125
19 0.7421875000000001 0.6390625000000001 0.6658361484374999 0.6390625 0.6658361484375 0.7312500000000001 0.7421875000000002 0.7312500000000002
19 0.8234375 0.6373733109375002 0.745460303125 0.6373733109375002 0.745460303125 0.7328125000000002 0.8234375 0.7328125000000002
19 0.4171875000000001 0.6486486484375 0.33878800625000005 0.6486486484375 0.33878800625000005 0.7263513515625 0.41718750000000016 0.7263513515625
19 0.9014146953125 0.6404983109375002 0.8220228031250001 0.6404983109375002 0.8220228031250001 0.7359375000000001 0.9014146953125 0.7359375000000001
19 0.1750000000000001 0.65988175625 0.11292229687500008 0.65988175625 0.11292229687500008 0.7203125 0.1750000000000001 0.7203125
19 0.026562500000000083 0.6640625 8.132420150587893e-17 0.6640625 8.51512227532144e-17 0.7265625 0.02656250000000009 0.7265625