19 0.5390625000000002 0.8734375 0.47656250000000017 0.8734375 0.47656250000000017 0.953125 0.5390625000000002 0.953125
19 0.6828125000000002 0.8796875 0.6144531250000002 0.8796875 0.6144531250000002 0.95625 0.6828125000000002 0.95625
19 0.6093750000000002 0.88125 0.5453125000000002 0.88125 0.5453125000000002 0.953125 0.6093750000000002 0.953125
19 0.4671875000000002 0.887890625 0.4167968750000002 0.887890625 0.4167968750000002 0.95625 0.4671875000000002 0.95625
19 0.4156250000000002 0.890625 0.3613281250000001 0.890625 0.3613281250000001 0.9578125 0.4156250000000002 0.9578125
19 0.9 0.17773437500000008 0.8578125 0.17773437500000008 0.8578125 0.2296875000000001 0.9 0.2296875000000001
19 0.815625 0.21250000000000008 0.78125 0.21250000000000008 0.78125 0.2453125000000001 0.815625 0.2453125000000001
19 0.7765625 0.2132812500000001 0.74609375 0.2132812500000001 0.74609375 0.2453125000000001 0.7765625 0.2453125000000001
19 0.4015625 0.19921875000000006 0.303515625 0.19921875000000006 0.303515625 0.27343750000000006 0.4015625 0.2734375000000001
19 0.3125 0.18281250000000004 0.244140625 0.18281250000000004 0.244140625 0.2875 0.3125 0.2875
19 0.5234375 0.2160156250000001 0.44375 0.2160156250000001 0.44375 0.2734375000000001 0.5234375 0.2734375000000001
19 0.4640625 0.2160156250000001 0.382421875 0.2160156250000001 0.382421875 0.2746093750000001 0.4640625 0.2746093750000001
19 0.746875 0.2160156250000001 0.671875 0.2160156250000001 0.671875 0.27812500000000007 0.746875 0.27812500000000007
19 0.675 0.2175781250000001 0.6015625 0.2175781250000001 0.6015625 0.27812500000000007 0.675 0.27812500000000007
19 0.17031250000000003 0.23046875 0.10703125000000005 0.23046875 0.10703125000000005 0.2703125 0.17031250000000003 0.2703125
19 0.2 0.218359375 0.15781250000000005 0.218359375 0.15781250000000005 0.2828125 0.2 0.2828125
19 0.24375 0.219140625 0.19687500000000005 0.219140625 0.19687500000000005 0.2828125 0.24375 0.2828125
19 0.6046875 0.2250000000000001 0.562890625 0.2250000000000001 0.562890625 0.28593750000000007 0.6046875 0.28593750000000007
19 0.56875 0.2335937500000001 0.505078125 0.2335937500000001 0.505078125 0.2765625000000001 0.56875 0.2765625000000001
19 0.821875 0.2472656250000001 0.783203125 0.2472656250000001 0.783203125 0.2812500000000001 0.821875 0.2812500000000001
19 0.778125 0.25078125000000007 0.743359375 0.25078125000000007 0.743359375 0.2843750000000001 0.778125 0.2843750000000001
19 0.6578125 0.3125000000000001 0.60625 0.3125000000000001 0.60625 0.3578125000000001 0.6578125 0.3578125000000001
19 0.703125 0.3105468750000001 0.659765625 0.3105468750000001 0.659765625 0.3609375000000001 0.703125 0.3609375000000001
19 0.44375 0.34062500000000007 0.35625 0.340625 0.35625000000000007 0.4125 0.44375 0.4125
19 0.18750000000000006 0.340625 0.11406250000000004 0.340625 0.11406250000000004 0.421875 0.18750000000000006 0.421875
19 0.36250000000000004 0.34140625 0.27578125 0.34140625 0.27578125000000003 0.4140625 0.3625000000000001 0.4140625
19 0.2671875 0.335546875 0.19179687500000003 0.335546875 0.19179687500000003 0.4171875 0.2671875000000001 0.4171875
19 0.6046875 0.3457031250000001 0.5203125 0.3457031250000001 0.5203125 0.4171875 0.6046875 0.4171875
19 0.521875 0.3421875000000001 0.453125 0.3421875000000001 0.453125 0.421875 0.521875 0.421875
19 0.784375 0.3566406250000001 0.71875 0.3566406250000001 0.71875 0.4218750000000001 0.784375 0.42187500000000017
19 0.8453125 0.3656250000000001 0.781640625 0.3656250000000001 0.781640625 0.41406250000000017 0.8453125 0.41406250000000017
19 0.903125 0.36015625000000007 0.841796875 0.36015625000000007 0.841796875 0.4187500000000002 0.903125 0.4187500000000002
19 0.7078125 0.3656250000000001 0.659375 0.3656250000000001 0.659375 0.421875 0.7078125 0.421875
19 0.6640625 0.3707031250000001 0.60390625 0.3707031250000001 0.60390625 0.4171875 0.6640625 0.4171875
19 0.8890625 0.42968750000000017 0.825390625 0.42968750000000017 0.825390625 0.48750000000000016 0.8890625 0.48750000000000016
19 0.8734375 0.4984375000000002 0.819921875 0.4984375000000002 0.819921875 0.5562500000000001 0.8734375 0.5562500000000001