19 0.9890625 0.6890625000000001 0.905078125 0.6890625000000001 0.905078125 0.7328125000000002 0.9890625 0.7328125000000002
19 0.9171875 0.6707031250000002 0.8703125 0.6707031250000002 0.8703125 0.7562500000000002 0.9171875 0.7562500000000002
19 0.6875000000000001 0.6953125 0.6234375 0.6953125 0.6234375000000001 0.753125 0.6875000000000002 0.753125
19 0.1515625 0.07578125000000001 0.06484375 0.07578125 0.06484375 0.1203125 0.1515625 0.1203125
19 0.1046875 0.0765625 0.01757812500000001 0.0765625 0.017578125000000014 0.1203125 0.1046875 0.1203125
19 0.825 0.0515625000000001 0.778125 0.05156250000000009 0.778125 0.1546875000000001 0.825 0.1546875000000001
19 0.909375 0.0789062500000001 0.806640625 0.0789062500000001 0.806640625 0.12968750000000012 0.909375 0.12968750000000012
19 0.23359375 0.09960937500000003 0.1734375 0.09960937500000003 0.1734375 0.13125000000000003 0.23359375 0.13125000000000003
19 0.18125 0.08281250000000002 0.144140625 0.08281250000000002 0.144140625 0.14375 0.18125 0.14375
19 0.4765625 0.2347656250000001 0.391796875 0.2347656250000001 0.391796875 0.3031250000000001 0.4765625 0.3031250000000001
19 0.5546875 0.23828125000000008 0.466796875 0.23828125000000008 0.466796875 0.3078125000000001 0.5546875 0.3078125000000001
19 0.10585937500000005 0.245703125 0.041015625000000035 0.245703125 0.041015625000000035 0.3046875 0.10585937500000005 0.3046875
19 0.17812500000000003 0.2453125 0.11406250000000004 0.2453125 0.11406250000000004 0.309375 0.17812500000000003 0.309375
19 0.2390625 0.242578125 0.18164062500000006 0.242578125 0.18164062500000006 0.3078125 0.2390625 0.3078125
19 0.3890625 0.24101562500000004 0.3203125 0.241015625 0.3203125 0.31250000000000006 0.3890625 0.3125000000000001
19 0.3046875 0.247265625 0.245703125 0.247265625 0.245703125 0.3109375 0.3046875 0.3109375
19 0.525 0.3750000000000001 0.4703125 0.3750000000000001 0.4703125 0.465625 0.525 0.465625
19 0.5890625 0.3750000000000001 0.530078125 0.3750000000000001 0.530078125 0.465625 0.5890625 0.465625
19 0.653125 0.3781250000000001 0.5921875 0.3781250000000001 0.5921875 0.4671875 0.653125 0.4671875
19 0.4171875 0.40625 0.3457031250000001 0.40625 0.3457031250000001 0.45625 0.4171875 0.45625
19 0.3656250000000001 0.403515625 0.29179687500000007 0.403515625 0.29179687500000007 0.457421875 0.3656250000000001 0.457421875
19 0.4703125 0.404296875 0.400390625 0.404296875 0.400390625 0.45625 0.4703125 0.45625
19 0.7625 0.3957031250000001 0.712890625 0.3957031250000001 0.712890625 0.46562500000000007 0.7625 0.4656250000000002
19 0.721875 0.40703125 0.65078125 0.40703125 0.65078125 0.4546875 0.721875 0.4546875
19 0.8203125 0.3968750000000001 0.7625 0.3968750000000001 0.7625 0.4656250000000002 0.8203125 0.4656250000000002
19 0.2953125000000001 0.412890625 0.25468750000000007 0.412890625 0.25468750000000007 0.465625 0.2953125000000001 0.465625
19 0.2542968750000001 0.420703125 0.2003906250000001 0.420703125 0.2003906250000001 0.459375 0.2542968750000001 0.459375
19 0.865625 0.41601562500000017 0.8234375 0.41601562500000017 0.8234375 0.4656250000000002 0.865625 0.4656250000000002