19 0.3312500000000001 0.758990778125 0.2625512281250001 0.758990778125 0.2625512281250001 0.8046875 0.3312500000000001 0.8046875
19 0.2562500000000001 0.7568263328125 0.2038934421875001 0.7568263328125 0.2038934421875001 0.8171875 0.2562500000000001 0.8171875
19 0.1937500000000001 0.765625 0.13281250000000008 0.765625 0.13281250000000008 0.81875 0.1937500000000001 0.81875
19 0.1140625000000001 0.7625 0.06415215156250009 0.7625 0.0641521515625001 0.8296875 0.1140625000000001 0.8296875
19 0.2406250000000001 0.89375 0.1912141390625001 0.89375 0.19121413906250012 0.9467469265625 0.2406250000000001 0.9467469265625
19 0.18437500000000012 0.89679815625 0.12793288906250008 0.89679815625 0.1279328890625001 0.9484375 0.18437500000000012 0.9484375
19 0.12031250000000011 0.9015625 0.06720030781250011 0.9015625 0.06720030781250011 0.9653048140625 0.12031250000000013 0.9653048140625
19 0.5359375 0.2753714140625001 0.5083119875000001 0.2753714140625001 0.5083119875000001 0.32619108593750007 0.5359375 0.32619108593750007
19 0.4828125 0.3095543031250001 0.3892930328125 0.3095543031250001 0.3892930328125 0.3578125000000001 0.4828125 0.3578125000000001
19 0.51875 0.3270235656250001 0.4445696734375 0.3270235656250001 0.4445696734375 0.3609375000000001 0.51875 0.3609375000000001
19 0.546875 0.3432505125000001 0.494287909375 0.3432505125000001 0.494287909375 0.37187500000000007 0.546875 0.37187500000000007
19 0.14832223281250007 0.475 0.10324026562500004 0.475 0.10324026562500004 0.528125 0.14832223281250007 0.528125
19 0.24679815468750008 0.47757428125 0.2066342203125001 0.47757428125 0.2066342203125001 0.528125 0.24679815468750008 0.528125
19 0.20312500000000008 0.48323514218749997 0.14779713125000005 0.48323514218749997 0.14779713125000005 0.521875 0.20312500000000008 0.521875
19 0.2968750000000001 0.481301228125 0.2455686468750001 0.481301228125 0.2455686468750001 0.521875 0.2968750000000001 0.521875
19 0.3593621937500001 0.596875 0.2864113734375001 0.596875 0.2864113734375001 0.665625 0.3593621937500001 0.665625
19 0.2875000000000001 0.5975409828125 0.2126536906250001 0.5975409828125 0.2126536906250001 0.671875 0.2875000000000001 0.671875
19 0.2078125000000001 0.6053662906249999 0.13933145468750008 0.6053662906249999 0.13933145468750008 0.678125 0.2078125000000001 0.678125
19 0.13437500000000008 0.6021260265625 0.060604509375000074 0.6021260265625 0.06060450937500008 0.678125 0.13437500000000008 0.678125