19 0.24590163906250004 0.36229508125 0.2040983609375 0.36229508125 0.20409836093750006 0.40901639375 0.2459016390625001 0.40901639375
19 0.2000000000000001 0.3950819671875 0.16557377031250003 0.3950819671875 0.16557377031250003 0.42950819687499997 0.2000000000000001 0.42950819687499997
19 0.16065573750000003 0.4 0.12786885312500004 0.4 0.12786885312500004 0.43114754062499994 0.16065573750000003 0.43114754062499994
19 0.73770491875 0.3737704921875001 0.6655737703125 0.3737704921875001 0.6655737703125 0.4622950812500001 0.73770491875 0.4622950812500002
19 0.6 0.3934426234375001 0.54098360625 0.3934426234375001 0.54098360625 0.46393442656249995 0.6 0.46393442656249995
19 0.3098360656250001 0.391803278125 0.2565573765625001 0.391803278125 0.2565573765625001 0.46885245937500003 0.3098360656250001 0.46885245937500003
19 0.54098360625 0.4 0.4844262296875 0.4 0.4844262296875 0.4655737703125 0.54098360625 0.4655737703125
19 0.6672131140625 0.40327868906250003 0.599180328125 0.40327868906250003 0.599180328125 0.46475409843750004 0.6672131140625 0.46475409843750004
19 0.48524590156249997 0.40327868906250003 0.43196721250000003 0.40327868906250003 0.43196721250000003 0.46475409843750004 0.48524590156249997 0.46475409843750004
19 0.25245901562500006 0.4131147546875 0.2098360656250001 0.4131147546875 0.2098360656250001 0.4672131140625 0.25245901562500006 0.4672131140625
19 0.2065573765625001 0.43770491875 0.17131147500000005 0.43770491875 0.17131147500000005 0.4663934421875 0.2065573765625001 0.4663934421875
19 0.16229508125000006 0.43770491875 0.12704917968750004 0.43770491875 0.12704917968750004 0.46885245937500003 0.16229508125000006 0.46885245937500003
19 0.3016393437500001 0.5606557375000001 0.2672131140625001 0.5606557375000001 0.2672131140625001 0.618852459375 0.3016393437500001 0.618852459375
19 0.2622950812500001 0.5606557375000001 0.2270491796875001 0.5606557375000001 0.2270491796875001 0.618852459375 0.2622950812500001 0.618852459375
19 0.2245901640625001 0.5606557375000001 0.1877049187500001 0.5606557375000001 0.1877049187500001 0.6172131140625 0.2245901640625001 0.6172131140625
19 0.491803278125 0.650819671875 0.43032786874999995 0.650819671875 0.43032786874999995 0.697540984375 0.491803278125 0.697540984375
19 0.2032786890625001 0.6540983609375 0.1663934421875001 0.6540983609375 0.1663934421875001 0.7008196718749999 0.2032786890625001 0.7008196718749999
19 0.3704918031250001 0.678688525 0.3065573765625001 0.678688525 0.3065573765625001 0.76229508125 0.3704918031250001 0.76229508125
19 0.3065573765625001 0.691803278125 0.2590163937500001 0.691803278125 0.2590163937500001 0.759836065625 0.3065573765625001 0.759836065625
19 0.2557377046875001 0.6934426234375 0.2081967218750001 0.6934426234375 0.2081967218750001 0.761475409375 0.2557377046875001 0.761475409375
19 0.49836065625000014 0.7 0.43114754062499994 0.7 0.43114754062500005 0.75901639375 0.4983606562500002 0.75901639375
19 0.2016393437500001 0.711475409375 0.15983606562500008 0.711475409375 0.15983606562500008 0.7655737703125001 0.2016393437500001 0.7655737703125001