19 0.5468750000000002 0.88203125 0.46796875000000016 0.88203125 0.46796875000000016 0.94375 0.5468750000000002 0.94375
19 0.6859375000000002 0.8828125 0.6105468750000002 0.8828125 0.6105468750000002 0.95234375 0.6859375000000002 0.95234375
19 0.6093750000000002 0.88125 0.5453125000000002 0.88125 0.5453125000000002 0.953125 0.6093750000000002 0.953125
19 0.47656250000000017 0.896484375 0.4078125000000002 0.896484375 0.4078125000000002 0.946875 0.47656250000000017 0.946875
19 0.4156250000000002 0.890625 0.3613281250000001 0.890625 0.3613281250000001 0.9578125 0.4156250000000002 0.9578125
19 0.90625 0.1828125000000001 0.853125 0.1828125000000001 0.853125 0.2250000000000001 0.90625 0.2250000000000001
19 0.815625 0.21250000000000008 0.781640625 0.21250000000000008 0.781640625 0.2453125000000001 0.815625 0.2453125000000001
19 0.778125 0.2140625000000001 0.7453125 0.2140625000000001 0.7453125 0.2453125000000001 0.778125 0.2453125000000001
19 0.3890625 0.18750000000000006 0.315234375 0.18750000000000006 0.315234375 0.28593750000000007 0.3890625 0.28593750000000007
19 0.3125 0.18281250000000004 0.244140625 0.18281250000000004 0.244140625 0.2875 0.3125 0.2875
19 0.5125 0.20468750000000008 0.4546875 0.20468750000000008 0.4546875 0.2843750000000001 0.5125 0.2843750000000001
19 0.4640625 0.2160156250000001 0.382421875 0.2160156250000001 0.382421875 0.2746093750000001 0.4640625 0.2746093750000001
19 0.740625 0.2093750000000001 0.678125 0.2093750000000001 0.678125 0.2843750000000001 0.740625 0.2843750000000001
19 0.66875 0.21093750000000008 0.6078125 0.21093750000000008 0.6078125 0.2843750000000001 0.66875 0.2843750000000001
19 0.17031250000000003 0.23046875 0.10703125000000005 0.23046875 0.10703125000000005 0.2703125 0.17031250000000003 0.2703125
19 0.2 0.219140625 0.15781250000000005 0.219140625 0.15781250000000005 0.2828125 0.2 0.2828125
19 0.253125 0.227734375 0.18828125000000004 0.227734375 0.18828125000000004 0.2734375 0.253125 0.2734375
19 0.6140625 0.23437500000000008 0.553515625 0.23437500000000008 0.553515625 0.2765625000000001 0.6140625 0.2765625000000001
19 0.56875 0.23437500000000008 0.505078125 0.23437500000000008 0.505078125 0.2765625000000001 0.56875 0.2765625000000001
19 0.81875 0.2449218750000001 0.784765625 0.2449218750000001 0.784765625 0.2828125000000001 0.81875 0.2828125000000001
19 0.778125 0.2500000000000001 0.744140625 0.2500000000000001 0.744140625 0.28593750000000007 0.778125 0.28593750000000007
19 0.6578125 0.3125000000000001 0.60625 0.3125000000000001 0.60625 0.3578125000000001 0.6578125 0.3578125000000001
19 0.70625 0.3140625000000001 0.655859375 0.3140625000000001 0.655859375 0.3578125000000001 0.70625 0.3578125000000001
19 0.4359375 0.33281250000000007 0.3640625 0.33281250000000007 0.36406250000000007 0.4203125 0.4359375 0.4203125
19 0.19062500000000004 0.344921875 0.10976562500000005 0.344921875 0.10976562500000005 0.4171875 0.19062500000000004 0.4171875
19 0.36250000000000004 0.34140625 0.27578125 0.34140625 0.27578125000000003 0.4140625 0.3625000000000001 0.4140625
19 0.2671875 0.336328125 0.19257812500000004 0.336328125 0.19257812500000004 0.4171875 0.2671875000000001 0.4171875
19 0.6046875 0.3457031250000001 0.5203125 0.3457031250000001 0.5203125 0.4171875 0.6046875 0.4171875
19 0.521875 0.3421875000000001 0.453125 0.3421875000000001 0.453125 0.421875 0.521875 0.421875
19 0.784375 0.35625000000000007 0.719140625 0.35625000000000007 0.719140625 0.4218750000000001 0.784375 0.42187500000000017
19 0.8453125 0.3656250000000001 0.781640625 0.3656250000000001 0.781640625 0.41406250000000017 0.8453125 0.41406250000000017
19 0.9015625 0.3578125000000001 0.843359375 0.3578125000000001 0.843359375 0.4203125000000002 0.9015625 0.4203125000000002
19 0.7078125 0.3656250000000001 0.659375 0.3656250000000001 0.659375 0.421875 0.7078125 0.421875
19 0.6578125 0.3636718750000001 0.6109375 0.3636718750000001 0.6109375 0.4234375 0.6578125 0.4234375
19 0.8890625 0.42890625000000016 0.825390625 0.42890625000000016 0.825390625 0.48750000000000016 0.8890625 0.48750000000000016
19 0.8734375 0.4984375000000002 0.819921875 0.4984375000000002 0.819921875 0.5562500000000001 0.8734375 0.5562500000000001