19 0.96953125 0.6687500000000002 0.925 0.6687500000000002 0.925 0.7539062500000002 0.96953125 0.7539062500000002
19 0.9171875 0.6703125000000002 0.8703125 0.6703125000000002 0.8703125 0.7570312500000002 0.9171875 0.7570312500000002
19 0.6875000000000001 0.6953125 0.6234375 0.6953125 0.6234375000000001 0.75390625 0.6875000000000002 0.75390625
19 0.13125 0.054687500000000014 0.0859375 0.0546875 0.08593750000000001 0.1421875 0.13125 0.1421875
19 0.08359375000000001 0.0546875 0.039062500000000014 0.0546875 0.039062500000000014 0.1421875 0.08359375000000002 0.1421875
19 0.825 0.0515625000000001 0.778125 0.05156250000000009 0.778125 0.1546875000000001 0.825 0.1546875000000001
19 0.88359375 0.05312500000000011 0.8328125 0.05312500000000011 0.8328125 0.15625000000000008 0.88359375 0.15625000000000008
19 0.2203125 0.08593750000000003 0.1875 0.08593750000000003 0.1875 0.14609375000000005 0.2203125 0.14609375000000005
19 0.18203125 0.08281250000000002 0.14375 0.08281250000000002 0.14375 0.14375000000000002 0.18203125 0.14375000000000004
19 0.46953125 0.22656250000000008 0.4 0.22656250000000008 0.4 0.31328125000000007 0.46953125 0.31328125000000007
19 0.54609375 0.22812500000000008 0.4765625 0.22812500000000008 0.4765625 0.31718750000000007 0.54609375 0.31718750000000007
19 0.10390625000000005 0.24375 0.04375000000000003 0.24375 0.04375000000000003 0.30859375 0.10390625000000005 0.30859375
19 0.17890625000000004 0.2453125 0.11406250000000004 0.2453125 0.11406250000000004 0.31015625 0.17890625000000004 0.31015625
19 0.23984375 0.2421875 0.18125000000000005 0.2421875 0.18125000000000005 0.30859375 0.23984375 0.30859375
19 0.390625 0.24218750000000006 0.31875 0.2421875 0.31875 0.31171875000000004 0.390625 0.3117187500000001
19 0.30546875 0.246875 0.2453125 0.246875 0.2453125 0.31171875 0.30546875 0.31171875
19 0.52578125 0.3750000000000001 0.4703125 0.3750000000000001 0.4703125 0.46640625 0.52578125 0.46640625
19 0.58984375 0.3750000000000001 0.5296875 0.3750000000000001 0.5296875 0.46640625 0.58984375 0.46640625
19 0.653125 0.3781250000000001 0.5921875 0.3781250000000001 0.5921875 0.4671875 0.653125 0.4671875
19 0.40703125 0.39531250000000007 0.35625000000000007 0.3953125 0.35625000000000007 0.4671875 0.40703125 0.4671875
19 0.3554687500000001 0.39375 0.30156250000000007 0.39375 0.30156250000000007 0.46796875 0.3554687500000001 0.46796875
19 0.46328125 0.39531250000000007 0.409375 0.39531250000000007 0.409375 0.46640625 0.46328125 0.46640625
19 0.76328125 0.39531250000000007 0.7125 0.39531250000000007 0.7125 0.4664062500000001 0.76328125 0.4664062500000002
19 0.7109375 0.39531250000000007 0.6625 0.39531250000000007 0.6625 0.4671875 0.7109375 0.4671875
19 0.8203125 0.3968750000000001 0.7625 0.3968750000000001 0.7625 0.4664062500000002 0.8203125 0.4664062500000002
19 0.2953125000000001 0.4125 0.25468750000000007 0.4125 0.25468750000000007 0.46640625 0.2953125000000001 0.46640625
19 0.24765625000000008 0.4140625 0.2078125000000001 0.4140625 0.2078125000000001 0.46796875 0.24765625000000008 0.46796875
19 0.865625 0.4156250000000002 0.8234375 0.4156250000000002 0.8234375 0.4664062500000002 0.865625 0.4664062500000002