19 0.3203125000000001 0.7482069671875 0.2734375000000001 0.7482069671875 0.2734375000000001 0.815625 0.3203125000000001 0.815625
19 0.2562500000000001 0.7568263328125 0.2038934421875001 0.7568263328125 0.2038934421875001 0.8171875 0.2562500000000001 0.8171875
19 0.1937500000000001 0.765625 0.13281250000000008 0.765625 0.13281250000000008 0.81875 0.1937500000000001 0.81875
19 0.1218750000000001 0.7703125 0.05582735625000009 0.7703125 0.055827356250000106 0.821875 0.1218750000000001 0.821875
19 0.2406250000000001 0.89375 0.1912141390625001 0.89375 0.19121413906250012 0.9467469265625 0.2406250000000001 0.9467469265625
19 0.1828125000000001 0.894198259375 0.1304047140625001 0.894198259375 0.13040471406250012 0.9515625 0.18281250000000013 0.9515625
19 0.12031250000000011 0.9015625 0.06720030781250011 0.9015625 0.06720030781250011 0.9653048140625 0.12031250000000013 0.9653048140625
19 0.546875 0.2865906765625001 0.49716956874999996 0.2865906765625001 0.49716956874999996 0.3152792000000001 0.546875 0.3152792000000001
19 0.4828125 0.3092981546875001 0.3890625 0.3092981546875001 0.3890625 0.3578125000000001 0.4828125 0.3578125000000001
19 0.4984375 0.3062500000000001 0.4655993859375 0.3062500000000001 0.4655993859375 0.3812500000000001 0.4984375 0.3812500000000001
19 0.546875 0.3432505125000001 0.494287909375 0.3432505125000001 0.494287909375 0.37187500000000007 0.546875 0.37187500000000007
19 0.14832223281250007 0.475 0.10324026562500004 0.475 0.10324026562500004 0.528125 0.14832223281250007 0.528125
19 0.2515625000000001 0.4827100421875 0.2013447734375001 0.4827100421875 0.2013447734375001 0.521875 0.2515625000000001 0.521875
19 0.20312500000000008 0.48315830000000004 0.14810450781250004 0.48315830000000004 0.14810450781250004 0.521875 0.20312500000000008 0.521875
19 0.2906250000000001 0.47589651718750003 0.2506659828125001 0.47589651718750003 0.2506659828125001 0.528125 0.2906250000000001 0.528125
19 0.35625000000000007 0.5955558390625 0.2886014343750001 0.5955558390625 0.2886014343750001 0.6671875 0.35625000000000007 0.6671875
19 0.2875000000000001 0.596875 0.2127561468750001 0.596875 0.2127561468750001 0.6713114734375 0.2875000000000001 0.6713114734375
19 0.2078125000000001 0.605289446875 0.13853739843750007 0.605289446875 0.13853739843750007 0.678125 0.2078125000000001 0.678125
19 0.13437500000000008 0.6021260265625 0.060604509375000074 0.6021260265625 0.06060450937500008 0.678125 0.13437500000000008 0.678125