19 0.5718750000000001 0.933951271875 0.5086467156250002 0.933951271875 0.5086467156250002 1 0.5718750000000001 1
19 0.7296875000000002 0.9422801906249999 0.6560381359375003 0.9422801906249999 0.6560381359375003 0.999907309375 0.7296875000000002 0.999907309375
19 0.6515625000000002 0.9442266953124999 0.5814751062500002 0.9442266953124999 0.5814751062500002 1 0.6515625000000002 1
19 0.4968750000000002 0.9504899359375001 0.44275688593750023 0.9504899359375001 0.44275688593750023 0.9984375 0.4968750000000002 0.9984375
19 0.43281250000000016 0.9473119703125 0.3883342156250001 0.9473119703125 0.3883342156250001 1 0.43281250000000016 1
19 0.96700211875 0.18046875000000012 0.92039195 0.18046875000000012 0.92039195 0.2375000000000001 0.96700211875 0.2375000000000001
19 0.8734375 0.2172669500000001 0.8382812484375 0.2172669500000001 0.8382812484375 0.25468750000000007 0.8734375 0.25468750000000007
19 0.8328125 0.2205508484375001 0.7986096390624999 0.2205508484375001 0.7986096390624999 0.2531250000000001 0.8328125 0.2531250000000001
19 0.425 0.20485964062500006 0.31875 0.204859640625 0.31875 0.28437500000000004 0.425 0.2843750000000001
19 0.3484375 0.20527012656250002 0.23491790156249998 0.20527012656250002 0.23491790156249998 0.2796875 0.3484375 0.2796875
19 0.5453125 0.21026218281250011 0.48306408906250003 0.21026218281250011 0.48306408906250003 0.2953125000000001 0.5453125 0.2953125000000001
19 0.4796875 0.21019597500000006 0.41743908906250005 0.21019597500000006 0.41743908906250005 0.2968750000000001 0.4796875 0.2968750000000001
19 0.7921875 0.2156250000000001 0.7254766953125 0.2156250000000001 0.7254766953125 0.2968750000000001 0.7921875 0.2968750000000001
19 0.715082096875 0.2171875000000001 0.6489804015625 0.2171875000000001 0.6489804015625 0.2968750000000001 0.715082096875 0.2968750000000001
19 0.17500000000000004 0.23818855781249998 0.10591896093750004 0.23818855781249998 0.10591896093750004 0.28125 0.17500000000000004 0.28125
19 0.21863082656250002 0.23801641875000001 0.14843750000000006 0.23801641875000001 0.14843750000000006 0.2828125 0.21863082656250002 0.2828125
19 0.253125 0.2258606984375 0.203297140625 0.2258606984375 0.203297140625 0.2953125 0.253125 0.2953125
19 0.6546875 0.24181673750000007 0.590625 0.24181673750000007 0.590625 0.2875000000000001 0.6546875 0.2875000000000001
19 0.5951800859375 0.23087923750000008 0.5485699140625 0.23087923750000008 0.5485699140625 0.2984375000000001 0.5951800859375 0.2984375000000001
19 0.878125 0.2531250000000001 0.8415254234375 0.2531250000000001 0.8415254234375 0.2962658890625001 0.878125 0.2962658890625001
19 0.834375 0.25969279687500013 0.79609375 0.25969279687500013 0.79609375 0.2968750000000001 0.834375 0.2968750000000001
19 0.6984375 0.3235963984375001 0.651204978125 0.3235963984375001 0.651204978125 0.37952860156250007 0.6984375 0.37952860156250007
19 0.75625 0.3291445968750001 0.7018538140625 0.3291445968750001 0.7018538140625 0.3765625000000001 0.75625 0.3765625000000001
19 0.46242055156250006 0.3486361218750001 0.38445445 0.3486361218750001 0.38445445000000006 0.443551378125 0.46242055156250006 0.443551378125
19 0.19687500000000005 0.361771715625 0.10954714062500004 0.361771715625 0.10954714062500004 0.440625 0.19687500000000005 0.440625
19 0.37500000000000006 0.350979871875 0.2968882421875 0.350979871875 0.29688824218750004 0.44375 0.3750000000000001 0.44375
19 0.2828125 0.35636917343749996 0.19429290312500005 0.35636917343749996 0.19429290312500005 0.4375 0.2828125000000001 0.4375
19 0.6389830515625 0.35615730937500006 0.5610169484374999 0.35615730937500006 0.5610169484374999 0.446875 0.6389830515625 0.446875
19 0.55625 0.3593750000000001 0.48125 0.3593750000000001 0.48125 0.4453125 0.55625 0.4453125
19 0.8414856984375 0.3749205515625001 0.7694518 0.3749205515625001 0.7694518 0.44531250000000017 0.8414856984375 0.44531250000000017
19 0.8984375 0.3765625000000001 0.8453125 0.3765625000000001 0.8453125 0.44531250000000017 0.8984375 0.44531250000000017
19 0.96875 0.3765625000000001 0.9052304015624999 0.3765625000000001 0.9052304015624999 0.4437500000000002 0.96875 0.4437500000000002
19 0.7609375 0.3888771187500001 0.7012579453125001 0.3888771187500001 0.7012579453125001 0.4406250000000001 0.7609375 0.44062500000000016
19 0.7015625 0.3831038125000001 0.6523834749999999 0.3831038125000001 0.6523834749999999 0.44835805000000006 0.7015625 0.44835805000000006
19 0.953125 0.4534295546875001 0.8848252125 0.4534295546875001 0.8848252125 0.5169888765625001 0.953125 0.5169888765625001
19 0.9375 0.5288003187500002 0.8796875 0.5288003187500002 0.8796875 0.5915121828125002 0.9375 0.5915121828125002