19 0.6655737703125 0.2327868859375001 0.6 0.2327868859375001 0.6 0.31311475468750005 0.6655737703125 0.31311475468750005
19 0.5262295078125 0.2344262296875001 0.46475409843750004 0.2344262296875001 0.46475409843750004 0.3147540984375001 0.5262295078125 0.3147540984375001
19 0.591803278125 0.2344262296875001 0.5303278687499999 0.2344262296875001 0.5303278687499999 0.3147540984375001 0.591803278125 0.3147540984375001
19 0.770491803125 0.2426229515625001 0.721311475 0.2426229515625001 0.721311475 0.31311475468750005 0.770491803125 0.31311475468750005
19 0.45901639375 0.2393442625000001 0.3959016390625 0.2393442625000001 0.3959016390625 0.3163934421875001 0.45901639375 0.3163934421875001
19 0.7163934421875 0.2426229515625001 0.671311475 0.2426229515625001 0.671311475 0.3147540984375001 0.7163934421875 0.3147540984375001
19 0.9180327875 0.25245901562500006 0.8852459015624999 0.25245901562500006 0.8852459015624999 0.3057377046875001 0.9180327875 0.3057377046875001
19 0.8786885249999999 0.2540983609375001 0.847540984375 0.2540983609375001 0.847540984375 0.3098360656250001 0.8786885249999999 0.3098360656250001
19 0.8426229515625 0.2540983609375001 0.811475409375 0.2540983609375001 0.811475409375 0.3122950812500001 0.8426229515625 0.3122950812500001
19 0.8065573765625 0.2540983609375001 0.771311475 0.2540983609375001 0.771311475 0.3106557375000001 0.8065573765625 0.3106557375000001
19 0.59836065625 0.3377049187500001 0.5631147546874999 0.3377049187500001 0.5631147546874999 0.38032786875000013 0.59836065625 0.38032786875000013
19 0.63770491875 0.3377049187500001 0.600819671875 0.3377049187500001 0.600819671875 0.3819672125000001 0.63770491875 0.3819672125000001
19 0.8213114750000001 0.36557377031250005 0.7844262296875 0.36557377031250005 0.7844262296875 0.39672131093750007 0.8213114750000001 0.39672131093750007
19 0.778688525 0.36557377031250005 0.75 0.36557377031250005 0.75 0.39672131093750007 0.778688525 0.39672131093750007
19 0.7459016390625 0.36721311406250007 0.7147540984375 0.36721311406250007 0.7147540984375 0.3975409843750001 0.7459016390625 0.3975409843750001
19 0.711475409375 0.36721311406250007 0.6811475406249999 0.36721311406250007 0.6811475406249999 0.39836065625000006 0.711475409375 0.39836065625000006
19 0.678688525 0.36721311406250007 0.6442622953125 0.36721311406250007 0.6442622953125 0.39836065625000006 0.678688525 0.39836065625000006
19 0.2754098359375 0.3606557375 0.21229508125000002 0.3606557375 0.21229508125000005 0.4336065578125 0.27540983593750007 0.4336065578125
19 0.56229508125 0.3639344265625001 0.5172131140625 0.3639344265625001 0.5172131140625 0.4336065578125 0.56229508125 0.4336065578125
19 0.4065573765625 0.36557377031250005 0.3450819671875001 0.3655737703125 0.3450819671875001 0.4336065578125 0.4065573765625 0.4336065578125
19 0.5147540984375001 0.36557377031250005 0.470491803125 0.36557377031250005 0.470491803125 0.4352459015625 0.5147540984375001 0.4352459015625
19 0.3409836062500001 0.368852459375 0.2778688531250001 0.368852459375 0.2778688531250001 0.4360655734375 0.3409836062500001 0.4360655734375
19 0.2081967218750001 0.37213114687500004 0.14918032812500004 0.37213114687500004 0.14918032812500004 0.4336065578125 0.2081967218750001 0.4336065578125
19 0.15245901562500003 0.37377049218749997 0.09672131093750005 0.37377049218749997 0.09672131093750005 0.43196721250000003 0.15245901562500003 0.43196721250000003
19 0.4672131140625 0.3754098359375001 0.41147540937500005 0.3754098359375001 0.41147540937500005 0.4344262296875 0.4672131140625 0.4344262296875
19 0.6426229515624999 0.3836065578125001 0.608196721875 0.3836065578125001 0.608196721875 0.43278688593750003 0.6426229515624999 0.43278688593750003
19 0.6049180328125 0.3836065578125001 0.5655737703125 0.3836065578125001 0.5655737703125 0.4344262296875 0.6049180328125 0.4344262296875
19 0.8262295078124999 0.39836065625000006 0.791803278125 0.39836065625000006 0.791803278125 0.4327868859375002 0.8262295078124999 0.4327868859375002
19 0.7868852453125 0.4000000000000002 0.7565573765625 0.4000000000000002 0.7565573765625 0.4327868859375002 0.7868852453125 0.4327868859375002
19 0.7163934421875 0.40163934375 0.68770491875 0.40163934375 0.68770491875 0.43278688593750003 0.7163934421875 0.43278688593750003
19 0.7524590156250001 0.40163934375000004 0.722131146875 0.40163934375 0.722131146875 0.43442622968750005 0.7524590156250001 0.43442622968750016
19 0.6819672125 0.40327868906250003 0.6467213109375 0.40327868906250003 0.6467213109375 0.4344262296875 0.6819672125 0.4344262296875