19 0.33196721250000005 0.75901639375 0.2622950812500001 0.75901639375 0.2622950812500001 0.8065573765625 0.33196721250000005 0.8065573765625
19 0.2606557375000001 0.7606557375 0.2000000000000001 0.7606557375 0.2000000000000001 0.8139344265625 0.2606557375000001 0.8139344265625
19 0.1942622953125001 0.7655737703125001 0.1327868859375001 0.7655737703125001 0.1327868859375001 0.818852459375 0.1942622953125001 0.818852459375
19 0.1237704921875001 0.770491803125 0.05573770468750009 0.770491803125 0.0557377046875001 0.8221311468750001 0.1237704921875001 0.8221311468750001
19 0.2434426234375001 0.8950819671874999 0.1901639343750001 0.8950819671874999 0.19016393437500012 0.9459016390625001 0.2434426234375001 0.9459016390625001
19 0.18606557343750013 0.8967213109375001 0.1278688531250001 0.8967213109375001 0.12786885312500013 0.95 0.18606557343750013 0.95
19 0.1262295078125001 0.9065573765625 0.062295081250000106 0.9065573765625 0.062295081250000106 0.9606557375 0.12622950781250014 0.9606557375
19 0.5368852453125 0.27540983593750007 0.508196721875 0.27540983593750007 0.508196721875 0.3262295078125001 0.5368852453125 0.3262295078125001
19 0.46065573750000005 0.2868852453125001 0.41147540937500005 0.2868852453125001 0.41147540937500005 0.3811475406250001 0.46065573750000005 0.3811475406250001
19 0.5 0.3065573765625001 0.4655737703125 0.3065573765625001 0.4655737703125 0.3819672125000001 0.5 0.3819672125000001
19 0.5352459015625 0.33114754062500007 0.5065573765625 0.33114754062500007 0.5065573765625 0.3844262296875001 0.5352459015625 0.3844262296875001
19 0.14836065625000003 0.47540983593749997 0.10327868906250004 0.47540983593749997 0.10327868906250004 0.528688525 0.14836065625000003 0.528688525
19 0.24672131093750008 0.47704917968749994 0.2065573765625001 0.47704917968749994 0.2065573765625001 0.528688525 0.24672131093750008 0.528688525
19 0.19590163906250005 0.47540983593749997 0.15573770468750003 0.47540983593749997 0.15573770468750003 0.5311475406249999 0.19590163906250005 0.5311475406249999
19 0.2926229515625001 0.47540983593749997 0.2508196718750001 0.47540983593749997 0.2508196718750001 0.528688525 0.2926229515625001 0.528688525
19 0.35819672187500007 0.5950819671875001 0.28852459062500013 0.5950819671875001 0.28852459062500013 0.6680327875 0.35819672187500007 0.6680327875
19 0.2877049187500001 0.5967213109375 0.21311475468750007 0.5967213109375 0.21311475468750007 0.672131146875 0.2877049187500001 0.672131146875
19 0.21065573750000008 0.6065573765625001 0.13770491875000007 0.6065573765625001 0.13770491875000007 0.6770491796875 0.21065573750000008 0.6770491796875
19 0.13688524531250007 0.6032786890625 0.05901639375000006 0.6032786890625 0.059016393750000076 0.677868853125 0.13688524531250007 0.677868853125