19 0.5746292375000002 0.93542108125 0.5068326265625002 0.93542108125 0.5068326265625002 0.9984375 0.5746292375000002 0.9984375
19 0.7296875000000002 0.9422801906249999 0.6560381359375003 0.9422801906249999 0.6560381359375003 0.999907309375 0.7296875000000002 0.999907309375
19 0.6437500000000002 0.9367452328124999 0.5887182203125001 0.9367452328124999 0.5887182203125001 1 0.6437500000000002 1
19 0.4937500000000002 0.9482653609374999 0.4456965046875002 0.9482653609374999 0.4456965046875002 1 0.4937500000000002 1
19 0.43281250000000016 0.9467558265625 0.3887844281250001 0.9467558265625 0.3887844281250001 1 0.43281250000000016 1
19 0.96700211875 0.18046875000000012 0.92039195 0.18046875000000012 0.92039195 0.2375000000000001 0.96700211875 0.2375000000000001
19 0.875 0.21836599375000007 0.8375 0.21836599375000007 0.8375 0.2531250000000001 0.875 0.2531250000000001
19 0.8328125 0.2191869703125001 0.7993644078125001 0.2191869703125001 0.7993644078125001 0.25468750000000007 0.8328125 0.25468750000000007
19 0.425 0.20485964062500006 0.31875 0.204859640625 0.31875 0.28437500000000004 0.425 0.2843750000000001
19 0.3484375 0.20574682187499999 0.23542107968749998 0.20574682187499999 0.23542107968749998 0.2796875 0.3484375 0.2796875
19 0.5453125 0.21007680156250008 0.4830376046875 0.21007680156250008 0.4830376046875 0.2953125000000001 0.5453125 0.2953125000000001
19 0.4921875 0.2223914203125001 0.4046875 0.2223914203125001 0.4046875 0.28593750000000007 0.4921875 0.28593750000000007
19 0.7921875 0.2156250000000001 0.7254766953125 0.2156250000000001 0.7254766953125 0.2968750000000001 0.7921875 0.2968750000000001
19 0.715426378125 0.2171875000000001 0.64932468125 0.2171875000000001 0.64932468125 0.2968750000000001 0.715426378125 0.2968750000000001
19 0.17500000000000004 0.238082628125 0.10594544375000003 0.238082628125 0.10594544375000003 0.28125 0.17500000000000004 0.28125
19 0.21863082656250002 0.23801641875000001 0.14843750000000006 0.23801641875000001 0.14843750000000006 0.2828125 0.21863082656250002 0.2828125
19 0.253125 0.225 0.203482521875 0.225 0.203482521875 0.2953125 0.253125 0.2953125
19 0.6546875 0.24208156875000011 0.5898834734375 0.24208156875000011 0.5898834734375 0.2875000000000001 0.6546875 0.2875000000000001
19 0.60625 0.2425317796875001 0.538082628125 0.2425317796875001 0.538082628125 0.2875000000000001 0.60625 0.2875000000000001
19 0.88125 0.2562500000000001 0.83932733125 0.2562500000000001 0.83932733125 0.29375000000000007 0.88125 0.29375000000000007
19 0.834375 0.2597987281250001 0.79627913125 0.2597987281250001 0.79627913125 0.2968750000000001 0.834375 0.2968750000000001
19 0.703125 0.3274761656250001 0.64759004375 0.3274761656250001 0.64759004375 0.3750000000000001 0.703125 0.3750000000000001
19 0.75625 0.3284825203125001 0.701536015625 0.3284825203125001 0.701536015625 0.3765625000000001 0.75625 0.3765625000000001
19 0.46242055156250006 0.3486361218750001 0.38445445 0.3486361218750001 0.38445445000000006 0.443551378125 0.46242055156250006 0.443551378125
19 0.19218750000000004 0.35785222499999997 0.11365201250000005 0.35785222499999997 0.11365201250000005 0.4453125 0.19218750000000004 0.4453125
19 0.38281250000000006 0.3581965046875001 0.2891154640625 0.35819650468750003 0.28911546406250005 0.4375 0.3828125000000001 0.4375
19 0.2828125 0.35636917343749996 0.19429290312500005 0.35636917343749996 0.19429290312500005 0.4375 0.2828125000000001 0.4375
19 0.6453125 0.3631355921875001 0.5535884531249999 0.3631355921875001 0.5535884531249999 0.440625 0.6453125 0.440625
19 0.5609375 0.3651483062500001 0.475648834375 0.3651483062500001 0.475648834375 0.4390625 0.5609375 0.4390625
19 0.8415651484375 0.3742319921875001 0.76953125 0.3742319921875001 0.76953125 0.44531250000000017 0.8415651484375 0.44531250000000017
19 0.8984375 0.3765625000000001 0.8463453390625 0.3765625000000001 0.8463453390625 0.44531250000000017 0.8984375 0.44531250000000017
19 0.9703125 0.37824417500000007 0.903125 0.37824417500000007 0.903125 0.44180349687500015 0.9703125 0.44180349687500015
19 0.7575211859375 0.3843750000000001 0.7049788140625 0.3843750000000001 0.7049788140625 0.4453125000000001 0.7575211859375 0.44531250000000017
19 0.7015625 0.3831038125000001 0.6523834749999999 0.3831038125000001 0.6523834749999999 0.44835805000000006 0.7015625 0.44835805000000006
19 0.953125 0.45419756406250017 0.8855137718750001 0.45419756406250017 0.8855137718750001 0.5171875000000001 0.953125 0.5171875000000001
19 0.9402674781249999 0.5312500000000002 0.8775556140624999 0.5312500000000002 0.8775556140624999 0.5890625000000002 0.9402674781249999 0.5890625000000002