19 0.409375 0.24531250000000004 0.346875 0.2453125 0.346875 0.321875 0.409375 0.3218750000000001
19 0.546875 0.2562500000000001 0.470703125 0.2562500000000001 0.470703125 0.3140625000000001 0.546875 0.3140625000000001
19 0.484375 0.2562500000000001 0.408203125 0.2562500000000001 0.408203125 0.3140625000000001 0.484375 0.3140625000000001
19 0.29375 0.2546875 0.246875 0.2546875 0.246875 0.321875 0.29375 0.321875
19 0.609375 0.25859375000000007 0.537109375 0.25859375000000007 0.537109375 0.31718750000000007 0.609375 0.31718750000000007
19 0.353125 0.2671875 0.285546875 0.2671875 0.285546875 0.309375 0.353125 0.309375
19 0.14687500000000003 0.273828125 0.09687500000000004 0.273828125 0.09687500000000004 0.3046875 0.14687500000000003 0.3046875
19 0.18437500000000004 0.27734375 0.13203125000000004 0.27734375 0.13203125000000004 0.30625 0.18437500000000004 0.30625
19 0.2203125 0.278515625 0.16562500000000005 0.278515625 0.16562500000000005 0.3078125 0.2203125 0.3078125
19 0.2453125 0.265625 0.212890625 0.265625 0.212890625 0.31875 0.2453125 0.31875
19 0.446875 0.3492187500000001 0.407421875 0.3492187500000001 0.407421875 0.3812500000000001 0.446875 0.3812500000000001
19 0.4109375 0.34843750000000007 0.369921875 0.34843750000000007 0.36992187500000007 0.38359375000000007 0.4109375 0.38359375000000007
19 0.2296875000000001 0.36875 0.20117187500000008 0.36875 0.20117187500000008 0.40390625 0.2296875000000001 0.40390625
19 0.2656250000000001 0.371875 0.2394531250000001 0.371875 0.2394531250000001 0.4015625 0.2656250000000001 0.4015625
19 0.3000000000000001 0.373828125 0.27031250000000007 0.373828125 0.27031250000000007 0.4015625 0.3000000000000001 0.4015625
19 0.3312500000000001 0.3734375 0.3027343750000001 0.3734375 0.3027343750000001 0.4015625 0.3312500000000001 0.4015625
19 0.3656250000000001 0.37187500000000007 0.3359375000000001 0.371875 0.3359375000000001 0.4046875 0.3656250000000001 0.4046875
19 0.778125 0.3675781250000001 0.71875 0.3675781250000001 0.71875 0.4359375000000001 0.778125 0.4359375000000002
19 0.4875 0.3707031250000001 0.4453125 0.3707031250000001 0.4453125 0.4359375 0.4875 0.4359375
19 0.6515625 0.3722656250000001 0.594140625 0.3722656250000001 0.594140625 0.4359375 0.6515625 0.4359375
19 0.54375 0.3839843750000001 0.478125 0.3839843750000001 0.478125 0.425 0.54375 0.425
19 0.7171875 0.3773437500000001 0.654296875 0.3773437500000001 0.654296875 0.4359375 0.7171875 0.4359375
19 0.8390625 0.3785156250000001 0.7828125 0.3785156250000001 0.7828125 0.4359375000000002 0.8390625 0.4359375000000002
19 0.8890625 0.37968750000000007 0.8359375 0.37968750000000007 0.8359375 0.4343750000000002 0.8890625 0.4343750000000002
19 0.590625 0.3828125000000001 0.534375 0.3828125000000001 0.534375 0.4359375 0.590625 0.4359375
19 0.4015625 0.3890625000000001 0.3687500000000001 0.3890625000000001 0.3687500000000001 0.4359375 0.4015625 0.4359375
19 0.446875 0.3945312500000001 0.39921875000000007 0.3945312500000001 0.39921875000000007 0.43125 0.446875 0.43125
19 0.22656250000000008 0.403125 0.19375000000000003 0.403125 0.19375000000000003 0.4359375 0.22656250000000008 0.4359375
19 0.2593750000000001 0.4046875 0.2312500000000001 0.4046875 0.2312500000000001 0.4359375 0.2593750000000001 0.4359375
19 0.3265625000000001 0.4078125 0.2972656250000001 0.4078125 0.2972656250000001 0.434375 0.3265625000000001 0.434375
19 0.29375000000000007 0.4078125 0.2628906250000001 0.4078125 0.2628906250000001 0.4359375 0.29375000000000007 0.4359375
19 0.36406250000000007 0.4078125 0.3316406250000001 0.4078125 0.3316406250000001 0.4375 0.36406250000000007 0.4375