19 0.415625 0.25234375000000003 0.33984375 0.25234375 0.33984375 0.3140625 0.415625 0.3140625000000001
19 0.546875 0.2562500000000001 0.470703125 0.2562500000000001 0.470703125 0.3140625000000001 0.546875 0.3140625000000001
19 0.484375 0.2562500000000001 0.408203125 0.2562500000000001 0.408203125 0.3140625000000001 0.484375 0.3140625000000001
19 0.29375 0.2546875 0.246875 0.2546875 0.246875 0.321875 0.29375 0.321875
19 0.603125 0.2515625000000001 0.54375 0.2515625000000001 0.54375 0.32500000000000007 0.603125 0.32500000000000007
19 0.340625 0.2546875 0.2984375 0.2546875 0.2984375 0.3234375 0.340625 0.3234375
19 0.14687500000000003 0.273828125 0.09687500000000004 0.273828125 0.09687500000000004 0.3046875 0.14687500000000003 0.3046875
19 0.18437500000000004 0.27734375 0.13203125000000004 0.27734375 0.13203125000000004 0.30625 0.18437500000000004 0.30625
19 0.2203125 0.278515625 0.16562500000000005 0.278515625 0.16562500000000005 0.3078125 0.2203125 0.3078125
19 0.2453125 0.266015625 0.212109375 0.266015625 0.212109375 0.31875 0.2453125 0.31875
19 0.44375 0.3453125000000001 0.411328125 0.3453125000000001 0.411328125 0.3859375000000001 0.44375 0.3859375000000001
19 0.4078125 0.3453125000000001 0.373046875 0.3453125000000001 0.37304687500000006 0.38750000000000007 0.4078125 0.38750000000000007
19 0.2296875000000001 0.36875 0.20117187500000008 0.36875 0.20117187500000008 0.40390625 0.2296875000000001 0.40390625
19 0.2671875000000001 0.3734375 0.23789062500000008 0.3734375 0.23789062500000008 0.4 0.2671875000000001 0.4
19 0.3000000000000001 0.373046875 0.2710937500000001 0.373046875 0.2710937500000001 0.4015625 0.3000000000000001 0.4015625
19 0.3312500000000001 0.37421875 0.3027343750000001 0.37421875 0.3027343750000001 0.4015625 0.3312500000000001 0.4015625
19 0.3671875000000001 0.37343750000000003 0.3343750000000001 0.3734375 0.3343750000000001 0.403125 0.3671875000000001 0.403125
19 0.778125 0.3667968750000001 0.719140625 0.3667968750000001 0.719140625 0.4359375000000001 0.778125 0.4359375000000002
19 0.4875 0.36992187500000007 0.445703125 0.36992187500000007 0.445703125 0.4359375 0.4875 0.4359375
19 0.6515625 0.3714843750000001 0.593359375 0.3714843750000001 0.593359375 0.4359375 0.6515625 0.4359375
19 0.54375 0.3839843750000001 0.47890625 0.3839843750000001 0.47890625 0.425 0.54375 0.425
19 0.7171875 0.3773437500000001 0.654296875 0.3773437500000001 0.654296875 0.4359375 0.7171875 0.4359375
19 0.840625 0.3792968750000001 0.78203125 0.3792968750000001 0.78203125 0.4343750000000002 0.840625 0.4343750000000002
19 0.8890625 0.3808593750000001 0.834375 0.3808593750000001 0.834375 0.43281250000000016 0.8890625 0.43281250000000016
19 0.590625 0.3828125000000001 0.534375 0.3828125000000001 0.534375 0.4359375 0.590625 0.4359375
19 0.4078125 0.39609375 0.3617187500000001 0.39609375 0.3617187500000001 0.428125 0.4078125 0.428125
19 0.446875 0.3945312500000001 0.39921875000000007 0.3945312500000001 0.39921875000000007 0.43125 0.446875 0.43125
19 0.22656250000000008 0.403125 0.19375000000000003 0.403125 0.19375000000000003 0.4359375 0.22656250000000008 0.4359375
19 0.2609375000000001 0.40625 0.23007812500000008 0.40625 0.23007812500000008 0.434375 0.2609375000000001 0.434375
19 0.3265625000000001 0.4078125 0.2972656250000001 0.4078125 0.2972656250000001 0.434375 0.3265625000000001 0.434375
19 0.2921875000000001 0.40625 0.26445312500000007 0.40625 0.26445312500000007 0.4375 0.2921875000000001 0.4375
19 0.3625000000000001 0.40546875 0.3332031250000001 0.40546875 0.3332031250000001 0.4390625 0.3625000000000001 0.4390625