19 0.393359375 0.08945312500000005 0.337890625 0.08945312500000005 0.337890625 0.12656250000000005 0.393359375 0.12656250000000005
19 0.4234375 0.08320312500000004 0.390234375 0.08320312500000004 0.390234375 0.13750000000000004 0.4234375 0.13750000000000004
19 0.3890625 0.15625000000000006 0.318359375 0.15625000000000006 0.318359375 0.19609375000000004 0.3890625 0.19609375000000004
19 0.4359375 0.15742187500000004 0.365234375 0.15742187500000004 0.365234375 0.19375000000000003 0.4359375 0.19375000000000003
19 0.16562500000000005 0.2640625 0.09218750000000002 0.2640625 0.09218750000000003 0.3578125 0.16562500000000005 0.3578125
19 0.85 0.2578125000000001 0.7765625 0.2578125000000001 0.7765625 0.3687500000000001 0.85 0.3687500000000001
19 0.696875 0.2593750000000001 0.625 0.2593750000000001 0.625 0.3671875000000001 0.696875 0.3671875000000001
19 0.7890625 0.2773437500000001 0.68203125 0.2773437500000001 0.68203125 0.34843750000000007 0.7890625 0.34843750000000007
19 0.2625 0.278515625 0.17187500000000006 0.278515625 0.17187500000000006 0.35 0.2625 0.35
19 0.625 0.2574218750000001 0.553125 0.2574218750000001 0.553125 0.3703125000000001 0.625 0.3703125000000001
19 0.346875 0.2765625 0.253125 0.2765625 0.253125 0.3546875 0.346875 0.3546875
19 0.546875 0.2871093750000001 0.483203125 0.2871093750000001 0.483203125 0.3671875000000001 0.546875 0.3671875000000001
19 0.4796875 0.2949218750000001 0.40625 0.2949218750000001 0.40625 0.3625000000000001 0.4796875 0.3625000000000001
19 0.4046875 0.29218750000000004 0.340234375 0.2921875 0.34023437500000003 0.36875 0.4046875 0.3687500000000001
19 0.678125 0.3898437500000001 0.657421875 0.3898437500000001 0.657421875 0.421875 0.678125 0.421875
19 0.715625 0.3898437500000001 0.69453125 0.3898437500000001 0.69453125 0.421875 0.715625 0.421875
19 0.7984375 0.39531250000000007 0.766015625 0.39531250000000007 0.766015625 0.41718750000000016 0.7984375 0.41718750000000016
19 0.6484375 0.39726562500000007 0.6109375 0.39726562500000007 0.6109375 0.41875 0.6484375 0.41875
19 0.7578125 0.3968750000000001 0.725390625 0.3968750000000001 0.725390625 0.4187500000000002 0.7578125 0.4187500000000002
19 0.553125 0.3980468750000001 0.514453125 0.3980468750000001 0.514453125 0.4328125 0.553125 0.4328125
19 0.5953125 0.39921875000000007 0.56015625 0.39921875000000007 0.56015625 0.4359375 0.5953125 0.4359375
19 0.6453125 0.4234375 0.609375 0.4234375 0.609375 0.459375 0.6453125 0.459375
19 0.684375 0.421875 0.649609375 0.421875 0.649609375 0.46015625 0.684375 0.46015625
19 0.721875 0.425 0.691796875 0.425 0.691796875 0.45859375 0.721875 0.45859375
19 0.80625 0.4261718750000002 0.774609375 0.4261718750000002 0.774609375 0.46093750000000017 0.80625 0.46093750000000017
19 0.76484375 0.4261718750000002 0.7296875 0.4261718750000002 0.7296875 0.46093750000000017 0.76484375 0.46093750000000017
19 0.22812500000000008 0.4234375 0.16914062500000004 0.4234375 0.16914062500000004 0.5015625 0.22812500000000008 0.5015625
19 0.17812500000000003 0.434375 0.09843750000000004 0.434375 0.09843750000000005 0.4953125 0.17812500000000003 0.4953125
19 0.3593750000000001 0.434375 0.2796875000000001 0.434375 0.2796875000000001 0.4953125 0.3593750000000001 0.4953125
19 0.2890625000000001 0.421875 0.2328125000000001 0.421875 0.2328125000000001 0.50625 0.2890625000000001 0.50625
19 0.425 0.4375 0.34257812500000007 0.4375 0.34257812500000007 0.4953125 0.425 0.4953125
19 0.4625 0.444921875 0.4171875 0.444921875 0.4171875 0.5046875 0.4625 0.5046875
19 0.565234375 0.450390625 0.505078125 0.450390625 0.505078125 0.4984375 0.565234375 0.4984375
19 0.5125 0.445703125 0.4640625 0.445703125 0.4640625 0.5046875 0.5125 0.5046875
19 0.609375 0.4453125 0.561328125 0.4453125 0.561328125 0.50625 0.609375 0.50625
19 0.7359375 0.4671875000000001 0.697265625 0.4671875 0.697265625 0.5062500000000001 0.7359375 0.5062500000000002
19 0.6484375 0.46875 0.609765625 0.46875 0.609765625 0.50625 0.6484375 0.50625
19 0.7796875 0.46875000000000017 0.7390625 0.46875000000000017 0.7390625 0.5062500000000002 0.7796875 0.5062500000000002
19 0.6921875 0.46875 0.6546875 0.46875 0.6546875 0.509375 0.6921875 0.509375
19 0.8171875 0.4691406250000002 0.783984375 0.4691406250000002 0.783984375 0.5078125000000002 0.8171875 0.5078125000000002
19 0.19531250000000008 0.5515625 0.10156250000000008 0.5515625 0.10156250000000008 0.6234375 0.19531250000000008 0.6234375
19 0.3421875000000001 0.554296875 0.2589843750000001 0.554296875 0.2589843750000001 0.625 0.3421875000000001 0.625
19 0.27031250000000007 0.5546875 0.1824218750000001 0.5546875 0.1824218750000001 0.62421875 0.27031250000000007 0.62421875
19 0.4140625 0.55703125 0.3417968750000001 0.55703125 0.3417968750000001 0.63125 0.4140625 0.63125
19 0.4921875 0.556640625 0.4203125 0.556640625 0.4203125 0.63125 0.4921875 0.63125
19 0.625 0.57421875 0.55859375 0.57421875 0.55859375 0.6296875 0.625 0.6296875
19 0.5578125 0.570703125 0.5 0.570703125 0.5 0.634375 0.5578125 0.634375
19 0.674609375 0.583203125 0.619140625 0.583203125 0.619140625 0.6265625 0.674609375 0.6265625
19 0.7265625 0.58125 0.66875 0.58125 0.66875 0.6328125000000001 0.7265625 0.6328125000000002
19 0.81875 0.5812500000000002 0.7734375 0.5812500000000002 0.7734375 0.6343750000000001 0.81875 0.6343750000000001
19 0.76875 0.5796875000000001 0.726953125 0.5796875000000001 0.726953125 0.6359375000000002 0.76875 0.6359375000000002
19 0.5437500000000002 0.860546875 0.48945312500000016 0.860546875 0.48945312500000016 0.9265625 0.5437500000000002 0.9265625
19 0.4890625000000002 0.862890625 0.43476562500000016 0.862890625 0.43476562500000016 0.9265625 0.4890625000000002 0.9265625