19 0.24531250000000004 0.36257684375 0.2046875 0.36257684375 0.20468750000000005 0.4078125 0.2453125000000001 0.4078125
19 0.19843750000000004 0.3951075828125 0.16536885312500005 0.3951075828125 0.16536885312500005 0.428125 0.19843750000000004 0.428125
19 0.15937500000000004 0.3994492828125 0.12863729531250007 0.3994492828125 0.12863729531250007 0.43125 0.15937500000000004 0.43125
19 0.7453125 0.3818903671875001 0.6574410875 0.3818903671875001 0.6574410875 0.4531250000000001 0.7453125 0.45312500000000017
19 0.599820696875 0.3936603484375001 0.540804303125 0.3936603484375001 0.540804303125 0.4625 0.599820696875 0.4625
19 0.3203125000000001 0.403304303125 0.2445312500000001 0.403304303125 0.2445312500000001 0.45625 0.3203125000000001 0.45625
19 0.540625 0.4000256140625 0.484375 0.4000256140625 0.484375 0.4640625 0.540625 0.4640625
19 0.6668288921875 0.403125 0.5987961078125 0.403125 0.5987961078125 0.4640625 0.6668288921875 0.4640625
19 0.4890625 0.4073642421875 0.428291496875 0.4073642421875 0.428291496875 0.46064293125000005 0.4890625 0.46064293125000005
19 0.2578125000000001 0.41895491875 0.2044185453125001 0.41895491875 0.2044185453125001 0.4609375 0.2578125000000001 0.4609375
19 0.20468750000000008 0.4375 0.17143954843750003 0.4375 0.17143954843750003 0.465625 0.20468750000000008 0.465625
19 0.16215420156250004 0.4375512296875 0.12690829843750004 0.4375512296875 0.12690829843750004 0.4686987703125 0.16215420156250004 0.4686987703125
19 0.30156250000000007 0.5605660859375 0.2672643421875001 0.5605660859375 0.2672643421875001 0.6171875 0.30156250000000007 0.6171875
19 0.26215420156250013 0.5607453890625 0.22690830000000012 0.5607453890625 0.22690830000000012 0.6171875 0.26215420156250013 0.6171875
19 0.2328125000000001 0.5705942609375 0.17774077968750007 0.5705942609375 0.17774077968750007 0.60625 0.2328125000000001 0.60625
19 0.4919313515625 0.65078125 0.4304559421875 0.65078125 0.4304559421875 0.6953125 0.4919313515625 0.6953125
19 0.2078125000000001 0.659477459375 0.16214139375000008 0.659477459375 0.16214139375000008 0.6953125 0.2078125000000001 0.6953125
19 0.3703125000000001 0.678867828125 0.3068007156250001 0.678867828125 0.3068007156250001 0.762474384375 0.3703125000000001 0.762474384375
19 0.3046875000000001 0.6921875 0.2590420093750001 0.6921875 0.2590420093750001 0.759375 0.3046875000000001 0.759375
19 0.25468750000000007 0.69375 0.20813268593750006 0.69375 0.20813268593750006 0.7609375 0.25468750000000007 0.7609375
19 0.4937500000000001 0.695991290625 0.43506659843750006 0.695991290625 0.4350665984375001 0.7625 0.4937500000000002 0.7625
19 0.2013703890625001 0.71123206875 0.1595671109375001 0.71123206875 0.1595671109375001 0.7653304296875 0.2013703890625001 0.7653304296875