19 0.5171875 0.3593750000000001 0.4246199328125 0.3593750000000001 0.4246199328125 0.4359375 0.5171875 0.4359375
19 0.6109375 0.35470861562500006 0.52578125 0.35470861562500006 0.52578125 0.4453125 0.6109375 0.4453125
19 0.06250000000000004 0.38971706093749997 4.772657512502234e-17 0.38971706093749997 4.988703204439243e-17 0.425 0.06250000000000004 0.425
19 0.41714527031250004 0.37559121562500003 0.35886824218750013 0.375591215625 0.35886824218750013 0.45 0.41714527031250004 0.45
19 0.33281250000000007 0.3767736484375 0.2726562500000001 0.3767736484375 0.2726562500000001 0.45 0.33281250000000007 0.45
19 0.2015625000000001 0.49402449375 0.16965794062500003 0.49402449375 0.16965794062500003 0.529497465625 0.2015625000000001 0.529497465625
19 0.2484375000000001 0.4920819265625 0.2127322625000001 0.4920819265625 0.2127322625000001 0.5296875 0.2484375000000001 0.5296875
19 0.15937500000000004 0.49347550625 0.12516891875000005 0.49347550625 0.12516891875000005 0.53125 0.15937500000000004 0.53125
19 0.8796875 0.4884923968750002 0.8179476343750001 0.4884923968750002 0.8179476343750001 0.5828125000000002 0.8796875 0.5828125000000002
19 0.10468750000000007 0.5099239859375 0.06361908906250006 0.5099239859375 0.06361908906250006 0.5682010140625 0.10468750000000009 0.5682010140625
19 0.06250000000000007 0.51592060625 0.003103884375000063 0.51592060625 0.003103884375000066 0.5609375 0.06250000000000007 0.5609375
19 0.575 0.5106630078125 0.49562922187499997 0.5106630078125 0.49562922187499997 0.5671875 0.575 0.5671875
19 0.634375 0.509480575 0.5572212828125 0.509480575 0.5572212828125 0.5671875 0.634375 0.5671875
19 0.6858741562499999 0.4997888515625 0.6284417234374999 0.4997888515625 0.6284417234374999 0.5765625 0.6858741562499999 0.5765625
19 0.82738598125 0.5134924000000002 0.745460303125 0.5134924000000002 0.745460303125 0.5703125000000002 0.82738598125 0.5703125000000002
19 0.75 0.5020903703125 0.6933065890625 0.5020903703124999 0.6933065890625 0.58125 0.75 0.5812500000000002
19 0.3031250000000001 0.52265625 0.2445101359375001 0.52265625 0.2445101359375001 0.5703125 0.3031250000000001 0.5703125
19 0.3531250000000001 0.5265625 0.2959670609375001 0.5265625 0.2959670609375001 0.5668918921875 0.3531250000000001 0.5668918921875
19 0.40625 0.5246199328125 0.3470650328125001 0.5246199328125 0.3470650328125001 0.5703125 0.40625 0.5703125
19 0.50625 0.523078546875 0.44763513593750004 0.523078546875 0.44763513593750004 0.5703125 0.50625 0.5703125
19 0.45625 0.5228251703125 0.3968961140625001 0.5228251703125 0.3968961140625001 0.5703125 0.45625 0.5703125
19 0.14687500000000006 0.5337415531249999 0.11218327656250004 0.5337415531249999 0.11218327656250007 0.5734375 0.1468750000000001 0.5734375
19 0.19531250000000006 0.5373099671875 0.15468750000000003 0.5373099671875 0.15468750000000006 0.571875 0.19531250000000008 0.571875
19 0.2406250000000001 0.533678209375 0.20375844687500008 0.533678209375 0.20375844687500008 0.575 0.2406250000000001 0.575
19 0.2562500000000001 0.64011824375 0.18201013437500008 0.64011824375 0.18201013437500008 0.7203125 0.2562500000000001 0.7203125
19 0.10937500000000008 0.6491554046875 0.03346706093750008 0.6491554046875 0.033467060937500084 0.7171875 0.10937500000000008 0.7171875
19 0.58125 0.6375 0.506102196875 0.6375 0.5061021968750001 0.728125 0.5812500000000002 0.728125
19 0.5078125 0.64670608125 0.4238175671875 0.64670608125 0.4238175671875 0.7203125 0.5078125 0.7203125
19 0.66875 0.6440667234374999 0.58125 0.6440667234374999 0.58125 0.7203125 0.66875 0.7203125
19 0.3265625000000001 0.6471917234375 0.2572846296875001 0.6471917234375 0.2572846296875001 0.7234375 0.3265625000000001 0.7234375
19 0.75 0.6468327703125001 0.65696790625 0.6468327703125001 0.65696790625 0.7234375000000001 0.75 0.7234375000000002
19 0.8234375 0.6362753390625001 0.7444045625 0.6362753390625001 0.7444045625000001 0.7328125000000002 0.8234375 0.7328125000000002
19 0.4171875000000001 0.6472761828125 0.33994932343750006 0.6472761828125 0.33994932343750006 0.7265625 0.41718750000000016 0.7265625
19 0.909375 0.6484586156250002 0.8134712828125 0.6484586156250002 0.8134712828125 0.7278505078125002 0.909375 0.7278505078125002
19 0.1750000000000001 0.6585304062499999 0.11258445937500008 0.6585304062499999 0.11258445937500008 0.7203125 0.1750000000000001 0.7203125
19 0.026562500000000083 0.6640625 0.00023226406250008137 0.6640625 0.00023226406250008517 0.7265625 0.02656250000000009 0.7265625