19 0.3226562500000001 0.76875 0.2562500000000001 0.76875 0.2562500000000001 0.8140625 0.3226562500000001 0.8140625
19 0.25468750000000007 0.7703125 0.19687500000000008 0.7703125 0.19687500000000008 0.82109375 0.25468750000000007 0.82109375
19 0.19140625000000008 0.775 0.13281250000000008 0.775 0.13281250000000008 0.82578125 0.19140625000000008 0.82578125
19 0.12421875000000009 0.7796875 0.05937500000000009 0.7796875 0.0593750000000001 0.82890625 0.12421875000000009 0.82890625
19 0.23828125000000008 0.8984375 0.18750000000000008 0.8984375 0.1875000000000001 0.946875 0.23828125000000008 0.946875
19 0.1835937500000001 0.9 0.1281250000000001 0.9 0.1281250000000001 0.95078125 0.18359375000000014 0.95078125
19 0.12656250000000013 0.909375 0.06562500000000011 0.909375 0.06562500000000011 0.9609375 0.12656250000000013 0.9609375
19 0.51796875 0.3078125000000001 0.490625 0.3078125000000001 0.490625 0.35625000000000007 0.51796875 0.35625000000000007
19 0.4453125 0.3187500000000001 0.3984375 0.3187500000000001 0.39843750000000006 0.40859375 0.4453125 0.40859375
19 0.4828125 0.3375000000000001 0.45 0.3375000000000001 0.45 0.409375 0.4828125 0.409375
19 0.51640625 0.3609375000000001 0.4890625 0.3609375000000001 0.4890625 0.41171875 0.51640625 0.41171875
19 0.14765625000000007 0.4984375 0.10468750000000004 0.4984375 0.10468750000000007 0.54921875 0.1476562500000001 0.54921875
19 0.2414062500000001 0.5 0.20312500000000008 0.5 0.20312500000000008 0.54921875 0.2414062500000001 0.54921875
19 0.19296875000000008 0.4984375 0.15468750000000003 0.4984375 0.15468750000000006 0.5515625 0.19296875000000008 0.5515625
19 0.2851562500000001 0.4984375 0.2453125000000001 0.4984375 0.2453125000000001 0.54921875 0.2851562500000001 0.54921875
19 0.3476562500000001 0.6125 0.2812500000000001 0.6125 0.2812500000000001 0.68203125 0.3476562500000001 0.68203125
19 0.2804687500000001 0.6140625 0.2093750000000001 0.6140625 0.2093750000000001 0.6859375 0.2804687500000001 0.6859375
19 0.20703125000000008 0.6234375 0.1375000000000001 0.6234375 0.1375000000000001 0.690625 0.20703125000000008 0.690625
19 0.13671875000000008 0.6203125 0.06250000000000007 0.6203125 0.06250000000000008 0.69140625 0.13671875000000008 0.69140625