19 0.6640625 0.2328125000000001 0.6000256140625 0.2328125000000001 0.6000256140625 0.3125000000000001 0.6640625 0.3125000000000001
19 0.5260502046875 0.23437500000000008 0.4645747953125 0.23437500000000008 0.4645747953125 0.3140625000000001 0.5260502046875 0.3140625000000001
19 0.5916752046875 0.23437500000000008 0.5301997953125 0.23437500000000008 0.5301997953125 0.3140625000000001 0.5916752046875 0.3140625000000001
19 0.7796875 0.2534708000000001 0.711180840625 0.2534708000000001 0.711180840625 0.30156250000000007 0.7796875 0.30156250000000007
19 0.45890112812500006 0.2390625000000001 0.3957863734375 0.2390625000000001 0.3957863734375 0.3156250000000001 0.45890112812500006 0.3156250000000001
19 0.7293545078125 0.2562500000000001 0.6578125 0.2562500000000001 0.6578125 0.3000000000000001 0.7293545078125 0.3000000000000001
19 0.928125 0.26250000000000007 0.8755891390625001 0.26250000000000007 0.8755891390625001 0.2947873968750001 0.928125 0.2947873968750001
19 0.8890625 0.26700819843750007 0.8353099390625 0.26700819843750007 0.8353099390625 0.2968750000000001 0.8890625 0.2968750000000001
19 0.8421875 0.25370133281250007 0.8119620890625001 0.25370133281250007 0.8119620890625001 0.3109375000000001 0.8421875 0.3109375000000001
19 0.8046875 0.25453381250000007 0.7714395484375001 0.25453381250000007 0.7714395484375001 0.30937500000000007 0.8046875 0.30937500000000007
19 0.6015625 0.3411244875000001 0.5598488734375 0.3411244875000001 0.5598488734375 0.3763703890625001 0.6015625 0.3763703890625001
19 0.6359375 0.3381659843750001 0.6005507171875 0.3381659843750001 0.6005507171875 0.3812500000000001 0.6359375 0.3812500000000001
19 0.8171875 0.36244877031250006 0.7873975421875 0.36244877031250006 0.7873975421875 0.3984375000000001 0.8171875 0.3984375000000001
19 0.7796875 0.3670850406250001 0.7488729515625 0.3670850406250001 0.7488729515625 0.3937500000000001 0.7796875 0.3937500000000001
19 0.74375 0.3674436484375001 0.714818134375 0.3674436484375001 0.714818134375 0.3968750000000001 0.74375 0.3968750000000001
19 0.7109375 0.3678406750000001 0.68076331875 0.3678406750000001 0.68076331875 0.3968750000000001 0.7109375 0.3968750000000001
19 0.678125 0.3671875000000001 0.64480020625 0.3671875000000001 0.64480020625 0.3968750000000001 0.678125 0.3968750000000001
19 0.275 0.36013063437500004 0.2125 0.36013063437500004 0.21250000000000005 0.4328125 0.2750000000000001 0.4328125
19 0.5609375 0.36348616875000006 0.5171234609375001 0.36348616875000006 0.5171234609375001 0.4328125 0.5609375 0.4328125
19 0.409375 0.3688140375000001 0.3413934421875001 0.3688140375 0.3413934421875001 0.4296875 0.409375 0.4296875
19 0.5265625 0.3781250000000001 0.457415471875 0.3781250000000001 0.457415471875 0.421875 0.5265625 0.421875
19 0.34062500000000007 0.3689677265625 0.27812500000000007 0.3689677265625 0.27812500000000007 0.4359375 0.34062500000000007 0.4359375
19 0.2091700828125001 0.37279713124999997 0.14769467187500004 0.37279713124999997 0.14769467187500004 0.43125 0.2091700828125001 0.43125
19 0.15156250000000004 0.3734375 0.09713114843750005 0.3734375 0.09713114843750005 0.43125 0.15156250000000004 0.43125
19 0.4671875 0.3756403687500001 0.4117571703125 0.3756403687500001 0.4117571703125 0.434375 0.4671875 0.434375
19 0.6484375 0.39139344375000007 0.6012166999999999 0.39139344375000007 0.6012166999999999 0.425 0.6484375 0.425
19 0.6046875 0.38324795156250013 0.565663421875 0.38324795156250013 0.565663421875 0.4328125 0.6046875 0.4328125
19 0.825 0.3987192640625001 0.7917520484375 0.3987192640625001 0.7917520484375 0.4312500000000002 0.825 0.4312500000000002
19 0.7859375 0.3999871937500001 0.7564036875 0.3999871937500001 0.7564036875 0.4312500000000002 0.7859375 0.4312500000000002
19 0.715625 0.40161372812499996 0.6875 0.40161372812499996 0.6875 0.432761271875 0.715625 0.432761271875
19 0.753125 0.4026639328125001 0.7208376015625 0.4026639328125 0.7208376015625 0.4328125000000001 0.753125 0.43281250000000016
19 0.6796875 0.4015625 0.6486680312499999 0.4015625 0.6486680312499999 0.4359375 0.6796875 0.4359375