19 0.671875 0.2401895500000001 0.592917521875 0.2401895500000001 0.592917521875 0.3046875000000001 0.671875 0.3046875000000001
19 0.534375 0.24403176250000008 0.45495645468749996 0.24403176250000008 0.45495645468749996 0.3046875000000001 0.534375 0.3046875000000001
19 0.6 0.2437243859375001 0.521273053125 0.2437243859375001 0.521273053125 0.3046875000000001 0.6 0.3046875000000001
19 0.76875 0.24218750000000008 0.7215035859375 0.24218750000000008 0.7215035859375 0.3125000000000001 0.76875 0.3125000000000001
19 0.4591316609375 0.23986936562500008 0.39601690624999997 0.23986936562500008 0.39601690624999997 0.3156250000000001 0.4591316609375 0.3156250000000001
19 0.715625 0.2431864765625001 0.671875 0.2431864765625001 0.671875 0.3140625000000001 0.715625 0.3140625000000001
19 0.9171875 0.2530481546875001 0.88595030625 0.2530481546875001 0.88595030625 0.3046875000000001 0.9171875 0.3046875000000001
19 0.8780737703125 0.2541623984375001 0.8469262296875 0.2541623984375001 0.8469262296875 0.3078125000000001 0.8780737703125 0.3078125000000001
19 0.8546875 0.2681096296875001 0.7983478484375001 0.2681096296875001 0.7983478484375001 0.2984375000000001 0.8546875 0.2984375000000001
19 0.815625 0.2646260250000001 0.7610911890625001 0.2646260250000001 0.7610911890625001 0.2984375000000001 0.815625 0.2984375000000001
19 0.5984375 0.3381275625000001 0.563383709375 0.3381275625000001 0.563383709375 0.37968750000000007 0.5984375 0.37968750000000007
19 0.6359375 0.3381659843750001 0.6005507171875 0.3381659843750001 0.6005507171875 0.3812500000000001 0.6359375 0.3812500000000001
19 0.8203125 0.36547131093750007 0.7841700828125 0.36547131093750007 0.7841700828125 0.39531250000000007 0.8203125 0.39531250000000007
19 0.778125 0.36567622968750013 0.75 0.36567622968750013 0.75 0.39531250000000007 0.778125 0.39531250000000007
19 0.74375 0.3661629109375001 0.7155097328125 0.3661629109375001 0.7155097328125 0.3968750000000001 0.74375 0.3968750000000001
19 0.7109375 0.3678406750000001 0.68076331875 0.3678406750000001 0.68076331875 0.3968750000000001 0.7109375 0.3968750000000001
19 0.678125 0.3672387296875001 0.64375 0.3672387296875001 0.64375 0.3968750000000001 0.678125 0.3968750000000001
19 0.2796875000000001 0.365625 0.2068519453125001 0.365625 0.2068519453125001 0.428125 0.2796875000000001 0.428125
19 0.5734375 0.3761398562500001 0.5053662890624999 0.3761398562500001 0.5053662890624999 0.4203125 0.5734375 0.4203125
19 0.40625 0.36598360625000004 0.3453125000000001 0.36598360625000004 0.3453125000000001 0.4328125 0.40625 0.4328125
19 0.5265625 0.37871413906250007 0.4581583 0.37871413906250007 0.4581583 0.421875 0.5265625 0.421875
19 0.3421875000000001 0.37085041093750004 0.2759349390625001 0.37085041093750004 0.2759349390625001 0.4328125 0.3421875000000001 0.4328125
19 0.2076331968750001 0.3723872953125 0.14861680312500006 0.3723872953125 0.14861680312500006 0.4328125 0.2076331968750001 0.4328125
19 0.15312500000000004 0.3745901640625 0.09531250000000005 0.3745901640625 0.09531250000000005 0.4296875 0.15312500000000004 0.4296875
19 0.4671875 0.3756403687500001 0.4117571703125 0.3756403687500001 0.4117571703125 0.434375 0.4671875 0.434375
19 0.6421875 0.38400358593750006 0.6078125 0.38400358593750006 0.6078125 0.43125 0.6421875 0.43125
19 0.6046875 0.3839651640625001 0.565625 0.3839651640625001 0.565625 0.4328125 0.6046875 0.4328125
19 0.825 0.3987192640625001 0.7917520484375 0.3987192640625001 0.7917520484375 0.4312500000000002 0.825 0.4312500000000002
19 0.7875 0.4013831968750002 0.7553150609375 0.4013831968750002 0.7553150609375 0.4312500000000002 0.7875 0.4312500000000002
19 0.715625 0.40161372812499996 0.6875 0.40161372812499996 0.6875 0.432761271875 0.715625 0.432761271875
19 0.753125 0.40307377031250013 0.720965675 0.4030737703125 0.720965675 0.4328125000000001 0.753125 0.43281250000000016
19 0.68125 0.40338114843749995 0.6470030718750001 0.40338114843749995 0.6470030718750001 0.434375 0.68125 0.434375