19 0.409375 0.24531250000000004 0.346875 0.2453125 0.346875 0.321875 0.409375 0.3218750000000001
19 0.53828125 0.2468750000000001 0.4796875 0.2468750000000001 0.4796875 0.3234375000000001 0.53828125 0.3234375000000001
19 0.47578125 0.2468750000000001 0.4171875 0.2468750000000001 0.4171875 0.3234375000000001 0.47578125 0.3234375000000001
19 0.29375 0.2546875 0.246875 0.2546875 0.246875 0.321875 0.29375 0.321875
19 0.60390625 0.2515625000000001 0.54375 0.2515625000000001 0.54375 0.32500000000000007 0.60390625 0.32500000000000007
19 0.34140625 0.2546875 0.2984375 0.2546875 0.2984375 0.3234375 0.34140625 0.3234375
19 0.13750000000000004 0.2640625 0.10625000000000004 0.2640625 0.10625000000000004 0.31484375 0.13750000000000004 0.31484375
19 0.17343750000000005 0.265625 0.14375000000000004 0.265625 0.14375000000000004 0.31875 0.17343750000000005 0.31875
19 0.2078125 0.265625 0.17812500000000003 0.265625 0.17812500000000003 0.32109375 0.2078125 0.32109375
19 0.24609375 0.265625 0.2125 0.265625 0.2125 0.31953125 0.24609375 0.31953125
19 0.44453125 0.3453125000000001 0.4109375 0.3453125000000001 0.4109375 0.3859375000000001 0.44453125 0.3859375000000001
19 0.40859375 0.3453125000000001 0.3734375 0.3453125000000001 0.37343750000000003 0.38750000000000007 0.40859375 0.38750000000000007
19 0.2335937500000001 0.371875 0.19843750000000004 0.371875 0.19843750000000004 0.4015625 0.2335937500000001 0.4015625
19 0.26640625000000007 0.371875 0.2390625000000001 0.371875 0.2390625000000001 0.4015625 0.26640625000000007 0.4015625
19 0.3000000000000001 0.3734375 0.27031250000000007 0.3734375 0.27031250000000007 0.40234375 0.3000000000000001 0.40234375
19 0.3320312500000001 0.3734375 0.3031250000000001 0.3734375 0.3031250000000001 0.403125 0.3320312500000001 0.403125
19 0.3671875000000001 0.37343750000000003 0.3343750000000001 0.3734375 0.3343750000000001 0.403125 0.3671875000000001 0.403125
19 0.77890625 0.3671875000000001 0.71875 0.3671875000000001 0.71875 0.4367187500000001 0.77890625 0.43671875000000016
19 0.48828125 0.3703125000000001 0.4453125 0.3703125000000001 0.4453125 0.43671875 0.48828125 0.43671875
19 0.65234375 0.37187500000000007 0.59375 0.37187500000000007 0.59375 0.43671875 0.65234375 0.43671875
19 0.5328125 0.37187500000000007 0.490625 0.37187500000000007 0.490625 0.43828125 0.5328125 0.43828125
19 0.71640625 0.3750000000000001 0.65625 0.3750000000000001 0.65625 0.4390625 0.71640625 0.4390625
19 0.8390625 0.3781250000000001 0.7828125 0.3781250000000001 0.7828125 0.43671875000000016 0.8390625 0.43671875000000016
19 0.8890625 0.37968750000000007 0.8359375 0.37968750000000007 0.8359375 0.4351562500000002 0.8890625 0.4351562500000002
19 0.5890625 0.3812500000000001 0.5359375 0.3812500000000001 0.5359375 0.4375 0.5890625 0.4375
19 0.4015625 0.3890625000000001 0.3687500000000001 0.3890625000000001 0.3687500000000001 0.4359375 0.4015625 0.4359375
19 0.4421875 0.3890625000000001 0.4046875 0.3890625000000001 0.4046875 0.4375 0.4421875 0.4375
19 0.22656250000000008 0.403125 0.19375000000000003 0.403125 0.19375000000000003 0.4359375 0.22656250000000008 0.4359375
19 0.2601562500000001 0.4046875 0.2312500000000001 0.4046875 0.2312500000000001 0.4359375 0.2601562500000001 0.4359375
19 0.3257812500000001 0.40625 0.2984375000000001 0.40625 0.2984375000000001 0.4359375 0.3257812500000001 0.4359375
19 0.2929687500000001 0.40625 0.2640625000000001 0.40625 0.2640625000000001 0.4375 0.2929687500000001 0.4375
19 0.3648437500000001 0.4078125 0.3312500000000001 0.4078125 0.3312500000000001 0.4375 0.3648437500000001 0.4375