19 0.5546875 0.34843750000000007 0.468359375 0.34843750000000007 0.468359375 0.41875 0.5546875 0.41875
19 0.4640625 0.34648437500000007 0.3796875 0.34648437500000007 0.37968750000000007 0.425 0.4640625 0.425
19 0.9890625 0.3722656250000001 0.930078125 0.3722656250000001 0.930078125 0.40625000000000017 0.9890625 0.40625000000000017
19 0.9359375 0.3628906250000001 0.902734375 0.3628906250000001 0.902734375 0.42187500000000017 0.9359375 0.42187500000000017
19 0.615625 0.36210937500000007 0.562890625 0.36210937500000007 0.562890625 0.43125 0.615625 0.43125
19 0.7015625 0.3703125000000001 0.632421875 0.3703125000000001 0.632421875 0.4265625 0.7015625 0.4265625
19 0.790625 0.47265625000000017 0.76015625 0.47265625000000017 0.76015625 0.5046875000000002 0.790625 0.5046875000000002
19 0.753125 0.47148437500000007 0.7171875 0.471484375 0.7171875 0.5046875000000001 0.753125 0.5046875000000002
19 0.8328125 0.47187500000000016 0.8 0.47187500000000016 0.8 0.5078125000000002 0.8328125 0.5078125000000002
19 0.19218750000000007 0.4671875 0.13437500000000005 0.4671875 0.13437500000000008 0.5546875 0.1921875000000001 0.5546875
19 0.8953125 0.4949218750000002 0.843359375 0.4949218750000002 0.843359375 0.5343750000000002 0.8953125 0.5343750000000002
19 0.9390625 0.4859375000000002 0.896875 0.4859375000000002 0.896875 0.5421875000000002 0.9390625 0.5421875000000002
19 0.4890625 0.48828125 0.41640625 0.48828125 0.41640625 0.540625 0.4890625 0.540625
19 0.4328125 0.4875 0.3613281250000001 0.4875 0.3613281250000001 0.540625 0.4328125 0.540625
19 0.3765625000000001 0.4875 0.3046875000000001 0.4875 0.3046875000000001 0.540625 0.3765625000000001 0.540625
19 0.2468750000000001 0.480078125 0.19375000000000003 0.480078125 0.19375000000000006 0.5546875 0.2468750000000001 0.5546875
19 0.3062500000000001 0.4796875 0.2531250000000001 0.4796875 0.2531250000000001 0.553125 0.3062500000000001 0.553125
19 0.7171875 0.493359375 0.671875 0.493359375 0.671875 0.5484375 0.7171875 0.5484375
19 0.675 0.503125 0.621875 0.503125 0.621875 0.540625 0.675 0.540625
19 0.6203125 0.49375 0.578515625 0.49375 0.578515625 0.55 0.6203125 0.55
19 0.528125 0.493359375 0.484765625 0.493359375 0.484765625 0.5484375 0.528125 0.5484375
19 0.58125 0.5 0.525390625 0.5 0.525390625 0.54375 0.58125 0.54375
19 0.846875 0.5113281250000001 0.809375 0.5113281250000001 0.809375 0.5437500000000002 0.846875 0.5437500000000002
19 0.8046875 0.5128906250000002 0.767578125 0.5128906250000002 0.767578125 0.5453125000000002 0.8046875 0.5453125000000002
19 0.7609375 0.5105468750000001 0.723046875 0.510546875 0.723046875 0.5453125000000001 0.7609375 0.5453125000000002
19 0.7828125 0.610546875 0.708203125 0.610546875 0.708203125 0.6796875000000001 0.7828125 0.6796875000000002
19 0.9140625 0.6121093750000002 0.85 0.6121093750000002 0.85 0.6828125000000002 0.9140625 0.6828125000000002
19 0.487109375 0.612109375 0.401953125 0.612109375 0.401953125 0.6828125 0.487109375 0.6828125
19 0.5515625 0.609375 0.483203125 0.609375 0.483203125 0.6875 0.5515625 0.6875
19 0.4046875 0.60625 0.33476562500000007 0.60625 0.33476562500000007 0.6875 0.4046875 0.6875
19 0.709375 0.6140625 0.6453125 0.6140625 0.6453125 0.684375 0.709375 0.684375
19 0.33281250000000007 0.606640625 0.2609375000000001 0.606640625 0.2609375000000001 0.6921875 0.33281250000000007 0.6921875
19 0.2671875000000001 0.612890625 0.1781250000000001 0.612890625 0.1781250000000001 0.6859375 0.2671875000000001 0.6859375
19 0.634375 0.615625 0.5609375 0.615625 0.5609375 0.6875 0.634375 0.6875
19 0.19531250000000008 0.616015625 0.1062500000000001 0.616015625 0.1062500000000001 0.6890625 0.19531250000000008 0.6890625
19 0.84375 0.6253906250000002 0.7859375 0.6253906250000002 0.7859375 0.6828125000000002 0.84375 0.6828125000000002
19 0.9859375 0.6246093750000001 0.929296875 0.6246093750000001 0.929296875 0.6937500000000002 0.9859375 0.6937500000000002