19 0.3218750000000001 0.76875 0.2562500000000001 0.76875 0.2562500000000001 0.8140625 0.3218750000000001 0.8140625
19 0.2515625000000001 0.766796875 0.20078125000000008 0.766796875 0.20078125000000008 0.8234375 0.2515625000000001 0.8234375
19 0.1906250000000001 0.775 0.13281250000000008 0.775 0.13281250000000008 0.825 0.1906250000000001 0.825
19 0.11562500000000009 0.771484375 0.0671875000000001 0.771484375 0.0671875000000001 0.8359375 0.11562500000000009 0.8359375
19 0.23593750000000008 0.89765625 0.1886718750000001 0.89765625 0.1886718750000001 0.946875 0.23593750000000008 0.946875
19 0.1828125000000001 0.9 0.12851562500000008 0.9 0.1285156250000001 0.95 0.18281250000000013 0.95
19 0.12656250000000013 0.909375 0.06562500000000011 0.909375 0.06562500000000011 0.9609375 0.12656250000000013 0.9609375
19 0.528125 0.3187500000000001 0.480078125 0.3187500000000001 0.480078125 0.3453125000000001 0.528125 0.3453125000000001
19 0.4453125 0.3183593750000001 0.3984375 0.3183593750000001 0.39843750000000006 0.4078125 0.4453125 0.4078125
19 0.4828125 0.3375000000000001 0.45 0.3375000000000001 0.45 0.409375 0.4828125 0.409375
19 0.515625 0.3605468750000001 0.489453125 0.3605468750000001 0.489453125 0.4109375 0.515625 0.4109375
19 0.15156250000000004 0.502734375 0.10117187500000005 0.502734375 0.10117187500000005 0.54375 0.15156250000000004 0.54375
19 0.2406250000000001 0.500390625 0.20312500000000008 0.500390625 0.20312500000000008 0.5484375 0.2406250000000001 0.5484375
19 0.19218750000000007 0.4984375 0.15507812500000004 0.4984375 0.15507812500000007 0.5515625 0.1921875000000001 0.5515625
19 0.2843750000000001 0.498046875 0.24570312500000008 0.498046875 0.24570312500000008 0.5484375 0.2843750000000001 0.5484375
19 0.3468750000000001 0.612890625 0.2816406250000001 0.612890625 0.2816406250000001 0.68125 0.3468750000000001 0.68125
19 0.2796875000000001 0.6140625 0.2097656250000001 0.6140625 0.2097656250000001 0.6859375 0.2796875000000001 0.6859375
19 0.20468750000000008 0.621875 0.13867187500000008 0.621875 0.13867187500000008 0.690625 0.20468750000000008 0.690625
19 0.1359375000000001 0.620703125 0.062109375000000064 0.620703125 0.06210937500000008 0.690625 0.1359375000000001 0.690625