23 0.2765625000000001 0.828125 0.2535156250000001 0.828125 0.2535156250000001 0.928125 0.2765625000000001 0.928125
23 1 0.07187500000000012 0.903515625 0.0718750000000001 0.903515625 0.12187500000000011 1 0.12187500000000014
23 0.9421875 0.03476562500000011 0.89375 0.03476562500000011 0.89375 0.1562500000000001 0.9421875 0.15625000000000014
23 0.8953125 0.0355468750000001 0.846875 0.0355468750000001 0.846875 0.15781250000000008 0.8953125 0.15781250000000008
23 0.846875 0.0359375000000001 0.7984375 0.0359375000000001 0.7984375 0.15625000000000008 0.846875 0.15625000000000008
23 0.8359375 0.0718750000000001 0.715625 0.07187500000000009 0.715625 0.12031250000000009 0.8359375 0.12031250000000009
23 0.7328125 0.03593750000000009 0.695703125 0.03593750000000009 0.695703125 0.15625000000000008 0.7328125 0.15625000000000008
23 0.69375 0.03710937500000008 0.6453125 0.037109375000000076 0.6453125 0.1546875000000001 0.69375 0.1546875000000001
23 0.6453125 0.039453125000000075 0.602734375 0.039453125000000075 0.602734375 0.15625000000000008 0.6453125 0.15625000000000008
23 0.603125 0.04062500000000007 0.561328125 0.040625000000000064 0.561328125 0.15625000000000008 0.603125 0.15625000000000008
23 0.559375 0.03789062500000007 0.5171875 0.03789062500000007 0.5171875 0.15468750000000006 0.559375 0.1546875000000001
23 0.49375 0.04062500000000006 0.4625 0.04062500000000006 0.4625 0.15625000000000006 0.49375 0.15625000000000006
23 0.4609375 0.04179687500000005 0.418359375 0.04179687500000005 0.418359375 0.15468750000000003 0.4609375 0.15468750000000003
23 0.4515625 0.07890625000000004 0.34453125 0.07890625000000004 0.34453125 0.11875000000000005 0.4515625 0.11875000000000005
23 0.4109375 0.07890625000000004 0.30390625 0.07890625000000004 0.30390625 0.11875000000000005 0.4109375 0.11875000000000005
23 0.3375 0.04375000000000004 0.296875 0.04375000000000003 0.296875 0.15156250000000004 0.3375 0.15156250000000004
23 0.2703125 0.04531250000000003 0.24375 0.04531250000000003 0.24375 0.15625000000000006 0.2703125 0.15625000000000006
23 0.2421875 0.045312500000000026 0.205078125 0.04531250000000002 0.205078125 0.15625000000000006 0.2421875 0.15625000000000006
23 0.20625 0.04531250000000002 0.165625 0.04531250000000002 0.165625 0.15625000000000003 0.20625 0.15625000000000006
23 0.165625 0.046875000000000014 0.128125 0.046875000000000014 0.128125 0.1578125 0.165625 0.1578125
23 0.128125 0.046875000000000014 0.0875 0.046875000000000014 0.08750000000000001 0.1578125 0.128125 0.1578125
23 0.07812500000000001 0.08203125 1.0045930774255631e-17 0.08203125 1.2485656819432e-17 0.121875 0.07812500000000003 0.121875
23 1 0.1988281250000001 0.903125 0.19882812500000008 0.903125 0.2468750000000001 1 0.2468750000000001
23 0.9421875 0.1582031250000001 0.891796875 0.15820312500000008 0.891796875 0.2843750000000001 0.9421875 0.2843750000000001
23 0.89375 0.15781250000000008 0.84375 0.15781250000000008 0.84375 0.2843750000000001 0.89375 0.2843750000000001
23 0.84375 0.15781250000000008 0.794140625 0.15781250000000008 0.794140625 0.2828125000000001 0.84375 0.2828125000000001
23 0.8359375 0.1941406250000001 0.709375 0.1941406250000001 0.709375 0.24218750000000008 0.8359375 0.24218750000000008
23 0.775 0.2003906250000001 0.652734375 0.2003906250000001 0.652734375 0.2375000000000001 0.775 0.2375000000000001
23 0.73125 0.1960937500000001 0.607421875 0.1960937500000001 0.607421875 0.2375000000000001 0.73125 0.2375000000000001
23 0.646875 0.1566406250000001 0.605078125 0.1566406250000001 0.605078125 0.27812500000000007 0.646875 0.27812500000000007
23 0.6421875 0.19531250000000006 0.522265625 0.19531250000000006 0.522265625 0.2375000000000001 0.6421875 0.2375000000000001
23 0.559375 0.15468750000000006 0.517578125 0.15468750000000003 0.517578125 0.2750000000000001 0.559375 0.2750000000000001
23 0.4921875 0.15781250000000005 0.463671875 0.15781250000000005 0.463671875 0.2734375000000001 0.4921875 0.2734375000000001
23 0.4984375 0.19453125000000004 0.383984375 0.19453125000000004 0.383984375 0.23593750000000008 0.4984375 0.23593750000000008
23 0.4203125 0.15585937500000005 0.377734375 0.15585937500000005 0.377734375 0.2734375000000001 0.4203125 0.2734375000000001
23 0.3765625 0.15468750000000003 0.334765625 0.15468750000000003 0.334765625 0.27187500000000003 0.3765625 0.2718750000000001
23 0.334375 0.15351562500000004 0.296875 0.15351562500000004 0.296875 0.2703125 0.334375 0.2703125
23 0.271875 0.15625000000000006 0.2453125 0.15625000000000006 0.2453125 0.271875 0.271875 0.271875
23 0.2828125 0.19375000000000003 0.16757812500000005 0.19375 0.16757812500000005 0.23125 0.2828125 0.23125
23 0.2453125 0.19375000000000003 0.13007812500000004 0.19375 0.13007812500000004 0.23125 0.2453125 0.23125
23 0.203125 0.19453125000000002 0.09335937500000002 0.19453125 0.09335937500000002 0.2328125 0.203125 0.2328125
23 0.12812500000000002 0.1578125 0.09062500000000002 0.1578125 0.09062500000000002 0.26875 0.12812500000000004 0.26875
23 0.04687500000000003 0.15625 0.006250000000000019 0.15625 0.006250000000000026 0.2640625 0.046875000000000035 0.2640625
23 1 0.4507812500000002 0.89765625 0.4507812500000002 0.89765625 0.49531250000000016 1 0.49531250000000016
23 0.9765625 0.4488281250000002 0.85 0.4488281250000002 0.85 0.4937500000000002 0.9765625 0.4937500000000002
23 0.9265625 0.44648437500000016 0.8046875 0.44648437500000016 0.8046875 0.4937500000000002 0.9265625 0.4937500000000002
23 0.8796875 0.4421875000000002 0.759375 0.4421875000000002 0.759375 0.4906250000000002 0.8796875 0.4906250000000002
23 0.8328125 0.4406250000000001 0.7125 0.440625 0.7125 0.48906250000000007 0.8328125 0.4890625000000002
23 0.7703125 0.44218750000000007 0.651171875 0.4421875 0.651171875 0.4804687500000001 0.7703125 0.48046875000000017
23 0.6921875 0.400390625 0.646875 0.400390625 0.646875 0.5171875 0.6921875 0.5171875
23 0.6828125 0.433984375 0.566015625 0.433984375 0.566015625 0.4765625 0.6828125 0.4765625
23 0.6390625 0.432421875 0.521875 0.432421875 0.521875 0.475 0.6390625 0.475
23 0.55625 0.3921875000000001 0.5140625 0.3921875000000001 0.5140625 0.509375 0.55625 0.509375
23 0.5359375 0.431640625 0.41796875 0.431640625 0.41796875 0.4671875 0.5359375 0.4671875
23 0.4609375 0.3871093750000001 0.4203125 0.3871093750000001 0.4203125 0.5046875 0.4609375 0.5046875
23 0.4578125 0.424609375 0.3410156250000001 0.424609375 0.3410156250000001 0.4671875 0.4578125 0.4671875
23 0.3781250000000001 0.38593750000000004 0.3359375000000001 0.3859375 0.3359375000000001 0.503125 0.3781250000000001 0.503125
23 0.3750000000000001 0.42265625 0.2597656250000001 0.42265625 0.2597656250000001 0.4609375 0.3750000000000001 0.4609375
23 0.2734375000000001 0.382421875 0.24960937500000008 0.382421875 0.24960937500000008 0.4953125 0.2734375000000001 0.4953125
23 0.2843750000000001 0.42109375 0.17460937500000004 0.42109375 0.17460937500000004 0.459375 0.2843750000000001 0.459375
23 0.21250000000000008 0.38125 0.17187500000000006 0.38125 0.17187500000000006 0.4921875 0.21250000000000008 0.4921875
23 0.17031250000000003 0.3796875 0.13320312500000003 0.3796875 0.13320312500000003 0.490625 0.17031250000000003 0.490625
23 0.16718750000000004 0.41484375 0.057421875000000046 0.41484375 0.057421875000000046 0.4515625 0.16718750000000004 0.4515625
23 0.053125000000000054 0.375 0.012500000000000044 0.375 0.012500000000000053 0.4859375 0.05312500000000007 0.4859375
23 1 0.5750000000000002 0.8984375 0.5750000000000002 0.8984375 0.6203125000000002 1 0.6203125000000002
23 0.971875 0.5699218750000001 0.84921875 0.5699218750000001 0.84921875 0.6171875000000002 0.971875 0.6171875000000002
23 0.8859375 0.5285156250000002 0.8375 0.5285156250000002 0.8375 0.6500000000000001 0.8859375 0.6500000000000001
23 0.87734375 0.5636718750000002 0.7546875 0.5636718750000002 0.7546875 0.6109375000000001 0.87734375 0.6109375000000001
23 0.8296875 0.5621093750000001 0.70859375 0.562109375 0.70859375 0.6093750000000001 0.8296875 0.6093750000000002
23 0.728125 0.5203125000000001 0.690625 0.5203125 0.690625 0.6406250000000001 0.728125 0.6406250000000002
23 0.6921875 0.515625 0.646875 0.515625 0.646875 0.6359375 0.6921875 0.6359375
23 0.6828125 0.551171875 0.565625 0.551171875 0.565625 0.59375 0.6828125 0.59375
23 0.6390625 0.549609375 0.522265625 0.549609375 0.522265625 0.5921875 0.6390625 0.5921875
23 0.55625 0.512890625 0.514453125 0.512890625 0.514453125 0.625 0.55625 0.625
23 0.49375 0.509765625 0.461328125 0.509765625 0.461328125 0.621875 0.49375 0.621875
23 0.4625 0.504296875 0.421875 0.504296875 0.421875 0.6171875 0.4625 0.6171875
23 0.4203125 0.505078125 0.37968750000000007 0.505078125 0.37968750000000007 0.6171875 0.4203125 0.6171875
23 0.3781250000000001 0.503515625 0.3363281250000001 0.503515625 0.3363281250000001 0.615625 0.3781250000000001 0.615625
23 0.3375000000000001 0.5015625 0.2968750000000001 0.5015625 0.2968750000000001 0.6125 0.3375000000000001 0.6125
23 0.2750000000000001 0.496875 0.2515625000000001 0.496875 0.2515625000000001 0.6078125 0.2750000000000001 0.6078125
23 0.2890625000000001 0.53125 0.17812500000000003 0.53125 0.17812500000000006 0.5671875 0.2890625000000001 0.5671875
23 0.2156250000000001 0.49375 0.17500000000000004 0.49375 0.17500000000000007 0.6046875 0.2156250000000001 0.6046875
23 0.2093750000000001 0.5234375 0.09960937500000007 0.5234375 0.09960937500000007 0.56171875 0.2093750000000001 0.56171875
23 0.16875000000000007 0.52265625 0.061718750000000065 0.52265625 0.061718750000000065 0.5625 0.1687500000000001 0.5625
23 0.056250000000000064 0.484375 0.015625000000000062 0.484375 0.015625000000000066 0.5921875 0.056250000000000064 0.5921875
23 0.9765625 0.7703125000000002 0.928125 0.7703125000000002 0.928125 0.8953125 0.9765625 0.8953125
23 0.928125 0.7660156250000002 0.8828125 0.7660156250000002 0.8828125 0.8921875 0.928125 0.8921875
23 0.8828125 0.7589843750000002 0.8375 0.7589843750000002 0.8375 0.8859375 0.8828125 0.8859375
23 0.8765625 0.7992187500000002 0.7523437500000002 0.7992187500000002 0.7523437500000002 0.84375 0.8765625 0.84375
23 0.7906250000000001 0.7531250000000002 0.7453125000000002 0.7531250000000002 0.7453125000000002 0.878125 0.7906250000000001 0.878125
23 0.7265625000000002 0.747265625 0.6894531250000002 0.747265625 0.6894531250000002 0.8734375 0.7265625000000002 0.8734375
23 0.7281250000000001 0.7859375000000001 0.6042968750000002 0.7859375 0.6042968750000002 0.828125 0.7281250000000001 0.828125
23 0.6828125000000002 0.7828125 0.5628906250000002 0.7828125 0.5628906250000002 0.825 0.6828125000000002 0.825
23 0.6406250000000002 0.778515625 0.5187500000000002 0.778515625 0.5187500000000002 0.81875 0.6406250000000002 0.81875
23 0.5984375000000002 0.775 0.47851562500000017 0.775 0.47851562500000017 0.8171875 0.5984375000000002 0.8171875
23 0.4937500000000002 0.728125 0.46601562500000016 0.728125 0.46601562500000016 0.8484375 0.4937500000000002 0.8484375
23 0.5046875000000002 0.76484375 0.3851562500000001 0.76484375 0.3851562500000001 0.8046875 0.5046875000000002 0.8046875
23 0.4250000000000001 0.721875 0.3843750000000001 0.721875 0.3843750000000001 0.8421875 0.42500000000000016 0.8421875
23 0.4234375000000002 0.75703125 0.3039062500000001 0.75703125 0.3039062500000001 0.796875 0.4234375000000002 0.796875
23 0.3828125000000001 0.75546875 0.2632812500000001 0.75546875 0.2632812500000001 0.7953125 0.3828125000000001 0.7953125
23 0.2750000000000001 0.7109375 0.2515625000000001 0.7109375 0.2515625000000001 0.83125 0.2750000000000001 0.83125
23 0.2531250000000001 0.70625 0.2156250000000001 0.70625 0.2156250000000001 0.8265625 0.2531250000000001 0.8265625
23 0.21250000000000008 0.7015625 0.17539062500000008 0.7015625 0.17539062500000008 0.821875 0.21250000000000008 0.821875
23 0.1765625000000001 0.700390625 0.1359375000000001 0.700390625 0.1359375000000001 0.8171875 0.1765625000000001 0.8171875
23 0.1359375000000001 0.696875 0.10000000000000009 0.696875 0.10000000000000009 0.8125 0.1359375000000001 0.8125
23 0.07343750000000009 0.6984375 0.05625000000000009 0.6984375 0.05625000000000009 0.809375 0.07343750000000009 0.809375
23 0.05625000000000009 0.690625 0.020312500000000084 0.690625 0.02031250000000009 0.8015625 0.05625000000000009 0.8015625
23 1 0.92265625 0.89765625 0.92265625 0.89765625 0.9703125 1 0.9703125
23 0.959375 0.9203125 0.8484375 0.9203125 0.8484375 0.96875 0.959375 0.96875
23 0.8796875 0.8859375 0.834375 0.8859375 0.834375 1 0.8796875 1
23 0.8359375 0.8796875 0.7906250000000001 0.8796875 0.7906250000000001 0.9953125 0.8359375 0.9953125
23 0.7906250000000001 0.878125 0.7453125000000002 0.878125 0.7453125000000002 0.99375 0.7906250000000001 0.99375
23 0.7250000000000002 0.8734375 0.6875000000000002 0.8734375 0.6875000000000002 0.984375 0.7250000000000002 0.984375
23 0.6859375000000002 0.869921875 0.6433593750000002 0.869921875 0.6433593750000002 0.9828125 0.6859375000000002 0.9828125
23 0.6781250000000002 0.9 0.5675781250000002 0.9 0.5675781250000002 0.9421875 0.6781250000000002 0.9421875
23 0.6000000000000002 0.8609375 0.5578125000000002 0.8609375 0.5578125000000002 0.971875 0.6000000000000002 0.971875
23 0.5562500000000001 0.85625 0.5144531250000002 0.85625 0.5144531250000002 0.9671875 0.5562500000000001 0.9671875
23 0.5359375000000002 0.889453125 0.4234375000000002 0.889453125 0.4234375000000002 0.9171875 0.5359375000000002 0.9171875
23 0.5000000000000002 0.879296875 0.3945312500000001 0.879296875 0.3945312500000001 0.91875 0.5000000000000002 0.91875
23 0.42500000000000016 0.8390625 0.3843750000000001 0.8390625 0.3843750000000001 0.946875 0.42500000000000016 0.946875
23 0.3843750000000001 0.837890625 0.3437500000000001 0.837890625 0.3437500000000001 0.9421875 0.3843750000000001 0.9421875
23 0.3734375000000001 0.868359375 0.2687500000000001 0.868359375 0.2687500000000001 0.9078125 0.3734375000000001 0.9078125
23 0.2531250000000001 0.825 0.2156250000000001 0.825 0.2156250000000001 0.928125 0.2531250000000001 0.928125
23 0.2453125000000001 0.851171875 0.1457031250000001 0.851171875 0.1457031250000001 0.8890625 0.2453125000000001 0.8890625
23 0.2093750000000001 0.85 0.10664062500000009 0.85 0.10664062500000009 0.8875 0.2093750000000001 0.8875
23 0.13906250000000012 0.8125 0.10117187500000009 0.8125 0.1011718750000001 0.915625 0.13906250000000014 0.915625
23 0.0765625000000001 0.8078125 0.05937500000000009 0.8078125 0.0593750000000001 0.903125 0.07656250000000012 0.903125
23 0.09062500000000011 0.83515625 1.0227714283504067e-16 0.83515625 1.0442984228666687e-16 0.8703125 0.09062500000000011 0.8703125