23 0.2765625000000001 0.828125 0.2535156250000001 0.828125 0.2535156250000001 0.928125 0.2765625000000001 0.928125
23 0.990625 0.034375000000000114 0.941015625 0.034375000000000114 0.941015625 0.15937500000000013 0.990625 0.15937500000000013
23 0.978125 0.07148437500000011 0.85703125 0.07148437500000011 0.85703125 0.1187500000000001 0.978125 0.11875000000000013
23 0.8953125 0.03632812500000011 0.846875 0.0363281250000001 0.846875 0.15781250000000008 0.8953125 0.15781250000000008
23 0.846875 0.0359375000000001 0.7984375 0.0359375000000001 0.7984375 0.15625000000000008 0.846875 0.15625000000000008
23 0.8 0.035937500000000094 0.7515625 0.03593750000000009 0.7515625 0.15625000000000008 0.8 0.15625000000000008
23 0.7734375 0.07656250000000009 0.654296875 0.07656250000000009 0.654296875 0.11484375000000009 0.7734375 0.11484375000000009
23 0.69375 0.03789062500000008 0.6453125 0.03789062500000008 0.6453125 0.1546875000000001 0.69375 0.1546875000000001
23 0.6828125 0.07695312500000008 0.566015625 0.07695312500000007 0.566015625 0.11875000000000009 0.6828125 0.11875000000000009
23 0.6390625 0.07734375000000007 0.524609375 0.07734375000000007 0.524609375 0.11875000000000006 0.6390625 0.11875000000000009
23 0.596875 0.07500000000000007 0.479296875 0.07500000000000007 0.479296875 0.11718750000000007 0.596875 0.11718750000000008
23 0.5359375 0.08281250000000005 0.4203125 0.08281250000000004 0.4203125 0.11406250000000004 0.5359375 0.11406250000000004
23 0.496875 0.07695312500000005 0.383984375 0.07695312500000004 0.383984375 0.11992187500000004 0.496875 0.11992187500000004
23 0.41875 0.04531250000000005 0.378125 0.04531250000000005 0.378125 0.15312500000000004 0.41875 0.15312500000000004
23 0.4109375 0.07890625000000004 0.30390625 0.07890625000000004 0.30390625 0.11875000000000005 0.4109375 0.11875000000000005
23 0.3703125 0.07734375000000003 0.26328125 0.07734375000000002 0.26328125 0.11718750000000004 0.3703125 0.11718750000000004
23 0.3125 0.08750000000000004 0.2015625 0.08750000000000002 0.2015625 0.11406250000000004 0.3125 0.11406250000000004
23 0.2421875 0.045312500000000026 0.205078125 0.04531250000000002 0.205078125 0.15625000000000006 0.2421875 0.15625000000000006
23 0.240625 0.08046875000000002 0.13046875 0.08046875000000002 0.13046875 0.12031250000000002 0.240625 0.12031250000000004
23 0.165625 0.046875000000000014 0.128125 0.046875000000000014 0.128125 0.1578125 0.165625 0.1578125
23 0.128125 0.046875000000000014 0.0875 0.046875000000000014 0.08750000000000001 0.1578125 0.128125 0.1578125
23 0.07812500000000001 0.08203125 1.0045930774255631e-17 0.08203125 1.2485656819432e-17 0.121875 0.07812500000000003 0.121875
23 1 0.1988281250000001 0.90234375 0.19882812500000008 0.90234375 0.2468750000000001 1 0.2468750000000001
23 0.9796875 0.1964843750000001 0.854296875 0.1964843750000001 0.854296875 0.2468750000000001 0.9796875 0.2468750000000001
23 0.93125 0.1964843750000001 0.805078125 0.1964843750000001 0.805078125 0.2453125000000001 0.93125 0.2453125000000001
23 0.84375 0.15781250000000008 0.794140625 0.15781250000000008 0.794140625 0.2828125000000001 0.84375 0.2828125000000001
23 0.8359375 0.1941406250000001 0.709375 0.1941406250000001 0.709375 0.24218750000000008 0.8359375 0.24218750000000008
23 0.775 0.2003906250000001 0.652734375 0.2003906250000001 0.652734375 0.2375000000000001 0.775 0.2375000000000001
23 0.690625 0.1546875000000001 0.648828125 0.1546875000000001 0.648828125 0.2796875000000001 0.690625 0.2796875000000001
23 0.6859375 0.1957031250000001 0.565234375 0.1957031250000001 0.565234375 0.2375000000000001 0.6859375 0.2375000000000001
23 0.603125 0.15625000000000008 0.561328125 0.15625000000000008 0.561328125 0.2765625000000001 0.603125 0.2765625000000001
23 0.5984375 0.19375000000000006 0.478515625 0.19375000000000003 0.478515625 0.23593750000000008 0.5984375 0.23593750000000008
23 0.5359375 0.2015625000000001 0.420703125 0.2015625000000001 0.420703125 0.2296875000000001 0.5359375 0.2296875000000001
23 0.4984375 0.19375000000000003 0.383984375 0.19375000000000003 0.383984375 0.23593750000000008 0.4984375 0.23593750000000008
23 0.4203125 0.15664062500000003 0.378515625 0.15664062500000003 0.378515625 0.2734375000000001 0.4203125 0.2734375000000001
23 0.3765625 0.15507812500000004 0.333984375 0.15507812500000004 0.333984375 0.27187500000000003 0.3765625 0.2718750000000001
23 0.374609375 0.19257812500000004 0.256640625 0.19257812500000004 0.256640625 0.22968750000000004 0.374609375 0.2296875000000001
23 0.315625 0.20078125 0.20078125 0.20078125 0.20078125 0.2265625 0.315625 0.2265625
23 0.2828125 0.19375000000000003 0.16757812500000005 0.19375 0.16757812500000005 0.23125 0.2828125 0.23125
23 0.20625 0.15468750000000003 0.169140625 0.1546875 0.16914062500000002 0.2703125 0.20625 0.2703125
23 0.203125 0.19375000000000003 0.09335937500000002 0.19375 0.09335937500000002 0.23203125 0.203125 0.23203125
23 0.12812500000000002 0.1578125 0.09062500000000002 0.1578125 0.09062500000000002 0.26875 0.12812500000000004 0.26875
23 0.04687500000000003 0.15625 0.006250000000000019 0.15625 0.006250000000000026 0.2640625 0.046875000000000035 0.2640625
23 0.9828125 0.4109375000000002 0.9375 0.4109375000000002 0.9375 0.5359375000000002 0.9828125 0.5359375000000002
23 0.9359375 0.4078125000000002 0.890625 0.4078125000000002 0.890625 0.5343750000000002 0.9359375 0.5343750000000002
23 0.9265625 0.44648437500000016 0.8046875 0.44648437500000016 0.8046875 0.4937500000000002 0.9265625 0.4937500000000002
23 0.8796875 0.4421875000000002 0.759375 0.4421875000000002 0.759375 0.4906250000000002 0.8796875 0.4906250000000002
23 0.8328125 0.4406250000000001 0.7125 0.440625 0.7125 0.48906250000000007 0.8328125 0.4890625000000002
23 0.7703125 0.4429687500000001 0.651171875 0.44296875 0.651171875 0.48125000000000007 0.7703125 0.4812500000000002
23 0.728125 0.43632812500000007 0.61015625 0.436328125 0.61015625 0.48125000000000007 0.728125 0.4812500000000002
23 0.6828125 0.433984375 0.566015625 0.433984375 0.566015625 0.4765625 0.6828125 0.4765625
23 0.6015625 0.39531250000000007 0.559765625 0.39531250000000007 0.559765625 0.5125 0.6015625 0.5125
23 0.59375 0.4296875 0.476953125 0.4296875 0.476953125 0.471875 0.59375 0.471875
23 0.4953125 0.3910156250000001 0.459375 0.3910156250000001 0.459375 0.5078125 0.4953125 0.5078125
23 0.49921875 0.426171875 0.3812500000000001 0.426171875 0.3812500000000001 0.465625 0.49921875 0.465625
23 0.4578125 0.425390625 0.3402343750000001 0.425390625 0.3402343750000001 0.4671875 0.4578125 0.4671875
23 0.3781250000000001 0.386328125 0.3363281250000001 0.386328125 0.3363281250000001 0.503125 0.3781250000000001 0.503125
23 0.3750000000000001 0.42265625 0.2597656250000001 0.42265625 0.2597656250000001 0.4609375 0.3750000000000001 0.4609375
23 0.3183593750000001 0.427734375 0.20507812500000008 0.427734375 0.20507812500000008 0.4515625 0.3183593750000001 0.4515625
23 0.2843750000000001 0.4203125 0.17460937500000004 0.4203125 0.17460937500000004 0.45859375 0.2843750000000001 0.45859375
23 0.2468750000000001 0.41640625 0.13671875000000006 0.41640625 0.13671875000000006 0.45625 0.2468750000000001 0.45625
23 0.2062500000000001 0.415625 0.09648437500000004 0.415625 0.09648437500000005 0.45390625 0.2062500000000001 0.45390625
23 0.13125000000000003 0.378125 0.09414062500000005 0.378125 0.09414062500000006 0.4890625 0.13125000000000003 0.4890625
23 0.08750000000000005 0.41015625 5.0229653871278156e-17 0.41015625 5.266937991645452e-17 0.45 0.08750000000000005 0.45
23 1 0.5750000000000002 0.8984375 0.5750000000000002 0.8984375 0.6203125000000002 1 0.6203125000000002
23 0.971875 0.5699218750000001 0.84921875 0.5699218750000001 0.84921875 0.6171875000000002 0.971875 0.6171875000000002
23 0.921875 0.5652343750000002 0.8 0.5652343750000002 0.8 0.6125000000000002 0.921875 0.6125000000000002
23 0.87734375 0.5636718750000002 0.7546875 0.5636718750000002 0.7546875 0.6109375000000001 0.87734375 0.6109375000000001
23 0.8296875 0.5621093750000001 0.7078125 0.562109375 0.7078125 0.6093750000000001 0.8296875 0.6093750000000002
23 0.728125 0.5203125000000001 0.691015625 0.5203125 0.691015625 0.6406250000000001 0.728125 0.6406250000000002
23 0.7296875 0.5531250000000001 0.609375 0.553125 0.609375 0.5984375000000001 0.7296875 0.5984375000000002
23 0.6453125 0.5140625 0.603515625 0.5140625 0.603515625 0.63125 0.6453125 0.63125
23 0.6390625 0.549609375 0.522265625 0.549609375 0.522265625 0.5921875 0.6390625 0.5921875
23 0.590625 0.547265625 0.479296875 0.547265625 0.479296875 0.5890625 0.590625 0.5890625
23 0.49375 0.509765625 0.461328125 0.509765625 0.461328125 0.621875 0.49375 0.621875
23 0.4984375 0.541015625 0.3851562500000001 0.541015625 0.3851562500000001 0.58125 0.4984375 0.58125
23 0.45625 0.541015625 0.3437500000000001 0.541015625 0.3437500000000001 0.58125 0.45625 0.58125
23 0.4125 0.537890625 0.3011718750000001 0.537890625 0.3011718750000001 0.5796875 0.4125 0.5796875
23 0.3375000000000001 0.5015625 0.2968750000000001 0.5015625 0.2968750000000001 0.6125 0.3375000000000001 0.6125
23 0.3187500000000001 0.540625 0.2082031250000001 0.540625 0.2082031250000001 0.5640625 0.3187500000000001 0.5640625
23 0.2890625000000001 0.53125 0.17812500000000003 0.53125 0.17812500000000006 0.5671875 0.2890625000000001 0.5671875
23 0.2500000000000001 0.52890625 0.13984375000000004 0.52890625 0.13984375000000007 0.56875 0.2500000000000001 0.56875
23 0.17343750000000008 0.4875 0.13554687500000004 0.4875 0.13554687500000007 0.5984375 0.17343750000000008 0.5984375
23 0.13593750000000007 0.4890625 0.09531250000000006 0.4890625 0.09531250000000006 0.596875 0.1359375000000001 0.596875
23 0.08906250000000007 0.51796875 6.343287717458556e-17 0.51796875 6.587260321976193e-17 0.5578125 0.08906250000000007 0.5578125
23 1 0.80859375 0.88984375 0.80859375 0.88984375 0.85625 1 0.85625
23 0.96875 0.806640625 0.84140625 0.806640625 0.84140625 0.8515625 0.96875 0.8515625
23 0.8828125 0.7597656250000002 0.8375 0.7597656250000002 0.8375 0.8859375 0.8828125 0.8859375
23 0.8375 0.7593750000000001 0.7921875000000002 0.7593750000000001 0.7921875000000002 0.884375 0.8375 0.884375
23 0.7906250000000001 0.7531250000000002 0.7453125000000002 0.7531250000000002 0.7453125000000002 0.878125 0.7906250000000001 0.878125
23 0.7714843750000002 0.7917968750000001 0.6441406250000001 0.791796875 0.6441406250000001 0.8296875 0.7714843750000002 0.8296875
23 0.6875000000000002 0.7453125 0.6457031250000002 0.7453125 0.6457031250000002 0.8703125 0.6875000000000002 0.8703125
23 0.6828125000000002 0.7828125 0.5628906250000002 0.7828125 0.5628906250000002 0.825 0.6828125000000002 0.825
23 0.6000000000000002 0.7375 0.5593750000000002 0.7375 0.5593750000000002 0.859375 0.6000000000000002 0.859375
23 0.5593750000000002 0.7359375 0.5175781250000002 0.7359375 0.5175781250000002 0.85625 0.5593750000000002 0.85625
23 0.5390625000000002 0.7734375 0.41992187500000017 0.7734375 0.41992187500000017 0.8015625 0.5390625000000002 0.8015625
23 0.5046875000000002 0.76484375 0.3851562500000001 0.76484375 0.3851562500000001 0.8046875 0.5046875000000002 0.8046875
23 0.4250000000000001 0.721875 0.3843750000000001 0.721875 0.3843750000000001 0.8421875 0.42500000000000016 0.8421875
23 0.3843750000000001 0.7171875 0.3437500000000001 0.7171875 0.3437500000000001 0.8375 0.3843750000000001 0.8375
23 0.3437500000000001 0.715625 0.3031250000000001 0.715625 0.3031250000000001 0.8359375 0.3437500000000001 0.8359375
23 0.2750000000000001 0.7109375 0.2519531250000001 0.7109375 0.2519531250000001 0.83125 0.2750000000000001 0.83125
23 0.29375000000000007 0.746875 0.1746093750000001 0.746875 0.1746093750000001 0.784375 0.29375000000000007 0.784375
23 0.2531250000000001 0.74296875 0.1339843750000001 0.74296875 0.1339843750000001 0.7796875 0.2531250000000001 0.7796875
23 0.1765625000000001 0.699609375 0.1359375000000001 0.699609375 0.1359375000000001 0.8171875 0.1765625000000001 0.8171875
23 0.1750000000000001 0.73671875 0.06015625000000009 0.73671875 0.06015625000000009 0.771875 0.1750000000000001 0.771875
23 0.12031250000000009 0.7453125 0.009375000000000092 0.7453125 0.009375000000000093 0.7625 0.12031250000000009 0.7625
23 0.09375000000000008 0.728125 8.916959506291665e-17 0.728125 9.137013228013456e-17 0.7640625 0.09375000000000008 0.7640625
23 1 0.92265625 0.89765625 0.92265625 0.89765625 0.9703125 1 0.9703125
23 0.959375 0.9203125 0.8484375 0.9203125 0.8484375 0.96875 0.959375 0.96875
23 0.8796875 0.8859375 0.834375 0.8859375 0.834375 1 0.8796875 1
23 0.8359375 0.8796875 0.7906250000000001 0.8796875 0.7906250000000001 0.9953125 0.8359375 0.9953125
23 0.825 0.91328125 0.7101562500000002 0.91328125 0.7101562500000002 0.9578125 0.825 0.9578125
23 0.7250000000000002 0.8734375 0.6878906250000002 0.8734375 0.6878906250000002 0.984375 0.7250000000000002 0.984375
23 0.7218750000000002 0.905078125 0.6089843750000001 0.905078125 0.6089843750000001 0.948046875 0.7218750000000002 0.948046875
23 0.6437500000000002 0.865625 0.6015625000000002 0.865625 0.6015625000000002 0.9765625 0.6437500000000002 0.9765625
23 0.6000000000000002 0.8609375 0.5582031250000001 0.8609375 0.5582031250000001 0.971875 0.6000000000000002 0.971875
23 0.5562500000000001 0.85625 0.5140625000000002 0.85625 0.5140625000000002 0.9671875 0.5562500000000001 0.9671875
23 0.4937500000000002 0.846875 0.4656250000000002 0.846875 0.4656250000000002 0.959375 0.4937500000000002 0.959375
23 0.4671875000000002 0.846484375 0.4265625000000002 0.846484375 0.4265625000000002 0.9515625 0.4671875000000002 0.9515625
23 0.42500000000000016 0.8390625 0.3843750000000001 0.8390625 0.3843750000000001 0.946875 0.42500000000000016 0.946875
23 0.3843750000000001 0.837109375 0.3437500000000001 0.837109375 0.3437500000000001 0.9421875 0.3843750000000001 0.9421875
23 0.3421875000000001 0.836328125 0.30156250000000007 0.836328125 0.30156250000000007 0.940625 0.3421875000000001 0.940625
23 0.2531250000000001 0.825 0.2156250000000001 0.825 0.2156250000000001 0.928125 0.2531250000000001 0.928125
23 0.2453125000000001 0.851171875 0.1457031250000001 0.851171875 0.1457031250000001 0.8890625 0.2453125000000001 0.8890625
23 0.2093750000000001 0.84921875 0.10664062500000009 0.84921875 0.10664062500000009 0.8875 0.2093750000000001 0.8875
23 0.13906250000000012 0.8125 0.10195312500000009 0.8125 0.10195312500000012 0.915625 0.13906250000000014 0.915625
23 0.0765625000000001 0.808203125 0.05937500000000009 0.808203125 0.0593750000000001 0.903125 0.07656250000000012 0.903125
23 0.0578125000000001 0.8015625 0.0218750000000001 0.8015625 0.021875000000000106 0.9046875 0.057812500000000114 0.9046875