23 0.2773437500000001 0.828125 0.2531250000000001 0.828125 0.2531250000000001 0.92890625 0.2773437500000001 0.92890625
23 0.99140625 0.034375000000000114 0.940625 0.034375000000000114 0.940625 0.15937500000000013 0.99140625 0.15937500000000013
23 0.9421875 0.034375000000000114 0.89375 0.034375000000000114 0.89375 0.15703125000000012 0.9421875 0.15703125000000012
23 0.8953125 0.03593750000000011 0.846875 0.0359375000000001 0.846875 0.1585937500000001 0.8953125 0.1585937500000001
23 0.846875 0.0359375000000001 0.7984375 0.0359375000000001 0.7984375 0.15625000000000008 0.846875 0.15625000000000008
23 0.8 0.035937500000000094 0.7515625 0.03593750000000009 0.7515625 0.15625000000000008 0.8 0.15625000000000008
23 0.73359375 0.03593750000000009 0.6953125 0.03593750000000009 0.6953125 0.15625000000000008 0.73359375 0.15625000000000008
23 0.69375 0.03750000000000008 0.6453125 0.037500000000000075 0.6453125 0.1554687500000001 0.69375 0.1554687500000001
23 0.64609375 0.039062500000000076 0.603125 0.039062500000000076 0.603125 0.1570312500000001 0.64609375 0.1570312500000001
23 0.60390625 0.04062500000000007 0.5609375 0.040625000000000064 0.5609375 0.15625000000000008 0.60390625 0.15625000000000008
23 0.56015625 0.03750000000000007 0.5171875 0.03750000000000007 0.5171875 0.15546875000000007 0.56015625 0.1554687500000001
23 0.49375 0.04062500000000006 0.4625 0.04062500000000006 0.4625 0.15625000000000006 0.49375 0.15625000000000006
23 0.46171875 0.04218750000000006 0.41875 0.04218750000000006 0.41875 0.15546875000000004 0.46171875 0.15546875000000004
23 0.41875 0.04531250000000005 0.378125 0.04531250000000005 0.378125 0.15312500000000004 0.41875 0.15312500000000004
23 0.378125 0.04531250000000005 0.3375 0.04531250000000005 0.3375 0.15312500000000004 0.378125 0.15312500000000004
23 0.3375 0.04375000000000004 0.296875 0.04375000000000003 0.296875 0.15156250000000004 0.3375 0.15156250000000004
23 0.2703125 0.04531250000000003 0.24375 0.04531250000000003 0.24375 0.15625000000000006 0.2703125 0.15625000000000006
23 0.24296875 0.045312500000000026 0.2046875 0.04531250000000002 0.2046875 0.15625000000000006 0.24296875 0.15625000000000006
23 0.20625 0.04531250000000002 0.165625 0.04531250000000002 0.165625 0.15625000000000003 0.20625 0.15625000000000006
23 0.16640625 0.046875000000000014 0.128125 0.046875000000000014 0.128125 0.1578125 0.16640625 0.1578125
23 0.128125 0.046875000000000014 0.0875 0.046875000000000014 0.08750000000000001 0.1578125 0.128125 0.1578125
23 0.04531250000000002 0.0484375 0.004687500000000006 0.0484375 0.004687500000000013 0.15625 0.04531250000000002 0.15625
23 0.990625 0.15937500000000013 0.9421875 0.15937500000000013 0.9421875 0.2867187500000001 0.990625 0.2867187500000001
23 0.94296875 0.1578125000000001 0.8921875 0.15781250000000008 0.8921875 0.2851562500000001 0.94296875 0.2851562500000001
23 0.89453125 0.15781250000000008 0.84375 0.15781250000000008 0.84375 0.2851562500000001 0.89453125 0.2851562500000001
23 0.84453125 0.15781250000000008 0.79375 0.15781250000000008 0.79375 0.2828125000000001 0.84453125 0.2828125000000001
23 0.796875 0.1546875000000001 0.7484375 0.1546875000000001 0.7484375 0.28203125000000007 0.796875 0.28203125000000007
23 0.73359375 0.15781250000000008 0.6953125 0.15781250000000008 0.6953125 0.2804687500000001 0.73359375 0.2804687500000001
23 0.69140625 0.1546875000000001 0.6484375 0.1546875000000001 0.6484375 0.2796875000000001 0.69140625 0.2796875000000001
23 0.64765625 0.15625000000000008 0.6046875 0.15625000000000008 0.6046875 0.2789062500000001 0.64765625 0.2789062500000001
23 0.60390625 0.15625000000000008 0.5609375 0.15625000000000008 0.5609375 0.2765625000000001 0.60390625 0.2765625000000001
23 0.56015625 0.15468750000000006 0.5171875 0.15468750000000003 0.5171875 0.2750000000000001 0.56015625 0.2750000000000001
23 0.49296875 0.15781250000000005 0.4640625 0.15781250000000005 0.4640625 0.2734375000000001 0.49296875 0.2734375000000001
23 0.46328125 0.15781250000000005 0.4203125 0.15781250000000005 0.4203125 0.2734375000000001 0.46328125 0.2734375000000001
23 0.42109375 0.15625000000000006 0.378125 0.15625000000000006 0.378125 0.27421875000000007 0.42109375 0.27421875000000007
23 0.37734375 0.15468750000000003 0.334375 0.15468750000000003 0.334375 0.27265625000000004 0.37734375 0.2726562500000001
23 0.33515625 0.15312500000000004 0.296875 0.15312500000000004 0.296875 0.27109375 0.33515625 0.27109375
23 0.271875 0.15625000000000006 0.2453125 0.15625000000000006 0.2453125 0.271875 0.271875 0.271875
23 0.24453125 0.15468750000000003 0.20625 0.15468750000000003 0.20625 0.2703125 0.24453125 0.2703125
23 0.20703125 0.15468750000000003 0.16875 0.1546875 0.16875 0.2703125 0.20703125 0.2703125
23 0.16796875000000003 0.1578125 0.1296875 0.1578125 0.1296875 0.26875 0.16796875000000006 0.26875
23 0.12890625000000003 0.1578125 0.09062500000000002 0.1578125 0.09062500000000002 0.26875 0.12890625000000006 0.26875
23 0.04687500000000003 0.15625 0.006250000000000019 0.15625 0.006250000000000026 0.2640625 0.046875000000000035 0.2640625
23 0.9828125 0.4109375000000002 0.9375 0.4109375000000002 0.9375 0.5359375000000002 0.9828125 0.5359375000000002
23 0.9359375 0.4078125000000002 0.890625 0.4078125000000002 0.890625 0.5351562500000002 0.9359375 0.5351562500000002
23 0.890625 0.40937500000000016 0.8421875 0.40937500000000016 0.8421875 0.5320312500000002 0.890625 0.5320312500000002
23 0.84375 0.40625000000000017 0.7953125 0.40625000000000017 0.7953125 0.5265625000000002 0.84375 0.5265625000000002
23 0.796875 0.4046875000000002 0.7484375 0.4046875000000002 0.7484375 0.5250000000000001 0.796875 0.5250000000000001
23 0.73046875 0.4015625000000001 0.6921875 0.4015625 0.6921875 0.5218750000000001 0.73046875 0.5218750000000002
23 0.6921875 0.4 0.646875 0.4 0.646875 0.51796875 0.6921875 0.51796875
23 0.64609375 0.3968750000000001 0.603125 0.3968750000000001 0.603125 0.51484375 0.64609375 0.51484375
23 0.60234375 0.39531250000000007 0.559375 0.39531250000000007 0.559375 0.51328125 0.60234375 0.51328125
23 0.55703125 0.3921875000000001 0.5140625 0.3921875000000001 0.5140625 0.51015625 0.55703125 0.51015625
23 0.4953125 0.3906250000000001 0.459375 0.3906250000000001 0.459375 0.50859375 0.4953125 0.50859375
23 0.4609375 0.38750000000000007 0.4203125 0.38750000000000007 0.4203125 0.50546875 0.4609375 0.50546875
23 0.42109375 0.38750000000000007 0.3781250000000001 0.38750000000000007 0.3781250000000001 0.50546875 0.42109375 0.50546875
23 0.3789062500000001 0.38593750000000004 0.3359375000000001 0.3859375 0.3359375000000001 0.50390625 0.3789062500000001 0.50390625
23 0.33671875000000007 0.384375 0.2984375000000001 0.384375 0.2984375000000001 0.5 0.33671875000000007 0.5
23 0.27421875000000007 0.3828125 0.2500000000000001 0.3828125 0.2500000000000001 0.49609375 0.27421875000000007 0.49609375
23 0.2492187500000001 0.384375 0.21093750000000008 0.384375 0.21093750000000008 0.4953125 0.2492187500000001 0.4953125
23 0.21250000000000008 0.38125 0.17187500000000006 0.38125 0.17187500000000006 0.4921875 0.21250000000000008 0.4921875
23 0.17109375000000004 0.3796875 0.13281250000000006 0.3796875 0.13281250000000006 0.490625 0.17109375000000004 0.490625
23 0.13203125000000004 0.378125 0.09375000000000004 0.378125 0.09375000000000006 0.4890625 0.13203125000000004 0.4890625
23 0.053125000000000054 0.375 0.012500000000000044 0.375 0.012500000000000053 0.4859375 0.05312500000000007 0.4859375
23 0.98125 0.5375000000000002 0.9359375 0.5375000000000002 0.9359375 0.6578125000000001 0.98125 0.6578125000000001
23 0.934375 0.5328125000000001 0.8859375 0.5328125000000001 0.8859375 0.6554687500000002 0.934375 0.6554687500000002
23 0.8859375 0.5281250000000002 0.8375 0.5281250000000002 0.8375 0.6507812500000002 0.8859375 0.6507812500000002
23 0.840625 0.5265625000000002 0.7921875 0.5265625000000002 0.7921875 0.6492187500000002 0.840625 0.6492187500000002
23 0.79375 0.5250000000000001 0.7453125 0.5250000000000001 0.7453125 0.6476562500000002 0.79375 0.6476562500000002
23 0.72890625 0.5203125000000001 0.690625 0.5203125 0.690625 0.6406250000000001 0.72890625 0.6406250000000002
23 0.6921875 0.515625 0.646875 0.515625 0.646875 0.6359375 0.6921875 0.6359375
23 0.64609375 0.5140625 0.603125 0.5140625 0.603125 0.63203125 0.64609375 0.63203125
23 0.60234375 0.5125 0.559375 0.5125 0.559375 0.63046875 0.60234375 0.63046875
23 0.55703125 0.5125 0.5140625 0.5125 0.5140625 0.62578125 0.55703125 0.62578125
23 0.49453125 0.509375 0.4609375 0.509375 0.4609375 0.62265625 0.49453125 0.62265625
23 0.4625 0.5046875 0.421875 0.5046875 0.421875 0.61796875 0.4625 0.61796875
23 0.4203125 0.5046875 0.37968750000000007 0.5046875 0.37968750000000007 0.61796875 0.4203125 0.61796875
23 0.3789062500000001 0.503125 0.3359375000000001 0.503125 0.3359375000000001 0.61640625 0.3789062500000001 0.61640625
23 0.3375000000000001 0.5015625 0.2968750000000001 0.5015625 0.2968750000000001 0.6125 0.3375000000000001 0.6125
23 0.2757812500000001 0.496875 0.2515625000000001 0.496875 0.2515625000000001 0.6078125 0.2757812500000001 0.6078125
23 0.2515625000000001 0.49375 0.2156250000000001 0.49375 0.2156250000000001 0.6046875 0.2515625000000001 0.6046875
23 0.2156250000000001 0.49375 0.17500000000000004 0.49375 0.17500000000000007 0.6046875 0.2156250000000001 0.6046875
23 0.17421875000000006 0.4875 0.13593750000000004 0.4875 0.13593750000000007 0.5984375 0.1742187500000001 0.5984375
23 0.13593750000000007 0.4890625 0.09531250000000006 0.4890625 0.09531250000000006 0.596875 0.1359375000000001 0.596875
23 0.056250000000000064 0.484375 0.015625000000000062 0.484375 0.015625000000000066 0.5921875 0.056250000000000064 0.5921875
23 0.9765625 0.7703125000000002 0.928125 0.7703125000000002 0.928125 0.8953125 0.9765625 0.8953125
23 0.928125 0.7656250000000002 0.8828125 0.7656250000000002 0.8828125 0.89296875 0.928125 0.89296875
23 0.8828125 0.7593750000000001 0.8375 0.7593750000000001 0.8375 0.88671875 0.8828125 0.88671875
23 0.8375 0.7593750000000001 0.7921875000000002 0.7593750000000001 0.7921875000000002 0.884375 0.8375 0.884375
23 0.7906250000000001 0.7531250000000002 0.7453125000000002 0.7531250000000002 0.7453125000000002 0.878125 0.7906250000000001 0.878125
23 0.7273437500000002 0.7468750000000001 0.6890625000000001 0.746875 0.6890625000000001 0.87421875 0.7273437500000002 0.87421875
23 0.6882812500000002 0.7453125 0.6453125000000002 0.7453125 0.6453125000000002 0.8703125 0.6882812500000002 0.8703125
23 0.6445312500000002 0.74375 0.6015625000000002 0.74375 0.6015625000000002 0.8640625 0.6445312500000002 0.8640625
23 0.6000000000000002 0.7375 0.5593750000000002 0.7375 0.5593750000000002 0.86015625 0.6000000000000002 0.86015625
23 0.5601562500000001 0.7359375 0.5171875000000001 0.7359375 0.5171875000000001 0.85625 0.5601562500000001 0.85625
23 0.4945312500000002 0.728125 0.4656250000000002 0.728125 0.4656250000000002 0.8484375 0.4945312500000002 0.8484375
23 0.46562500000000007 0.725 0.425 0.725 0.4250000000000001 0.8453125 0.4656250000000002 0.8453125
23 0.4250000000000001 0.721875 0.3843750000000001 0.721875 0.3843750000000001 0.8421875 0.42500000000000016 0.8421875
23 0.3843750000000001 0.7171875 0.3437500000000001 0.7171875 0.3437500000000001 0.8375 0.3843750000000001 0.8375
23 0.3437500000000001 0.715625 0.3031250000000001 0.715625 0.3031250000000001 0.8359375 0.3437500000000001 0.8359375
23 0.2757812500000001 0.7109375 0.2515625000000001 0.7109375 0.2515625000000001 0.83125 0.2757812500000001 0.83125
23 0.2539062500000001 0.70625 0.2156250000000001 0.70625 0.2156250000000001 0.8265625 0.2539062500000001 0.8265625
23 0.2132812500000001 0.7015625 0.1750000000000001 0.7015625 0.1750000000000001 0.821875 0.2132812500000001 0.821875
23 0.1765625000000001 0.7 0.1359375000000001 0.7 0.1359375000000001 0.81796875 0.1765625000000001 0.81796875
23 0.1359375000000001 0.696875 0.10000000000000009 0.696875 0.10000000000000009 0.8125 0.1359375000000001 0.8125
23 0.07343750000000009 0.6984375 0.05625000000000009 0.6984375 0.05625000000000009 0.809375 0.07343750000000009 0.809375
23 0.05625000000000009 0.690625 0.020312500000000084 0.690625 0.02031250000000009 0.8015625 0.05625000000000009 0.8015625
23 0.9734375 0.8953125 0.925 0.8953125 0.925 0.9984375 0.9734375 0.9984375
23 0.928125 0.8890625 0.8796875 0.8890625 0.8796875 1 0.928125 1
23 0.8796875 0.8859375 0.834375 0.8859375 0.834375 1 0.8796875 1
23 0.8359375 0.8796875 0.7906250000000001 0.8796875 0.7906250000000001 0.9953125 0.8359375 0.9953125
23 0.7906250000000001 0.878125 0.7453125000000002 0.878125 0.7453125000000002 0.99375 0.7906250000000001 0.99375
23 0.7257812500000002 0.8734375 0.6875000000000002 0.8734375 0.6875000000000002 0.984375 0.7257812500000002 0.984375
23 0.6867187500000002 0.8703125 0.6437500000000002 0.8703125 0.6437500000000002 0.98359375 0.6867187500000002 0.98359375
23 0.6445312500000002 0.865625 0.6015625000000002 0.865625 0.6015625000000002 0.9765625 0.6445312500000002 0.9765625
23 0.6007812500000002 0.8609375 0.5578125000000002 0.8609375 0.5578125000000002 0.971875 0.6007812500000002 0.971875
23 0.5570312500000002 0.85625 0.5140625000000002 0.85625 0.5140625000000002 0.9671875 0.5570312500000002 0.9671875
23 0.4945312500000002 0.846875 0.4656250000000002 0.846875 0.4656250000000002 0.96015625 0.4945312500000002 0.96015625
23 0.4671875000000002 0.846875 0.4265625000000002 0.846875 0.4265625000000002 0.95234375 0.4671875000000002 0.95234375
23 0.42500000000000016 0.8390625 0.3843750000000001 0.8390625 0.3843750000000001 0.946875 0.42500000000000016 0.946875
23 0.3843750000000001 0.8375 0.3437500000000001 0.8375 0.3437500000000001 0.94296875 0.3843750000000001 0.94296875
23 0.3421875000000001 0.8359375 0.30156250000000007 0.8359375 0.30156250000000007 0.94140625 0.3421875000000001 0.94140625
23 0.2539062500000001 0.825 0.2156250000000001 0.825 0.2156250000000001 0.928125 0.2539062500000001 0.928125
23 0.21484375000000008 0.8203125 0.1765625000000001 0.8203125 0.17656250000000012 0.92109375 0.21484375000000008 0.92109375
23 0.1773437500000001 0.8171875 0.1390625000000001 0.8171875 0.13906250000000012 0.9203125 0.17734375000000013 0.9203125
23 0.1398437500000001 0.8125 0.10156250000000008 0.8125 0.10156250000000011 0.915625 0.13984375000000013 0.915625
23 0.0765625000000001 0.8078125 0.05937500000000009 0.8078125 0.0593750000000001 0.90390625 0.07656250000000012 0.90390625
23 0.0578125000000001 0.8015625 0.0218750000000001 0.8015625 0.021875000000000106 0.9046875 0.057812500000000114 0.9046875