23 0.7562500000000002 0.8515625 0.7312500000000002 0.8515625 0.7312500000000002 0.95625 0.7562500000000002 0.95625
23 0.08560267968750002 0.0714184265625 8.746234748990594e-18 0.0714184265625 1.126175561969916e-17 0.1125 0.08560267968750003 0.1125
23 0.128125 0.06627435000000002 0.0021205359375000084 0.06627435000000001 0.002120535937500011 0.115625 0.128125 0.115625
23 0.1390625 0.02925121875000002 0.0890625 0.029251218750000012 0.08906250000000002 0.1546875 0.1390625 0.1546875
23 0.2265625 0.06662946406250002 0.1018060078125 0.06662946406250002 0.1018060078125 0.11695414062500002 0.2265625 0.11695414062500005
23 0.2375 0.029687500000000026 0.1889001625 0.029687500000000023 0.1889001625 0.15312500000000004 0.2375 0.15312500000000004
23 0.3390625 0.07198660781250003 0.21422483906249998 0.07198660781250002 0.21422483906249998 0.11093750000000005 0.3390625 0.11093750000000005
23 0.3484375 0.03090503281250004 0.2984375 0.03090503281250003 0.2984375 0.15156250000000004 0.3484375 0.15156250000000004
23 0.43125 0.07187500000000005 0.309375 0.07187500000000005 0.309375 0.11562500000000005 0.43125 0.11562500000000005
23 0.4734375 0.07187500000000005 0.3539265421875 0.07187500000000005 0.3539265421875 0.11562500000000005 0.4734375 0.11562500000000005
23 0.48125 0.030783279687500054 0.43716517968749996 0.030783279687500054 0.43716517968749996 0.15156250000000004 0.48125 0.15156250000000004
23 0.5390320625 0.033715504687500064 0.5065645296875 0.033715504687500064 0.5065645296875 0.15312500000000004 0.5390320625 0.15312500000000004
23 0.584375 0.03593750000000007 0.5401481312499999 0.03593750000000007 0.5401481312499999 0.15312500000000007 0.584375 0.1531250000000001
23 0.6265625 0.03930600625000007 0.584375 0.03930600625000007 0.584375 0.15000000000000008 0.6265625 0.15000000000000008
23 0.703125 0.07379261406250007 0.5913758125 0.07379261406250007 0.5913758125 0.11562500000000009 0.703125 0.11562500000000009
23 0.7453125 0.07214894531250007 0.6335227265625 0.07214894531250007 0.6335227265625 0.1140625000000001 0.7453125 0.1140625000000001
23 0.809375 0.0828125000000001 0.6945211046875001 0.0828125000000001 0.6945211046875001 0.10937500000000008 0.809375 0.10937500000000008
23 0.80625 0.039245129687500095 0.7671875 0.03924512968750009 0.7671875 0.1531250000000001 0.80625 0.1531250000000001
23 0.8828125 0.0760044640625001 0.7689529203125 0.07600446406250008 0.7689529203125 0.11718750000000008 0.8828125 0.11718750000000008
23 0.8859375 0.0403612015625001 0.846875 0.0403612015625001 0.846875 0.1546875000000001 0.8859375 0.1546875000000001
23 0.928125 0.04036120156250011 0.8867999187500001 0.04036120156250011 0.8867999187500001 0.15468750000000012 0.928125 0.15468750000000014
23 1 0.08467938281250012 0.93041801875 0.08467938281250012 0.93041801875 0.11093750000000013 1 0.11093750000000013
23 0.03906250000000003 0.1578125 0.000020292187500019327 0.1578125 0.000020292187500027364 0.2890625 0.039062500000000035 0.2890625
23 0.09218750000000003 0.15625 0.04030032343750002 0.15625 0.04030032343750003 0.2875 0.09218750000000005 0.2875
23 0.14218750000000002 0.15625 0.09062500000000002 0.15625 0.09062500000000004 0.2875 0.14218750000000005 0.2875
23 0.2328125 0.19472402500000002 0.10317573125000004 0.194724025 0.10317573125000004 0.246875 0.2328125 0.246875
23 0.240625 0.15312500000000004 0.191091721875 0.15312500000000004 0.19109172187500004 0.284375 0.240625 0.284375
23 0.2953125 0.15625000000000006 0.257153003125 0.15625000000000006 0.257153003125 0.2828125 0.2953125 0.2828125
23 0.3453125 0.15216112031250004 0.3015625 0.15216112031250004 0.3015625 0.28125 0.3453125 0.28125
23 0.43125 0.19577922187500005 0.30522524375 0.19577922187500005 0.30522524375 0.23906250000000004 0.43125 0.2390625000000001
23 0.4359375 0.15375405937500003 0.39234983749999996 0.15375405937500003 0.39234983749999996 0.27812500000000007 0.4359375 0.27812500000000007
23 0.5217938328125 0.19311079531250003 0.396875 0.19311079531250003 0.396875 0.2375000000000001 0.5217938328125 0.2375000000000001
23 0.5359375 0.15634131562500003 0.5076400171875 0.15634131562500003 0.5076400171875 0.2750000000000001 0.5359375 0.2750000000000001
23 0.5828125 0.15534699843750005 0.5384638796875 0.15534699843750005 0.5384638796875 0.2750000000000001 0.5828125 0.2750000000000001
23 0.6640625 0.19278612031250006 0.5428977265625 0.19278612031250003 0.5428977265625 0.23742897812500008 0.6640625 0.23742897812500008
23 0.709375 0.1918019484375001 0.588291396875 0.1918019484375001 0.588291396875 0.23437500000000008 0.709375 0.23437500000000008
23 0.7515625 0.1921875000000001 0.6301136359374999 0.1921875000000001 0.6301136359374999 0.2312500000000001 0.7515625 0.2312500000000001
23 0.7640625 0.15366274375000008 0.7375 0.15366274375000008 0.7375 0.2734375000000001 0.7640625 0.2734375000000001
23 0.8453125 0.1929281671875001 0.7258624171875 0.1929281671875001 0.7258624171875 0.2312500000000001 0.8453125 0.2312500000000001
23 0.84375 0.1519784921875001 0.8046875 0.1519784921875001 0.8046875 0.2718750000000001 0.84375 0.2718750000000001
23 0.884375 0.1564326296875001 0.8453125 0.1564326296875001 0.8453125 0.27031250000000007 0.884375 0.27031250000000007
23 0.9624797078125 0.19375000000000012 0.8472199687499999 0.1937500000000001 0.8472199687499999 0.2328125000000001 0.9624797078125 0.2328125000000001
23 0.999766640625 0.15468750000000014 0.9705458609375001 0.15468750000000014 0.9705458609375001 0.2656250000000001 0.999766640625 0.2656250000000001
23 0.04531250000000006 0.41900365156249997 0.0000710218750000513 0.41900365156249997 0.00007102187500005923 0.5484375 0.04531250000000007 0.5484375
23 0.09375000000000006 0.4158786515625 0.046875000000000056 0.4158786515625 0.04687500000000006 0.546875 0.09375000000000007 0.546875
23 0.18281250000000004 0.45633116874999996 0.05592532343750006 0.45633116874999996 0.05592532343750006 0.5046875 0.18281250000000004 0.5046875
23 0.2296875000000001 0.45134943125 0.10562094062500005 0.45134943125 0.10562094062500005 0.5015625 0.2296875000000001 0.5015625
23 0.27812500000000007 0.4492086046875 0.15438311718750003 0.4492086046875 0.15438311718750003 0.4984375 0.27812500000000007 0.4984375
23 0.3421875000000001 0.45167410781250006 0.2182224031250001 0.45167410781250006 0.2182224031250001 0.490625 0.3421875000000001 0.490625
23 0.3468750000000001 0.4078125 0.3000000000000001 0.4078125 0.3000000000000001 0.5296875 0.3468750000000001 0.5296875
23 0.43125 0.4434050328125 0.30937500000000007 0.4434050328125 0.30937500000000007 0.4859375 0.43125 0.4859375
23 0.4765625 0.4411424515625 0.3548904218750001 0.4411424515625 0.3548904218750001 0.48578530937500003 0.4765625 0.48578530937500003
23 0.5234375 0.4380986203125 0.402090096875 0.4380986203125 0.402090096875 0.482741478125 0.5234375 0.482741478125
23 0.5421063312500001 0.3980925328125001 0.5047686687499999 0.3980925328125001 0.5047686687499999 0.51875 0.5421063312500001 0.51875
23 0.58125 0.3941862828125001 0.5406148546875 0.3941862828125001 0.5406148546875 0.5167512171875 0.58125 0.5167512171875
23 0.6265625 0.3947747562500001 0.582376215625 0.3947747562500001 0.582376215625 0.5171875 0.6265625 0.5171875
23 0.7091822249999999 0.4315138 0.5866172890625 0.4315138 0.5866172890625 0.475 0.7091822249999999 0.475
23 0.7078125 0.3917512156250001 0.6693283296875 0.3917512156250001 0.6693283296875 0.5109375 0.7078125 0.5109375
23 0.8059862015625001 0.43616071406250007 0.6882913953124999 0.4361607140625 0.6882913953124999 0.4609375000000001 0.8059862015625001 0.46093750000000017
23 0.7984375 0.3908076296875001 0.7605823859374999 0.3908076296875001 0.7605823859374999 0.5060673703125003 0.7984375 0.5060673703125003
23 0.8765625 0.42478693125000017 0.7618709406249999 0.42478693125000017 0.7618709406249999 0.4656250000000002 0.8765625 0.4656250000000002
23 0.91875 0.42399553593750017 0.8037337671874999 0.42399553593750017 0.8037337671874999 0.4625000000000002 0.91875 0.4625000000000002
23 0.959375 0.4223315750000002 0.8443790578125 0.4223315750000002 0.8443790578125 0.46093750000000017 0.959375 0.46093750000000017
23 1 0.4213778406250002 0.9244521109375 0.4213778406250002 0.9244521109375 0.45625000000000016 1 0.45625000000000016
23 0.04687500000000007 0.55 6.735557395310443e-17 0.55 7.500961644777538e-17 0.675 0.046875000000000076 0.675
23 0.13737824687500008 0.5835836046875 0.009943181250000072 0.5835836046875 0.009943181250000075 0.6328125 0.13737824687500008 0.6328125
23 0.14843750000000006 0.5409699671875 0.09905641093750008 0.5409699671875 0.09905641093750009 0.6671875 0.14843750000000008 0.6671875
23 0.23437500000000008 0.578125 0.1078835234375001 0.578125 0.1078835234375001 0.6265625 0.23437500000000008 0.6265625
23 0.2828125000000001 0.5755478890625 0.15625000000000008 0.5755478890625 0.15625000000000008 0.625 0.2828125000000001 0.625
23 0.3437500000000001 0.5751116078125 0.2199066546875001 0.5751116078125 0.2199066546875001 0.6140625 0.3437500000000001 0.6140625
23 0.3858360390625001 0.56613230625 0.2609375000000001 0.56613230625 0.2609375000000001 0.6125 0.3858360390625001 0.6125
23 0.3921875000000001 0.5262175328125 0.34843750000000007 0.5262175328125 0.34843750000000007 0.646875 0.3921875000000001 0.646875
23 0.4765625 0.5628956984375 0.3550121750000001 0.5628956984375 0.3550121750000001 0.60753855625 0.4765625 0.60753855625
23 0.5203125 0.5606635546875001 0.4046164765625 0.5606635546875001 0.4046164765625 0.6046875 0.5203125 0.6046875
23 0.58125 0.5625 0.46480316562499996 0.5625 0.46480316562499996 0.596875 0.58125 0.596875
23 0.5796875 0.516152596875 0.5390523546875 0.516152596875 0.5390523546875 0.633847403125 0.5796875 0.633847403125
23 0.6234375 0.516314934375 0.5827820609375001 0.516314934375 0.5827820609375001 0.634009740625 0.6234375 0.634009740625
23 0.70625 0.5515625 0.589265421875 0.5515625 0.589265421875 0.5953125 0.70625 0.5953125
23 0.7109375 0.5132913953125 0.6689224828125 0.5132913953125 0.6689224828125 0.628125 0.7109375 0.628125
23 0.7578125 0.5082386359375002 0.733177759375 0.5082386359375002 0.733177759375 0.6234375000000002 0.7578125 0.6234375000000002
23 0.7953125 0.5048701296875001 0.758340096875 0.5048701296875001 0.758340096875 0.6201298703125002 0.7953125 0.6201298703125002
23 0.8375 0.5048701296875001 0.7956067375 0.5048701296875001 0.7956067375 0.6201298703125002 0.8375 0.6201298703125002
23 0.8765625 0.4981331171875002 0.838240665625 0.4981331171875002 0.838240665625 0.6125000000000002 0.8765625 0.6125000000000002
23 0.9203125 0.5002435062500001 0.878125 0.5002435062500001 0.878125 0.6109375000000001 0.9203125 0.6109375000000001
23 0.99994926875 0.4955560062500002 0.9609882296875 0.4955560062500002 0.9609882296875 0.6062500000000002 0.99994926875 0.6062500000000002
23 0.0546875000000001 0.7923194 0.005215096875000097 0.7923194 0.005215096875000104 0.921875 0.05468750000000011 0.921875
23 0.1437500000000001 0.8305600640625 0.012997157812500099 0.8305600640625 0.0129971578125001 0.8765625 0.1437500000000001 0.8765625
23 0.1493202125000001 0.78125 0.10224228750000008 0.78125 0.10224228750000011 0.9125 0.14932021250000013 0.9125
23 0.1953125000000001 0.7805296265624999 0.14880276093750008 0.7805296265624999 0.1488027609375001 0.909375 0.19531250000000014 0.909375
23 0.24375000000000008 0.7737926140625 0.1977678578125001 0.7737926140625 0.1977678578125001 0.903125 0.24375000000000008 0.903125
23 0.3494216734375001 0.814214690625 0.2171875000000001 0.814214690625 0.2171875000000001 0.853125 0.3494216734375001 0.853125
23 0.34843750000000007 0.766314934375 0.3046875000000001 0.766314934375 0.3046875000000001 0.8953125 0.34843750000000007 0.8953125
23 0.4343750000000002 0.8046875 0.3102069796875001 0.8046875 0.3102069796875001 0.8484375 0.4343750000000002 0.8484375
23 0.43750000000000017 0.7581574671875 0.3968648546875001 0.7581574671875 0.3968648546875001 0.884375 0.43750000000000017 0.884375
23 0.5218750000000002 0.7970068984374999 0.3975649359375001 0.7970068984374999 0.3975649359375001 0.840625 0.5218750000000002 0.840625
23 0.5828125000000002 0.7962560875 0.45813717656250014 0.7962560875 0.45813717656250014 0.825 0.5828125000000002 0.825
23 0.5765625000000002 0.7453125 0.5359273531250002 0.7453125 0.5359273531250002 0.86875 0.5765625000000002 0.86875
23 0.6609375000000002 0.7830864453124999 0.5368303578125002 0.7830864453124999 0.5368303578125002 0.825 0.6609375000000002 0.825
23 0.7031250000000002 0.778581575 0.5782467531250002 0.778581575 0.5782467531250002 0.8203125 0.7031250000000002 0.8203125
23 0.7453125000000002 0.7766335234375001 0.6214894468750002 0.7766335234375 0.6214894468750002 0.81875 0.7453125000000002 0.81875
23 0.7578125000000002 0.7312500000000002 0.7328125000000002 0.7312500000000002 0.7328125000000002 0.8546875 0.7578125000000002 0.8546875
23 0.8374188312499999 0.7680499187500001 0.7125000000000001 0.76804991875 0.7125000000000001 0.80625 0.8374188312499999 0.80625
23 0.8359375 0.7212459406250001 0.7976968359375001 0.7212459406250001 0.7976968359375001 0.8453125 0.8359375 0.8453125
23 0.9184557625 0.7594460234375002 0.7958908265625002 0.7594460234375002 0.7958908265625002 0.8 0.9184557625 0.8
23 0.95625 0.7573457781250001 0.8366578734375001 0.7573457781250001 0.8366578734375001 0.7937500000000002 0.95625 0.7937500000000002
23 1 0.7660004062500001 0.8943181812500001 0.7660004062500001 0.8943181812500001 0.7828125000000001 1 0.7828125000000001
23 1 0.7483969156250001 0.9222199671875 0.7483969156250001 0.9222199671875 0.7843750000000002 1 0.7843750000000002
23 0.05781250000000012 0.9219764609375 0.007812500000000114 0.9219764609375 0.007812500000000118 0.9998985390625 0.057812500000000135 0.9998985390625
23 0.12187500000000014 0.9327414765625001 0.03812905781250011 0.9327414765625001 0.03812905781250012 0.9828125 0.12187500000000014 0.9828125
23 0.17187500000000014 0.9320008124999999 0.08530844218750011 0.9320008124999999 0.08530844218750011 0.978125 0.17187500000000014 0.978125
23 0.1968750000000001 0.9056412343750001 0.1504870140625001 0.9056412343750001 0.15048701406250012 0.9984375 0.19687500000000013 0.9984375
23 0.24375000000000008 0.9044541390624999 0.19833603906250008 0.9044541390624999 0.1983360390625001 0.9984375 0.24375000000000008 0.9984375
23 0.3343750000000001 0.9296875 0.23465909218750008 0.9296875 0.23465909218750008 0.96875 0.3343750000000001 0.96875
23 0.37968750000000007 0.9259334421875 0.2767654218750001 0.9259334421875 0.2767654218750001 0.96875 0.37968750000000007 0.96875
23 0.3937500000000001 0.8909293828125 0.3500000000000001 0.8909293828125 0.3500000000000001 0.9996956171875 0.3937500000000001 0.9996956171875
23 0.4734375000000002 0.920505275 0.3605823859375001 0.920505275 0.3605823859375001 0.9651481343749999 0.4734375000000002 0.9651481343749999
23 0.5203125000000002 0.9170150156249999 0.40549918750000014 0.9170150156249999 0.40549918750000014 0.9609375 0.5203125000000002 0.9609375
23 0.5343750000000002 0.871875 0.5060775171875002 0.871875 0.5060775171875002 0.9890625 0.5343750000000002 0.9890625
23 0.5750000000000002 0.8717329546875 0.5338169640625001 0.8717329546875 0.5338169640625001 0.9796875 0.5750000000000002 0.9796875
23 0.6187500000000001 0.8640625 0.5777293031250001 0.8640625 0.5777293031250001 0.975 0.6187500000000001 0.975
23 0.6609375000000002 0.8623985390625 0.6203023546875002 0.8623985390625 0.6203023546875002 0.9703125 0.6609375000000002 0.9703125
23 0.7046875000000001 0.8608360390625001 0.6640523546875002 0.8608360390625001 0.6640523546875002 0.96875 0.7046875000000001 0.96875
23 0.7937500000000002 0.8487723203125 0.7558948859375001 0.8487723203125 0.7558948859375001 0.9559151781249999 0.7937500000000002 0.9559151781249999
23 0.8671875 0.8768770296874999 0.7642146906250001 0.8768770296874999 0.7642146906250001 0.915625 0.8671875 0.915625
23 0.8734375 0.8408583609375 0.8348721593749999 0.8408583609375 0.8348721593749999 0.946875 0.8734375 0.946875
23 0.946875 0.8700487000000001 0.8407366062499999 0.8700487000000001 0.8407366062499999 0.909375 0.946875 0.909375
23 0.9984375 0.8725142046875 0.8987824671875 0.8725142046875 0.8987824671875 0.8890625 0.9984375 0.8890625
23 1 0.8595373374999999 0.924391234375 0.8595373374999999 0.924391234375 0.896875 1 0.896875