23 0.7564935062500002 0.8522727265625001 0.7313311687500001 0.8522727265625001 0.7313311687500001 0.95698051875 0.7564935062500002 0.95698051875
23 0.04220779218750001 0.027597403124999996 3.3797071401810407e-18 0.027597403124999996 1.1331959071513468e-17 0.1574675328125 0.04220779218750002 0.1574675328125
23 0.09090909062500001 0.027597403125000003 0.040584415624999995 0.027597403124999996 0.04058441562500001 0.1550324671875 0.09090909062500002 0.1550324671875
23 0.1396103890625 0.029220779687500014 0.0892857140625 0.02922077968750001 0.08928571406250001 0.15665584375 0.1396103890625 0.15665584375
23 0.189935065625 0.02922077968750002 0.1396103890625 0.02922077968750002 0.1396103890625 0.15422077968750003 0.189935065625 0.15422077968750006
23 0.2386363640625 0.029220779687500024 0.1883116890625 0.02922077968750002 0.1883116890625 0.15422077968750006 0.2386363640625 0.15422077968750006
23 0.29707792187500004 0.02922077968750003 0.25730519531249996 0.02922077968750003 0.25730519531249996 0.15422077968750006 0.29707792187500004 0.15422077968750006
23 0.34902597343749997 0.03084415625000004 0.29870129843750004 0.030844156250000032 0.29870129843750004 0.15340909062500005 0.34902597343749997 0.15340909062500005
23 0.3928571421875 0.03246753281250005 0.34821428593750003 0.03246753281250005 0.34821428593750003 0.15503246718750002 0.3928571421875 0.15503246718750002
23 0.43668831093750005 0.03409090937500005 0.39204545468749996 0.03409090937500005 0.39204545468749996 0.15422077968750006 0.43668831093750005 0.15422077968750006
23 0.48214285781250005 0.030844156250000053 0.4375 0.030844156250000053 0.4375 0.15340909062500005 0.48214285781250005 0.15340909062500005
23 0.5389610390625 0.03409090937500007 0.50649350625 0.03409090937500007 0.50649350625 0.15422077968750006 0.5389610390625 0.15422077968750006
23 0.5844155843750001 0.03571428593750007 0.5397727265625 0.03571428593750007 0.5397727265625 0.15340909062500008 0.5844155843750001 0.1534090906250001
23 0.6266233765625 0.03896103906250008 0.5844155843750001 0.03896103906250007 0.5844155843750001 0.15097402656250009 0.6266233765625 0.15097402656250009
23 0.6688311687499999 0.03896103906250008 0.6266233765625 0.03896103906250008 0.6266233765625 0.15097402656250009 0.6688311687499999 0.15097402656250009
23 0.7110389609375 0.037337662500000084 0.6688311687499999 0.03733766250000008 0.6688311687499999 0.14935065000000008 0.7110389609375 0.14935065000000008
23 0.766233765625 0.03896103906250009 0.7386363640625 0.03896103906250009 0.7386363640625 0.1542207796875001 0.766233765625 0.1542207796875001
23 0.80681818125 0.0389610390625001 0.7670454546875 0.03896103906250009 0.7670454546875 0.1542207796875001 0.80681818125 0.1542207796875001
23 0.8474025968750001 0.038961039062500105 0.8051948046874999 0.038961039062500105 0.8051948046874999 0.1542207796875001 0.8474025968750001 0.1542207796875001
23 0.8863636359375 0.040584415625000106 0.8465909093749999 0.0405844156250001 0.8465909093749999 0.1558441562500001 0.8863636359375 0.1558441562500001
23 0.9285714281249999 0.040584415625000106 0.8863636359375 0.040584415625000106 0.8863636359375 0.15584415625000012 0.9285714281249999 0.15584415625000014
23 1 0.04220779218750012 0.9724025968750001 0.04220779218750012 0.9724025968750001 0.15422077968750014 1 0.15422077968750014
23 0.04058441562500002 0.1574675328125 1.9284211002845896e-17 0.1574675328125 2.7385567604671288e-17 0.28977272656249997 0.04058441562500003 0.28977272656249997
23 0.09253246718750004 0.15584415625 0.03977272656250002 0.15584415625 0.03977272656250003 0.28814934999999997 0.09253246718750005 0.28814934999999997
23 0.14285714218750004 0.15584415625 0.09009740312500002 0.15584415625 0.09009740312500003 0.28814934999999997 0.14285714218750006 0.28814934999999997
23 0.1948051953125 0.15584415625000003 0.14204545468750002 0.15584415625 0.14204545468750002 0.28571428593750003 0.19480519531250004 0.28571428593750003
23 0.2418831171875 0.15259740312500006 0.1915584421875 0.15259740312500006 0.1915584421875 0.28490259687499997 0.2418831171875 0.28490259687499997
23 0.29707792187500004 0.15584415625000006 0.25730519531249996 0.15584415625000006 0.25730519531249996 0.28327922031249997 0.29707792187500004 0.28327922031249997
23 0.34577922031249997 0.15259740312500006 0.3011363640625 0.15259740312500006 0.3011363640625 0.28246753281250003 0.34577922031249997 0.28246753281250003
23 0.391233765625 0.15422077968750006 0.34659090937500003 0.15422077968750006 0.34659090937500003 0.28165584375 0.391233765625 0.2816558437500001
23 0.43668831093750005 0.15422077968750006 0.39204545468749996 0.15422077968750006 0.39204545468749996 0.2792207796875001 0.43668831093750005 0.2792207796875001
23 0.48214285781250005 0.15259740312500006 0.4375 0.15259740312500006 0.4375 0.2775974031250001 0.48214285781250005 0.2775974031250001
23 0.5373376624999999 0.15584415625000006 0.5073051953125 0.15584415625000006 0.5073051953125 0.2759740265625001 0.5373376624999999 0.2759740265625001
23 0.5827922078125 0.1558441562500001 0.5381493500000001 0.15584415625000006 0.5381493500000001 0.2759740265625001 0.5827922078125 0.2759740265625001
23 0.6266233765625 0.1542207796875001 0.58198051875 0.1542207796875001 0.58198051875 0.2767857140625001 0.6266233765625 0.2767857140625001
23 0.6720779218749999 0.1525974031250001 0.6274350656250001 0.1525974031250001 0.6274350656250001 0.2751623375000001 0.6720779218749999 0.2751623375000001
23 0.7110389609375 0.15097402656250009 0.671266234375 0.15097402656250009 0.671266234375 0.2735389609375001 0.7110389609375 0.2735389609375001
23 0.7646103890625 0.1542207796875001 0.7370129875 0.1542207796875001 0.7370129875 0.2743506500000001 0.7646103890625 0.2743506500000001
23 0.8051948046874999 0.1525974031250001 0.7654220781250001 0.1525974031250001 0.7654220781250001 0.2727272734375001 0.8051948046874999 0.2727272734375001
23 0.84415584375 0.1525974031250001 0.8043831171875 0.1525974031250001 0.8043831171875 0.2727272734375001 0.84415584375 0.2727272734375001
23 0.8847402593749999 0.1558441562500001 0.8449675328125 0.1558441562500001 0.8449675328125 0.2711038968750001 0.8847402593749999 0.2711038968750001
23 0.925324675 0.15584415625000012 0.8855519484375 0.1558441562500001 0.8855519484375 0.2711038968750001 0.925324675 0.2711038968750001
23 1 0.15422077968750014 0.9707792203125001 0.15422077968750014 0.9707792203125001 0.2662337656250001 1 0.2662337656250001
23 0.04545454531250006 0.41883116875 5.1292025019283245e-17 0.41883116875 5.924427695061567e-17 0.5487012984375 0.045454545312500066 0.5487012984375
23 0.09415584375000005 0.415584415625 0.04707792187500005 0.415584415625 0.04707792187500006 0.5478896109375 0.09415584375000007 0.5478896109375
23 0.14448051875000006 0.41720779218750004 0.09415584375000005 0.41720779218750004 0.09415584375000005 0.5446428578125 0.1444805187500001 0.5446428578125
23 0.19318181875000004 0.41396103906250004 0.14285714218750006 0.41396103906250004 0.14285714218750006 0.5389610390625 0.19318181875000004 0.5389610390625
23 0.24188311718750008 0.4123376625 0.19155844218750004 0.4123376625 0.19155844218750004 0.5373376624999999 0.24188311718750008 0.5373376624999999
23 0.3003246750000001 0.409090909375 0.26055194843750007 0.409090909375 0.26055194843750007 0.5340909093749999 0.3003246750000001 0.5340909093749999
23 0.3474025968750001 0.40746753281250003 0.3003246750000001 0.40746753281250003 0.3003246750000001 0.5300324671875 0.3474025968750001 0.5300324671875
23 0.3928571421875001 0.40422077968750003 0.3482142859375001 0.40422077968750003 0.3482142859375001 0.5267857140625 0.3928571421875001 0.5267857140625
23 0.43831168906249995 0.402597403125 0.3936688312500001 0.402597403125 0.3936688312500001 0.5251623375000001 0.43831168906249995 0.5251623375000001
23 0.48538961093750005 0.3993506500000001 0.440746753125 0.3993506500000001 0.440746753125 0.5219155843750001 0.48538961093750005 0.5219155843750001
23 0.5422077921875 0.3977272734375001 0.5048701296875 0.3977272734375001 0.5048701296875 0.5202922078125 0.5422077921875 0.5202922078125
23 0.5827922078125 0.3944805187500001 0.5405844156249999 0.3944805187500001 0.5405844156249999 0.5170454546875 0.5827922078125 0.5170454546875
23 0.6266233765625 0.3944805187500001 0.58198051875 0.3944805187500001 0.58198051875 0.5170454546875 0.6266233765625 0.5170454546875
23 0.6704545453125 0.3928571421875001 0.6258116890625 0.3928571421875001 0.6258116890625 0.5154220781250001 0.6704545453125 0.5154220781250001
23 0.7094155843750001 0.3912337656250001 0.6696428578125 0.3912337656250001 0.6696428578125 0.5113636359375 0.7094155843750001 0.5113636359375
23 0.759740259375 0.3896103890625001 0.7345779218749999 0.3896103890625001 0.7345779218749999 0.5073051953125002 0.759740259375 0.5073051953125002
23 0.800324675 0.3912337656250001 0.7605519484375 0.3912337656250001 0.7605519484375 0.5064935062500002 0.800324675 0.5064935062500002
23 0.8409090906250001 0.3879870125000001 0.7987012984375 0.3879870125000001 0.7987012984375 0.5032467531250002 0.8409090906250001 0.5032467531250002
23 0.88149350625 0.3863636359375001 0.8417207796874999 0.3863636359375001 0.8417207796874999 0.5016233765625001 0.88149350625 0.5016233765625001
23 0.9220779218749999 0.3847402593750001 0.8823051953125001 0.3847402593750001 0.8823051953125001 0.5000000000000002 0.9220779218749999 0.5000000000000002
23 1 0.3814935062500001 0.9642857140625001 0.3814935062500001 0.9642857140625001 0.49675324687500017 1 0.49675324687500017
23 0.047077921875000074 0.5503246749999999 6.739533517305574e-17 0.5503246749999999 7.50493776677267e-17 0.6753246749999999 0.04707792187500008 0.6753246749999999
23 0.09902597343750008 0.5454545453125 0.04870129843750007 0.5454545453125 0.048701298437500075 0.6728896109375 0.0990259734375001 0.6728896109375
23 0.14935065000000008 0.5405844156249999 0.09902597343750007 0.5405844156249999 0.09902597343750008 0.66801948125 0.14935065000000008 0.66801948125
23 0.19642857187500007 0.5389610390625 0.14610389687500006 0.5389610390625 0.14610389687500008 0.6663961031250001 0.1964285718750001 0.6663961031250001
23 0.24512987031250008 0.5373376624999999 0.19480519531250004 0.5373376624999999 0.19480519531250007 0.6647727265625 0.24512987031250008 0.6647727265625
23 0.3019480515625001 0.5324675328125 0.26217532500000007 0.5324675328125 0.26217532500000007 0.6574675328125 0.3019480515625001 0.6574675328125
23 0.3474025968750001 0.5275974031249999 0.3003246750000001 0.5275974031249999 0.3003246750000001 0.6525974031249999 0.3474025968750001 0.6525974031249999
23 0.3928571421875001 0.5259740265625 0.3482142859375001 0.5259740265625 0.3482142859375001 0.6485389609375 0.3928571421875001 0.6485389609375
23 0.43831168906249995 0.5243506499999999 0.3936688312500001 0.5243506499999999 0.3936688312500001 0.6469155843750001 0.43831168906249995 0.6469155843750001
23 0.48538961093750005 0.5243506499999999 0.440746753125 0.5243506499999999 0.440746753125 0.6420454546875 0.48538961093750005 0.6420454546875
23 0.5405844156249999 0.5211038968749999 0.5056818187500001 0.5211038968749999 0.5056818187500001 0.6387987015625 0.5405844156249999 0.6387987015625
23 0.5811688312500001 0.516233765625 0.5389610390625 0.516233765625 0.5389610390625 0.6339285718750001 0.5811688312500001 0.6339285718750001
23 0.625 0.516233765625 0.5827922078125 0.516233765625 0.5827922078125 0.6339285718750001 0.625 0.6339285718750001
23 0.6704545453125 0.5146103890625 0.6258116890625 0.5146103890625 0.6258116890625 0.6323051953125 0.6704545453125 0.6323051953125
23 0.7110389609375 0.5129870125 0.6688311687499999 0.5129870125 0.6688311687499999 0.628246753125 0.7110389609375 0.628246753125
23 0.7581168828125 0.5081168828125001 0.7329545453125 0.5081168828125001 0.7329545453125 0.6233766234375002 0.7581168828125 0.6233766234375002
23 0.7954545453125 0.5048701296875001 0.7581168828125 0.5048701296875001 0.7581168828125 0.6201298703125002 0.7954545453125 0.6201298703125002
23 0.8376623375 0.5048701296875001 0.7954545453125 0.5048701296875001 0.7954545453125 0.6201298703125002 0.8376623375 0.6201298703125002
23 0.8782467531249999 0.4983766234375002 0.8384740265625 0.4983766234375002 0.8384740265625 0.6136363640625002 0.8782467531249999 0.6136363640625002
23 0.9204545453125 0.5000000000000002 0.8782467531249999 0.5000000000000002 0.8782467531249999 0.6120129875000002 0.9204545453125 0.6120129875000002
23 1 0.4951298703125002 0.9610389609375 0.4951298703125002 0.9610389609375 0.6071428578125002 1 0.6071428578125002
23 0.0551948046875001 0.7922077921875 0.004870129687500098 0.7922077921875 0.0048701296875001045 0.9220779218749999 0.05519480468750011 0.9220779218749999
23 0.10227272656250011 0.7873376624999999 0.055194804687500085 0.7873376624999999 0.0551948046875001 0.9196428578125 0.10227272656250012 0.9196428578125
23 0.1493506500000001 0.7808441562499999 0.10227272656250008 0.7808441562499999 0.10227272656250011 0.91314935 0.14935065000000014 0.91314935
23 0.19642857187500012 0.7808441562499999 0.14935065000000008 0.7808441562499999 0.1493506500000001 0.9107142859374999 0.19642857187500012 0.9107142859374999
23 0.24512987031250008 0.7743506499999999 0.1980519484375001 0.7743506499999999 0.1980519484375001 0.9042207796874999 0.24512987031250008 0.9042207796874999
23 0.3035714281250001 0.7678571421875 0.26379870156250007 0.7678571421875 0.26379870156250007 0.9001623375 0.3035714281250001 0.9001623375
23 0.3490259734375001 0.766233765625 0.3043831171875001 0.766233765625 0.3043831171875001 0.8961038968749999 0.3490259734375001 0.8961038968749999
23 0.3944805187500001 0.7646103890625 0.3498376625000001 0.7646103890625 0.3498376625000001 0.8896103890625 0.3944805187500001 0.8896103890625
23 0.4383116890625002 0.7581168828125 0.3961038968750001 0.7581168828125 0.3961038968750001 0.8855519484375 0.4383116890625002 0.8855519484375
23 0.4821428578125002 0.75649350625 0.43750000000000017 0.75649350625 0.43750000000000017 0.88149350625 0.4821428578125002 0.88149350625
23 0.5357142859375001 0.7483766234375 0.5056818187500002 0.7483766234375 0.5056818187500002 0.8733766234375 0.5357142859375001 0.8733766234375
23 0.5779220781250002 0.7451298703125 0.5357142859375001 0.7451298703125 0.5357142859375001 0.8701298703125 0.5779220781250002 0.8701298703125
23 0.6201298703125002 0.7418831171875 0.5779220781250002 0.7418831171875 0.5779220781250002 0.8668831171875 0.6201298703125002 0.8668831171875
23 0.6623376625000001 0.7370129875 0.6201298703125002 0.7370129875 0.6201298703125002 0.8620129875 0.6623376625000001 0.8620129875
23 0.7045454546875002 0.7353896109375 0.6623376625000001 0.7353896109375 0.6623376625000001 0.8603896109375 0.7045454546875002 0.8603896109375
23 0.7581168828125001 0.7305194812500002 0.7329545453125001 0.7305194812500002 0.7329545453125001 0.85551948125 0.7581168828125001 0.85551948125
23 0.7954545453125001 0.7256493500000002 0.7556818187500002 0.7256493500000002 0.7556818187500002 0.85064935 0.7954545453125001 0.85064935
23 0.8376623375 0.7207792203125002 0.7978896109375 0.7207792203125002 0.7978896109375001 0.8457792203125001 0.8376623375 0.8457792203125001
23 0.8782467531249999 0.7191558437500002 0.8360389609375 0.7191558437500002 0.8360389609375 0.8417207796874999 0.8782467531249999 0.8417207796874999
23 0.9155844156249999 0.7159090906250002 0.8782467531249999 0.7159090906250002 0.8782467531249999 0.8360389609375 0.9155844156249999 0.8360389609375
23 0.9610389609375 0.7175324671875002 0.94318181875 0.7175324671875002 0.94318181875 0.8327922078125001 0.9610389609375 0.8327922078125001
23 0.9983766234375 0.7094155843750002 0.9610389609375 0.7094155843750002 0.9610389609375 0.824675325 0.9983766234375 0.824675325
23 0.05844155781250012 0.9220779218749999 0.008116882812500113 0.9220779218749999 0.008116882812500118 1 0.058441557812500135 1
23 0.10551948125000013 0.9155844156249999 0.05519480468750011 0.9155844156249999 0.05519480468750012 1 0.10551948125000013 1
23 0.15259740312500014 0.9123376625 0.10551948125000013 0.9123376625 0.10551948125000013 1 0.15259740312500014 1
23 0.19805194843750012 0.90584415625 0.15097402656250009 0.90584415625 0.1509740265625001 1 0.19805194843750012 1
23 0.24512987031250008 0.9042207796874999 0.1980519484375001 0.9042207796874999 0.19805194843750012 1 0.24512987031250008 1
23 0.3051948046875001 0.89935065 0.26542207812500007 0.89935065 0.26542207812500007 1 0.3051948046875001 1
23 0.3506493500000001 0.8961038968749999 0.3060064937500001 0.8961038968749999 0.3060064937500001 1 0.3506493500000001 1
23 0.3944805187500001 0.8912337656249999 0.3498376625000001 0.8912337656249999 0.3498376625000001 1 0.3944805187500001 1
23 0.4399350656250002 0.8863636359375 0.3952922078125001 0.8863636359375 0.3952922078125001 1 0.4399350656250002 1
23 0.4853896109375002 0.88149350625 0.44074675312500017 0.88149350625 0.44074675312500017 0.9967532468750001 0.4853896109375002 0.9967532468750001
23 0.5357142859375001 0.8717532468750001 0.5056818187500002 0.8717532468750001 0.5056818187500002 0.9894480515625 0.5357142859375001 0.9894480515625
23 0.5762987015625002 0.8717532468750001 0.5340909093750001 0.8717532468750001 0.5340909093750001 0.98133116875 0.5762987015625002 0.98133116875
23 0.6201298703125002 0.8636363640625 0.5779220781250002 0.8636363640625 0.5779220781250002 0.97564935 0.6201298703125002 0.97564935
23 0.6623376625000001 0.8620129875 0.6201298703125002 0.8620129875 0.6201298703125002 0.9715909093749999 0.6623376625000001 0.9715909093749999
23 0.7061688312500002 0.8603896109375 0.6639610390625001 0.8603896109375 0.6639610390625001 0.9699675328125 0.7061688312500002 0.9699675328125
23 0.7954545453125001 0.8490259734375 0.7556818187500002 0.8490259734375 0.7556818187500002 0.95616883125 0.7954545453125001 0.95616883125
23 0.8360389609375 0.84415584375 0.7962662343750002 0.84415584375 0.7962662343750002 0.9488636359375 0.8360389609375 0.9488636359375
23 0.875 0.8409090906250001 0.8352272734374999 0.8409090906250001 0.8352272734374999 0.9480519484375 0.875 0.9480519484375
23 0.9139610390625 0.8360389609375 0.8741883109374999 0.8360389609375 0.8741883109374999 0.94318181875 0.9139610390625 0.94318181875
23 0.9577922078125001 0.83116883125 0.9399350656250001 0.83116883125 0.9399350656250001 0.93100649375 0.9577922078125001 0.93100649375
23 0.9967532468750001 0.824675325 0.9594155843750001 0.824675325 0.9594155843750001 0.93181818125 0.9967532468750001 0.93181818125