23 0.7562500000000002 0.8529931 0.7314935062500002 0.8529931 0.7314935062500002 0.95625 0.7562500000000002 0.95625
23 0.08593750000000001 0.07143871874999999 8.74871982523755e-18 0.07143871874999999 1.1262998157822636e-17 0.1125 0.08593750000000003 0.1125
23 0.128125 0.06603084375000001 0.0019379062500000082 0.06603084375 0.001937906250000011 0.115625 0.128125 0.115625
23 0.1765625 0.06816152500000001 0.05076095781249999 0.068161525 0.05076095781250001 0.1171875 0.1765625 0.1171875
23 0.2265625 0.06662946406250002 0.1018060078125 0.06662946406250002 0.1018060078125 0.11695414062500002 0.2265625 0.11695414062500005
23 0.2375 0.02875405937500003 0.187723215625 0.028754059375000023 0.187723215625 0.15312500000000004 0.2375 0.15312500000000004
23 0.3390625 0.07198660781250003 0.21422483906249998 0.07198660781250002 0.21422483906249998 0.11093750000000005 0.3390625 0.11093750000000005
23 0.384375 0.06653815000000003 0.2625202921875 0.06653815000000002 0.2625202921875 0.11562500000000005 0.384375 0.11562500000000005
23 0.43125 0.07187500000000005 0.309375 0.07187500000000005 0.309375 0.11562500000000005 0.43125 0.11562500000000005
23 0.4359375 0.03446631562500005 0.3921875 0.03446631562500004 0.3921875 0.15312500000000004 0.4359375 0.15312500000000004
23 0.48125 0.030905032812500056 0.437834821875 0.030905032812500056 0.437834821875 0.15156250000000004 0.48125 0.15156250000000004
23 0.5388900171875 0.03446631562500006 0.5064224828125 0.03446631562500006 0.5064224828125 0.15312500000000004 0.5388900171875 0.15312500000000004
23 0.6203125 0.07261566406250006 0.5032163140625 0.07261566406250006 0.5032163140625 0.11718750000000007 0.6203125 0.11718750000000008
23 0.6265625 0.038616071875000074 0.5844663156250001 0.03861607187500007 0.5844663156250001 0.15000000000000008 0.6265625 0.15000000000000008
23 0.66875 0.03861607187500008 0.6266943984375 0.03861607187500008 0.6266943984375 0.15000000000000008 0.66875 0.15000000000000008
23 0.7109375 0.03774350625000008 0.66875 0.03774350625000007 0.66875 0.14843750000000008 0.7109375 0.14843750000000008
23 0.809375 0.08288352343750008 0.6950892859375 0.08288352343750008 0.6950892859375 0.10937500000000008 0.809375 0.10937500000000008
23 0.80625 0.038676948437500094 0.7672585234375 0.038676948437500094 0.7672585234375 0.1531250000000001 0.80625 0.1531250000000001
23 0.8828125 0.0750000000000001 0.7683847390625 0.0750000000000001 0.7683847390625 0.11717735468750008 0.8828125 0.11717735468750008
23 0.9234375 0.0783989453125001 0.809070615625 0.07839894531250009 0.809070615625 0.11718750000000011 0.9234375 0.11718750000000014
23 0.9640625 0.07754667187500011 0.8500608765625 0.07754667187500011 0.8500608765625 0.1187500000000001 0.9640625 0.11875000000000013
23 1 0.08415178593750013 0.929971590625 0.08415178593750011 0.929971590625 0.11093750000000013 1 0.11093750000000013
23 0.08437500000000002 0.20334821406249998 2.490297394639714e-17 0.20334821406249998 2.7376869837806938e-17 0.24375 0.08437500000000002 0.24375
23 0.13125000000000003 0.1953125 0.00012175312500002395 0.1953125 0.00012175312500002716 0.24784902656250002 0.13125000000000003 0.24784902656250002
23 0.18125000000000005 0.19554586093749998 0.05044642968750003 0.19554586093749998 0.05044642968750003 0.246875 0.18125000000000005 0.246875
23 0.19375000000000003 0.15615868437500002 0.1423701296875 0.156158684375 0.1423701296875 0.284375 0.19375000000000003 0.284375
23 0.28125 0.19405438281250004 0.15056818281250003 0.1940543828125 0.15056818281250003 0.24375 0.28125 0.24375
23 0.3390625 0.2 0.2134435890625 0.2 0.2134435890625 0.2390625 0.3390625 0.2390625
23 0.3453125 0.15216112031250004 0.3015625 0.15216112031250004 0.3015625 0.28125 0.3453125 0.28125
23 0.43125 0.19577922187500005 0.30522524375 0.19577922187500005 0.30522524375 0.23906250000000004 0.43125 0.2390625000000001
23 0.4359375 0.15375405937500003 0.39234983749999996 0.15375405937500003 0.39234983749999996 0.27812500000000007 0.4359375 0.27812500000000007
23 0.5217938328125 0.19311079531250003 0.396875 0.19311079531250003 0.396875 0.2375000000000001 0.5217938328125 0.2375000000000001
23 0.58125 0.2005580375000001 0.4627536515625 0.2005580375000001 0.4627536515625 0.2296875000000001 0.58125 0.2296875000000001
23 0.5828125 0.15534699843750005 0.5384638796875 0.15534699843750005 0.5384638796875 0.2750000000000001 0.5828125 0.2750000000000001
23 0.626227678125 0.1543425328125001 0.581584821875 0.1543425328125001 0.581584821875 0.2750000000000001 0.626227678125 0.2750000000000001
23 0.6703125 0.1527800328125001 0.627678571875 0.1527800328125001 0.627678571875 0.2734375000000001 0.6703125 0.2734375000000001
23 0.709375 0.1512175328125001 0.6715198859375 0.1512175328125001 0.6715198859375 0.2718750000000001 0.709375 0.2718750000000001
23 0.8109375 0.20051745156250006 0.6913047875 0.20051745156250006 0.6913047875 0.22656250000000008 0.8109375 0.22656250000000008
23 0.8046875 0.1519784921875001 0.765625 0.1519784921875001 0.765625 0.2718750000000001 0.8046875 0.2718750000000001
23 0.8837155031249999 0.19272524531250007 0.7640625 0.19272524531250007 0.7640625 0.2312500000000001 0.8837155031249999 0.2312500000000001
23 0.884375 0.15525568281250007 0.8453125 0.15525568281250007 0.8453125 0.27031250000000007 0.884375 0.27031250000000007
23 0.9625 0.19375000000000012 0.848396915625 0.1937500000000001 0.848396915625 0.2328125000000001 0.9625 0.2328125000000001
23 0.999766640625 0.15468750000000014 0.9705458609375001 0.15468750000000014 0.9705458609375001 0.2656250000000001 0.999766640625 0.2656250000000001
23 0.08750000000000006 0.4609679375 5.645229091689321e-17 0.4609679375 5.922501756186398e-17 0.50625 0.08750000000000006 0.50625
23 0.13593750000000004 0.458502434375 0.004758521875000055 0.458502434375 0.0047585218750000585 0.5046875 0.13593750000000004 0.5046875
23 0.18271103906250002 0.45519480625000003 0.05527597343750007 0.45519480625000003 0.05527597343750007 0.5046875 0.18271103906250002 0.5046875
23 0.19323254843750004 0.413859578125 0.14290787343750005 0.413859578125 0.14290787343750005 0.5375 0.19323254843750004 0.5375
23 0.2406250000000001 0.41217532500000004 0.19109172187500006 0.41217532500000004 0.19109172187500006 0.5359375 0.2406250000000001 0.5359375
23 0.2984375000000001 0.409375 0.26058238750000007 0.409375 0.26058238750000007 0.5328125 0.2984375000000001 0.5328125
23 0.3843750000000001 0.445637175 0.2625811687500001 0.445637175 0.2625811687500001 0.4921875 0.3843750000000001 0.4921875
23 0.3921875000000001 0.4040990265625 0.34843750000000007 0.4040990265625 0.34843750000000007 0.525 0.3921875000000001 0.525
23 0.4765625 0.4411424515625 0.3548904218750001 0.4411424515625 0.3548904218750001 0.48578530937500003 0.4765625 0.48578530937500003
23 0.5234375 0.43852475625 0.4015625 0.43852475625 0.4015625 0.4828125 0.5234375 0.4828125
23 0.5421875 0.3973620140625001 0.5049715906250001 0.3973620140625001 0.5049715906250001 0.51875 0.5421875 0.51875
23 0.621875 0.43462865156249997 0.5001116078125001 0.43462865156249997 0.5001116078125001 0.4765625 0.621875 0.4765625
23 0.626227678125 0.3941862828125001 0.581584821875 0.3941862828125001 0.581584821875 0.5167512171875 0.626227678125 0.5167512171875
23 0.7091822249999999 0.4315138 0.5866172890625 0.4315138 0.5866172890625 0.475 0.7091822249999999 0.475
23 0.7484375 0.43172686562500007 0.6299817359375 0.43172686562499996 0.6299817359375 0.4703125000000001 0.7484375 0.4703125000000002
23 0.759375 0.3896306812500001 0.7348620125 0.3896306812500001 0.7348620125 0.5073254875000002 0.759375 0.5073254875000002
23 0.8375 0.42894683437500014 0.72238230625 0.42894683437500003 0.72238230625 0.4671875000000001 0.8375 0.4671875000000002
23 0.8765625 0.4242390421875002 0.76247970625 0.4242390421875002 0.76247970625 0.4656250000000002 0.8765625 0.4656250000000002
23 0.91875 0.42399553593750017 0.8037337671874999 0.42399553593750017 0.8037337671874999 0.4625000000000002 0.91875 0.4625000000000002
23 0.9203125 0.38455762968750007 0.8824573859375 0.38455762968750007 0.8824573859375 0.49981737031250023 0.9203125 0.49981737031250023
23 1 0.3815543828125001 0.964397321875 0.3815543828125001 0.964397321875 0.4968141234375002 1 0.4968141234375002
23 0.04687500000000007 0.55 6.735557395310443e-17 0.55 7.500961644777538e-17 0.675 0.046875000000000076 0.675
23 0.09843750000000008 0.5452516234375 0.04912743437500007 0.5452516234375 0.04912743437500007 0.671875 0.0984375000000001 0.671875
23 0.18750000000000008 0.579109171875 0.06085633125000006 0.579109171875 0.06085633125000006 0.6294338484375 0.18750000000000008 0.6294338484375
23 0.23437500000000008 0.578125 0.1078835234375001 0.578125 0.1078835234375001 0.6265625 0.23437500000000008 0.6265625
23 0.24375000000000008 0.53761160625 0.19446022812500002 0.53761160625 0.19446022812500005 0.6640625 0.24375000000000008 0.6640625
23 0.30156250000000007 0.532122565625 0.26250000000000007 0.532122565625 0.26250000000000007 0.65625 0.30156250000000007 0.65625
23 0.3858360390625001 0.56613230625 0.2609375000000001 0.56613230625 0.2609375000000001 0.6125 0.3858360390625001 0.6125
23 0.43125 0.5647118515625 0.30937500000000007 0.5647118515625 0.30937500000000007 0.6078125 0.43125 0.6078125
23 0.4765625 0.5628956984375 0.3550121750000001 0.5628956984375 0.3550121750000001 0.60753855625 0.4765625 0.60753855625
23 0.5203125 0.5606635546875001 0.4046164765625 0.5606635546875001 0.4046164765625 0.6046875 0.5203125 0.6046875
23 0.58125 0.562804384375 0.4640625 0.562804384375 0.4640625 0.596875 0.58125 0.596875
23 0.61875 0.5538859578124999 0.5011363640625001 0.5538859578124999 0.5011363640625001 0.5953125 0.61875 0.5953125
23 0.6234375 0.516152596875 0.5828023531250001 0.516152596875 0.5828023531250001 0.633847403125 0.6234375 0.633847403125
23 0.70625 0.5515625 0.58930600625 0.5515625 0.58930600625 0.5953125 0.70625 0.5953125
23 0.746875 0.5496043015625001 0.6320008109375 0.5496043015625001 0.6320008109375 0.5906250000000001 0.746875 0.5906250000000002
23 0.7578125 0.5082386359375002 0.733177759375 0.5082386359375002 0.733177759375 0.6234375000000002 0.7578125 0.6234375000000002
23 0.79523133125 0.5048701296875001 0.75789366875 0.5048701296875001 0.75789366875 0.6201298703125002 0.79523133125 0.6201298703125002
23 0.8734375 0.5412439125000001 0.7589285718750001 0.5412439125000001 0.7589285718750001 0.5828125000000002 0.8734375 0.5828125000000002
23 0.915625 0.5359375000000002 0.800974025 0.5359375000000002 0.800974025 0.5750000000000002 0.915625 0.5750000000000002
23 0.9203125 0.4997564937500002 0.8783786515625 0.4997564937500002 0.8783786515625 0.6109375000000001 0.9203125 0.6109375000000001
23 0.99994926875 0.4955560062500002 0.9609882296875 0.4955560062500002 0.9609882296875 0.6062500000000002 0.99994926875 0.6062500000000002
23 0.0546875000000001 0.7923194 0.005215096875000097 0.7923194 0.005215096875000104 0.921875 0.05468750000000011 0.921875
23 0.1437500000000001 0.8296875 0.012165178125000103 0.8296875 0.012165178125000104 0.87642045625 0.1437500000000001 0.87642045625
23 0.1493810890625001 0.78125 0.10230316406250009 0.78125 0.1023031640625001 0.9125 0.14938108906250014 0.9125
23 0.2375000000000001 0.821875 0.10826907500000009 0.821875 0.10826907500000009 0.86875 0.2375000000000001 0.86875
23 0.24375000000000008 0.7749086859375 0.19833603906250008 0.7749086859375 0.19833603906250008 0.903125 0.24375000000000008 0.903125
23 0.3500000000000001 0.8140625 0.2179484562500001 0.8140625 0.2179484562500001 0.853125 0.3500000000000001 0.853125
23 0.34843750000000007 0.766314934375 0.3046875000000001 0.766314934375 0.3046875000000001 0.8953125 0.34843750000000007 0.8953125
23 0.3937500000000001 0.7640625 0.3500000000000001 0.7640625 0.3500000000000001 0.8890625 0.3937500000000001 0.8890625
23 0.48096591093750013 0.8 0.35353084531250006 0.8 0.35353084531250006 0.8421773546875 0.48096591093750013 0.8421773546875
23 0.5218750000000002 0.7970068984374999 0.3975649359375001 0.7970068984374999 0.3975649359375001 0.840625 0.5218750000000002 0.840625
23 0.5828125000000002 0.7962560875 0.45813717656250014 0.7962560875 0.45813717656250014 0.825 0.5828125000000002 0.825
23 0.5765625000000002 0.7453125 0.5359273531250002 0.7453125 0.5359273531250002 0.86875 0.5765625000000002 0.86875
23 0.6609375000000002 0.7830864453124999 0.5368303578125002 0.7830864453124999 0.5368303578125002 0.825 0.6609375000000002 0.825
23 0.7031250000000002 0.778581575 0.5782467531250002 0.778581575 0.5782467531250002 0.8203125 0.7031250000000002 0.8203125
23 0.7453125000000002 0.7766335234375001 0.6214894468750002 0.7766335234375 0.6214894468750002 0.81875 0.7453125000000002 0.81875
23 0.7578125000000002 0.7312500000000002 0.7328125000000002 0.7312500000000002 0.7328125000000002 0.8546875 0.7578125000000002 0.8546875
23 0.8375 0.7684760546875001 0.7137175328125002 0.7684760546875 0.7137175328125002 0.80625 0.8375 0.80625
23 0.8359375 0.7203125000000001 0.7980823874999999 0.7203125000000001 0.7980823875 0.8453125 0.8359375 0.8453125
23 0.878125 0.7191862828125002 0.8359375 0.7191862828125002 0.8359375 0.840625 0.878125 0.840625
23 0.95625 0.7573457781250001 0.8366578734375001 0.7573457781250001 0.8366578734375001 0.7937500000000002 0.95625 0.7937500000000002
23 0.959375 0.7173701296875001 0.943415178125 0.7173701296875001 0.943415178125 0.8326298703124999 0.959375 0.8326298703124999
23 0.9983563312499999 0.7095576296875001 0.9610186687500001 0.7095576296875001 0.9610186687500001 0.8234375 0.9983563312499999 0.8234375
23 0.05781250000000012 0.9219764609375 0.007812500000000114 0.9219764609375 0.007812500000000118 0.9998985390625 0.057812500000000135 0.9998985390625
23 0.10468750000000013 0.9155641234375 0.05508319687500011 0.9155641234375 0.055083196875000115 0.9984375 0.10468750000000013 0.9984375
23 0.17187500000000014 0.9320008124999999 0.08530844218750011 0.9320008124999999 0.08530844218750011 0.978125 0.17187500000000014 0.978125
23 0.1968750000000001 0.9056412343750001 0.1504870140625001 0.9056412343750001 0.15048701406250012 0.9984375 0.19687500000000013 0.9984375
23 0.24375000000000008 0.9039874187500001 0.1977678578125001 0.9039874187500001 0.19776785781250011 0.9984375 0.24375000000000008 0.9984375
23 0.3343750000000001 0.9296875 0.23465909218750008 0.9296875 0.23465909218750008 0.96875 0.3343750000000001 0.96875
23 0.3500000000000001 0.8964894484375 0.3062500000000001 0.8964894484375 0.3062500000000001 0.9984375 0.3500000000000001 0.9984375
23 0.4262378250000002 0.9235795453125 0.3174715906250001 0.9235795453125 0.3174715906250001 0.9671875 0.4262378250000002 0.9671875
23 0.4390625000000002 0.8865767046874999 0.3949370937500001 0.8865767046874999 0.3949370937500001 1 0.4390625000000002 1
23 0.5203125000000002 0.9170150156249999 0.40549918750000014 0.9170150156249999 0.40549918750000014 0.9609375 0.5203125000000002 0.9609375
23 0.5781250000000002 0.915625 0.4617187500000002 0.915625 0.4617187500000002 0.9452211859374999 0.5781250000000002 0.9452211859374999
23 0.6093750000000002 0.9051643671875 0.5004261359375002 0.9051643671875 0.5004261359375002 0.946875 0.6093750000000002 0.946875
23 0.6531250000000002 0.8987317359375 0.5431310890625002 0.8987317359375 0.5431310890625002 0.940625 0.6531250000000002 0.940625
23 0.6953125000000002 0.8955255687499999 0.5868303578125003 0.8955255687499999 0.5868303578125003 0.9375 0.6953125000000002 0.9375
23 0.7046875000000001 0.8608360390625001 0.6640523546875002 0.8608360390625001 0.6640523546875002 0.96875 0.7046875000000001 0.96875
23 0.828125 0.88292410625 0.7222504046875001 0.88292410625 0.7222504046875001 0.921875 0.828125 0.921875
23 0.834375 0.84375 0.7965198859375001 0.84375 0.7965198859375001 0.9484375 0.834375 0.9484375
23 0.8734375 0.8409598218750001 0.8355823859375 0.8409598218750001 0.8355823859375 0.946875 0.8734375 0.946875
23 0.9140625 0.8358055999999999 0.8745129859375 0.8358055999999999 0.8745129859375 0.9421875 0.9140625 0.9421875
23 0.95625 0.83133116875 0.9402901781249999 0.83133116875 0.9402901781249999 0.9296875 0.95625 0.9296875
23 1 0.8595373374999999 0.924391234375 0.8595373374999999 0.924391234375 0.896875 1 0.896875