23 1 0.3531250000000001 0.8627093546875001 0.3531250000000001 0.8627093546875001 0.3984375000000001 1 0.3984375000000001
23 0.12656250000000008 0.6625 8.113285044351215e-17 0.6625 8.429014297256392e-17 0.7140625 0.12656250000000008 0.7140625
23 0.19531250000000008 0.6437653171875 7.883851350957524e-17 0.6437653171875 8.438675641097949e-17 0.734375 0.19531250000000008 0.734375
23 0.2250000000000001 0.5881280640625 0.14070159375000008 0.5881280640625 0.14070159375000008 0.7915594375 0.2250000000000001 0.7915594375
23 0.3729575171875001 0.645792484375 0.16462418125000008 0.645792484375 0.16462418125000008 0.7291258171874999 0.3729575171875001 0.7291258171874999
23 0.4562500000000001 0.64375 0.2512254890625001 0.64375 0.2512254890625001 0.73125 0.45625000000000016 0.73125
23 0.4828125000000001 0.5803666265625 0.3971660531250001 0.5803666265625 0.3971660531250001 0.790625 0.4828125000000002 0.790625
23 0.5671109062500002 0.5817708328125 0.48132659218749996 0.5817708328125 0.48132659218750007 0.7890625 0.5671109062500002 0.7890625
23 0.7122038390625 0.6400479984375 0.50387050625 0.6400479984375 0.50387050625 0.725 0.7122038390625 0.725
23 0.7390625000000001 0.5781250000000001 0.651976103125 0.578125 0.6519761031250001 0.7812500000000001 0.7390625000000002 0.7812500000000002
23 0.8859375 0.6386131531250001 0.6782986109375 0.638613153125 0.6782986109375 0.7250000000000001 0.8859375 0.7250000000000002
23 0.9125 0.5755872125000001 0.8249131937499999 0.5755872125000001 0.8249131937499999 0.7828125000000001 0.9125 0.7828125000000001
23 1 0.6355800640625001 0.8521395015625 0.6355800640625001 0.8521395015625 0.7218750000000002 1 0.7218750000000002
23 0.0546875000000001 0.7859375 0.0003472218750000963 0.7859375 0.00034722187500010844 0.984375 0.05468750000000011 0.984375
23 0.1421875000000001 0.7859375 0.05588235312500008 0.7859375 0.055882353125000096 0.984375 0.14218750000000013 0.984375
23 0.2828125000000001 0.844806984375 0.09003268125000011 0.844806984375 0.09003268125000011 0.9296875 0.2828125000000001 0.9296875
23 0.3124234062500001 0.791023284375 0.22663909218750006 0.791023284375 0.22663909218750006 0.9859375 0.3124234062500001 0.9859375
23 0.4000000000000002 0.78432904375 0.31570159218750005 0.78432904375 0.31570159218750005 0.98125 0.4000000000000002 0.98125
23 0.4828125000000002 0.78600388125 0.40013276093750016 0.78600388125 0.40013276093750016 0.984375 0.4828125000000002 0.984375
23 0.6250000000000002 0.8471966906249999 0.42789522031250016 0.8471966906249999 0.42789522031250016 0.9296875 0.6250000000000002 0.9296875
23 0.6531250000000002 0.7814338234375 0.5703125000000002 0.7814338234375 0.5703125000000002 0.9859375 0.6531250000000002 0.9859375
23 0.7375000000000002 0.7792892140625001 0.6522824765625002 0.7792892140625 0.6522824765625002 0.98125 0.7375000000000002 0.98125
23 0.8796875 0.833573325 0.6824908093750002 0.833573325 0.6824908093750002 0.91875 0.8796875 0.91875
23 0.9625 0.83747446875 0.7653645828125002 0.83747446875 0.7653645828125002 0.921875 0.9625 0.921875
23 0.9964613984374999 0.7732843140625001 0.9082261015625 0.7732843140625001 0.9082261015625 0.975 0.9964613984374999 0.975
23 0.11718750000000003 0.05614787656250001 0.021292892187500006 0.0561478765625 0.02129289218750002 0.2734375 0.11718750000000004 0.2734375
23 0.2703125 0.10946691250000003 0.051853554687500025 0.1094669125 0.051853554687500025 0.209375 0.2703125 0.209375
23 0.3609375 0.11144812031250002 0.140727125 0.1114481203125 0.140727125 0.2015625 0.3609375 0.2015625
23 0.39375 0.03924121718750004 0.2959916265625 0.03924121718750003 0.2959916265625 0.26554840781250005 0.39375 0.2655484078125001
23 0.551266340625 0.10732740937500007 0.32741013125 0.10732740937500004 0.32741013125 0.20468750000000005 0.551266340625 0.20468750000000008
23 0.58125 0.03762765468750006 0.4853553921875 0.03762765468750005 0.4853553921875 0.26250000000000007 0.58125 0.26250000000000007
23 0.7389093140624999 0.10676062031250007 0.517504084375 0.10676062031250004 0.517504084375 0.19989787656250005 0.7389093140624999 0.19989787656250008
23 0.7703125 0.03906250000000008 0.6736366421875 0.039062500000000076 0.6736366421875 0.26250000000000007 0.7703125 0.26250000000000007
23 0.85625 0.045654615625000096 0.7609375 0.04565461562500009 0.7609375 0.2621578843750001 0.85625 0.2621578843750001
23 1 0.09950469843750012 0.7943729578125 0.0995046984375001 0.7943729578125 0.1968750000000001 1 0.19687500000000013
23 0.9984375 0.037428514062500126 0.9523590687500001 0.037428514062500126 0.9523590687500001 0.2578125000000001 0.9984375 0.2578125000000001
23 0.18125000000000005 0.3390625 4.152318053358994e-17 0.3390625 4.735407268164166e-17 0.43428819531249996 0.18125000000000005 0.43428819531249996
23 0.21250000000000005 0.271875 0.11950571718750005 0.271875 0.11950571718750005 0.496875 0.21250000000000008 0.496875
23 0.37031250000000004 0.3391748359375001 0.14091605312500005 0.33917483593750003 0.14091605312500005 0.4265625 0.3703125000000001 0.4265625
23 0.4640625 0.33247038437500004 0.234763071875 0.332470384375 0.23476307187500006 0.4296875 0.4640625 0.4296875
23 0.490625 0.2669270828125001 0.3986417484375 0.2669270828125001 0.39864174843750005 0.4921875 0.490625 0.4921875
23 0.584375 0.2653288406250001 0.48990502343750003 0.2653288406250001 0.48990502343750003 0.4953125 0.584375 0.4953125
23 0.744919321875 0.33079554687500007 0.51875 0.33079554687500007 0.51875 0.4281250000000001 0.744919321875 0.4281250000000002
23 0.834375 0.3313878671875001 0.6067963640625 0.3313878671875001 0.6067963640625 0.42656250000000007 0.834375 0.4265625000000002
23 0.921875 0.3359375000000001 0.69908088125 0.3359375000000001 0.69908088125 0.4203125000000001 0.921875 0.4203125000000002
23 0.9546875 0.26181066093750005 0.8547079249999999 0.26181066093750005 0.8547079249999999 0.48750000000000016 0.9546875 0.48750000000000016