23 1 0.2614379078125001 0.954248365625 0.2614379078125001 0.954248365625 0.49019607812500016 1 0.49019607812500016
23 0.05228758125000008 0.58823529375 7.203804696364407e-17 0.58823529375 8.434454666283413e-17 0.7892156859375 0.05228758125000009 0.7892156859375
23 0.1429738562500001 0.58986928125 0.05228758125000007 0.58986928125 0.05228758125000008 0.7883986921874999 0.1429738562500001 0.7883986921874999
23 0.22630718906250008 0.58823529375 0.1405228765625001 0.58823529375 0.1405228765625001 0.7916666671875 0.22630718906250008 0.7916666671875
23 0.3104575156250001 0.5833333328125 0.22712418281250008 0.5833333328125 0.22712418281250008 0.7916666671875 0.3104575156250001 0.7916666671875
23 0.3986928109375001 0.5849673203125 0.3104575156250001 0.5849673203125 0.3104575156250001 0.7908496734375 0.3986928109375001 0.7908496734375
23 0.4828431375000001 0.580065359375 0.3970588234375001 0.580065359375 0.3970588234375001 0.7908496734375 0.4828431375000002 0.7908496734375
23 0.5678104578125001 0.581699346875 0.48202614375 0.581699346875 0.4820261437500001 0.7900326796875 0.5678104578125002 0.7900326796875
23 0.6511437906250002 0.578431371875 0.5653594765625 0.578431371875 0.5653594765625001 0.78676470625 0.6511437906250002 0.78676470625
23 0.7401960781250001 0.578431371875 0.651960784375 0.578431371875 0.6519607843750002 0.7818627453125001 0.7401960781250001 0.7818627453125002
23 0.8267973859375 0.5784313718750002 0.7385620921875 0.5784313718750002 0.7385620921875 0.7867647062500002 0.8267973859375 0.7867647062500002
23 0.9133986921874999 0.5751633984375002 0.8251633984375 0.5751633984375002 0.8251633984375 0.7834967312500002 0.9133986921874999 0.7834967312500002
23 1 0.5751633984375002 0.91176470625 0.5751633984375002 0.91176470625 0.7834967312500002 1 0.7834967312500002
23 0.0555555562500001 0.7859477125 9.625083504103091e-17 0.7859477125 1.0840725542309184e-16 0.9844771234374999 0.05555555625000012 0.9844771234374999
23 0.1437908500000001 0.7859477125 0.055555556250000096 0.7859477125 0.0555555562500001 0.9844771234374999 0.14379085000000014 0.9844771234374999
23 0.22957516406250006 0.7908496734375 0.14379085000000008 0.7908496734375 0.1437908500000001 0.9844771234374999 0.22957516406250006 0.9844771234374999
23 0.3129084968750001 0.7908496734375 0.22712418281250008 0.7908496734375 0.22712418281250008 0.9869281046875 0.3129084968750001 0.9869281046875
23 0.4011437906250002 0.784313725 0.3153594765625001 0.784313725 0.3153594765625001 0.9828431375 0.4011437906250002 0.9828431375
23 0.4836601312500002 0.7859477125 0.4003267968750002 0.7859477125 0.4003267968750002 0.9844771234374999 0.4836601312500002 0.9844771234374999
23 0.5686274515625002 0.7892156859375 0.48529411718750015 0.7892156859375 0.48529411718750015 0.9877450984375 0.5686274515625002 0.9877450984375
23 0.6535947718750001 0.7810457515625 0.5702614375000001 0.7810457515625 0.5702614375000001 0.9869281046875 0.6535947718750001 0.9869281046875
23 0.7377450984375001 0.7794117640625001 0.6519607843750002 0.7794117640625 0.6519607843750002 0.9828431375 0.7377450984375001 0.9828431375
23 0.8243464046875 0.7777777781250002 0.7385620921875001 0.7777777781250002 0.7385620921875001 0.9763071890624999 0.8243464046875 0.9763071890624999
23 0.9076797390625 0.7810457515625002 0.8218954249999999 0.7810457515625002 0.8218954249999999 0.9795751640624999 0.9076797390625 0.9795751640624999
23 0.9967320265625 0.7728758171875001 0.90849673125 0.7728758171875001 0.90849673125 0.9763071890624999 0.9967320265625 0.9763071890624999
23 0.11928104531250001 0.05555555625000001 0.021241829687500005 0.055555556250000006 0.02124182968750002 0.27450980468749997 0.11928104531250003 0.27450980468749997
23 0.2116013078125 0.05065359531250002 0.1111111109375 0.05065359531250002 0.11111111093750001 0.26960784375 0.2116013078125 0.26960784375
23 0.296568628125 0.04575163437500003 0.20588235312499997 0.04575163437500002 0.20588235312499997 0.2671568625 0.296568628125 0.2671568625
23 0.39379084999999997 0.039215685937500036 0.295751634375 0.039215685937500036 0.295751634375 0.26552287656250007 0.39379084999999997 0.26552287656250007
23 0.48856209218749996 0.04411764687500005 0.3905228765625 0.04411764687500004 0.3905228765625 0.2679738562500001 0.48856209218749996 0.2679738562500001
23 0.5833333328125 0.037581700000000065 0.4852941171875 0.03758170000000006 0.4852941171875 0.2638888890625001 0.5833333328125 0.2638888890625001
23 0.6748366015625 0.04248365937500007 0.581699346875 0.042483659375000066 0.581699346875 0.2638888890625001 0.6748366015625 0.2638888890625001
23 0.7712418296875 0.03921568593750009 0.6732026140625 0.03921568593750008 0.6732026140625 0.2630718953125001 0.7712418296875 0.2630718953125001
23 0.85702614375 0.04575163437500009 0.7614379078125 0.045751634375000086 0.7614379078125 0.2622549015625001 0.85702614375 0.2622549015625001
23 0.954248365625 0.037581700000000114 0.85620915 0.0375817000000001 0.85620915 0.25898692812500007 0.954248365625 0.25898692812500007
23 1 0.03758170000000012 0.9526143796875 0.03758170000000012 0.9526143796875 0.25898692812500007 1 0.25898692812500007
23 0.12009803906250005 0.276143790625 0.024509804687500032 0.276143790625 0.024509804687500046 0.49754902031250003 0.12009803906250005 0.49754902031250003
23 0.21241830000000003 0.2712418296875 0.11928104531250003 0.2712418296875 0.11928104531250003 0.49754902031250003 0.2124183000000001 0.49754902031250003
23 0.3006535953125001 0.26797385625 0.2124183 0.26797385625 0.21241830000000003 0.49918300625 0.30065359531250013 0.49918300625
23 0.39869281093750003 0.26633986875000004 0.3006535953125 0.26633986875 0.3006535953125001 0.49754902031250003 0.3986928109375001 0.49754902031250003
23 0.491830065625 0.2663398687500001 0.3986928109375 0.2663398687500001 0.39869281093750003 0.49264705937500003 0.491830065625 0.49264705937500003
23 0.5857843140625 0.26470588281250007 0.490196078125 0.26470588281250007 0.490196078125 0.49591503281250005 0.5857843140625 0.49591503281250005
23 0.6813725484375001 0.2663398687500001 0.5833333328125 0.2663398687500001 0.5833333328125 0.49264705937500003 0.6813725484375001 0.49264705937500003
23 0.76879085 0.26470588281250007 0.6732026140625 0.26470588281250007 0.6732026140625 0.4934640515625001 0.76879085 0.4934640515625002
23 0.8537581703124999 0.2663398687500001 0.76797385625 0.2663398687500001 0.76797385625 0.49019607812500016 0.8537581703124999 0.49019607812500016
23 0.955065359375 0.2614379078125001 0.8545751640624999 0.2614379078125001 0.8545751640624999 0.48774509843750014 0.955065359375 0.48774509843750014