23 0.9984375 0.26147365000000006 0.9540287984375 0.26147365000000006 0.9540287984375 0.4902318203125001 0.9984375 0.4902318203125001
23 0.12656250000000008 0.6625 8.113285044351215e-17 0.6625 8.429014297256392e-17 0.7140625 0.12656250000000008 0.7140625
23 0.19531250000000008 0.6437653171875 7.883851350957524e-17 0.6437653171875 8.438675641097949e-17 0.734375 0.19531250000000008 0.734375
23 0.2843750000000001 0.6468801078124999 0.08159211562500009 0.6468801078124999 0.08159211562500009 0.7326644203125 0.2843750000000001 0.7326644203125
23 0.3104983640625001 0.5833333328125 0.22716503125000007 0.5833333328125 0.22716503125000007 0.7916666671875 0.3104983640625001 0.7916666671875
23 0.4562500000000001 0.64375 0.2512254890625001 0.64375 0.2512254890625001 0.73125 0.45625000000000016 0.73125
23 0.4828125000000001 0.5803666265625 0.3971660531250001 0.5803666265625 0.3971660531250001 0.790625 0.4828125000000002 0.790625
23 0.5671109062500002 0.5817708328125 0.48132659218749996 0.5817708328125 0.48132659218750007 0.7890625 0.5671109062500002 0.7890625
23 0.6500000000000001 0.5786458328124999 0.5657015921874999 0.5786458328124999 0.5657015921875 0.7859375 0.6500000000000001 0.7859375
23 0.7390625000000001 0.5788909296875001 0.651945465625 0.5788909296875 0.6519454656250001 0.7812500000000001 0.7390625000000002 0.7812500000000002
23 0.8859375 0.6386131531250001 0.6782986109375 0.638613153125 0.6782986109375 0.7250000000000001 0.8859375 0.7250000000000002
23 0.9125 0.5750000000000002 0.8254136031250001 0.5750000000000002 0.8254136031250001 0.7828125000000001 0.9125 0.7828125000000001
23 1 0.6355800640625001 0.8521395015625 0.6355800640625001 0.8521395015625 0.7218750000000002 1 0.7218750000000002
23 0.0546875000000001 0.78600388125 9.625771372902089e-17 0.78600388125 1.0840444151004422e-16 0.984375 0.05468750000000011 0.984375
23 0.1421875000000001 0.7859375 0.05588235312500008 0.7859375 0.055882353125000096 0.984375 0.14218750000000013 0.984375
23 0.2828125000000001 0.844806984375 0.09003268125000011 0.844806984375 0.09003268125000011 0.9296875 0.2828125000000001 0.9296875
23 0.3671875000000001 0.8455116421875 0.1718035140625001 0.8455116421875 0.1718035140625001 0.93125 0.3671875000000001 0.93125
23 0.45625000000000016 0.8403441578124999 0.25900224687500006 0.8403441578124999 0.25900224687500006 0.925 0.45625000000000016 0.925
23 0.4828125000000002 0.78600388125 0.40013276093750016 0.78600388125 0.40013276093750016 0.984375 0.4828125000000002 0.984375
23 0.5671875000000002 0.7890625 0.48567708281250016 0.7890625 0.48567708281250016 0.9875 0.5671875000000002 0.9875
23 0.6531250000000002 0.7814338234375 0.5703125000000002 0.7814338234375 0.5703125000000002 0.9859375 0.6531250000000002 0.9859375
23 0.7953125000000002 0.8379136015625 0.5930147062500002 0.8379136015625 0.5930147062500002 0.9234375 0.7953125000000002 0.9234375
23 0.8234375 0.7780790453125002 0.7391390937500002 0.7780790453125002 0.7391390937500002 0.975 0.8234375 0.975
23 0.9625 0.83747446875 0.7653645828125002 0.83747446875 0.7653645828125002 0.921875 0.9625 0.921875
23 1 0.830744484375 0.8513071906249999 0.830744484375 0.8513071906249999 0.91875 1 0.91875
23 0.17812500000000003 0.11606413593750001 1.4213757257166265e-17 0.11606413593750001 2.011875086952376e-17 0.2125 0.17812500000000003 0.2125
23 0.2109375 0.050679126562500024 0.1109375 0.050679126562500024 0.11093750000000002 0.26875 0.2109375 0.26875
23 0.2953125 0.04595588281250003 0.20554534375000003 0.04595588281250002 0.20554534375000003 0.2671875 0.2953125 0.2671875
23 0.4578125 0.10312500000000005 0.231643178125 0.10312500000000005 0.231643178125 0.20114889687500007 0.4578125 0.2011488968750001
23 0.4875 0.04432189531250005 0.3908241421875 0.04432189531250004 0.3908241421875 0.2671875000000001 0.4875 0.2671875000000001
23 0.58125 0.03762765468750006 0.4853553921875 0.03762765468750005 0.4853553921875 0.26250000000000007 0.58125 0.26250000000000007
23 0.6749795749999999 0.04254493437500007 0.5818423203124999 0.042544934375000065 0.5818423203124999 0.26395016406250005 0.6749795749999999 0.26395016406250005
23 0.7703125 0.03957822656250008 0.6727685859375 0.03957822656250008 0.6727685859375 0.26250000000000007 0.7703125 0.26250000000000007
23 0.85625 0.045654615625000096 0.7609375 0.04565461562500009 0.7609375 0.2621578843750001 0.85625 0.2621578843750001
23 1 0.09950469843750012 0.7943729578125 0.0995046984375001 0.7943729578125 0.1968750000000001 1 0.19687500000000013
23 0.9984375 0.037428514062500126 0.9523590687500001 0.037428514062500126 0.9523590687500001 0.2578125000000001 0.9984375 0.2578125000000001
23 0.11875000000000005 0.2765625 0.024157476562500033 0.2765625 0.024157476562500047 0.496875 0.11875000000000005 0.496875
23 0.27812500000000007 0.3380514703125 0.05312500000000005 0.3380514703125 0.05312500000000005 0.431188725 0.27812500000000007 0.431188725
23 0.37031250000000004 0.3391748359375001 0.14091605312500005 0.33917483593750003 0.14091605312500005 0.4265625 0.3703125000000001 0.4265625
23 0.4640625 0.33337929062500005 0.2333741828125 0.333379290625 0.23337418281250005 0.4296875 0.4640625 0.4296875
23 0.5578125 0.3329758984375001 0.33269505625 0.33297589843750003 0.33269505625000007 0.425 0.5578125 0.425
23 0.584375 0.2640829250000001 0.4904871328125 0.2640829250000001 0.4904871328125 0.49529207499999994 0.584375 0.49529207499999994
23 0.744919321875 0.33079554687500007 0.51875 0.33079554687500007 0.51875 0.4281250000000001 0.744919321875 0.4281250000000002
23 0.7671875 0.26452716562500006 0.6732996328125 0.26452716562500006 0.6732996328125 0.49328533437500005 0.7671875 0.49328533437500016
23 0.921875 0.3359375000000001 0.6987949343750001 0.3359375000000001 0.6987949343750001 0.4203125000000001 0.921875 0.4203125000000002
23 0.9546875 0.2610651546875001 0.8546875 0.2610651546875001 0.8546875 0.4873723453125002 0.9546875 0.4873723453125002