24 0.4203125 0.3941406250000001 0.3765625000000001 0.3941406250000001 0.3765625000000001 0.55625 0.4203125 0.55625
24 0.490625 0.415625 0.3500000000000001 0.415625 0.3500000000000001 0.45625 0.490625 0.45625
24 0.10312500000000005 0.3734375 0.057812500000000044 0.3734375 0.05781250000000006 0.534375 0.10312500000000005 0.534375
24 0.3953125 0.13554687500000004 0.2640625 0.13554687500000004 0.2640625 0.21093750000000006 0.3953125 0.21093750000000008
24 0.5171875 0.13007812500000004 0.3859375 0.13007812500000004 0.3859375 0.20468750000000008 0.5171875 0.20468750000000008
24 0.64375 0.14687500000000006 0.51875 0.14687500000000003 0.51875 0.19687500000000008 0.64375 0.19687500000000008
24 0.4796875 0.01953125000000006 0.43984375 0.019531250000000056 0.43984375 0.13281250000000006 0.4796875 0.13281250000000006
24 0.3921875 0.06562500000000004 0.278125 0.06562500000000004 0.278125 0.10625000000000004 0.3921875 0.10625000000000004
24 0.409375 4.7359387935776545e-17 0.3640625 4.4584797531458325e-17 0.3640625 0.12187500000000004 0.409375 0.12187500000000004
24 0.5890625 6.969962446709741e-17 0.54921875 6.725989842192105e-17 0.54921875 0.10156250000000008 0.5890625 0.10156250000000008
24 0.6328125 0.050000000000000065 0.51875 0.050000000000000065 0.51875 0.09062500000000007 0.6328125 0.09062500000000007
24 0.2828125 0.07304687500000004 0.16875 0.07304687500000002 0.16875 0.11093750000000002 0.2828125 0.11093750000000005
24 0.4078125 0.20195312500000004 0.35703125 0.201953125 0.35703125 0.32656250000000003 0.4078125 0.3265625000000001
24 0.309375 0.214453125 0.2609375 0.214453125 0.2609375 0.325 0.309375 0.325
24 0.534375 0.2503906250000001 0.4234375 0.2503906250000001 0.4234375 0.2984375000000001 0.534375 0.2984375000000001
24 0.625 0.22656250000000008 0.5140625 0.22656250000000008 0.5140625 0.2750000000000001 0.625 0.2750000000000001
24 0.9265625 0.10976562500000012 0.808984375 0.10976562500000009 0.808984375 0.1593750000000001 0.9265625 0.15937500000000013
24 0.7875 0.0847656250000001 0.7375 0.0847656250000001 0.7375 0.2093750000000001 0.7875 0.2093750000000001
24 0.9078125 0.00039062500000010226 0.7625 0.0003906250000000933 0.7625 0.0640625000000001 0.9078125 0.0640625000000001
24 0.04218750000000001 0.086328125 0.003125000000000011 0.086328125 0.003125000000000014 0.13125 0.04218750000000001 0.13125
24 0.571875 0.2734375000000001 0.508203125 0.2734375000000001 0.508203125 0.425 0.571875 0.425
24 0.925 0.4363281250000002 0.871875 0.4363281250000002 0.871875 0.4984375000000002 0.925 0.4984375000000002
24 0.9765625 0.43359375000000017 0.92109375 0.43359375000000017 0.92109375 0.4968750000000002 0.9765625 0.4968750000000002
24 0.07187500000000004 0.228515625 0.021875000000000026 0.228515625 0.021875000000000033 0.321875 0.07187500000000005 0.321875
24 0.17500000000000004 0.255078125 0.06406250000000002 0.255078125 0.06406250000000004 0.303125 0.17500000000000004 0.303125
24 0.8125 0.2738281250000001 0.74375 0.2738281250000001 0.74375 0.4046875000000002 0.8125 0.4046875000000002
24 0.971875 0.3109375000000001 0.8859375 0.3109375000000001 0.8859375 0.3656250000000001 0.971875 0.3656250000000001
24 0.946875 0.2062500000000001 0.826953125 0.2062500000000001 0.826953125 0.25468750000000007 0.946875 0.25468750000000007
24 0.453125 0.34023437500000003 0.321875 0.340234375 0.321875 0.39531250000000007 0.453125 0.39531250000000007
24 0.05312500000000005 0.35390625 4.3341015626074294e-17 0.35390625 4.5780741671250667e-17 0.39375 0.05312500000000005 0.39375
24 0.18906250000000005 0.3375 0.14218750000000005 0.3375 0.14218750000000005 0.415625 0.18906250000000005 0.415625