24 0.7015625 0.484375 0.534375 0.484375 0.534375 0.5359375 0.7015625 0.5359375
24 0.6734375 0.528125 0.5265625 0.528125 0.5265625 0.575 0.6734375 0.575
24 0.99921875 0.4890625000000002 0.85625 0.4890625000000002 0.85625 0.5421875000000002 0.99921875 0.5421875000000002
24 0.80546875 0.7718750000000001 0.6625000000000002 0.771875 0.6625000000000002 0.85390625 0.80546875 0.85390625
24 0.6835937500000002 0.7828125 0.5406250000000001 0.7828125 0.5406250000000001 0.86484375 0.6835937500000002 0.86484375
24 0.5460937500000002 0.7984375 0.41406250000000017 0.7984375 0.41406250000000017 0.8546875 0.5460937500000002 0.8546875
24 0.6765625000000002 0.8921875 0.5562500000000001 0.8921875 0.5562500000000001 0.9390625 0.6765625000000002 0.9390625
24 0.803125 0.878125 0.6828125000000002 0.878125 0.6828125000000002 0.925 0.803125 0.925
24 0.7601562500000002 0.9046875 0.6281250000000002 0.9046875 0.6281250000000002 0.95625 0.7601562500000002 0.95625
24 0.5718750000000001 0.93125 0.4515625000000002 0.93125 0.4515625000000002 0.978125 0.5718750000000001 0.978125
24 0.5625000000000002 0.90625 0.4421875000000002 0.90625 0.4421875000000002 0.953125 0.5625000000000002 0.953125
24 0.9109375 0.865625 0.7921875000000002 0.865625 0.7921875000000002 0.91015625 0.9109375 0.91015625
24 0.7320312500000001 0.6953125000000001 0.6 0.6953125 0.6000000000000001 0.7515625000000001 0.7320312500000001 0.7515625000000001
24 0.82109375 0.6859375000000001 0.7046875 0.6859375 0.7046875000000001 0.7398437500000001 0.82109375 0.7398437500000001
24 0.6257812500000001 0.6875 0.509375 0.6875 0.5093750000000001 0.74140625 0.6257812500000002 0.74140625
24 0.5367187500000001 0.71875 0.4203125 0.71875 0.4203125000000001 0.77265625 0.5367187500000001 0.77265625
24 0.2570312500000001 0.8515625 0.1281250000000001 0.8515625 0.1281250000000001 0.9078125 0.2570312500000001 0.9078125
24 0.3664062500000001 0.8328125 0.23437500000000008 0.8328125 0.23437500000000008 0.8890625 0.3664062500000001 0.8890625
24 0.3296875000000001 0.94375 0.16250000000000014 0.94375 0.16250000000000014 1 0.3296875000000001 1
24 0.5734375 0.609375 0.4125 0.609375 0.4125 0.68046875 0.5734375 0.68046875
24 0.14765625000000007 0.5140625 0.07656250000000006 0.5140625 0.07656250000000006 0.571875 0.1476562500000001 0.571875
24 0.09687500000000007 0.5171875 0.025000000000000067 0.5171875 0.025000000000000067 0.57578125 0.09687500000000007 0.57578125
24 0.9984375 0.6640625000000002 0.953125 0.6640625000000002 0.953125 0.7195312500000002 0.9984375 0.7195312500000002
24 0.98828125 0.6671875000000002 0.871875 0.6671875000000002 0.871875 0.7210937500000002 0.98828125 0.7210937500000002
24 0.32500000000000007 0.628125 0.1828125000000001 0.628125 0.1828125000000001 0.70390625 0.32500000000000007 0.70390625
24 0.14843750000000008 0.64375 0.04843750000000008 0.64375 0.048437500000000085 0.70390625 0.14843750000000008 0.70390625
24 0.22421875000000008 0.75625 0.09218750000000009 0.75625 0.09218750000000009 0.81015625 0.22421875000000008 0.81015625
24 0.715625 0.5875 0.5765625 0.5875 0.5765625 0.6484375 0.715625 0.6484375
24 0.91171875 0.5734375000000002 0.8265625 0.5734375000000002 0.8265625 0.6242187500000002 0.91171875 0.6242187500000002