24 0.4796875 0.453125 0.31718750000000007 0.453125 0.31718750000000007 0.49765625 0.4796875 0.49765625
24 0.490625 0.415625 0.3500000000000001 0.415625 0.3500000000000001 0.45625 0.490625 0.45625
24 0.16093750000000004 0.43125 5.281289321322961e-17 0.43125 5.558748361754783e-17 0.4765625 0.16093750000000004 0.4765625
24 0.3953125 0.13593750000000004 0.2640625 0.13593750000000004 0.2640625 0.21171875000000004 0.3953125 0.2117187500000001
24 0.5171875 0.12968750000000004 0.3859375 0.12968750000000004 0.3859375 0.2054687500000001 0.5171875 0.2054687500000001
24 0.64375 0.14687500000000006 0.51875 0.14687500000000003 0.51875 0.19765625000000006 0.64375 0.1976562500000001
24 0.5171875 0.05625000000000006 0.403125 0.05625000000000004 0.403125 0.09687500000000006 0.5171875 0.09687500000000007
24 0.3921875 0.06562500000000004 0.278125 0.06562500000000004 0.278125 0.10625000000000004 0.3921875 0.10625000000000004
24 0.45 0.03593750000000005 0.3234375 0.035937500000000046 0.3234375 0.08125000000000004 0.45 0.08125000000000004
24 0.6265625 0.02500000000000007 0.5125 0.025000000000000067 0.5125 0.06562500000000007 0.6265625 0.06562500000000007
24 0.6328125 0.050000000000000065 0.51875 0.050000000000000065 0.51875 0.09062500000000007 0.6328125 0.09062500000000007
24 0.2828125 0.07343750000000003 0.16875 0.07343750000000002 0.16875 0.11171875000000002 0.2828125 0.11171875000000005
24 0.4453125 0.23906250000000004 0.3203125 0.2390625 0.3203125 0.28984375000000007 0.4453125 0.28984375000000007
24 0.340625 0.2453125 0.2296875 0.2453125 0.2296875 0.29453125 0.340625 0.29453125
24 0.534375 0.2500000000000001 0.4234375 0.2500000000000001 0.4234375 0.2992187500000001 0.534375 0.2992187500000001
24 0.625 0.22656250000000008 0.5140625 0.22656250000000008 0.5140625 0.2757812500000001 0.625 0.2757812500000001
24 0.92734375 0.10937500000000011 0.809375 0.10937500000000008 0.809375 0.1601562500000001 0.92734375 0.16015625000000014
24 0.825 0.1218750000000001 0.7 0.1218750000000001 0.7 0.1726562500000001 0.825 0.1726562500000001
24 0.9078125 1.0227714283504067e-16 0.7625 9.337931843498569e-17 0.7625 0.0648437500000001 0.9078125 0.06484375000000012
24 0.04531250000000001 0.0890625 1.0907010554906114e-17 0.0890625 1.3346736600082483e-17 0.12890625 0.04531250000000001 0.12890625
24 0.61640625 0.31718750000000007 0.4640625 0.31718750000000007 0.4640625 0.3812500000000001 0.61640625 0.3812500000000001
24 0.9296875 0.44062500000000016 0.8671875 0.44062500000000016 0.8671875 0.4945312500000002 0.9296875 0.4945312500000002
24 0.98125 0.43750000000000017 0.9171875 0.43750000000000017 0.9171875 0.4937500000000002 0.98125 0.4937500000000002
24 0.09375000000000003 0.25 3.061616997868383e-17 0.25 3.372562474214391e-17 0.30078125 0.09375000000000004 0.30078125
24 0.17500000000000004 0.2546875 0.06406250000000002 0.2546875 0.06406250000000004 0.30390625 0.17500000000000004 0.30390625
24 0.84375 0.3046875000000001 0.7125 0.3046875000000001 0.7125 0.3742187500000001 0.84375 0.3742187500000001
24 0.97265625 0.3109375000000001 0.8859375 0.3109375000000001 0.8859375 0.3664062500000001 0.97265625 0.3664062500000001
24 0.94765625 0.2062500000000001 0.8265625 0.2062500000000001 0.8265625 0.25468750000000007 0.94765625 0.25468750000000007
24 0.453125 0.34062500000000007 0.321875 0.340625 0.321875 0.39609375 0.453125 0.3960937500000001
24 0.039843750000000046 0.3390625 4.152318053358994e-17 0.3390625 4.5732903905658965e-17 0.4078125 0.039843750000000046 0.4078125
24 0.20468750000000005 0.353125 0.12656250000000005 0.353125 0.12656250000000005 0.4 0.20468750000000008 0.4