24 0.4796875 0.453125 0.31718750000000007 0.453125 0.31718750000000007 0.496875 0.4796875 0.496875
24 0.490625 0.415625 0.3500000000000001 0.415625 0.3500000000000001 0.45625 0.490625 0.45625
24 0.16093750000000004 0.43125 5.281289321322961e-17 0.43125 5.558748361754783e-17 0.4765625 0.16093750000000004 0.4765625
24 0.3953125 0.13554687500000004 0.2640625 0.13554687500000004 0.2640625 0.21093750000000006 0.3953125 0.21093750000000008
24 0.5171875 0.12929687500000003 0.3859375 0.12929687500000003 0.3859375 0.20468750000000008 0.5171875 0.20468750000000008
24 0.60625 0.10976562500000009 0.55625 0.10976562500000009 0.55625 0.23437500000000008 0.60625 0.23437500000000008
24 0.4796875 0.01953125000000006 0.43984375 0.019531250000000056 0.43984375 0.13281250000000006 0.4796875 0.13281250000000006
24 0.3546875 0.02890625000000004 0.31484375 0.028906250000000033 0.31484375 0.14218750000000005 0.3546875 0.14218750000000005
24 0.45 0.03593750000000005 0.3234375 0.035937500000000046 0.3234375 0.08125000000000004 0.45 0.08125000000000004
24 0.6265625 0.02500000000000007 0.5125 0.025000000000000067 0.5125 0.06562500000000007 0.6265625 0.06562500000000007
24 0.5953125 0.013281250000000069 0.55546875 0.013281250000000067 0.55546875 0.12656250000000008 0.5953125 0.12656250000000008
24 0.2453125 0.035546875000000026 0.20703125 0.03554687500000002 0.20703125 0.14843750000000006 0.2453125 0.14843750000000006
24 0.4453125 0.23867187500000003 0.3203125 0.238671875 0.3203125 0.28906250000000006 0.4453125 0.2890625000000001
24 0.340625 0.245703125 0.2296875 0.245703125 0.2296875 0.29375 0.340625 0.29375
24 0.534375 0.2503906250000001 0.4234375 0.2503906250000001 0.4234375 0.2984375000000001 0.534375 0.2984375000000001
24 0.59375 0.1957031250000001 0.5453125 0.1957031250000001 0.5453125 0.3062500000000001 0.59375 0.3062500000000001
24 0.9265625 0.10976562500000012 0.808984375 0.10976562500000009 0.808984375 0.1593750000000001 0.9265625 0.15937500000000013
24 0.7875 0.0847656250000001 0.7375 0.0847656250000001 0.7375 0.2093750000000001 0.7875 0.2093750000000001
24 0.9078125 1.0227714283504067e-16 0.7625 9.337931843498569e-17 0.7625 0.0640625000000001 0.9078125 0.0640625000000001
24 0.04531250000000001 0.0890625 1.0907010554906114e-17 0.0890625 1.329889883449079e-17 0.128125 0.04531250000000001 0.128125
24 0.571875 0.2734375000000001 0.508203125 0.2734375000000001 0.508203125 0.425 0.571875 0.425
24 0.9296875 0.44062500000000016 0.8671875 0.44062500000000016 0.8671875 0.4937500000000002 0.9296875 0.4937500000000002
24 0.98125 0.43750000000000017 0.9171875 0.43750000000000017 0.9171875 0.4937500000000002 0.98125 0.4937500000000002
24 0.09375000000000003 0.250390625 3.0664007744275526e-17 0.250390625 3.3701705859348054e-17 0.3 0.09375000000000004 0.3
24 0.17500000000000004 0.255078125 0.06406250000000002 0.255078125 0.06406250000000004 0.303125 0.17500000000000004 0.303125
24 0.8125 0.2738281250000001 0.74296875 0.2738281250000001 0.74296875 0.4046875000000002 0.8125 0.4046875000000002
24 0.95625 0.2953125000000001 0.901953125 0.2953125000000001 0.901953125 0.3812500000000001 0.95625 0.3812500000000001
24 0.9109375 0.17031250000000012 0.862890625 0.1703125000000001 0.862890625 0.2906250000000001 0.9109375 0.2906250000000001
24 0.415625 0.30273437500000006 0.36015625 0.302734375 0.36015625000000007 0.4328125 0.415625 0.4328125
24 0.03906250000000004 0.3390625 4.152318053358994e-17 0.3390625 4.5732903905658965e-17 0.4078125 0.03906250000000004 0.4078125
24 0.18906250000000005 0.3375 0.14218750000000005 0.3375 0.14218750000000005 0.415625 0.18906250000000005 0.415625