24 0.7015625 0.484375 0.534375 0.484375 0.534375 0.5359375 0.7015625 0.5359375
24 0.6234375 0.478125 0.5765625 0.478125 0.5765625 0.625 0.6234375 0.625
24 0.9984375 0.4890625000000002 0.855859375 0.4890625000000002 0.855859375 0.5421875000000002 0.9984375 0.5421875000000002
24 0.7734375000000002 0.7410156250000001 0.6925781250000002 0.741015625 0.6925781250000002 0.883984375 0.7734375000000002 0.883984375
24 0.6828125000000002 0.783203125 0.5410156250000002 0.783203125 0.5410156250000002 0.8640625 0.6828125000000002 0.8640625
24 0.5078125000000002 0.76015625 0.4519531250000002 0.76015625 0.4519531250000002 0.8921875 0.5078125000000002 0.8921875
24 0.6390625000000002 0.85546875 0.5929687500000002 0.85546875 0.5929687500000002 0.975 0.6390625000000002 0.975
24 0.7656250000000002 0.84140625 0.7195312500000002 0.84140625 0.7195312500000002 0.9609375 0.7656250000000002 0.9609375
24 0.7593750000000001 0.9046875 0.6281250000000002 0.9046875 0.6281250000000002 0.95625 0.7593750000000001 0.95625
24 0.5718750000000001 0.93125 0.4515625000000002 0.93125 0.4515625000000002 0.978125 0.5718750000000001 0.978125
24 0.5250000000000001 0.86953125 0.4789062500000002 0.86953125 0.4789062500000002 0.9890625 0.5250000000000001 0.9890625
24 0.9109375 0.866015625 0.7921875000000002 0.866015625 0.7921875000000002 0.909375 0.9109375 0.909375
24 0.6937500000000001 0.6578125 0.637890625 0.6578125 0.637890625 0.7890625 0.6937500000000002 0.7890625
24 0.7890625000000001 0.6550781250000002 0.735546875 0.6550781250000002 0.735546875 0.7703125000000002 0.7890625000000002 0.7703125000000002
24 0.6250000000000001 0.687890625 0.509765625 0.687890625 0.5097656250000001 0.740625 0.6250000000000002 0.740625
24 0.5046875000000001 0.687890625 0.451953125 0.687890625 0.45195312500000007 0.803125 0.5046875000000002 0.803125
24 0.2562500000000001 0.8515625 0.12851562500000008 0.8515625 0.1285156250000001 0.9078125 0.2562500000000001 0.9078125
24 0.3656250000000001 0.8328125 0.2347656250000001 0.8328125 0.2347656250000001 0.8890625 0.3656250000000001 0.8890625
24 0.2734375000000001 0.88828125 0.2179687500000001 0.88828125 0.2179687500000001 1 0.2734375000000001 1
24 0.528125 0.564453125 0.4578125 0.564453125 0.4578125 0.725 0.528125 0.725
24 0.14687500000000006 0.5140625 0.07656250000000006 0.5140625 0.07656250000000006 0.571875 0.1468750000000001 0.571875
24 0.09687500000000007 0.517578125 0.025000000000000067 0.517578125 0.025000000000000067 0.575 0.09687500000000007 0.575
24 1 0.6691406250000002 0.9484375 0.6691406250000002 0.9484375 0.7140625000000002 1 0.7140625000000002
24 0.9875 0.6667968750000002 0.872265625 0.6667968750000002 0.872265625 0.7203125000000001 0.9875 0.7203125000000001
24 0.32500000000000007 0.628515625 0.1828125000000001 0.628515625 0.1828125000000001 0.703125 0.32500000000000007 0.703125
24 0.1281250000000001 0.623828125 0.06875000000000006 0.623828125 0.06875000000000007 0.7234375 0.1281250000000001 0.7234375
24 0.1843750000000001 0.716796875 0.1312500000000001 0.716796875 0.1312500000000001 0.8484375 0.1843750000000001 0.8484375
24 0.6765625 0.5484375 0.615625 0.5484375 0.615625 0.6875 0.6765625 0.6875
24 0.89375 0.5566406250000002 0.843359375 0.5566406250000002 0.843359375 0.6406250000000002 0.89375 0.6406250000000002