24 0.64375 0.4265625 0.5921875 0.4265625 0.5921875 0.59375 0.64375 0.59375
24 0.6234375 0.478125 0.5765625 0.478125 0.5765625 0.625 0.6234375 0.625
24 0.953125 0.44453125000000016 0.901171875 0.44453125000000016 0.901171875 0.5875000000000001 0.953125 0.5875000000000001
24 0.8046875 0.7718750000000001 0.6628906250000002 0.771875 0.6628906250000002 0.853125 0.8046875 0.853125
24 0.6828125000000002 0.782421875 0.5402343750000002 0.782421875 0.5402343750000002 0.8640625 0.6828125000000002 0.8640625
24 0.5453125000000002 0.7984375 0.4136718750000002 0.7984375 0.4136718750000002 0.8546875 0.5453125000000002 0.8546875
24 0.6765625000000002 0.8921875 0.5562500000000001 0.8921875 0.5562500000000001 0.9390625 0.6765625000000002 0.9390625
24 0.803125 0.878125 0.6828125000000002 0.878125 0.6828125000000002 0.925 0.803125 0.925
24 0.7187500000000002 0.86484375 0.6683593750000002 0.86484375 0.6683593750000002 0.9953125 0.7187500000000002 0.9953125
24 0.5343750000000002 0.89453125 0.48828125000000017 0.89453125 0.48828125000000017 1 0.5343750000000002 1
24 0.5625000000000002 0.90625 0.4421875000000002 0.90625 0.4421875000000002 0.953125 0.5625000000000002 0.953125
24 0.8734375 0.828515625 0.8296875 0.828515625 0.8296875 0.946875 0.8734375 0.946875
24 0.6937500000000001 0.6578125 0.637890625 0.6578125 0.637890625 0.7890625 0.6937500000000002 0.7890625
24 0.8203125 0.6855468750000001 0.704296875 0.685546875 0.704296875 0.7390625000000001 0.8203125 0.7390625000000002
24 0.5937500000000001 0.65625 0.541015625 0.65625 0.5410156250000001 0.771875 0.5937500000000002 0.771875
24 0.5046875000000001 0.687109375 0.4515625 0.687109375 0.4515625000000001 0.803125 0.5046875000000002 0.803125
24 0.22031250000000008 0.815625 0.1644531250000001 0.815625 0.16445312500000012 0.94375 0.22031250000000008 0.94375
24 0.3281250000000001 0.7953125 0.27226562500000007 0.7953125 0.27226562500000007 0.9265625 0.3281250000000001 0.9265625
24 0.2734375000000001 0.88828125 0.2179687500000001 0.88828125 0.2179687500000001 1 0.2734375000000001 1
24 0.528125 0.564453125 0.45703125 0.564453125 0.45703125 0.725 0.528125 0.725
24 0.14062500000000006 0.5078125 0.08320312500000007 0.5078125 0.08320312500000007 0.578125 0.14062500000000008 0.578125
24 0.09687500000000007 0.5171875 0.025000000000000067 0.5171875 0.025000000000000067 0.575 0.09687500000000007 0.575
24 0.9984375 0.6640625000000002 0.953125 0.6640625000000002 0.953125 0.7187500000000002 0.9984375 0.7187500000000002
24 0.9875 0.6667968750000002 0.872265625 0.6667968750000002 0.872265625 0.7203125000000001 0.9875 0.7203125000000001
24 0.32500000000000007 0.628515625 0.1828125000000001 0.628515625 0.1828125000000001 0.703125 0.32500000000000007 0.703125
24 0.1281250000000001 0.623828125 0.06875000000000006 0.623828125 0.06875000000000007 0.7234375 0.1281250000000001 0.7234375
24 0.1843750000000001 0.717578125 0.1316406250000001 0.717578125 0.1316406250000001 0.8484375 0.1843750000000001 0.8484375
24 0.715625 0.5875 0.5765625 0.5875 0.5765625 0.6484375 0.715625 0.6484375
24 0.89375 0.5566406250000002 0.843359375 0.5566406250000002 0.843359375 0.6406250000000002 0.89375 0.6406250000000002