23 0.84921875 0.31718750000000007 0.784375 0.31718750000000007 0.784375 0.6390625000000002 0.84921875 0.6390625000000002
23 0.78515625 0.3140625000000001 0.7203125 0.3140625000000001 0.7203125 0.6382812500000001 0.78515625 0.6382812500000001
23 0.7203125 0.3156250000000001 0.6578125 0.3156250000000001 0.6578125 0.63984375 0.7203125 0.63984375
23 0.65546875 0.3156250000000001 0.590625 0.3156250000000001 0.590625 0.63984375 0.65546875 0.63984375
23 0.59140625 0.31718750000000007 0.5265625 0.31718750000000007 0.5265625 0.6390625 0.59140625 0.6390625
23 0.5265625 0.3187500000000001 0.4640625 0.3187500000000001 0.4640625 0.640625 0.5265625 0.640625
23 0.4640625 0.31718750000000007 0.396875 0.31718750000000007 0.39687500000000003 0.6390625 0.4640625 0.6390625
23 0.39843750000000006 0.31718750000000007 0.33125 0.3171875 0.33125000000000004 0.6390625 0.3984375000000001 0.6390625
23 0.33125000000000004 0.3203125 0.2640625 0.3203125 0.26406250000000003 0.63984375 0.3312500000000001 0.63984375
23 0.26484375000000004 0.3234375 0.2 0.3234375 0.20000000000000004 0.640625 0.2648437500000001 0.640625
23 0.20000000000000004 0.325 0.13281250000000006 0.325 0.13281250000000006 0.63984375 0.2000000000000001 0.63984375
23 0.13359375000000007 0.3328125 0.06875000000000005 0.3328125 0.06875000000000006 0.63828125 0.1335937500000001 0.63828125
23 0.06875000000000006 0.334375 4.0949127346489623e-17 0.334375 5.960585592725007e-17 0.6390625 0.06875000000000009 0.6390625
23 0.9828125 1.1624577038781518e-16 0.915625 1.1213172254692953e-16 0.915625 0.27812500000000007 0.9828125 0.27812500000000007
23 0.9171875 1.0820902576841065e-16 0.85 1.0409497792752501e-16 0.85 0.2765625000000001 0.9171875 0.2765625000000001
23 0.853125 1.0017228114900615e-16 0.7828125 9.586688224575374e-17 0.7828125 0.27812500000000007 0.853125 0.27812500000000007
23 0.78515625 9.218337429519334e-17 0.7203125 8.82128397510828e-17 0.7203125 0.2765625000000001 0.78515625 0.2765625000000001
23 0.71953125 8.414662967578884e-17 0.6546875 8.017609513167828e-17 0.6546875 0.2765625000000001 0.71953125 0.2765625000000001
23 0.65546875 0.0015625000000000764 0.590625 0.001562500000000072 0.590625 0.27812500000000007 0.65546875 0.27812500000000007
23 0.58984375 6.82644914993466e-17 0.525 6.429395695523604e-17 0.525 0.2765625000000001 0.58984375 0.2765625000000001
23 0.52578125 6.041909794230888e-17 0.4609375 5.644856339819831e-17 0.4609375 0.2765625000000001 0.52578125 0.2765625000000001
23 0.459375 5.243019108849606e-17 0.396875 4.860316984116058e-17 0.396875 0.2765625000000001 0.459375 0.2765625000000001
23 0.3953125 0.0015625000000000448 0.3328125 0.0015625000000000409 0.3328125 0.27812500000000007 0.3953125 0.27812500000000007
23 0.334375 3.683507950560398e-17 0.2671875 3.2721031664718344e-17 0.2671875 0.278125 0.334375 0.278125
23 0.26640625 2.86548215894244e-17 0.2015625 2.4684287045313837e-17 0.2015625 0.2765625 0.26640625 0.2765625
23 0.20234375 0.001562500000000021 0.1375 0.0015625000000000166 0.1375 0.278125 0.20234375 0.278125
23 0.13906250000000003 1.3203223303307403e-17 0.0765625 9.376202055971923e-18 0.07656250000000002 0.2765625 0.13906250000000003 0.2765625
23 0.07500000000000002 5.070803152719511e-18 0.0078125 9.567553118338697e-19 0.007812500000000017 0.2765625 0.07500000000000004 0.2765625
23 0.91484375 0.31718750000000007 0.85 0.31718750000000007 0.85 0.6367187500000002 0.91484375 0.6367187500000002
23 0.97890625 0.3187500000000001 0.9140625 0.3187500000000001 0.9140625 0.6382812500000001 0.97890625 0.6382812500000001
23 0.06250000000000011 0.684375 8.381176531664698e-17 0.684375 1.0309038485009946e-16 0.99921875 0.06250000000000014 0.99921875
23 0.1281250000000001 0.65625 0.06093750000000009 0.65625 0.06093750000000011 1 0.12812500000000013 1
23 0.1929687500000001 0.659375 0.1281250000000001 0.659375 0.1281250000000001 0.99609375 0.19296875000000013 0.99609375
23 0.2593750000000001 0.6609375 0.1921875000000001 0.6609375 0.19218750000000012 0.9953125 0.2593750000000001 0.9953125
23 0.32500000000000007 0.6640625 0.2578125000000001 0.6640625 0.2578125000000001 0.9984375 0.32500000000000007 0.9984375
23 0.3882812500000001 0.6703125 0.3234375000000001 0.6703125 0.3234375000000001 0.996875 0.3882812500000001 0.996875
23 0.4523437500000001 0.66875 0.38750000000000007 0.66875 0.38750000000000007 0.9984375 0.45234375000000016 0.9984375
23 0.5164062500000001 0.6703125 0.4515625 0.6703125 0.4515625000000001 1 0.5164062500000002 1
23 0.58515625 0.6671875 0.515625 0.6671875 0.5156250000000001 0.996875 0.5851562500000002 0.996875
23 0.6523437500000001 0.6640625 0.5828125 0.6640625 0.5828125000000001 0.9984375 0.6523437500000002 0.9984375
23 0.7164062500000001 0.6703125 0.6515625 0.6703125 0.6515625 0.99453125 0.7164062500000001 0.99453125
23 0.78046875 0.6781250000000001 0.715625 0.678125 0.7156250000000001 0.9953125 0.7804687500000002 0.9953125
23 0.97421875 0.6765625000000002 0.909375 0.6765625000000002 0.909375 0.99375 0.97421875 0.99375
23 0.84453125 0.6828125000000002 0.7796875 0.6828125000000002 0.7796875000000001 0.99765625 0.84453125 0.99765625
23 0.91015625 0.6812500000000001 0.8453125 0.6812500000000001 0.8453125 0.99609375 0.91015625 0.99609375