23 0.8484375 0.31718750000000007 0.784765625 0.31718750000000007 0.784765625 0.6390625000000002 0.8484375 0.6390625000000002
23 0.784375 0.3140625000000001 0.7203125 0.3140625000000001 0.7203125 0.6375000000000001 0.784375 0.6375000000000002
23 0.7203125 0.3160156250000001 0.6578125 0.3160156250000001 0.6578125 0.6390625 0.7203125 0.6390625
23 0.784375 0.4457031250000001 0.460546875 0.445703125 0.460546875 0.5093750000000001 0.784375 0.5093750000000001
23 0.71875 0.4453125 0.3980468750000001 0.4453125 0.3980468750000001 0.509375 0.71875 0.509375
23 0.65625 0.4484375 0.3343750000000001 0.4484375 0.3343750000000001 0.5109375 0.65625 0.5109375
23 0.590625 0.44453125 0.2695312500000001 0.44453125 0.2695312500000001 0.5109375 0.590625 0.5109375
23 0.39843750000000006 0.31718750000000007 0.33125 0.3171875 0.33125000000000004 0.6390625 0.3984375000000001 0.6390625
23 0.45703125 0.446484375 0.13750000000000004 0.446484375 0.13750000000000004 0.5125 0.45703125 0.5125
23 0.3906250000000001 0.45 0.07382812500000005 0.45 0.07382812500000005 0.5140625 0.3906250000000001 0.5140625
23 0.3234375000000001 0.448828125 0.008593750000000056 0.448828125 0.00859375000000006 0.515625 0.3234375000000001 0.515625
23 0.13281250000000006 0.3328125 0.06914062500000004 0.3328125 0.06914062500000007 0.6375 0.13281250000000008 0.6375
23 0.18593750000000003 0.45234375 5.539613255518106e-17 0.45234375 5.955801816165839e-17 0.5203125 0.18593750000000003 0.5203125
23 1 0.10546875000000011 0.81015625 0.10546875000000008 0.81015625 0.1718750000000001 1 0.17187500000000014
23 0.9171875 1.0820902576841065e-16 0.85 1.0409497792752501e-16 0.85 0.2765625000000001 0.9171875 0.2765625000000001
23 0.95625 0.10390625000000012 0.67890625 0.10390625000000009 0.67890625 0.1734375000000001 0.95625 0.17343750000000013
23 0.784375 9.215945541239751e-17 0.720703125 8.826067751667448e-17 0.720703125 0.2765625000000001 0.784375 0.2765625000000001
23 0.71875 8.4122710792993e-17 0.655078125 8.022393289726996e-17 0.655078125 0.2765625000000001 0.71875 0.2765625000000001
23 0.6546875 0.0015625000000000764 0.590234375 0.001562500000000072 0.590234375 0.27812500000000007 0.6546875 0.27812500000000007
23 0.6953125 0.10625000000000007 0.419140625 0.10625000000000004 0.419140625 0.17031250000000006 0.6953125 0.1703125000000001
23 0.63125 0.10625000000000007 0.355078125 0.10625000000000004 0.355078125 0.17031250000000006 0.63125 0.1703125000000001
23 0.459375 5.243019108849606e-17 0.396875 4.860316984116058e-17 0.396875 0.2765625000000001 0.459375 0.2765625000000001
23 0.3953125 0.0015625000000000448 0.3328125 0.0015625000000000409 0.3328125 0.27812500000000007 0.3953125 0.27812500000000007
23 0.4390625 0.10546875000000003 0.16171875 0.10546875 0.16171875 0.17187500000000003 0.4390625 0.17187500000000006
23 0.265625 2.863090270662855e-17 0.201953125 2.4732124810905532e-17 0.201953125 0.2765625 0.265625 0.2765625
23 0.3078125 0.10703125000000002 0.03164062500000001 0.10703125 0.03164062500000002 0.17187500000000003 0.3078125 0.17187500000000006
23 0.2453125 0.10703125000000002 1.3107547772124014e-17 0.10703125 1.6886731253867802e-17 0.16875 0.2453125 0.16875000000000004
23 0.07500000000000002 5.070803152719511e-18 0.0078125 9.567553118338697e-19 0.007812500000000017 0.2765625 0.07500000000000004 0.2765625
23 0.9140625 0.3167968750000001 0.849609375 0.3167968750000001 0.849609375 0.6359375000000002 0.9140625 0.6359375000000002
23 1 0.4457031250000002 0.787109375 0.4457031250000002 0.787109375 0.5093750000000001 1 0.5093750000000001
23 0.06250000000000011 0.684765625 8.385960308223868e-17 0.684765625 1.0306646596730361e-16 0.9984375 0.06250000000000014 0.9984375
23 0.1281250000000001 0.65625 0.06093750000000009 0.65625 0.06093750000000011 1 0.12812500000000013 1
23 0.3281250000000001 0.795703125 9.744552851027962e-17 0.795703125 1.0134430640600264e-16 0.859375 0.3281250000000001 0.859375
23 0.3921875000000001 0.79453125 0.05859375000000009 0.79453125 0.0585937500000001 0.8609375 0.3921875000000001 0.8609375
23 0.32500000000000007 0.6640625 0.2578125000000001 0.6640625 0.2578125000000001 0.9984375 0.32500000000000007 0.9984375
23 0.38750000000000007 0.6703125 0.3234375000000001 0.6703125 0.3234375000000001 0.996875 0.38750000000000007 0.996875
23 0.5843750000000002 0.80078125 0.2550781250000001 0.80078125 0.2550781250000001 0.865625 0.5843750000000002 0.865625
23 0.6484375000000002 0.803125 0.31914062500000007 0.803125 0.31914062500000007 0.8671875 0.6484375000000002 0.8671875
23 0.7140625000000002 0.79765625 0.38554687500000007 0.79765625 0.38554687500000007 0.865625 0.7140625000000002 0.865625
23 0.6515625 0.6640625 0.582421875 0.6640625 0.5824218750000001 0.9984375 0.6515625000000002 0.9984375
23 0.8453125 0.8 0.5222656250000002 0.8 0.5222656250000002 0.8640625 0.8453125 0.8640625
23 0.90625 0.80390625 0.5894531250000001 0.80390625 0.5894531250000001 0.86875 0.90625 0.86875
23 0.9734375 0.6765625000000002 0.908984375 0.6765625000000002 0.908984375 0.99375 0.9734375 0.99375
23 0.96875 0.8078125 0.6550781250000002 0.8078125 0.6550781250000002 0.871875 0.96875 0.871875
23 1 0.806640625 0.7207031250000002 0.806640625 0.7207031250000002 0.8703125 1 0.8703125