23 0.20805369062500004 0.32550335625 0.13842281875000004 0.32550335625 0.13842281875000007 0.6711409390624999 0.20805369062500007 0.6711409390624999
23 0.2768456375 0.3221476515625 0.207214765625 0.3221476515625 0.20721476562500002 0.6703020140625 0.2768456375000001 0.6703020140625
23 0.34395973125000007 0.323825503125 0.2768456375 0.323825503125 0.2768456375 0.671979865625 0.3439597312500001 0.671979865625
23 0.4161073828125 0.323825503125 0.346476509375 0.323825503125 0.3464765093750001 0.671979865625 0.4161073828125 0.671979865625
23 0.48489932812500003 0.3255033562500001 0.41526845625000003 0.3255033562500001 0.41526845625000003 0.6711409390624999 0.48489932812500003 0.6711409390624999
23 0.5520134234375 0.3271812078125001 0.48489932812500003 0.3271812078125001 0.48489932812500003 0.6728187921875 0.5520134234375 0.6728187921875
23 0.6241610734374999 0.3255033562500001 0.5520134234375 0.3255033562500001 0.5520134234375 0.6711409390624999 0.6241610734374999 0.6711409390624999
23 0.694630871875 0.3255033562500001 0.6224832218749999 0.3255033562500001 0.6224832218749999 0.6711409390624999 0.694630871875 0.6711409390624999
23 0.7667785234375 0.32885906093750006 0.694630871875 0.32885906093750006 0.694630871875 0.6719798656250001 0.7667785234375 0.6719798656250002
23 0.8355704703125 0.3322147656250001 0.765939596875 0.3322147656250001 0.765939596875 0.6728187921875002 0.8355704703125 0.6728187921875002
23 0.9077181203125001 0.3338926171875001 0.8355704703125 0.3338926171875001 0.8355704703125 0.6719798656250002 0.9077181203125001 0.6719798656250002
23 0.9765100671875 0.3422818796875001 0.9068791953125 0.3422818796875001 0.9068791953125 0.6703020140625002 0.9765100671875 0.6703020140625002
23 1 0.3439597312500001 0.9765100671875 0.3439597312500001 0.9765100671875 0.6711409390625002 1 0.6711409390625002
23 0.06711409375000002 4.109553004430646e-18 0 0 1.7362861491557236e-17 0.283557046875 0.06711409375000005 0.283557046875
23 0.13758389218750003 1.2431397886240465e-17 0.06543624218750001 8.013628454315288e-18 0.06543624218750002 0.2818791953125 0.13758389218750006 0.2818791953125
23 0.20973154374999997 2.1061459195544815e-17 0.1342281875 1.6438212017722576e-17 0.13422818750000004 0.283557046875 0.20973154374999997 0.283557046875
23 0.2768456375 2.9640151164050433e-17 0.207214765625 2.537648994587252e-17 0.207214765625 0.2818791953125 0.2768456375 0.2818791953125
23 0.3473154359375 3.8270212473354783e-17 0.2776845640625 3.4006551255176877e-17 0.2776845640625 0.2818791953125 0.3473154359375 0.2818791953125
23 0.4161073828125 4.6694796132437606e-17 0.346476509375 4.2431134818584165e-17 0.346476509375 0.28355704687500005 0.4161073828125 0.28355704687500005
23 0.48657718125000005 5.53248575374175e-17 0.416946309375 5.1061196319239583e-17 0.416946309375 0.28187919531250005 0.48657718125000005 0.28187919531250005
23 0.555369128125 6.374944119650031e-17 0.4857382546875 5.948577988264687e-17 0.4857382546875 0.28187919531250005 0.555369128125 0.28187919531250005
23 0.6241610734374999 7.23281330693304e-17 0.5570469796874999 6.821858006489976e-17 0.5570469796874999 0.28187919531250005 0.6241610734374999 0.28187919531250005
23 0.6929530203125001 8.075271682408875e-17 0.6258389265625001 7.664316381965812e-17 0.6258389265625001 0.28355704687500005 0.6929530203125001 0.28355704687500005
23 0.76342281875 8.907456161022306e-17 0.6912751671875 8.465679208262234e-17 0.6912751671875 0.28355704687500005 0.76342281875 0.28355704687500005
23 0.8338926171875001 9.78587312289502e-17 0.7642617453125 9.359507001077227e-17 0.7642617453125 0.28187919531250005 0.8338926171875001 0.28187919531250005
23 0.9026845640625 1.0628331488803301e-16 0.833053690625 1.0201965357417956e-16 0.833053690625 0.28355704687500005 0.9026845640625 0.28355704687500005
23 0.9681208046875 1.1445105146042004e-16 0.9010067109375001 1.103414984559894e-16 0.9010067109375001 0.28187919531250005 0.9681208046875 0.28187919531250005
23 1 1.2061538106274155e-16 0.9697986578125001 1.1876608221074775e-16 0.9697986578125001 0.28187919531250005 1 0.28187919531250005
23 0.13758389218750006 0.32550335625 0.06795302031250004 0.32550335625 0.06795302031250007 0.6686241609375 0.13758389218750008 0.6686241609375
23 0.06879194687500007 0.3271812078125 4.006814188887431e-17 0.3271812078125 6.107823174362039e-17 0.6703020140625 0.06879194687500009 0.6703020140625
23 1 0.7197986578125002 0.9832214765625 0.7197986578125002 0.9832214765625 1 1 1
23 0.9848993281249999 0.6895973156250002 0.912751678125 0.6895973156250002 0.912751678125 1 0.9848993281249999 1
23 0.912751678125 0.6929530203125002 0.8431208046875 0.6929530203125002 0.8431208046875 1 0.912751678125 1
23 0.84395973125 0.6946308718750002 0.77181208125 0.6946308718750002 0.77181208125 1 0.84395973125 1
23 0.7734899328125 0.6979865765625001 0.70134228125 0.6979865765625 0.7013422812500001 1 0.7734899328125001 1
23 0.7030201343750001 0.7046979859375 0.6333892624999999 0.7046979859375 0.6333892625 1 0.7030201343750002 1
23 0.6342281875000001 0.703020134375 0.564597315625 0.703020134375 0.5645973156250002 1 0.6342281875000002 1
23 0.5654362421875001 0.7046979859375 0.49580536875 0.7046979859375 0.49580536875000003 1 0.5654362421875001 1
23 0.4966442953125001 0.70134228125 0.421979865625 0.70134228125 0.4219798656250001 1 0.4966442953125002 1
23 0.42449664375000007 0.6979865765625 0.3498322140625001 0.6979865765625 0.3498322140625001 1 0.4244966437500001 1
23 0.3506711406250001 0.7046979859375 0.2810402687500001 0.7046979859375 0.2810402687500001 1 0.3506711406250001 1
23 0.28187919531250005 0.7130872484374999 0.21224832187500006 0.7130872484374999 0.21224832187500006 1 0.28187919531250005 1
23 0.07382550312500011 0.7114093953125 0.004194631250000087 0.7114093953125 0.004194631250000105 1 0.07382550312500014 1
23 0.2130872484375001 0.7181208046875 0.1434563765625001 0.7181208046875 0.14345637656250013 1 0.2130872484375001 1
23 0.1426174500000001 0.716442953125 0.0729865765625001 0.716442953125 0.07298657656250011 1 0.14261745000000012 1