23 0.3453125000000001 0.4637059578125 0.0003041109375000568 0.4637059578125 0.00030411093750006094 0.53125 0.3453125000000001 0.53125
23 0.415625 0.46125209843750004 0.06782193750000007 0.46125209843750004 0.06782193750000007 0.5296875 0.415625 0.5296875
23 0.48423343125 0.464592071875 0.13607906875000003 0.464592071875 0.13607906875000003 0.53125 0.48423343125 0.53125
23 0.415625 0.3235790687500001 0.346875 0.32357906875000003 0.34687500000000004 0.6717334312500001 0.415625 0.6717334312500001
23 0.62278733125 0.46342281874999997 0.2771497484375001 0.46342281874999997 0.2771497484375001 0.53125 0.62278733125 0.53125
23 0.551525796875 0.3271812078125001 0.48441170156249996 0.3271812078125001 0.48441170156249996 0.6728187921875 0.551525796875 0.6728187921875
23 0.7609375 0.4628355703125001 0.415383809375 0.4628355703125 0.415383809375 0.5328125000000001 0.7609375 0.5328125000000001
23 0.69375 0.32538800468750007 0.62244651875 0.32538800468750007 0.62244651875 0.6703125 0.69375 0.6703125
23 0.765625 0.3284395984375001 0.6951761750000001 0.3284395984375001 0.6951761750000001 0.6715604015625001 0.765625 0.6715604015625002
23 0.834375 0.3328229859375001 0.7659658140625 0.3328229859375001 0.7659658140625 0.6718750000000002 0.834375 0.6718750000000002
23 0.90625 0.3337038578125001 0.8353397656249999 0.3337038578125001 0.8353397656249999 0.6703125000000002 0.90625 0.6703125000000002
23 1 0.4711881296875002 0.7777265109375 0.4711881296875002 0.7777265109375 0.5406250000000001 1 0.5406250000000001
23 0.9984375 0.3436975656250001 0.9764838515625 0.3436975656250001 0.9764838515625 0.6703125000000002 0.9984375 0.6703125000000002
23 0.1734375 0.10818477343749999 1.3248813650671597e-17 0.10818477343749999 1.734006631787514e-17 0.175 0.1734375 0.175
23 0.13593750000000002 0.00031459687500001233 0.065383809375 0.000314596875000008 0.06538380937500002 0.28125 0.13593750000000004 0.28125
23 0.3125 0.10392197968750003 0.030573615625000012 0.10392197968750001 0.030573615625000015 0.17812500000000003 0.3125 0.17812500000000003
23 0.38125 0.10625000000000002 0.10077600625000001 0.10625 0.10077600625000001 0.17500000000000002 0.38125 0.17500000000000004
23 0.453125 0.10625000000000002 0.171875 0.10625 0.171875 0.17500000000000002 0.453125 0.17500000000000004
23 0.521875 0.10700503281250004 0.23914114843749998 0.10700503281250004 0.23914114843749998 0.17500000000000004 0.521875 0.17500000000000004
23 0.5921875 0.10625000000000007 0.3111367453125 0.10625000000000004 0.3111367453125 0.17500000000000007 0.5921875 0.1750000000000001
23 0.5546875 6.371990376813574e-17 0.4859375 5.95101803960667e-17 0.4859375 0.2812500000000001 0.5546875 0.2812500000000001
23 0.621875 0.0003145968750000722 0.55702600625 0.00031459687500006816 0.55702600625 0.2812500000000001 0.621875 0.2812500000000001
23 0.8 0.10824245000000006 0.5172451765625 0.10824245000000003 0.5172451765625 0.17343750000000008 0.8 0.17343750000000008
23 0.763417575 8.907391953173326e-17 0.6912699250000001 8.465615009980809e-17 0.6912699250000001 0.2828125000000001 0.763417575 0.2828125000000001
23 0.9390625 0.10626572968750012 0.65845218125 0.1062657296875001 0.65845218125 0.1750000000000001 0.9390625 0.17500000000000013
23 0.9015625 1.0622070845609678e-16 0.8331533140625 1.0203185392656501e-16 0.8331533140625 0.2828125000000001 0.9015625 0.2828125000000001
23 0.9671875 1.1443018271355831e-16 0.9015992031250001 1.1041405782208356e-16 0.9015992031250001 0.2812500000000001 0.9671875 0.2812500000000001
23 1 0.1255820062500001 0.84375 0.1255820062500001 0.84375 0.15468750000000012 1 0.15468750000000014
23 0.13715918593750007 0.3253145984375 0.06752831406250004 0.3253145984375 0.06752831406250007 0.6684354015625 0.1371591859375001 0.6684354015625
23 0.06875000000000006 0.32748531875000003 0.000020973437500040103 0.32748531875000003 0.000020973437500061096 0.6703125 0.06875000000000009 0.6703125
23 1 0.7195417359375001 0.983425965625 0.7195417359375001 0.983425965625 0.9984375 1 0.9984375
23 1 0.8083368296875 0.7938915687500001 0.8083368296875 0.7938915687500001 0.8796875 1 0.8796875
23 1 0.8114723156249999 0.7240299921875002 0.8114723156249999 0.7240299921875002 0.8796875 1 0.8796875
23 0.84375 0.6949716859375001 0.771875 0.6949716859375001 0.7718750000000001 0.9984375 0.84375 0.9984375
23 0.8875 0.81300335625 0.5861839328125001 0.81300335625 0.5861839328125001 0.884375 0.8875 0.884375
23 0.8156250003687118 0.8874003765625 0.815625 0.8177695046875 0.5205484480687881 0.81776950625 0.5205484484375 0.887400378125
23 0.6343750000000001 0.7029677015625 0.5647913171875001 0.7029677015625 0.5647913171875001 0.9984375 0.6343750000000001 0.9984375
23 0.6781250000000002 0.8176856109375 0.3829645546875001 0.8176856109375 0.3829645546875001 0.8873164843750001 0.6781250000000002 0.8873164843750001
23 0.6078125000000002 0.81327600625 0.3100933296875001 0.81327600625 0.3100933296875001 0.8875 0.6078125000000002 0.8875
23 0.5375000000000002 0.8113255015625 0.23638317968750008 0.8113255015625 0.23638317968750008 0.8859375 0.5375000000000002 0.8859375
23 0.4625000000000002 0.8177642609375001 0.16819945468750008 0.8177642609375001 0.16819945468750008 0.8859375 0.4625000000000002 0.8859375
23 0.2812500000000001 0.7133808734375 0.21250000000000008 0.7133808734375 0.21250000000000008 1 0.2812500000000001 1
23 0.1828125000000001 0.82094169375 1.0053636175375443e-16 0.82094169375 1.047075581202244e-16 0.8890625 0.1828125000000001 0.8890625
23 0.21250000000000008 0.7184354015625 0.1437500000000001 0.7184354015625 0.1437500000000001 0.9984375 0.21250000000000008 0.9984375
23 0.2484375000000001 0.8234375 1.0084200986728987e-16 0.8234375 1.0505173323935891e-16 0.8921875 0.2484375000000001 0.8921875