23 0.20625000000000004 0.3253880046875 0.13822357343750005 0.3253880046875 0.13822357343750008 0.6703125 0.2062500000000001 0.6703125
23 0.275 0.322278734375 0.2070574671875 0.322278734375 0.20705746718750007 0.6703125 0.2750000000000001 0.6703125
23 0.48423343125 0.464592071875 0.13607906875000003 0.464592071875 0.13607906875000003 0.53125 0.48423343125 0.53125
23 0.415625 0.3235790687500001 0.346875 0.32357906875000003 0.34687500000000004 0.6717334312500001 0.415625 0.6717334312500001
23 0.62278733125 0.46342281874999997 0.2771497484375001 0.46342281874999997 0.2771497484375001 0.53125 0.62278733125 0.53125
23 0.551525796875 0.3271812078125001 0.48441170156249996 0.3271812078125001 0.48441170156249996 0.6728187921875 0.551525796875 0.6728187921875
23 0.7607906875 0.46166107500000014 0.4151531046875 0.46166107500000003 0.4151531046875 0.5328125000000001 0.7607906875 0.5328125000000001
23 0.83125 0.46228502500000007 0.485622903125 0.462285025 0.485622903125 0.534375 0.83125 0.5343750000000002
23 0.765625 0.3292785250000001 0.6940855703125 0.3292785250000001 0.6940855703125 0.6718750000000001 0.765625 0.6718750000000002
23 0.9703125 0.4677275593750001 0.6298447984375 0.467727559375 0.6298447984375 0.5373584312500002 0.9703125 0.5373584312500002
23 1 0.46709312031250005 0.7024119125 0.4670931203125 0.7024119125 0.5375000000000001 1 0.5375000000000002
23 0.9765625 0.3423238265625001 0.9071675765625 0.3423238265625001 0.9071675765625 0.6703125000000002 0.9765625 0.6703125000000002
23 0.9984375 0.3436975656250001 0.9764838515625 0.3436975656250001 0.9764838515625 0.6703125000000002 0.9984375 0.6703125000000002
23 0.06562500000000002 0.000372273437500004 4.559034736419572e-20 0.0003722734375 1.734006631787514e-17 0.2828125 0.06562500000000004 0.2828125
23 0.240625 0.10481334062500003 1.283593221043475e-17 0.104813340625 1.7229301128940103e-17 0.1765625 0.240625 0.17656250000000004
23 0.3125 0.10413171093750002 0.02982906875000001 0.1041317109375 0.029829068750000014 0.17812500000000003 0.3125 0.17812500000000003
23 0.275 2.953677021261213e-17 0.2073720640625 2.539575344867205e-17 0.2073720640625 0.28125 0.275 0.28125
23 0.453125 0.10625000000000002 0.171875 0.10625 0.171875 0.17500000000000002 0.453125 0.17500000000000004
23 0.521875 0.10692114062500005 0.2398856953125 0.10692114062500005 0.2398856953125 0.17500000000000004 0.521875 0.17500000000000004
23 0.4859375 5.5300457023997667e-17 0.4171875 5.109073365192864e-17 0.4171875 0.2812500000000001 0.4859375 0.2812500000000001
23 0.6609375 0.10625000000000007 0.379928690625 0.10625000000000004 0.379928690625 0.17500000000000007 0.6609375 0.1750000000000001
23 0.7296875 0.10781250000000006 0.4499790265625 0.10781250000000005 0.4499790265625 0.17343750000000008 0.7296875 0.17343750000000008
23 0.6921875 0.00037227343750008076 0.6265625 0.00037227343750007675 0.6265625 0.2828125000000001 0.6921875 0.2828125000000001
23 0.86875 0.10569945468750008 0.5859427421875 0.10569945468750008 0.5859427421875 0.17784710625000008 0.86875 0.17784710625000008
23 0.8328125 0.00031459687500009776 0.7641201765625001 0.0003145968750000936 0.7641201765625001 0.2812500000000001 0.8328125 0.2812500000000001
23 0.9015625 1.0622070845609678e-16 0.8331533140625 1.0203185392656501e-16 0.8331533140625 0.2828125000000001 0.9015625 0.2828125000000001
23 0.9671875 1.1443018271355831e-16 0.9015992031250001 1.1041405782208356e-16 0.9015992031250001 0.2812500000000001 0.9671875 0.2812500000000001
23 0.9984375 1.2053543745915063e-16 0.9700555796874999 1.187975460659327e-16 0.9700555796874999 0.2812500000000001 0.9984375 0.2812500000000001
23 0.2734375000000001 0.4626730296875 5.666110448586052e-17 0.4626730296875 6.086023284528183e-17 0.53125 0.2734375000000001 0.53125
23 0.06875000000000006 0.32748531875000003 0.000020973437500040103 0.32748531875000003 0.000020973437500061096 0.6703125 0.06875000000000009 0.6703125
23 1 0.8517145562499999 0.8517669890624999 0.8517145562499999 0.8517669890624999 0.8671875 1 0.8671875
23 1 0.8083368296875 0.7938915687500001 0.8083368296875 0.7938915687500001 0.8796875 1 0.8796875
23 1 0.8118498328125 0.7247955125000002 0.8118498328125 0.7247955125000002 0.8796875 1 0.8796875
23 0.84375 0.6942900578125002 0.7718854875 0.6942900578125002 0.7718854875000001 0.9984375 0.84375 0.9984375
23 0.8875 0.81300335625 0.5861839328125001 0.81300335625 0.5861839328125001 0.884375 0.8875 0.884375
23 0.8156250003687251 0.8172976093750002 0.5205589343750001 0.8172976078125002 0.5205589340062751 0.8869284796875002 0.8156250000000002 0.8869284812500002
23 0.7468750000000002 0.8168886328125 0.4509752515625002 0.8168886328125 0.4509752515625002 0.8859375 0.7468750000000002 0.8859375
23 0.5655882968750001 0.704703228125 0.49595742343750004 0.704703228125 0.4959574234375001 1 0.5655882968750002 1
23 0.4953125000000001 0.701452390625 0.422042784375 0.701452390625 0.42204278437500004 0.9984375 0.49531250000000016 0.9984375
23 0.4234375000000001 0.697761115625 0.3494966437500001 0.697761115625 0.3494966437500001 0.9984375 0.4234375000000002 0.9984375
23 0.4625000000000002 0.8173028515625 0.1682099406250001 0.8173028515625 0.1682099406250001 0.8859375 0.4625000000000002 0.8859375
23 0.2812500000000001 0.712793625 0.21250000000000008 0.712793625 0.21250000000000008 0.9997063765625 0.2812500000000001 0.9997063765625
23 0.1828125000000001 0.8208368296874999 1.005235196099058e-16 0.8208368296874999 1.0470113704830008e-16 0.8890625 0.1828125000000001 0.8890625
23 0.21250000000000008 0.7184354015625 0.1437500000000001 0.7184354015625 0.1437500000000001 0.9984375 0.21250000000000008 0.9984375
23 0.2484375000000001 0.8234375 1.0084200986728987e-16 0.8234375 1.0505173323935891e-16 0.8921875 0.2484375000000001 0.8921875