23 0.9765625 0.4453125000000001 0.655859375 0.4453125 0.655859375 0.5101562500000001 0.9765625 0.5101562500000002
23 0.784375 0.3144531250000001 0.720703125 0.3144531250000001 0.720703125 0.6375000000000001 0.784375 0.6375000000000002
23 0.7203125 0.31523437500000007 0.6578125 0.31523437500000007 0.6578125 0.6390625 0.7203125 0.6390625
23 0.784375 0.4449218750000001 0.461328125 0.444921875 0.461328125 0.5093750000000001 0.784375 0.5093750000000001
23 0.590625 0.31718750000000007 0.5265625 0.31718750000000007 0.5265625 0.6390625 0.590625 0.6390625
23 0.5265625 0.3187500000000001 0.4640625 0.3187500000000001 0.4640625 0.640625 0.5265625 0.640625
23 0.590625 0.44453125 0.2695312500000001 0.44453125 0.2695312500000001 0.5109375 0.590625 0.5109375
23 0.525 0.44453125 0.2039062500000001 0.44453125 0.2039062500000001 0.5109375 0.525 0.5109375
23 0.45703125 0.446484375 0.13750000000000004 0.446484375 0.13750000000000004 0.5125 0.45703125 0.5125
23 0.26406250000000003 0.3234375 0.19960937500000003 0.3234375 0.19960937500000006 0.640625 0.2640625000000001 0.640625
23 0.3234375000000001 0.448828125 0.008593750000000056 0.448828125 0.00859375000000006 0.515625 0.3234375000000001 0.515625
23 0.13281250000000006 0.333203125 0.06835937500000004 0.333203125 0.06835937500000007 0.6375 0.13281250000000008 0.6375
23 0.18593750000000003 0.45234375 5.539613255518106e-17 0.45234375 5.955801816165839e-17 0.5203125 0.18593750000000003 0.5203125
23 0.9828125 1.1624577038781518e-16 0.915625 1.1213172254692953e-16 0.915625 0.27812500000000007 0.9828125 0.27812500000000007
23 1 0.10468750000000011 0.7453125 0.10468750000000009 0.7453125 0.1718750000000001 1 0.17187500000000014
23 0.853125 1.0017228114900615e-16 0.7828125 9.586688224575374e-17 0.7828125 0.27812500000000007 0.853125 0.27812500000000007
23 0.784375 9.213553652960166e-17 0.7203125 8.82128397510828e-17 0.7203125 0.2765625000000001 0.784375 0.2765625000000001
23 0.825 0.1062500000000001 0.548828125 0.1062500000000001 0.548828125 0.1703125000000001 0.825 0.1703125000000001
23 0.6546875 0.0015625000000000764 0.591015625 0.001562500000000072 0.591015625 0.27812500000000007 0.6546875 0.27812500000000007
23 0.5890625 6.819273485095906e-17 0.524609375 6.424611918964435e-17 0.524609375 0.2765625000000001 0.5890625 0.2765625000000001
23 0.525 6.037126017671717e-17 0.4609375 5.644856339819831e-17 0.4609375 0.2765625000000001 0.525 0.2765625000000001
23 0.565625 0.10703125000000006 0.28984375 0.10703125000000005 0.28984375 0.16875000000000007 0.565625 0.1687500000000001
23 0.3953125 0.0015625000000000448 0.3328125 0.0015625000000000409 0.3328125 0.27812500000000007 0.3953125 0.27812500000000007
23 0.334375 3.683507950560398e-17 0.2671875 3.2721031664718344e-17 0.2671875 0.278125 0.334375 0.278125
23 0.371875 0.10625000000000002 0.09570312500000003 0.10625 0.09570312500000003 0.17031250000000003 0.371875 0.17031250000000003
23 0.3078125 0.10703125000000002 0.03164062500000001 0.10703125 0.03164062500000002 0.17187500000000003 0.3078125 0.17187500000000006
23 0.13906250000000003 1.3203223303307403e-17 0.0765625 9.376202055971923e-18 0.07656250000000002 0.2765625 0.13906250000000003 0.2765625
23 0.1796875 0.1046875 1.2820521178573852e-17 0.1046875 1.6934569019459495e-17 0.171875 0.1796875 0.171875
23 0.9140625 0.3167968750000001 0.849609375 0.3167968750000001 0.849609375 0.6359375000000002 0.9140625 0.6359375000000002
23 1 0.44648437500000016 0.786328125 0.44648437500000016 0.786328125 0.5093750000000001 1 0.5093750000000001
23 0.1882812500000001 0.810546875 9.926336360276399e-17 0.810546875 1.0301862820171192e-16 0.871875 0.1882812500000001 0.871875
23 0.2656250000000001 0.79453125 9.730201521350454e-17 0.79453125 1.013682252887985e-16 0.8609375 0.2656250000000001 0.8609375
23 0.3281250000000001 0.795703125 9.744552851027962e-17 0.795703125 1.0134430640600264e-16 0.859375 0.3281250000000001 0.859375
23 0.3921875000000001 0.79453125 0.05859375000000009 0.79453125 0.0585937500000001 0.8609375 0.3921875000000001 0.8609375
23 0.32500000000000007 0.6640625 0.2578125000000001 0.6640625 0.2578125000000001 0.9984375 0.32500000000000007 0.9984375
23 0.38750000000000007 0.6703125 0.3234375000000001 0.6703125 0.3234375000000001 0.996875 0.38750000000000007 0.996875
23 0.4515625000000001 0.66875 0.3871093750000001 0.66875 0.3871093750000001 0.9984375 0.4515625000000002 0.9984375
23 0.5156250000000001 0.6703125 0.451953125 0.6703125 0.45195312500000007 1 0.5156250000000002 1
23 0.5843750000000001 0.6671875 0.516015625 0.6671875 0.5160156250000001 0.996875 0.5843750000000002 0.996875
23 0.6515625 0.6640625 0.583203125 0.6640625 0.583203125 0.9984375 0.6515625000000002 0.9984375
23 0.7156250000000001 0.670703125 0.651953125 0.670703125 0.6519531250000001 0.99375 0.7156250000000002 0.99375
23 0.7796875000000001 0.6781250000000001 0.715234375 0.678125 0.7152343750000001 0.9953125 0.7796875000000002 0.9953125
23 0.9734375 0.6765625000000002 0.908984375 0.6765625000000002 0.908984375 0.99375 0.9734375 0.99375
23 0.84375 0.6832031250000001 0.780078125 0.6832031250000001 0.7800781250000001 0.996875 0.84375 0.996875
23 0.909375 0.6808593750000002 0.845703125 0.6808593750000002 0.845703125 0.9953125 0.909375 0.9953125