23 0.0750000000000001 0.75788738125 9.281443555619823e-17 0.75788738125 1.0323848330103097e-16 0.928125 0.07500000000000011 0.928125
23 0.19938098906250007 0.802161540625 0.0281250000000001 0.802161540625 0.028125000000000105 0.8828125 0.19938098906250007 0.8828125
23 0.2390625000000001 0.757435603125 0.1531250000000001 0.757435603125 0.15312500000000012 0.9328125 0.2390625000000001 0.9328125
23 0.3187500000000001 0.755873103125 0.23593750000000008 0.755873103125 0.23593750000000008 0.93125 0.3187500000000001 0.93125
23 0.39531250000000007 0.75625 0.3178938703125001 0.75625 0.3178938703125001 0.9265625 0.39531250000000007 0.9265625
23 0.5250000000000001 0.803125 0.3485248593750001 0.803125 0.3485248593750001 0.884375 0.5250000000000001 0.884375
23 0.5546875000000002 0.755873103125 0.47805011875000014 0.755873103125 0.47805011875000014 0.93125 0.5546875000000002 0.93125
23 0.6812500000000001 0.8004892187499999 0.5109375000000002 0.8004892187499999 0.5109375000000002 0.88125 0.6812500000000001 0.88125
23 0.7203125000000001 0.75530900625 0.6369708484375002 0.75530900625 0.6369708484375002 0.93125 0.7203125000000001 0.93125
23 0.8484375 0.8021615421874999 0.6728409546875002 0.8021615421874999 0.6728409546875002 0.8828125 0.8484375 0.8828125
23 0.8796875 0.7527481031250002 0.8015625 0.7527481031250002 0.8015625 0.928125 0.8796875 0.928125
23 0.95625 0.7523737015625002 0.88125 0.7523737015625002 0.88125 0.921875 0.95625 0.921875
23 0.9996904953125 0.7528878781250002 0.9565595046875 0.7528878781250002 0.9565595046875 0.915625 0.9996904953125 0.915625
23 0.1546875000000001 0.5849041546875 0.07656250000000006 0.5849041546875 0.07656250000000007 0.7140625 0.1546875000000001 0.7140625
23 0.2562500000000001 0.6125 0.1296325875000001 0.6125 0.1296325875000001 0.6875 0.2562500000000001 0.6875
23 0.3000000000000001 0.584375 0.2308631187500001 0.584375 0.2308631187500001 0.709375 0.3000000000000001 0.709375
23 0.3734375000000001 0.58678614375 0.3006614421875001 0.58678614375 0.3006614421875001 0.7109375 0.3734375000000001 0.7109375
23 0.47902855312500003 0.6133436515625 0.3488368609375001 0.6133436515625 0.3488368609375001 0.6875 0.47902855312500003 0.6875
23 0.5265625 0.586057309375 0.4515625 0.586057309375 0.4515625 0.715625 0.5265625 0.715625
23 0.6265625 0.6156324890625 0.49660043906249995 0.6156324890625 0.49660043906249995 0.6859375 0.6265625 0.6859375
23 0.7 0.6164761375000001 0.5728883796875001 0.6164761375000001 0.5728883796875001 0.6859375 0.7 0.6859375
23 0.7733676125 0.6141074265625001 0.6455720859375 0.6141074265625 0.6455720859375 0.6890625000000001 0.7733676125 0.6890625000000001
23 0.821875 0.5875000000000001 0.7472169531249999 0.5875000000000001 0.7472169531249999 0.7125000000000001 0.821875 0.7125000000000001
23 0.8945537140625 0.5875000000000001 0.8210712859375 0.5875000000000001 0.8210712859375 0.7125000000000001 0.8945537140625 0.7125000000000001
23 0.99375 0.6153204859375002 0.8703674124999999 0.6153204859375002 0.8703674124999999 0.6859375000000002 0.99375 0.6859375000000002
23 0.20312500000000008 0.40625 0.0011880984375000497 0.40625 0.0011880984375000547 0.4875 0.20312500000000008 0.4875
23 0.23125000000000004 0.3453125 0.14558456562500005 0.3453125 0.14558456562500005 0.5484375 0.2312500000000001 0.5484375
23 0.3703125000000001 0.4058406546875 0.17293081093750004 0.4058406546875 0.17293081093750004 0.4859375 0.3703125000000001 0.4859375
23 0.4515625006455288 0.4883461453125001 0.4515625 0.406876496875 0.25436551654197126 0.4068764984375 0.2543655171875 0.4883461468750001
23 0.4734375 0.34843750000000007 0.393640175 0.34843750000000007 0.39364017500000004 0.546875 0.4734375 0.546875
23 0.615625 0.40653454375000003 0.41730481406250003 0.40653454375000003 0.41730481406250003 0.4875 0.615625 0.4875
23 0.696875 0.40835163906250005 0.49873951562499996 0.40835163906250005 0.49873951562499996 0.4890625 0.696875 0.4890625
23 0.7231829078125 0.3500000000000001 0.6393170921875 0.3500000000000001 0.6393170921875 0.5484375 0.7231829078125 0.5484375
23 0.8046875 0.34843750000000007 0.7229108421875 0.34843750000000007 0.7229108421875 0.5468750000000001 0.8046875 0.5468750000000002
23 0.88125 0.34843750000000007 0.80625 0.34843750000000007 0.80625 0.5468750000000002 0.88125 0.5468750000000002
23 0.96875 0.3500000000000001 0.883341653125 0.3500000000000001 0.883341653125 0.5484375000000001 0.96875 0.5484375000000001