23 1 0.7496093750000001 0.9203125 0.7496093750000001 0.9203125 0.9171875 1 0.9171875
23 0.965625 0.7941406250000002 0.7976562500000002 0.7941406250000002 0.7976562500000002 0.8734375 0.965625 0.8734375
23 0.84375 0.7500000000000002 0.7593750000000001 0.7500000000000002 0.7593750000000001 0.9234375 0.84375 0.9234375
23 0.8078125 0.7945312500000001 0.6355468750000002 0.79453125 0.6355468750000002 0.875 0.8078125 0.875
23 0.6828125000000002 0.748828125 0.6062500000000002 0.748828125 0.6062500000000002 0.915625 0.6828125000000002 0.915625
23 0.6062500000000002 0.7484375 0.5265625000000002 0.7484375 0.5265625000000002 0.921875 0.6062500000000002 0.921875
23 0.5265625000000002 0.7484375 0.4500000000000002 0.7484375 0.4500000000000002 0.921875 0.5265625000000002 0.921875
23 0.4500000000000002 0.748828125 0.3703125000000001 0.748828125 0.3703125000000001 0.915625 0.4500000000000002 0.915625
23 0.3703125000000001 0.7484375 0.2886718750000001 0.7484375 0.2886718750000001 0.921875 0.3703125000000001 0.921875
23 0.2890625000000001 0.746875 0.2093750000000001 0.746875 0.2093750000000001 0.9203125 0.2890625000000001 0.9203125
23 0.2578125000000001 0.79375 0.08437500000000009 0.79375 0.0843750000000001 0.8703125 0.2578125000000001 0.8703125
23 0.1781250000000001 0.7921875 0.011328125000000097 0.7921875 0.011328125000000102 0.865625 0.1781250000000001 0.865625
23 0.10937500000000008 0.796875 9.758904180705471e-17 0.796875 1.0112903646084002e-16 0.8546875 0.10937500000000008 0.8546875
23 0.91875 0.5816406250000001 0.8421875 0.5816406250000001 0.8421875 0.7078125000000002 0.91875 0.7078125000000002
23 0.840625 0.5828125000000002 0.767578125 0.5828125000000002 0.767578125 0.7078125000000002 0.840625 0.7078125000000002
23 0.7671875 0.5816406250000001 0.698046875 0.581640625 0.698046875 0.7031250000000001 0.7671875 0.7031250000000002
23 0.725 0.608203125 0.603125 0.608203125 0.603125 0.6796875 0.725 0.6796875
23 0.6515625 0.609375 0.525390625 0.609375 0.525390625 0.6828125 0.6515625 0.6828125
23 0.578125 0.608984375 0.4515625 0.608984375 0.4515625 0.6828125 0.578125 0.6828125
23 0.478125 0.583203125 0.409765625 0.583203125 0.409765625 0.709375 0.478125 0.709375
23 0.4046875 0.584375 0.3363281250000001 0.584375 0.3363281250000001 0.709375 0.4046875 0.709375
23 0.3609375000000001 0.609375 0.2371093750000001 0.609375 0.2371093750000001 0.68359375 0.3609375000000001 0.68359375
23 0.28593750000000007 0.608203125 0.1652343750000001 0.608203125 0.1652343750000001 0.68125 0.28593750000000007 0.68125
23 0.1906250000000001 0.584375 0.11875000000000009 0.584375 0.11875000000000009 0.70625 0.1906250000000001 0.70625
23 0.11562500000000009 0.584375 0.04687500000000007 0.584375 0.046875000000000076 0.70625 0.11562500000000009 0.70625
23 0.9328125 0.3472656250000001 0.853125 0.3472656250000001 0.853125 0.5453125000000002 0.9328125 0.5453125000000002
23 0.8515625 0.3472656250000001 0.7671875 0.3472656250000001 0.7671875 0.5453125000000002 0.8515625 0.5453125000000002
23 0.7671875 0.3480468750000001 0.6875 0.3480468750000001 0.6875 0.5421875 0.7671875 0.5421875000000002
23 0.74375 0.4074218750000001 0.55078125 0.407421875 0.55078125 0.4859375000000001 0.74375 0.4859375000000002
23 0.665625 0.407421875 0.47265625 0.407421875 0.47265625 0.4859375 0.665625 0.4859375
23 0.528125 0.35039062500000007 0.4484375 0.35039062500000007 0.4484375 0.54375 0.528125 0.54375
23 0.4484375 0.3519531250000001 0.36875 0.3519531250000001 0.36875 0.5453125 0.4484375 0.5453125
23 0.4234375 0.408203125 0.2292968750000001 0.408203125 0.2292968750000001 0.4890625 0.4234375 0.4890625
23 0.28593750000000007 0.350390625 0.204296875 0.350390625 0.20429687500000004 0.54375 0.28593750000000007 0.54375
23 0.2640625000000001 0.409765625 0.07070312500000005 0.409765625 0.07070312500000006 0.483984375 0.2640625000000001 0.483984375
23 0.12968750000000007 0.351171875 0.04531250000000005 0.351171875 0.045312500000000054 0.5453125 0.1296875000000001 0.5453125