23 0.0750798718750001 0.7571884984375 9.27288470962675e-17 0.7571884984375 1.0324398531380273e-16 0.9289137375 0.07507987187500012 0.9289137375
23 0.15495207656250012 0.7571884984375 0.07348242812500008 0.7571884984375 0.0734824281250001 0.9289137375 0.15495207656250015 0.9289137375
23 0.2396166140625001 0.7571884984375 0.15335463281250009 0.7571884984375 0.1533546328125001 0.9345047921875 0.2396166140625001 0.9345047921875
23 0.3194888171875001 0.7555910546875 0.2356230031250001 0.7555910546875 0.2356230031250001 0.9329073484375 0.3194888171875001 0.9329073484375
23 0.3961661343750001 0.7555910546875 0.31789137343750007 0.7555910546875 0.31789137343750007 0.92731629375 0.3961661343750001 0.92731629375
23 0.47763578281250013 0.7555910546875 0.3961661343750001 0.7555910546875 0.3961661343750001 0.9329073484375 0.47763578281250013 0.9329073484375
23 0.5559105437500003 0.7555910546875 0.47763578281250013 0.7555910546875 0.47763578281250013 0.9329073484375 0.5559105437500003 0.9329073484375
23 0.6373801921875002 0.7555910546875 0.5559105437500003 0.7555910546875 0.5559105437500003 0.92731629375 0.6373801921875002 0.92731629375
23 0.7204472843750002 0.7555910546875 0.6365814703125002 0.7555910546875 0.6365814703125002 0.9329073484375 0.7204472843750002 0.9329073484375
23 0.8019169328125001 0.7539936109375001 0.7204472843750002 0.7539936109375 0.7204472843750002 0.9313099046875 0.8019169328125001 0.9313099046875
23 0.88019169375 0.7523961656250002 0.8019169328125001 0.7523961656250002 0.8019169328125001 0.929712459375 0.88019169375 0.929712459375
23 0.956869009375 0.7523961656250002 0.8809904156249999 0.7523961656250002 0.8809904156249999 0.9241214062499999 0.956869009375 0.9241214062499999
23 1 0.7523961656250002 0.956869009375 0.7523961656250002 0.956869009375 0.9169329078124999 1 0.9169329078124999
23 0.1549520765625001 0.5846645374999999 0.07667731562500006 0.5846645374999999 0.07667731562500008 0.7148562296875001 0.1549520765625001 0.7148562296875001
23 0.23162939375000008 0.5862619812500001 0.1557507984375001 0.5862619812500001 0.1557507984375001 0.7140575078125 0.23162939375000008 0.7140575078125
23 0.3019169328125001 0.5846645374999999 0.2308306703125001 0.5846645374999999 0.2308306703125001 0.7100638984375001 0.3019169328125001 0.7100638984375001
23 0.3738019171875001 0.5862619812500001 0.3003194890625001 0.5862619812500001 0.3003194890625001 0.7116613421875 0.3738019171875001 0.7116613421875
23 0.4520766765625 0.5862619812500001 0.3761980828125001 0.5862619812500001 0.3761980828125001 0.7164536734375 0.4520766765625 0.7164536734375
23 0.5271565500000001 0.5862619812500001 0.4512779546875 0.5862619812500001 0.4512779546875 0.7164536734375 0.5271565500000001 0.7164536734375
23 0.5974440890625 0.5862619812500001 0.526357828125 0.5862619812500001 0.526357828125 0.7164536734375 0.5974440890625 0.7164536734375
23 0.6725239609375 0.587859425 0.6014377 0.587859425 0.6014377 0.7156549515624999 0.6725239609375 0.7156549515624999
23 0.747603834375 0.5878594250000001 0.6717252390625 0.587859425 0.6717252390625 0.7156549515625 0.747603834375 0.7156549515625001
23 0.82268370625 0.5878594250000002 0.7468051124999999 0.5878594250000002 0.7468051124999999 0.7132587859375001 0.82268370625 0.7132587859375001
23 0.894568690625 0.5878594250000002 0.8210862625 0.5878594250000002 0.8210862625 0.7132587859375001 0.894568690625 0.7132587859375001
23 0.96805111875 0.5878594250000002 0.89696485625 0.5878594250000002 0.89696485625 0.7132587859375001 0.96805111875 0.7132587859375001
23 0.1437699687500001 0.3450479234375 0.06230031875000005 0.3450479234375 0.06230031875000006 0.5487220453125 0.1437699687500001 0.5487220453125
23 0.23162939375000002 0.3450479234375 0.14536741250000004 0.3450479234375 0.14536741250000007 0.5487220453125 0.23162939375000008 0.5487220453125
23 0.31309904218750007 0.3466453671875 0.23162939374999997 0.3466453671875 0.23162939375000002 0.54552715625 0.31309904218750007 0.54552715625
23 0.39456869062500005 0.34824281093750004 0.3130990421875 0.3482428109375 0.31309904218750007 0.5471246 0.3945686906250001 0.5471246
23 0.4744408953125 0.3482428109375001 0.3929712453125 0.3482428109375001 0.39297124531250005 0.5471246 0.4744408953125 0.5471246
23 0.5575079875 0.3482428109375001 0.4760383390625 0.3482428109375001 0.4760383390625 0.5471246 0.5575079875 0.5471246
23 0.6389776359375 0.3498402562500001 0.5575079875 0.3498402562500001 0.5575079875 0.5487220453125 0.6389776359375 0.5487220453125
23 0.723642171875 0.3498402562500001 0.6397763578125 0.3498402562500001 0.6397763578125 0.5487220453125 0.723642171875 0.5487220453125
23 0.8067092656250001 0.3482428109375001 0.7228434499999999 0.3482428109375001 0.7228434499999999 0.5471246000000001 0.8067092656250001 0.5471246000000002
23 0.8817891375 0.3482428109375001 0.8059105437499999 0.3482428109375001 0.8059105437499999 0.5471246000000002 0.8817891375 0.5471246000000002
23 0.9696485625 0.3498402562500001 0.8833865812499999 0.3498402562500001 0.8833865812499999 0.5487220453125002 0.9696485625 0.5487220453125002