23 1 0.7500000000000002 0.9203125 0.7500000000000002 0.9203125 0.91796875 1 0.91796875
23 0.921875 0.7500000000000002 0.8421875 0.7500000000000002 0.8421875 0.91796875 0.921875 0.91796875
23 0.84375 0.7500000000000002 0.7593750000000001 0.7500000000000002 0.7593750000000001 0.9234375 0.84375 0.9234375
23 0.7632812500000001 0.7484375000000001 0.6812500000000001 0.7484375 0.6812500000000001 0.921875 0.7632812500000001 0.921875
23 0.6828125000000002 0.7484375 0.6062500000000002 0.7484375 0.6062500000000002 0.91640625 0.6828125000000002 0.91640625
23 0.6062500000000002 0.7484375 0.5265625000000002 0.7484375 0.5265625000000002 0.921875 0.6062500000000002 0.921875
23 0.5265625000000002 0.7484375 0.4500000000000002 0.7484375 0.4500000000000002 0.921875 0.5265625000000002 0.921875
23 0.4500000000000002 0.7484375 0.3703125000000001 0.7484375 0.3703125000000001 0.91640625 0.4500000000000002 0.91640625
23 0.3710937500000001 0.7484375 0.2890625000000001 0.7484375 0.2890625000000001 0.921875 0.3710937500000001 0.921875
23 0.2890625000000001 0.746875 0.2093750000000001 0.746875 0.2093750000000001 0.9203125 0.2890625000000001 0.9203125
23 0.2093750000000001 0.7453125 0.13281250000000008 0.7453125 0.1328125000000001 0.91875 0.2093750000000001 0.91875
23 0.1320312500000001 0.7453125 0.057812500000000086 0.7453125 0.0578125000000001 0.91328125 0.13203125000000013 0.91328125
23 0.0578125000000001 0.7453125 9.127445674895118e-17 0.7453125 1.0112903646084002e-16 0.90625 0.057812500000000114 0.90625
23 0.91875 0.5812500000000002 0.8421875 0.5812500000000002 0.8421875 0.7085937500000001 0.91875 0.7085937500000001
23 0.84140625 0.5828125000000002 0.7671875 0.5828125000000002 0.7671875 0.7078125000000002 0.84140625 0.7078125000000002
23 0.76796875 0.58125 0.6984375 0.58125 0.6984375 0.7039062500000001 0.76796875 0.7039062500000002
23 0.7 0.5828125 0.628125 0.5828125 0.628125 0.70546875 0.7 0.70546875
23 0.62578125 0.5828125 0.5515625 0.5828125 0.5515625 0.71015625 0.62578125 0.71015625
23 0.55234375 0.5828125 0.478125 0.5828125 0.478125 0.71015625 0.55234375 0.71015625
23 0.47890625 0.5828125 0.409375 0.5828125 0.409375 0.71015625 0.47890625 0.71015625
23 0.40546875 0.584375 0.3359375000000001 0.584375 0.3359375000000001 0.709375 0.40546875 0.709375
23 0.33671875000000007 0.584375 0.26250000000000007 0.584375 0.26250000000000007 0.709375 0.33671875000000007 0.709375
23 0.2632812500000001 0.584375 0.18906250000000008 0.584375 0.18906250000000008 0.70703125 0.2632812500000001 0.70703125
23 0.1906250000000001 0.584375 0.11875000000000009 0.584375 0.11875000000000009 0.70703125 0.1906250000000001 0.70703125
23 0.11640625000000009 0.584375 0.04687500000000007 0.584375 0.046875000000000076 0.70703125 0.11640625000000009 0.70703125
23 0.9328125 0.3468750000000001 0.853125 0.3468750000000001 0.853125 0.5460937500000002 0.9328125 0.5460937500000002
23 0.8515625 0.3468750000000001 0.7671875 0.3468750000000001 0.7671875 0.5460937500000002 0.8515625 0.5460937500000002
23 0.7671875 0.34843750000000007 0.6875 0.34843750000000007 0.6875 0.5429687500000001 0.7671875 0.5429687500000002
23 0.6875 0.3500000000000001 0.6078125 0.3500000000000001 0.6078125 0.54453125 0.6875 0.54453125
23 0.609375 0.3500000000000001 0.5296875 0.3500000000000001 0.5296875 0.54453125 0.609375 0.54453125
23 0.528125 0.3500000000000001 0.4484375 0.3500000000000001 0.4484375 0.54453125 0.528125 0.54453125
23 0.4484375 0.3515625000000001 0.36875 0.3515625000000001 0.36875 0.54609375 0.4484375 0.54609375
23 0.36796875000000007 0.35156250000000006 0.2859375 0.3515625 0.28593750000000007 0.54609375 0.36796875000000007 0.54609375
23 0.28671875 0.35 0.2046875 0.35 0.20468750000000005 0.54453125 0.2867187500000001 0.54453125
23 0.20546875000000003 0.35 0.13125000000000003 0.35 0.13125000000000006 0.54453125 0.2054687500000001 0.54453125
23 0.12968750000000007 0.3515625 0.04531250000000005 0.3515625 0.045312500000000054 0.54609375 0.1296875000000001 0.54609375