23 0.12270367343750008 0.8054712468749999 9.86417784290696e-17 0.8054712468749999 1.0318621327078167e-16 0.8796875 0.12270367343750008 0.8796875
23 0.2000000000000001 0.8024710468749999 0.0290535156250001 0.8024710468749999 0.029053515625000102 0.8828125 0.2000000000000001 0.8828125
23 0.2843750000000001 0.8023237812499999 0.10781250000000009 0.8023237812499999 0.10781250000000009 0.8875 0.2843750000000001 0.8875
23 0.3656250000000001 0.8021041343749999 0.18906250000000008 0.8021041343749999 0.18906250000000008 0.884375 0.3656250000000001 0.884375
23 0.44062500000000016 0.8023137984375 0.2711187093750001 0.8023137984375 0.2711187093750001 0.880588559375 0.44062500000000016 0.880588559375
23 0.5250000000000001 0.803125 0.3485248593750001 0.803125 0.3485248593750001 0.884375 0.5250000000000001 0.884375
23 0.6046875000000002 0.804697484375 0.4283970656250002 0.804697484375 0.4283970656250002 0.8828125 0.6046875000000002 0.8828125
23 0.6812500000000001 0.8004892187499999 0.5109375000000002 0.8004892187499999 0.5109375000000002 0.88125 0.6812500000000001 0.88125
23 0.7656250000000002 0.802705671875 0.5901382796875001 0.802705671875 0.5901382796875001 0.8859375 0.7656250000000002 0.8859375
23 0.8015625 0.7543106031250001 0.7203125000000001 0.754310603125 0.7203125000000001 0.9296875 0.8015625 0.9296875
23 0.8796875 0.7520442281250002 0.8023462468749999 0.7520442281250002 0.8023462468749999 0.928125 0.8796875 0.928125
23 0.95625 0.7524186296875002 0.88125 0.7524186296875002 0.88125 0.921875 0.95625 0.921875
23 1 0.7519044515625002 0.9571785140625 0.7519044515625002 0.9571785140625 0.915625 1 0.915625
23 0.1546875000000001 0.5849041546875 0.07656250000000006 0.5849041546875 0.07656250000000007 0.7140625 0.1546875000000001 0.7140625
23 0.2296875000000001 0.5864217265625 0.1556908937500001 0.5864217265625 0.1556908937500001 0.7140625 0.2296875000000001 0.7140625
23 0.3281250000000001 0.6118535359374999 0.2041633390625001 0.6118535359374999 0.2041633390625001 0.68125 0.3281250000000001 0.68125
23 0.3734375000000001 0.5859375 0.3000000000000001 0.5859375 0.3000000000000001 0.7109375 0.3734375000000001 0.7109375
23 0.4794378984375 0.6134934109375 0.3492462062500001 0.6134934109375 0.3492462062500001 0.6875 0.4794378984375 0.6875
23 0.554108425 0.6132637765625 0.423916734375 0.6132637765625 0.423916734375 0.6875 0.554108425 0.6875
23 0.596875 0.5864666546875 0.5265625 0.5864666546875 0.5265625 0.715625 0.596875 0.715625
23 0.7 0.6159519765625 0.5732777546875 0.6159519765625 0.5732777546875 0.6859375 0.7 0.6859375
23 0.7733676125 0.6141074265625001 0.6455720859375 0.6141074265625 0.6455720859375 0.6890625000000001 0.7733676125 0.6890625000000001
23 0.821875 0.5884185296875002 0.7463932718749999 0.5884185296875002 0.7463932718749999 0.7125000000000001 0.821875 0.7125000000000001
23 0.9199680515624999 0.6138328687500001 0.7953125 0.6138328687500001 0.7953125 0.6873152953125002 0.9199680515624999 0.6873152953125002
23 0.99375 0.6147114609375002 0.8692492015625 0.6147114609375002 0.8692492015625 0.6857977250000002 0.99375 0.6857977250000002
23 0.14218750000000008 0.3453125 0.06239017500000005 0.3453125 0.06239017500000006 0.5484375 0.14218750000000008 0.5484375
23 0.2890625000000001 0.403971146875 0.08665135781250004 0.403971146875 0.08665135781250005 0.4890625 0.2890625000000001 0.4890625
23 0.3703125000000001 0.40486221875000006 0.17291583437500005 0.40486221875000006 0.17291583437500005 0.4859375 0.3703125000000001 0.4859375
23 0.39375000000000004 0.34843750000000007 0.313026659375 0.3484375 0.31302665937500007 0.546875 0.3937500000000001 0.546875
23 0.5328125 0.40761780937500003 0.3343750000000001 0.40761780937500003 0.3343750000000001 0.4875 0.5328125 0.4875
23 0.55625 0.34843750000000007 0.4756240015625 0.34843750000000007 0.4756240015625 0.546875 0.55625 0.546875
23 0.696875 0.40874101406249996 0.49886431875000004 0.40874101406249996 0.49886431875000004 0.4890625 0.696875 0.4890625
23 0.7796875 0.4068889796875001 0.5823307703125 0.40688897968750004 0.5823307703125 0.4906250000000001 0.7796875 0.4906250000000002
23 0.8625 0.4062500000000001 0.6653080078125 0.40625 0.6653080078125 0.48906250000000007 0.8625 0.4890625000000002
23 0.9421875 0.4096445671875002 0.7444364015625 0.4096445671875002 0.7444364015625 0.48437500000000017 0.9421875 0.48437500000000017
23 1 0.4061052312500002 0.8270142765624999 0.4061052312500002 0.8270142765624999 0.49218750000000017 1 0.49218750000000017