23 0.17187500000000006 0.38850965625 4.757871069644009e-17 0.38850965625 5.277904129678629e-17 0.4734375 0.17187500000000006 0.4734375
23 0.7921875000000002 0.80625 0.6370379968750002 0.80625 0.6370379968750002 0.8773982546875001 0.7921875000000002 0.8773982546875001
23 0.6796875000000002 0.7488268265625 0.6172420046875001 0.7488268265625 0.6172420046875001 0.9199231734375 0.6796875000000002 0.9199231734375
23 0.6734375000000001 0.79846605 0.49372404531250014 0.79846605 0.49372404531250014 0.8609375 0.6734375000000001 0.8609375
23 0.6187500000000001 0.79373961875 0.4251816859375002 0.79373961875 0.4251816859375002 0.8515625 0.6187500000000001 0.8515625
23 0.6484375 0.0002258109375000748 0.5726666328125 0.00022581093750007018 0.5726666328125 0.27031250000000007 0.6484375 0.27031250000000007
23 0.6734375 0.09839856718750006 0.4042955765625 0.09839856718750004 0.4042955765625 0.17031250000000006 0.6734375 0.1703125000000001
23 0.5 0.00007786562500005688 0.42879464218749996 0.00007786562500005253 0.42879464218749996 0.2656250000000001 0.5 0.2656250000000001
23 0.5265625 0.09887354531250005 0.2632604859375 0.09887354531250002 0.2632604859375 0.16406250000000006 0.5265625 0.16406250000000006
23 1 0.3406457640625001 0.9395219046875001 0.3406457640625001 0.9395219046875001 0.7156250000000002 1 0.7156250000000002
23 0.9359375 0.3324153875000001 0.8453099046875 0.3324153875000001 0.8453099046875 0.6859375000000002 0.9359375 0.6859375000000002
23 0.853125 0.3301287390625001 0.775223215625 0.3301287390625001 0.775223215625 0.6796875000000002 0.853125 0.6796875000000002
23 0.909375 0.46610257500000013 0.5594632484375001 0.466102575 0.5594632484375001 0.5468750000000001 0.909375 0.5468750000000002
23 0.825 0.45741798125000005 0.495657703125 0.45741798125 0.495657703125 0.5218750000000001 0.825 0.5218750000000002
23 0.75625 0.4509421718750001 0.42924626093749996 0.45094217187499996 0.42924626093749996 0.5171875000000001 0.75625 0.5171875000000001
23 0.559375 0.31709146562500007 0.49375 0.31709146562500007 0.49375 0.6359375 0.559375 0.6359375
23 0.828125 0.09601847968750009 0.5546875 0.09601847968750007 0.5546875 0.1765625000000001 0.828125 0.1765625000000001
23 0.484375 0.421875 0.19472072343750005 0.421875 0.19472072343750005 0.4875 0.484375 0.4875
23 0.30781250000000004 0.30625 0.2550378953125 0.30625 0.25503789531250004 0.5890625 0.3078125000000001 0.5890625
23 0.37187500000000007 0.41668916093749997 0.09268843437500005 0.41668916093749997 0.09268843437500005 0.475 0.37187500000000007 0.475
23 0.3156250000000001 0.4043552734375 0.043750000000000046 0.4043552734375 0.04375000000000005 0.475 0.3156250000000001 0.475
23 0.909375 0.0911311250000001 0.6359375 0.09113112500000009 0.6359375 0.1828125000000001 0.909375 0.18281250000000013
23 0.9140625 0.0003737546875001061 0.8188590109374999 0.00037375468750010027 0.8188590109374999 0.2750000000000001 0.9140625 0.2750000000000001
23 0.9998546515625 0.0003088671875001171 0.91264535 0.0003088671875001118 0.91264535 0.27812500000000007 0.9998546515625 0.27812500000000007