23 0.08593750000000006 0.3025539875 0.00022061875000003702 0.3025539875 0.00022061875000005285 0.5608596359375 0.08593750000000007 0.5608596359375
23 0.7500000000000002 0.7641144093750001 0.6799107140625001 0.7641144093750001 0.6799107140625001 0.920260590625 0.7500000000000002 0.920260590625
23 0.7342919421875002 0.8026084921875001 0.5631955968750002 0.8026084921875001 0.5631955968750002 0.865625 0.7342919421875002 0.865625
23 0.6156250000000002 0.7392493765625 0.5530341578125002 0.7392493765625 0.5530341578125002 0.9203125 0.6156250000000002 0.9203125
23 0.5513600500000002 0.7262614203125 0.4923899500000002 0.7262614203125 0.4923899500000002 0.91875 0.5513600500000002 0.91875
23 0.7453125 0.09759915000000008 0.47613943125 0.09759915000000007 0.47613943125 0.17343750000000008 0.7453125 0.17343750000000008
23 0.6734375 0.09761472031250007 0.40467452187499997 0.09761472031250004 0.40467452187499997 0.17031250000000006 0.6734375 0.1703125000000001
23 0.4997767859375 5.683126552293186e-17 0.4283482140625 5.2457526927212585e-17 0.4283482140625 0.2656250000000001 0.4997767859375 0.2656250000000001
23 0.428125 4.8411818778793805e-17 0.3625 4.4393446469091554e-17 0.3625 0.26406250000000003 0.428125 0.2640625000000001
23 0.9998468656249999 0.34062500000000007 0.9392156343750001 0.34062500000000007 0.9392156343750001 0.7156250000000002 0.9998468656249999 0.7156250000000002
23 1 0.46449595156250006 0.7128503953124999 0.46449595156249995 0.7128503953124999 0.5546875000000001 1 0.5546875000000002
23 0.9890625 0.4660558546875001 0.6390625 0.46605585468750005 0.6390625 0.5437500000000001 0.9890625 0.5437500000000002
23 0.909375 0.46610257500000013 0.5594632484375001 0.466102575 0.5594632484375001 0.5468750000000001 0.909375 0.5468750000000002
23 0.825 0.45741798125000005 0.495657703125 0.45741798125 0.495657703125 0.5218750000000001 0.825 0.5218750000000002
23 0.6263003515625 0.3204422750000001 0.55985516875 0.3204422750000001 0.55985516875 0.646875 0.6263003515625 0.646875
23 0.559375 0.3174600296875001 0.49375 0.3174600296875001 0.49375 0.6359375 0.559375 0.6359375
23 0.828125 0.09601847968750009 0.5546875 0.09601847968750007 0.5546875 0.1765625000000001 0.828125 0.1765625000000001
23 0.37187500000000007 0.30937500000000007 0.3072155328125 0.309375 0.3072155328125 0.6 0.37187500000000007 0.6
23 0.30781250000000004 0.30625 0.2549288828125 0.30625 0.25492888281250004 0.5890625 0.3078125000000001 0.5890625
23 0.26250000000000007 0.3055673796875 0.20364929375 0.3055673796875 0.20364929375000002 0.584375 0.26250000000000007 0.584375
23 0.3156250000000001 0.405445390625 0.043750000000000046 0.405445390625 0.04375000000000005 0.475 0.3156250000000001 0.475
23 0.909375 0.0907625625000001 0.63612178125 0.09076256250000009 0.63612178125 0.1828125000000001 0.909375 0.18281250000000013
23 0.9140625 0.0003737546875001061 0.8188590109374999 0.00037375468750010027 0.8188590109374999 0.2750000000000001 0.9140625 0.2750000000000001
23 0.9998546515625 0.0003088671875001171 0.91264535 0.0003088671875001118 0.91264535 0.27812500000000007 0.9998546515625 0.27812500000000007