23 0.08637873750000005 0.30232558125 3.702420553781756e-17 0.30232558125 5.2840864815850853e-17 0.5606312296875 0.08637873750000007 0.5606312296875
23 0.7508305640625001 0.7641196015625 0.6794019937500002 0.7641196015625 0.6794019937500002 0.92026578125 0.7508305640625001 0.92026578125
23 0.6810631234375002 0.7491694359375 0.6171096343750002 0.7491694359375 0.6171096343750002 0.92026578125 0.6810631234375002 0.92026578125
23 0.6162790703125002 0.7392026578124999 0.5523255812500002 0.7392026578124999 0.5523255812500002 0.92026578125 0.6162790703125002 0.92026578125
23 0.5514950171875002 0.725913621875 0.49252491718750024 0.725913621875 0.49252491718750024 0.92026578125 0.5514950171875002 0.92026578125
23 0.6495016609375 7.486212993754132e-17 0.5730897015624999 7.018324686428275e-17 0.5730897015624999 0.2707641203125001 0.6495016609375 0.2707641203125001
23 0.576411959375 6.606379526939588e-17 0.5024916937499999 6.153748443490695e-17 0.5024916937499999 0.2699335546875001 0.576411959375 0.2699335546875001
23 0.5 5.685860136164839e-17 0.428571428125 5.2484862765929113e-17 0.428571428125 0.2657807312500001 0.5 0.2657807312500001
23 0.428571428125 4.841626874342467e-17 0.3621262453125 4.4347674720920236e-17 0.3621262453125 0.26411960156250003 0.428571428125 0.2641196015625001
23 1 0.3405315609375001 0.9393687703125 0.3405315609375001 0.9393687703125 0.7159468437500002 1 0.7159468437500002
23 0.9368770765625 0.33222591406250007 0.8446843859375001 0.33222591406250007 0.8446843859375001 0.6877076406250001 0.9368770765625 0.6877076406250001
23 0.8538205984375 0.3305647843750001 0.77491694375 0.3305647843750001 0.77491694375 0.6810631234375002 0.8538205984375 0.6810631234375002
23 0.7757475078125 0.33222591406250007 0.6943521593749999 0.33222591406250007 0.6943521593749999 0.6827242531250001 0.7757475078125 0.6827242531250002
23 0.6943521593749999 0.3255813953125001 0.6279069765624999 0.3255813953125001 0.6279069765624999 0.6553156140625 0.6943521593749999 0.6553156140625
23 0.6262458468750001 0.3205980062500001 0.5598006640625 0.3205980062500001 0.5598006640625 0.64784053125 0.6262458468750001 0.64784053125
23 0.5598006640625 0.3172757468750001 0.49335548124999995 0.3172757468750001 0.49335548124999995 0.6370431890625 0.5598006640625 0.6370431890625
23 0.7325581390625 8.472847037274983e-17 0.651162790625 7.974444272627643e-17 0.651162790625 0.2740863781250001 0.7325581390625 0.2740863781250001
23 0.37375415312500004 0.3089701 0.3073089703125 0.30897009999999997 0.30730897031250004 0.6004983390625 0.3737541531250001 0.6004983390625
23 0.3089701 0.305647840625 0.2549833890625 0.305647840625 0.25498338906250007 0.589700996875 0.3089701000000001 0.589700996875
23 0.26245847187500004 0.305647840625 0.20348837187500002 0.305647840625 0.20348837187500007 0.5863787375 0.2624584718750001 0.5863787375
23 0.21594684375000006 0.30398671093749996 0.14451827187500005 0.30398671093749996 0.14451827187500005 0.5772425250000001 0.21594684375000012 0.5772425250000001
23 0.8189368765625 9.464566828466525e-17 0.7267441859375 8.900049411073082e-17 0.7267441859375 0.2740863781250001 0.8189368765625 0.2740863781250001
23 0.9152823921875 1.0619030382471755e-16 0.8189368765625 1.0029084245859967e-16 0.8189368765625 0.2757475078125001 0.9152823921875 0.2757475078125001
23 1 1.1712465031401574e-16 0.9127906984375 1.1178462071329614e-16 0.9127906984375 0.2790697671875001 1 0.2790697671875001