19 0.13906250000000003 0.3125 0.08476562500000004 0.3125 0.08476562500000004 0.4015625 0.13906250000000003 0.4015625
19 0.21875000000000006 0.333984375 0.13203125000000004 0.333984375 0.13203125000000004 0.3890625 0.21875000000000008 0.3890625
19 0.27968750000000003 0.339453125 0.19375000000000003 0.339453125 0.19375000000000003 0.3875 0.2796875000000001 0.3875
19 0.07500000000000004 0.3375 0.014062500000000039 0.3375 0.014062500000000044 0.4015625 0.07500000000000004 0.4015625
19 0.34218750000000003 0.33125 0.267578125 0.33125 0.26757812500000006 0.4109375 0.3421875000000001 0.4109375
19 0.425 0.33593750000000006 0.350390625 0.3359375 0.35039062500000007 0.4140625 0.425 0.4140625
19 0.5859375 0.3476562500000001 0.51328125 0.3476562500000001 0.51328125 0.415625 0.5859375 0.415625
19 0.50625 0.3421875000000001 0.433984375 0.3421875000000001 0.433984375 0.41171875 0.50625 0.41171875
19 0.646875 0.36601562500000007 0.5953125 0.36601562500000007 0.5953125 0.41875 0.646875 0.41875
19 0.7046875 0.3671875000000001 0.655859375 0.3671875000000001 0.655859375 0.41875 0.7046875 0.41875
19 0.3046875000000001 0.4671875 0.22031250000000008 0.4671875 0.22031250000000008 0.5671875 0.3046875000000001 0.5671875
19 0.18750000000000006 0.475 0.08125000000000007 0.475 0.08125000000000007 0.559375 0.18750000000000008 0.559375
19 0.4125 0.471484375 0.3316406250000001 0.471484375 0.3316406250000001 0.5625 0.4125 0.5625
19 0.515625 0.4734375 0.437109375 0.4734375 0.437109375 0.5640625 0.515625 0.5640625
19 0.6234375 0.4890625 0.534375 0.4890625 0.534375 0.55625 0.6234375 0.55625
19 0.07500000000000007 0.503125 0.0015625000000000617 0.503125 0.0015625000000000656 0.5640625 0.07500000000000007 0.5640625
19 0.715625 0.534375 0.676953125 0.534375 0.676953125 0.5546875 0.715625 0.5546875
19 0.7515625 0.5253906250000002 0.733203125 0.5253906250000002 0.733203125 0.5625000000000002 0.7515625 0.5625000000000002
19 0.66875 0.534375 0.63125 0.534375 0.63125 0.55625 0.66875 0.55625
19 0.8109375 0.5359375000000002 0.771484375 0.5359375000000002 0.771484375 0.5562500000000001 0.8109375 0.5562500000000001
19 0.06562500000000003 0.2671875 0.006250000000000033 0.2671875 0.006250000000000038 0.334375 0.06562500000000004 0.334375