19 0.13906250000000003 0.3125 0.08476562500000004 0.3125 0.08476562500000004 0.4015625 0.13906250000000003 0.4015625
19 0.21796875000000004 0.333984375 0.13125000000000003 0.333984375 0.13125000000000003 0.3890625 0.2179687500000001 0.3890625
19 0.26093750000000004 0.3203125 0.2125 0.3203125 0.21250000000000005 0.40625 0.2609375000000001 0.40625
19 0.07500000000000004 0.3375 0.014062500000000039 0.3375 0.014062500000000044 0.4015625 0.07500000000000004 0.4015625
19 0.34218750000000003 0.33125 0.267578125 0.33125 0.26757812500000006 0.4109375 0.3421875000000001 0.4109375
19 0.4265625 0.3375 0.348828125 0.3375 0.34882812500000004 0.4125 0.4265625 0.4125
19 0.5859375 0.3476562500000001 0.51328125 0.3476562500000001 0.51328125 0.415625 0.5859375 0.415625
19 0.5046875 0.34062500000000007 0.435546875 0.34062500000000007 0.435546875 0.4140625 0.5046875 0.4140625
19 0.646875 0.36601562500000007 0.5953125 0.36601562500000007 0.5953125 0.41875 0.646875 0.41875
19 0.70625 0.3687500000000001 0.655078125 0.3687500000000001 0.655078125 0.4171875 0.70625 0.4171875
19 0.3125000000000001 0.475 0.21250000000000008 0.475 0.21250000000000008 0.559375 0.3125000000000001 0.559375
19 0.17656250000000007 0.4640625 0.09257812500000007 0.4640625 0.09257812500000007 0.5703125 0.1765625000000001 0.5703125
19 0.4125 0.471484375 0.3316406250000001 0.471484375 0.3316406250000001 0.5625 0.4125 0.5625
19 0.515625 0.47421875 0.437109375 0.47421875 0.437109375 0.5640625 0.515625 0.5640625
19 0.6234375 0.4890625 0.534375 0.4890625 0.534375 0.55625 0.6234375 0.55625
19 0.07500000000000007 0.503125 0.0015625000000000617 0.503125 0.0015625000000000656 0.5640625 0.07500000000000007 0.5640625
19 0.70625 0.525 0.686328125 0.525 0.686328125 0.5640625 0.70625 0.5640625
19 0.7515625 0.5246093750000002 0.7328125 0.5246093750000002 0.7328125 0.5625000000000002 0.7515625 0.5625000000000002
19 0.6609375 0.5265625 0.6390625 0.5265625 0.6390625 0.5640625 0.6609375 0.5640625
19 0.8015625 0.5257812500000002 0.781640625 0.5257812500000002 0.781640625 0.5656250000000002 0.8015625 0.5656250000000002
19 0.06562500000000003 0.2671875 0.006250000000000033 0.2671875 0.006250000000000038 0.334375 0.06562500000000004 0.334375