19 0.13984375000000004 0.3125 0.08437500000000005 0.3125 0.08437500000000005 0.4015625 0.13984375000000004 0.4015625
19 0.20312500000000006 0.31875 0.14687500000000003 0.31875 0.14687500000000003 0.40546875 0.20312500000000008 0.40546875
19 0.26093750000000004 0.3203125 0.2125 0.3203125 0.21250000000000005 0.40703125 0.2609375000000001 0.40703125
19 0.07500000000000004 0.3375 0.014062500000000039 0.3375 0.014062500000000044 0.4015625 0.07500000000000004 0.4015625
19 0.34296875000000004 0.33125 0.2671875 0.33125 0.2671875 0.4109375 0.3429687500000001 0.4109375
19 0.42578125 0.33593750000000006 0.35 0.3359375 0.35000000000000003 0.4140625 0.42578125 0.4140625
19 0.584375 0.3453125000000001 0.515625 0.3453125000000001 0.515625 0.41875 0.584375 0.41875
19 0.50546875 0.34062500000000007 0.4359375 0.34062500000000007 0.4359375 0.4140625 0.50546875 0.4140625
19 0.646875 0.3656250000000001 0.5953125 0.3656250000000001 0.5953125 0.41953125 0.646875 0.41953125
19 0.70546875 0.3671875000000001 0.65625 0.3671875000000001 0.65625 0.41875 0.70546875 0.41875
19 0.3125000000000001 0.475 0.21250000000000008 0.475 0.21250000000000008 0.559375 0.3125000000000001 0.559375
19 0.18828125000000007 0.475 0.08125000000000007 0.475 0.08125000000000007 0.559375 0.1882812500000001 0.559375
19 0.41796875 0.4765625 0.3265625000000001 0.4765625 0.3265625000000001 0.55859375 0.41796875 0.55859375
19 0.52265625 0.4796875 0.43125 0.4796875 0.43125 0.559375 0.52265625 0.559375
19 0.6234375 0.4890625 0.534375 0.4890625 0.534375 0.55625 0.6234375 0.55625
19 0.07500000000000007 0.503125 0.0015625000000000617 0.503125 0.0015625000000000656 0.5640625 0.07500000000000007 0.5640625
19 0.71640625 0.534375 0.6765625 0.534375 0.6765625 0.5546875 0.71640625 0.5546875
19 0.76171875 0.534375 0.7234375 0.534375 0.7234375 0.55390625 0.76171875 0.5539062500000002
19 0.66875 0.534375 0.63125 0.534375 0.63125 0.55625 0.66875 0.55625
19 0.81171875 0.5359375000000002 0.771875 0.5359375000000002 0.771875 0.5562500000000001 0.81171875 0.5562500000000001
19 0.06640625000000003 0.2671875 0.006250000000000033 0.2671875 0.006250000000000038 0.334375 0.06640625000000004 0.334375