24 0.6140625 0.054687500000000056 0.326953125 0.05468750000000004 0.326953125 0.13437500000000008 0.6140625 0.13437500000000008
24 0.8015625 9.29726974274563e-17 0.716796875 8.778229986075754e-17 0.716796875 0.2093750000000001 0.8015625 0.2093750000000001
24 0.8953125 0.08750000000000009 0.622265625 0.08750000000000006 0.622265625 0.1625000000000001 0.8953125 0.1625000000000001
24 0.9765625 0.3199218750000001 0.740625 0.3199218750000001 0.740625 0.4046875000000002 0.9765625 0.4046875000000002
24 0.44375 0.41875 0.10468750000000004 0.41875 0.10468750000000004 0.509375 0.44375 0.509375
24 0.4328125 0.36875 0.09531250000000005 0.36875 0.09531250000000005 0.4484375 0.4328125 0.4484375
24 0.4203125 0.32929687500000004 0.08398437500000004 0.329296875 0.08398437500000004 0.4046875 0.4203125 0.4046875
24 0.27812500000000007 0.15781250000000005 0.205078125 0.15781250000000005 0.20507812500000006 0.49375 0.27812500000000007 0.49375
24 0.27031250000000007 0.12070312500000005 0.2015625 0.12070312500000005 0.20156250000000003 0.4546875 0.27031250000000007 0.4546875
24 0.06562500000000004 0.2875 0.0015625000000000354 0.2875 0.0015625000000000383 0.3328125 0.06562500000000004 0.3328125
24 0.06093750000000005 0.309765625 0.012109375000000039 0.309765625 0.012109375000000044 0.3828125 0.06093750000000005 0.3828125
24 0.07656250000000005 0.358203125 4.386723104758293e-17 0.358203125 4.881843978632321e-17 0.4390625 0.07656250000000005 0.4390625
24 0.09375000000000006 0.417578125 0.01210937500000005 0.417578125 0.012109375000000058 0.523046875 0.09375000000000007 0.523046875
24 0.1062500000000001 0.559375 0.010937500000000069 0.559375 0.010937500000000072 0.615625 0.1062500000000001 0.615625
24 0.11093750000000009 0.60078125 0.03242187500000008 0.60078125 0.032421875000000086 0.6984375 0.11093750000000009 0.6984375
24 0.1375000000000001 0.685546875 0.042187500000000086 0.685546875 0.042187500000000086 0.7546875 0.1375000000000001 0.7546875
24 0.8203125 0.4906250000000001 0.4671875 0.490625 0.4671875 0.5734375 0.8203125 0.5734375000000002
24 0.8453125 0.5425781250000001 0.4765625 0.542578125 0.4765625 0.6265625000000001 0.8453125 0.6265625000000001
24 0.7328125000000001 0.4562500000000001 0.617578125 0.45625 0.6175781250000001 0.8375 0.7328125000000002 0.8375
24 0.9640625 0.4859375000000002 0.890625 0.4859375000000002 0.890625 0.6312500000000002 0.9640625 0.6312500000000002
24 0.9984375 0.5796875000000001 0.869921875 0.5796875000000001 0.869921875 0.6531250000000002 0.9984375 0.6531250000000002
24 0.9546875 0.42890625000000016 0.89296875 0.42890625000000016 0.89296875 0.5796875000000001 0.9546875 0.5796875000000001
24 0.3343750000000001 0.4375 0.25468750000000007 0.4375 0.25468750000000007 0.7953125 0.3343750000000001 0.7953125
24 0.490625 0.625390625 0.1140625000000001 0.625390625 0.1140625000000001 0.715625 0.490625 0.715625
24 0.3687500000000001 0.805078125 0.3156250000000001 0.805078125 0.3156250000000001 1 0.3687500000000001 1