24 0.6583044984375 6.107343246762517e-17 0.3391003453125 4.1527815247671533e-17 0.3391003453125 0.05536332187500007 0.6583044984375 0.05536332187500009
24 0.9766435984375 1.0027060517024378e-16 0.6608996546875 8.093686466706379e-17 0.6608996546875 0.0285467125000001 0.9766435984375 0.02854671250000012
24 0.9697231828125 0.0034602078125001005 0.666089965625 0.003460207812500082 0.666089965625 0.0873702421875001 0.9697231828125 0.08737024218750011
24 1 0.2612456750000001 0.7975778546875001 0.2612456750000001 0.7975778546875001 0.3555363328125001 1 0.3555363328125001
24 0.46972318281250003 0.3702422140625 0.09342560625000004 0.3702422140625 0.09342560625000006 0.4714532875 0.46972318281250003 0.4714532875
24 0.45674740468749997 0.31487889218750004 0.08304498281250004 0.3148788921875 0.08304498281250004 0.40311418750000005 0.45674740468749997 0.40311418750000005
24 0.4437716265625 0.27162629687500006 0.07093425625000002 0.271626296875 0.07093425625000004 0.3555363328125 0.4437716265625 0.3555363328125001
24 0.43166089999999996 0.22664359843750007 0.05882352968750002 0.2266435984375 0.05882352968750003 0.30882352968750004 0.43166089999999996 0.3088235296875001
24 0.424740484375 0.1868512109375 0.053633218750000024 0.18685121093749998 0.053633218750000024 0.2638408296875 0.424740484375 0.26384082968750006
24 0.050173010937500026 0.2249134953125 2.7543959211949636e-17 0.2249134953125 3.061616997868383e-17 0.2750865046875 0.05017301093750004 0.2750865046875
24 0.059688581250000025 0.262975778125 3.220524449340658e-17 0.262975778125 3.5542301108270093e-17 0.3174740484375 0.05968858125000004 0.3174740484375
24 0.06228373750000005 0.302768165625 3.70784064916372e-17 0.302768165625 4.2640167484517885e-17 0.393598615625 0.06228373750000005 0.393598615625
24 0.09429065781250005 0.382352940625 4.682473048809842e-17 0.382352940625 5.2386491480979116e-17 0.47318339062500003 0.09429065781250007 0.47318339062500003
24 0.09602076093750007 0.5259515578125 6.441048917816422e-17 0.5259515578125 6.822426807090414e-17 0.58823529375 0.09602076093750007 0.58823529375
24 0.11159169531250009 0.5813148781249999 0.0034602078125000706 0.5813148781249999 0.003460207812500076 0.6695501734375 0.11159169531250009 0.6695501734375
24 0.1297577859375001 0.666089965625 0.024221453125000084 0.666089965625 0.024221453125000087 0.743079584375 0.1297577859375001 0.743079584375
24 0.8858131484375 0.44982698906250007 0.4948096890625 0.4498269890625 0.4948096890625 0.541522490625 0.8858131484375 0.5415224906250001
24 0.9134948093749999 0.506920415625 0.5051903109375 0.506920415625 0.5051903109375 0.6012110734375 0.9134948093749999 0.6012110734375001
24 0.9368512109375 0.5588235296875002 0.5138408296875 0.5588235296875 0.5138408296875 0.6868512109375 0.9368512109375 0.6868512109375001
24 1 0.4844290656250002 0.9238754328125 0.4844290656250002 0.9238754328125 0.5657439453125002 1 0.5657439453125002
24 1 0.5484429062500003 0.9411764703125 0.5484429062500003 0.9411764703125 0.6297577859375002 1 0.6297577859375002
24 1 0.4307958484375002 0.9169550171875 0.4307958484375002 0.9169550171875 0.5000000000000002 1 0.5000000000000002
24 0.501730103125 0.5449826984375 0.1055363328125001 0.5449826984375 0.1055363328125001 0.63321799375 0.501730103125 0.63321799375
24 0.5207612453125 0.5986159171875001 0.1038062281250001 0.5986159171875001 0.1038062281250001 0.6998269890625 0.5207612453125 0.6998269890625
24 0.5415224906250001 0.953287196875 0.17128027656250014 0.953287196875 0.17128027656250014 1 0.5415224906250001 1