24 0.509375 5.757275088960312e-17 0.430859375 5.276505544763792e-17 0.430859375 0.2390625000000001 0.509375 0.2390625000000001
24 0.8015625 9.29726974274563e-17 0.716796875 8.778229986075754e-17 0.716796875 0.2093750000000001 0.8015625 0.2093750000000001
24 0.7953125 9.28770218962729e-17 0.721484375 8.835635304785787e-17 0.721484375 0.26250000000000007 0.7953125 0.26250000000000007
24 0.9765625 0.3199218750000001 0.740625 0.3199218750000001 0.740625 0.4046875000000002 0.9765625 0.4046875000000002
24 0.31875000000000003 0.294140625 0.229296875 0.294140625 0.22929687500000004 0.6328125 0.3187500000000001 0.6328125
24 0.4328125 0.36875 0.09531250000000005 0.36875 0.09531250000000005 0.4484375 0.4328125 0.4484375
24 0.29023437500000004 0.19960937500000003 0.214453125 0.19960937500000003 0.21445312500000005 0.5359375 0.2902343750000001 0.5359375
24 0.409375 0.28945312500000003 0.07382812500000005 0.289453125 0.07382812500000005 0.36250000000000004 0.409375 0.3625000000000001
24 0.403125 0.253515625 0.06914062500000002 0.253515625 0.06914062500000004 0.321875 0.403125 0.3218750000000001
24 0.05625000000000004 0.278125 0.010937500000000034 0.278125 0.010937500000000037 0.3421875 0.05625000000000004 0.3421875
24 0.06093750000000005 0.308984375 0.01289062500000004 0.308984375 0.012890625000000041 0.3828125 0.06093750000000005 0.3828125
24 0.07890625000000004 0.360546875 4.415425764113309e-17 0.360546875 4.877060202073151e-17 0.4359375 0.07890625000000004 0.4359375
24 0.10468750000000004 0.429296875 5.2573704385271143e-17 0.429296875 5.757275088960312e-17 0.5109375 0.10468750000000004 0.5109375
24 0.1062500000000001 0.559375 0.011328125000000069 0.559375 0.011328125000000073 0.615625 0.1062500000000001 0.615625
24 0.12031250000000009 0.609375 0.02382812500000007 0.609375 0.02382812500000008 0.6890625 0.12031250000000009 0.6890625
24 0.12421875000000009 0.673046875 0.05468750000000009 0.673046875 0.05468750000000009 0.7671875 0.12421875000000009 0.7671875
24 0.8203125 0.4906250000000001 0.4671875 0.490625 0.4671875 0.5734375 0.8203125 0.5734375000000002
24 0.7031250000000001 0.400390625 0.61875 0.400390625 0.6187500000000001 0.76875 0.7031250000000002 0.76875
24 0.7328125000000001 0.4562500000000001 0.617578125 0.45625 0.6175781250000001 0.8375 0.7328125000000002 0.8375
24 1 0.5218750000000002 0.8546875 0.5218750000000002 0.8546875 0.5953125000000001 1 0.5953125000000001
24 0.9703125 0.5523437500000001 0.898046875 0.5523437500000001 0.898046875 0.6812500000000001 0.9703125 0.6812500000000001
24 0.9546875 0.42890625000000016 0.89296875 0.42890625000000016 0.89296875 0.5796875000000001 0.9546875 0.5796875000000001
24 0.3343750000000001 0.4375 0.25468750000000007 0.4375 0.25468750000000007 0.7953125 0.3343750000000001 0.7953125
24 0.3468750000000001 0.482421875 0.2570312500000001 0.482421875 0.2570312500000001 0.8578125 0.3468750000000001 0.8578125
24 0.3687500000000001 0.805078125 0.3148437500000001 0.805078125 0.3148437500000001 1 0.3687500000000001 1