24 0.6578125 6.104098889500089e-17 0.3390625 4.152318053358994e-17 0.3390625 0.05468750000000007 0.6578125 0.05468750000000009
24 0.8328125 1.0026928092521665e-16 0.8047091265624999 9.854844560894279e-17 0.8047091265624999 0.17187500000000008 0.8328125 0.17187500000000008
24 0.96875 0.0035629328125000997 0.6660277906250001 0.0035629328125000815 0.6660277906250001 0.0874729671875001 0.96875 0.08747296718750011
24 0.9453125 0.20753135937500006 0.8518463437499999 0.20753135937500006 0.8518463437499999 0.40937500000000016 0.9453125 0.40937500000000016
24 0.33125000000000004 0.23224210625000002 0.2312148578125 0.23224210625000002 0.23121485781250004 0.6078125 0.3312500000000001 0.6078125
24 0.45625 0.31450043281250006 0.08340992656250004 0.3145004328125 0.08340992656250004 0.4015625 0.45625 0.4015625
24 0.44375 0.27114511250000006 0.07125594843750002 0.2711451125 0.07125594843750004 0.35468750000000004 0.44375 0.3546875000000001
24 0.4296875 0.22687878437500006 0.058893815625000026 0.22687878437500003 0.05889381562500003 0.30781250000000004 0.4296875 0.3078125000000001
24 0.4246161328125 0.18728644062500002 0.05350886718750002 0.187286440625 0.05350886718750002 0.26250000000000007 0.4246161328125 0.26250000000000007
24 0.05000000000000003 0.225 0.00008650468750002757 0.225 0.00008650468750003062 0.275 0.050000000000000044 0.275
24 0.056250000000000036 0.2605374125 0.0022139921875000317 0.2605374125 0.002213992187500035 0.31875 0.05625000000000004 0.31875
24 0.07500000000000004 0.317149653125 3.8839630755022456e-17 0.317149653125 4.2573293923890877e-17 0.378125 0.07500000000000004 0.378125
24 0.09218750000000006 0.38035250781249996 0.0015625000000000465 0.38035250781249996 0.0015625000000000523 0.4734375 0.09218750000000006 0.4734375
24 0.07812500000000007 0.509375 0.01718750000000006 0.509375 0.017187500000000067 0.6046875 0.07812500000000007 0.6046875
24 0.11093750000000009 0.580966153125 0.0039549093750000704 0.580966153125 0.0039549093750000765 0.66875 0.11093750000000009 0.66875
24 0.11538170468750009 0.6521707390625 0.03839208437500008 0.6521707390625 0.038392084375000086 0.75625 0.11538170468750009 0.75625
24 0.884375 0.4494079781250001 0.4944961078125 0.449407978125 0.4944961078125 0.5406250000000001 0.884375 0.5406250000000001
24 0.7562500000000001 0.3498810546875001 0.6620377359375 0.3498810546875001 0.6620377359375001 0.7578125000000001 0.7562500000000002 0.7578125000000002
24 0.9359375 0.559423659375 0.514276059375 0.5594236593749999 0.514276059375 0.6859375000000001 0.9359375 0.6859375000000002
24 1 0.4872431875000002 0.9211937703125 0.4872431875000002 0.9211937703125 0.5625000000000002 1 0.5625000000000002
24 1 0.5594128468750001 0.9299686421875 0.5594128468750001 0.9299686421875 0.6182363765625002 1 0.6182363765625002
24 0.9984375 0.43102292343750015 0.917071259375 0.43102292343750015 0.917071259375 0.4984375000000002 0.9984375 0.4984375000000002
24 0.3468750000000001 0.3907304296875 0.2594777234375001 0.3907304296875 0.2594777234375001 0.7859375 0.3468750000000001 0.7859375
24 0.3625000000000001 0.440625 0.26168090468750005 0.440625 0.26168090468750005 0.857133975 0.3625000000000001 0.857133975
24 0.37967668750000005 0.790892625 0.33296388281250006 0.790892625 0.33296388281250006 1 0.37967668750000005 1