24 0.61484375 0.054687500000000056 0.3265625 0.05468750000000004 0.3265625 0.13437500000000008 0.61484375 0.13437500000000008
24 0.90234375 0.023437500000000094 0.6171875 0.023437500000000076 0.6171875 0.1101562500000001 0.90234375 0.1101562500000001
24 0.89609375 0.08750000000000009 0.621875 0.08750000000000006 0.621875 0.1632812500000001 0.89609375 0.1632812500000001
24 0.9765625 0.3203125000000001 0.740625 0.3203125000000001 0.740625 0.40546875000000016 0.9765625 0.40546875000000016
24 0.44453125 0.41875 0.10468750000000004 0.41875 0.10468750000000004 0.51015625 0.44453125 0.51015625
24 0.4328125 0.36875 0.09531250000000005 0.36875 0.09531250000000005 0.4484375 0.4328125 0.4484375
24 0.42109375 0.3296875 0.08437500000000005 0.3296875 0.08437500000000005 0.40546875 0.42109375 0.40546875
24 0.41015625 0.28906250000000006 0.07343750000000004 0.2890625 0.07343750000000004 0.36328125000000006 0.41015625 0.3632812500000001
24 0.40390625 0.25312500000000004 0.06875000000000002 0.253125 0.06875000000000003 0.32265625000000003 0.40390625 0.3226562500000001
24 0.06562500000000004 0.2875 0.0015625000000000354 0.2875 0.0015625000000000383 0.3328125 0.06562500000000004 0.3328125
24 0.07421875000000004 0.321875 3.941831884755543e-17 0.321875 4.243209807983212e-17 0.37109375 0.07421875000000004 0.37109375
24 0.07656250000000005 0.3578125 4.3819393281991234e-17 0.3578125 4.884235866911905e-17 0.43984375 0.07656250000000005 0.43984375
24 0.10546875000000004 0.4296875 5.262154215086284e-17 0.4296875 5.764450753799065e-17 0.51171875 0.10546875000000004 0.51171875
24 0.10703125000000009 0.559375 0.010937500000000069 0.559375 0.010937500000000072 0.615625 0.10703125000000009 0.615625
24 0.12109375000000008 0.609375 0.023437500000000073 0.609375 0.023437500000000076 0.6890625 0.12109375000000008 0.6890625
24 0.1375000000000001 0.6859375 0.042187500000000086 0.6859375 0.042187500000000086 0.75546875 0.1375000000000001 0.75546875
24 0.8203125 0.4906250000000001 0.4671875 0.490625 0.4671875 0.5734375 0.8203125 0.5734375000000002
24 0.8453125 0.5421875 0.4765625 0.5421875 0.4765625 0.6273437500000001 0.8453125 0.6273437500000002
24 0.86640625 0.5890625 0.484375 0.5890625 0.484375 0.7046875000000001 0.86640625 0.7046875000000001
24 1 0.5218750000000002 0.8546875 0.5218750000000002 0.8546875 0.5953125000000001 1 0.5953125000000001
24 0.99921875 0.5796875000000001 0.8703125 0.5796875000000001 0.8703125 0.6531250000000002 0.99921875 0.6531250000000002
24 1 0.4734375000000002 0.8484375 0.4734375000000002 0.8484375 0.5359375000000002 1 0.5359375000000002
24 0.4734375 0.5765625 0.11562500000000009 0.5765625 0.11562500000000009 0.65625 0.4734375 0.65625
24 0.490625 0.625 0.1140625000000001 0.625 0.1140625000000001 0.71640625 0.490625 0.71640625
24 0.5093750000000001 0.9453125 0.17500000000000013 0.9453125 0.17500000000000013 0.99921875 0.5093750000000001 0.99921875