24 0.6578125 6.104098889500089e-17 0.3390625 4.152318053358994e-17 0.3390625 0.05468750000000007 0.6578125 0.05468750000000009
24 0.9765625 0.00021085625000010028 0.6609375 0.00021085625000008096 0.6609375 0.0281250000000001 0.9765625 0.028125000000000122
24 0.96875 0.0033574828125000995 0.6661521421875001 0.0033574828125000817 0.6661521421875001 0.0872675171875001 0.96875 0.08726751718750012
24 0.9453125 0.20682850468750008 0.8514408515625 0.20682850468750008 0.8514408515625 0.40925064843750014 0.9453125 0.40925064843750014
24 0.46875 0.36999621406250005 0.09296875156250003 0.3699962140625 0.09296875156250005 0.4703125 0.46875 0.4703125
24 0.45625 0.3152573515625 0.08281250000000004 0.3152573515625 0.08281250000000004 0.4015625 0.45625 0.4015625
24 0.44375 0.27114511250000006 0.07125594843750002 0.2711451125 0.07125594843750004 0.35468750000000004 0.44375 0.3546875000000001
24 0.4296875 0.22640841250000004 0.05875324375000002 0.22640841250000002 0.05875324375000003 0.30781250000000004 0.4296875 0.3078125000000001
24 0.4246161328125 0.18728644062500002 0.05350886718750002 0.187286440625 0.05350886718750002 0.26250000000000007 0.4246161328125 0.26250000000000007
24 0.05000000000000003 0.225 2.7554552980815448e-17 0.225 3.061616997868383e-17 0.275 0.050000000000000044 0.275
24 0.05937500000000003 0.263356940625 0.00015679062500003227 0.263356940625 0.00015679062500003558 0.3171875 0.059375000000000046 0.3171875
24 0.06093750000000005 0.30251405625 3.704728706836449e-17 0.30251405625 4.2538201861212376e-17 0.3921875 0.06093750000000005 0.3921875
24 0.09375000000000006 0.38199610625 0.0002703296875000467 0.38199610625 0.00027032968750005226 0.471875 0.09375000000000007 0.471875
24 0.07812500000000007 0.509375 0.01718750000000006 0.509375 0.017187500000000067 0.6046875 0.07812500000000007 0.6046875
24 0.11093750000000009 0.580966153125 0.0039549093750000704 0.580966153125 0.0039549093750000765 0.66875 0.11093750000000009 0.66875
24 0.1281250000000001 0.665987240625 0.02386732343750008 0.665987240625 0.023867323437500084 0.7421875 0.1281250000000001 0.7421875
24 0.884375 0.4494079781250001 0.4944961078125 0.449407978125 0.4944961078125 0.5406250000000001 0.884375 0.5406250000000001
24 0.7562500000000001 0.3499459343750001 0.662356725 0.3499459343750001 0.6623567250000001 0.7578125000000001 0.7562500000000002 0.7578125000000002
24 0.7890625000000001 0.41093750000000007 0.661932309375 0.4109375 0.6619323093750001 0.83390733125 0.7890625000000002 0.83390733125
24 1 0.4868052546875002 0.92136678125 0.4868052546875002 0.92136678125 0.5625000000000002 1 0.5625000000000002
24 1 0.5594128468750001 0.9299686421875 0.5594128468750001 0.9299686421875 0.6182363765625002 1 0.6182363765625002
24 0.9984375 0.43056877187500014 0.9168387765625001 0.43056877187500014 0.9168387765625001 0.4984375000000002 0.9984375 0.4984375000000002
24 0.3468750000000001 0.39127649375 0.25955341562500006 0.39127649375 0.25955341562500006 0.7859375 0.3468750000000001 0.7859375
24 0.3625000000000001 0.44130893125000004 0.2616754984375001 0.44130893125000004 0.2616754984375001 0.8578125 0.3625000000000001 0.8578125
24 0.37967668750000005 0.790892625 0.33296388281250006 0.790892625 0.33296388281250006 1 0.37967668750000005 1