23 0.953125 0.11673387031250011 0.6838961703125 0.11673387031250008 0.6838961703125 0.18437500000000012 0.953125 0.18437500000000012
23 0.790625 0.019455645312500092 0.7269405250000001 0.01945564531250009 0.7269405250000001 0.2871975796875001 0.790625 0.2871975796875001
23 0.6609375 0.026008065625000076 0.6002016125 0.026008065625000076 0.6002016125 0.2843750000000001 0.6609375 0.2843750000000001
23 0.6375 0.12880544375000008 0.3751764109375 0.12880544375000005 0.3751764109375 0.18281250000000007 0.6375 0.1828125000000001
23 0.4796875 0.025252017187500052 0.4251260078125 0.025252017187500052 0.4251260078125 0.2875000000000001 0.4796875 0.2875000000000001
23 0.4274193546875 0.022454637500000048 0.3725806453125 0.022454637500000044 0.3725806453125 0.28535786250000006 0.4274193546875 0.28535786250000006
23 0.371875 0.022026209375000043 0.3171875 0.02202620937500004 0.3171875 0.287348790625 0.371875 0.2873487906250001
23 0.6578125 0.3431199593750001 0.598487903125 0.3431199593750001 0.598487903125 0.603125 0.6578125 0.603125
23 1 0.7559223796875002 0.8408014109374999 0.7559223796875002 0.8408014109374999 0.8125 1 0.8125
23 1 0.7526713718750002 0.7882812500000002 0.7526713718750002 0.7882812500000002 0.8203125 1 0.8203125
23 0.8859375 0.6533518140625001 0.8327368953125 0.6533518140625001 0.8327368953125 0.9125 0.8859375 0.9125
23 0.833996975 0.6567792328125002 0.77431955625 0.6567792328125002 0.7743195562500002 0.9140625 0.833996975 0.9140625
23 0.696875 0.12321068593750006 0.4375 0.12321068593750004 0.4375 0.18906250000000008 0.696875 0.18906250000000008
23 0.6578125000000001 0.666003025 0.5970766125 0.666003025 0.5970766125000001 0.9168094765625 0.6578125000000001 0.9168094765625
23 0.596875 0.6695060500000001 0.5359375 0.6695060500000001 0.5359375000000001 0.9154737921875 0.5968750000000002 0.9154737921875
23 0.534375 0.673185484375 0.485030240625 0.673185484375 0.4850302406250001 0.915625 0.5343750000000002 0.915625
23 0.4843750000000001 0.6711693546874999 0.435030240625 0.6711693546874999 0.43503024062500006 0.9171370968750001 0.48437500000000017 0.9171370968750001
23 0.5312500000000002 0.769455646875 0.2860887093750001 0.769455646875 0.2860887093750001 0.81875 0.5312500000000002 0.81875
23 0.3828125000000001 0.6747983875 0.33213205468750007 0.6747983875 0.33213205468750007 0.9140625 0.3828125000000001 0.9140625
23 1 0.44352318593750023 0.8404989921875 0.44352318593750023 0.8404989921875 0.4937500000000002 1 0.4937500000000002
23 0.9578125 0.3316280234375001 0.8984879031249999 0.3316280234375001 0.8984879031249999 0.6015625000000002 0.9578125 0.6015625000000002
23 0.8984375 0.3372227828125001 0.8357106859375 0.3372227828125001 0.8357106859375 0.6031250000000001 0.8984375 0.6031250000000001
23 0.9421875 0.4390625000000001 0.6775201625 0.4390625 0.6775201625 0.503125 0.9421875 0.5031250000000002
23 0.7810483875 0.3392137093750001 0.7189516125 0.3392137093750001 0.7189516125 0.6031250000000001 0.7810483875 0.6031250000000001
23 0.7750000000000001 0.6580141125000001 0.7131048390625 0.6580141125 0.7131048390625001 0.9125 0.7750000000000001 0.9125
23 0.6984375 0.4445060484375 0.44110383124999997 0.4445060484375 0.44110383124999997 0.503125 0.6984375 0.503125
23 0.6431703625 0.4491683453125 0.3828125000000001 0.4491683453125 0.3828125000000001 0.5 0.6431703625 0.5
23 0.590625 0.44921875 0.3310735890625001 0.44921875 0.3310735890625001 0.5 0.590625 0.5
23 0.4359375 0.3453125000000001 0.385509071875 0.3453125000000001 0.38550907187500005 0.6078125 0.4359375 0.6078125
23 0.384375 0.34198588750000003 0.3359375 0.34198588750000003 0.33593750000000006 0.603125 0.3843750000000001 0.603125
23 0.9763608874999999 0.012928428125000117 0.9142641125000001 0.01292842812500011 0.9142641125000001 0.2843750000000001 0.9763608874999999 0.2843750000000001
23 1 0.11726310468750012 0.748765121875 0.11726310468750009 0.748765121875 0.1841985890625001 1 0.18419858906250014