23 0.8515625 0.0157006046875001 0.7840725796875 0.015700604687500095 0.7840725796875 0.2858618937500001 0.8515625 0.2858618937500001
23 0.89364919375 0.1214465718750001 0.625907259375 0.1214465718750001 0.625907259375 0.1843750000000001 0.89364919375 0.1843750000000001
23 0.6609375 0.026008065625000076 0.6002016125 0.026008065625000076 0.6002016125 0.2843750000000001 0.6609375 0.2843750000000001
23 0.5328125 0.024017137500000063 0.47961189531250004 0.02401713750000006 0.47961189531250004 0.2869203625000001 0.5328125 0.2869203625000001
23 0.4796875 0.026360887500000058 0.4264868953125 0.026360887500000058 0.4264868953125 0.2875000000000001 0.4796875 0.2875000000000001
23 0.4274193546875 0.022454637500000048 0.3725806453125 0.022454637500000044 0.3725806453125 0.28535786250000006 0.4274193546875 0.28535786250000006
23 0.4765625 0.12719254062500004 0.2130544359375 0.12719254062500004 0.2130544359375 0.18125000000000005 0.4765625 0.18125000000000005
23 0.7578125 0.4440524187500001 0.4984122984375 0.44405241875 0.4984122984375 0.503125 0.7578125 0.5031250000000002
23 0.9984375 0.6547631046875002 0.9418094765625 0.6547631046875002 0.9418094765625 0.9140625 0.9984375 0.9140625
23 0.95 0.6584425406250002 0.8820060484375001 0.6584425406250002 0.8820060484375001 0.915625 0.95 0.915625
23 0.9890625 0.7565272187500002 0.7293094750000002 0.7565272187500002 0.7293094750000002 0.809375 0.9890625 0.809375
23 0.9328125 0.7555191546875001 0.6753276203125002 0.7555191546875 0.6753276203125002 0.815196571875 0.9328125 0.815196571875
23 0.696875 0.12195060312500006 0.4375 0.12195060312500003 0.4375 0.18888608750000008 0.696875 0.18888608750000008
23 0.6578125000000001 0.6662550421875 0.5964717734375 0.6662550421875 0.5964717734375001 0.9170614921875 0.6578125000000001 0.9170614921875
23 0.6890625000000001 0.76141633125 0.4433971765625002 0.76141633125 0.4433971765625002 0.821875 0.6890625000000001 0.821875
23 0.6312500000000002 0.76980846875 0.3893145156250001 0.76980846875 0.3893145156250001 0.81875 0.6312500000000002 0.81875
23 0.4843750000000001 0.6711693546874999 0.435030240625 0.6711693546874999 0.43503024062500006 0.9171370968750001 0.48437500000000017 0.9171370968750001
23 0.4328125000000001 0.6711693546874999 0.3833669343750001 0.6711693546874999 0.3833669343750001 0.9171370968750001 0.43281250000000016 0.9171370968750001
23 0.4781250000000002 0.7682711703125 0.23891129062500008 0.7682711703125 0.23891129062500008 0.81875 0.4781250000000002 0.81875
23 1 0.44357358750000014 0.8401461687499999 0.44357358750000014 0.8401461687499999 0.4937500000000002 1 0.4937500000000002
23 0.9578125 0.3316280234375001 0.8984879031249999 0.3316280234375001 0.8984879031249999 0.6015625000000002 0.9578125 0.6015625000000002
23 1 0.4384828625000002 0.7339969765625 0.4384828625000002 0.7339969765625 0.5015625000000001 1 0.5015625000000001
23 0.9421875 0.4390625000000001 0.6775201625 0.4390625 0.6775201625 0.503125 0.9421875 0.5031250000000002
23 0.78125 0.3382056453125001 0.7197580640625 0.3382056453125001 0.7197580640625 0.6031250000000001 0.78125 0.6031250000000001
23 0.7750000000000001 0.6580141125000001 0.7131048390625 0.6580141125 0.7131048390625001 0.9125 0.7750000000000001 0.9125
23 0.6984375 0.4445060484375 0.44110383124999997 0.4445060484375 0.44110383124999997 0.503125 0.6984375 0.503125
23 0.64375 0.44921875 0.38344254062500005 0.44921875 0.38344254062500005 0.5 0.64375 0.5
23 0.4859375 0.3447832656250001 0.43545866875000006 0.3447832656250001 0.43545866875000006 0.6046875 0.4859375 0.6046875
23 0.4359375 0.3453125000000001 0.385509071875 0.3453125000000001 0.38550907187500005 0.6078125 0.4359375 0.6078125
23 0.384375 0.34198588750000003 0.3359375 0.34198588750000003 0.33593750000000006 0.603125 0.3843750000000001 0.603125
23 0.9763608874999999 0.012928428125000117 0.9142641125000001 0.01292842812500011 0.9142641125000001 0.2843750000000001 0.9763608874999999 0.2843750000000001
23 0.9171875 0.014541331250000109 0.8515372984375 0.014541331250000105 0.8515372984375 0.2871219750000001 0.9171875 0.2871219750000001