23 0.85 0.0347656250000001 0.7828125 0.0347656250000001 0.7828125 0.2953125000000001 0.85 0.2953125000000001
23 0.790625 0.037500000000000096 0.728125 0.03750000000000009 0.728125 0.2968750000000001 0.790625 0.2968750000000001
23 0.760546875 0.14023437500000008 0.508203125 0.14023437500000005 0.508203125 0.2000000000000001 0.760546875 0.2000000000000001
23 0.540625 0.04218750000000006 0.4875 0.04218750000000006 0.4875 0.2968750000000001 0.540625 0.2968750000000001
23 0.4890625 0.04375000000000005 0.4359375 0.04375000000000005 0.4359375 0.2984375000000001 0.4890625 0.2984375000000001
23 0.5375 0.14140625000000004 0.28359375 0.14140625000000004 0.28359375 0.19375000000000003 0.5375 0.19375000000000003
23 0.384375 0.04101562500000004 0.33125 0.04101562500000004 0.33125 0.29687500000000006 0.384375 0.2968750000000001
23 0.6609375 0.3519531250000001 0.603125 0.3519531250000001 0.603125 0.603125 0.6609375 0.603125
23 1 0.7480468750000002 0.840625 0.7480468750000002 0.840625 0.809375 1 0.809375
23 0.9453125 0.6562500000000002 0.878125 0.6562500000000002 0.878125 0.90625 0.9453125 0.90625
23 0.98125 0.7511718750000002 0.7296875000000002 0.7511718750000002 0.7296875000000002 0.803125 0.98125 0.803125
23 0.83125 0.6546875000000002 0.7734375 0.6546875000000002 0.7734375000000001 0.9046875 0.83125 0.9046875
23 0.6984375 0.13710937500000006 0.447265625 0.13710937500000003 0.447265625 0.2015625000000001 0.6984375 0.2015625000000001
23 0.6609375000000001 0.664453125 0.601171875 0.664453125 0.6011718750000001 0.90625 0.6609375000000002 0.90625
23 0.6906250000000002 0.755859375 0.4535156250000002 0.755859375 0.4535156250000002 0.815625 0.6906250000000002 0.815625
23 0.6359375000000002 0.7640625 0.4000000000000002 0.7640625 0.4000000000000002 0.8125 0.6359375000000002 0.8125
23 0.5875000000000001 0.763671875 0.3500000000000001 0.763671875 0.3500000000000001 0.8109375 0.5875000000000001 0.8109375
23 0.5375000000000002 0.763671875 0.3007812500000001 0.763671875 0.3007812500000001 0.8109375 0.5375000000000002 0.8109375
23 0.39531250000000007 0.671875 0.3457031250000001 0.671875 0.3457031250000001 0.9046875 0.39531250000000007 0.9046875
23 1 0.3437500000000001 0.9421875 0.3437500000000001 0.9421875 0.6031250000000001 1 0.6031250000000001
23 0.9515625 0.3410156250000001 0.89375 0.3410156250000001 0.89375 0.6015625000000002 0.9515625 0.6015625000000002
23 0.99375 0.4437500000000002 0.734375 0.4437500000000002 0.734375 0.5062500000000002 0.99375 0.5062500000000002
23 0.9359375 0.44414062500000007 0.6796875 0.444140625 0.6796875 0.5062500000000001 0.9359375 0.5062500000000002
23 0.878125 0.4449218750000001 0.621875 0.444921875 0.621875 0.5046875000000001 0.878125 0.5046875000000002
23 0.8671875 0.7503906250000001 0.6207031250000001 0.750390625 0.6207031250000001 0.809375 0.8671875 0.809375
23 0.7 0.44921875 0.45078125 0.44921875 0.45078125 0.50625 0.7 0.50625
23 0.646875 0.453515625 0.3949218750000001 0.453515625 0.3949218750000001 0.504296875 0.646875 0.504296875
23 0.596484375 0.454296875 0.3441406250000001 0.454296875 0.3441406250000001 0.5046875 0.596484375 0.5046875
23 0.446875 0.3531250000000001 0.397265625 0.3531250000000001 0.39726562500000007 0.6078125 0.446875 0.6078125
23 0.39687500000000003 0.35000000000000003 0.3484375 0.35 0.34843750000000007 0.6046875 0.3968750000000001 0.6046875
23 0.96875 0.03125000000000012 0.909375 0.03125000000000011 0.909375 0.2953125000000001 0.96875 0.2953125000000001
23 0.9125 0.032812500000000105 0.8484375 0.0328125000000001 0.8484375 0.2968750000000001 0.9125 0.2968750000000001