23 0.946875 0.13164062500000012 0.6859375 0.1316406250000001 0.6859375 0.1984375000000001 0.946875 0.19843750000000013
23 0.8890625 0.1359375000000001 0.6296875 0.1359375000000001 0.6296875 0.1984375000000001 0.8890625 0.1984375000000001
23 0.7609375 0.13945312500000007 0.508984375 0.13945312500000004 0.508984375 0.19960937500000006 0.7609375 0.1996093750000001
23 0.640625 0.14296875000000006 0.38671875 0.14296875000000003 0.38671875 0.19531250000000006 0.640625 0.19531250000000008
23 0.4890625 0.04375000000000005 0.4359375 0.04375000000000005 0.4359375 0.2984375000000001 0.4890625 0.2984375000000001
23 0.5375 0.14140625000000004 0.28359375 0.14140625000000004 0.28359375 0.19375000000000003 0.5375 0.19375000000000003
23 0.384375 0.04062500000000004 0.33125 0.04062500000000004 0.33125 0.29687500000000006 0.384375 0.2968750000000001
23 0.7578125 0.4488281250000001 0.50625 0.448828125 0.50625 0.5062500000000001 0.7578125 0.5062500000000002
23 0.9984375 0.6535156250000002 0.9359375 0.6535156250000002 0.9359375 0.9046875 0.9984375 0.9046875
23 1 0.7476562500000001 0.7867187500000001 0.7476562500000001 0.7867187500000001 0.8140625 1 0.8140625
23 0.8828125 0.6519531250000001 0.8296875 0.6519531250000001 0.8296875 0.903125 0.8828125 0.903125
23 0.9265625 0.7507812500000001 0.6773437500000001 0.75078125 0.6773437500000001 0.8078125 0.9265625 0.8078125
23 0.6984375 0.13789062500000007 0.446484375 0.13789062500000004 0.446484375 0.2015625000000001 0.6984375 0.2015625000000001
23 0.6609375000000001 0.6640625 0.601953125 0.6640625 0.6019531250000001 0.90625 0.6609375000000002 0.90625
23 0.6906250000000002 0.756640625 0.4527343750000002 0.756640625 0.4527343750000002 0.815625 0.6906250000000002 0.815625
23 0.5421875 0.6703125 0.49375 0.6703125 0.4937500000000001 0.90625 0.5421875000000002 0.90625
23 0.4937500000000001 0.669140625 0.4453125 0.669140625 0.4453125000000001 0.90625 0.4937500000000002 0.90625
23 0.4437500000000001 0.66875 0.39531250000000007 0.66875 0.39531250000000007 0.90625 0.4437500000000002 0.90625
23 0.4859375000000002 0.7625 0.2542968750000001 0.7625 0.2542968750000001 0.81328125 0.4859375000000002 0.81328125
23 1 0.44453125000000016 0.84140625 0.44453125000000016 0.84140625 0.5015625000000001 1 0.5015625000000001
23 1 0.44257812500000016 0.79140625 0.44257812500000016 0.79140625 0.5000000000000002 1 0.5000000000000002
23 0.99375 0.4437500000000002 0.734375 0.4437500000000002 0.734375 0.5062500000000002 0.99375 0.5062500000000002
23 0.8390625 0.3468750000000001 0.7765625 0.3468750000000001 0.7765625 0.6031250000000001 0.8390625 0.6031250000000001
23 0.7796875 0.3472656250000001 0.719921875 0.3472656250000001 0.719921875 0.6031250000000001 0.7796875 0.6031250000000001
23 0.8671875 0.7503906250000001 0.6207031250000001 0.750390625 0.6207031250000001 0.809375 0.8671875 0.809375
23 0.6046875 0.3531250000000001 0.546875 0.3531250000000001 0.546875 0.603125 0.6046875 0.603125
23 0.5453125 0.3535156250000001 0.495703125 0.3535156250000001 0.495703125 0.6046875 0.5453125 0.6046875
23 0.4953125 0.3535156250000001 0.445703125 0.3535156250000001 0.445703125 0.6046875 0.4953125 0.6046875
23 0.446875 0.3531250000000001 0.397265625 0.3531250000000001 0.39726562500000007 0.6078125 0.446875 0.6078125
23 0.39687500000000003 0.35000000000000003 0.3484375 0.35 0.34843750000000007 0.6046875 0.3968750000000001 0.6046875
23 0.96875 0.03125000000000012 0.909375 0.03125000000000011 0.909375 0.2953125000000001 0.96875 0.2953125000000001
23 0.9125 0.032812500000000105 0.848828125 0.0328125000000001 0.848828125 0.2968750000000001 0.9125 0.2968750000000001