23 0.85 0.0343750000000001 0.7828125 0.0343750000000001 0.7828125 0.2960937500000001 0.85 0.2960937500000001
23 0.790625 0.037500000000000096 0.728125 0.03750000000000009 0.728125 0.2968750000000001 0.790625 0.2968750000000001
23 0.66484375 0.04375000000000008 0.6046875 0.04375000000000008 0.6046875 0.2960937500000001 0.66484375 0.2960937500000001
23 0.540625 0.04218750000000006 0.4875 0.04218750000000006 0.4875 0.2968750000000001 0.540625 0.2968750000000001
23 0.4890625 0.04375000000000005 0.4359375 0.04375000000000005 0.4359375 0.2984375000000001 0.4890625 0.2984375000000001
23 0.4375 0.04062500000000005 0.384375 0.04062500000000004 0.384375 0.2953125000000001 0.4375 0.2953125000000001
23 0.384375 0.04062500000000004 0.33125 0.04062500000000004 0.33125 0.29765625000000007 0.384375 0.29765625000000007
23 0.6609375 0.3515625000000001 0.603125 0.3515625000000001 0.603125 0.60390625 0.6609375 0.60390625
23 0.9984375 0.6531250000000002 0.9359375 0.6531250000000002 0.9359375 0.90546875 0.9984375 0.90546875
23 0.9453125 0.6562500000000002 0.878125 0.6562500000000002 0.878125 0.90625 0.9453125 0.90625
23 0.8828125 0.6515625000000002 0.8296875 0.6515625000000002 0.8296875 0.90390625 0.8828125 0.90390625
23 0.83125 0.6546875000000002 0.7734375 0.6546875000000002 0.7734375000000001 0.9046875 0.83125 0.9046875
23 0.60546875 0.043750000000000074 0.540625 0.04375000000000007 0.540625 0.2960937500000001 0.60546875 0.2960937500000001
23 0.6617187500000001 0.6640625 0.6015625 0.6640625 0.6015625000000001 0.90703125 0.6617187500000001 0.90703125
23 0.6023437500000001 0.6671875 0.5421875 0.6671875 0.5421875 0.90546875 0.6023437500000002 0.90546875
23 0.5421875 0.6703125 0.49375 0.6703125 0.4937500000000001 0.90625 0.5421875000000002 0.90625
23 0.4937500000000001 0.66875 0.4453125 0.66875 0.4453125000000001 0.90703125 0.4937500000000002 0.90703125
23 0.4437500000000001 0.66875 0.39531250000000007 0.66875 0.39531250000000007 0.90703125 0.4437500000000002 0.90703125
23 0.3960937500000001 0.671875 0.3453125000000001 0.671875 0.3453125000000001 0.9046875 0.3960937500000001 0.9046875
23 1 0.3437500000000001 0.9421875 0.3437500000000001 0.9421875 0.6031250000000001 1 0.6031250000000001
23 0.9515625 0.34062500000000007 0.89375 0.34062500000000007 0.89375 0.6023437500000002 0.9515625 0.6023437500000002
23 0.8953125 0.3453125000000001 0.8328125 0.3453125000000001 0.8328125 0.6046875000000002 0.8953125 0.6046875000000002
23 0.8390625 0.3468750000000001 0.7765625 0.3468750000000001 0.7765625 0.6039062500000002 0.8390625 0.6039062500000002
23 0.78046875 0.3468750000000001 0.7203125 0.3468750000000001 0.7203125 0.6039062500000001 0.78046875 0.6039062500000002
23 0.7742187500000001 0.6562500000000001 0.7140625 0.65625 0.7140625 0.90390625 0.7742187500000002 0.90390625
23 0.6046875 0.3531250000000001 0.546875 0.3531250000000001 0.546875 0.603125 0.6046875 0.603125
23 0.54609375 0.3531250000000001 0.4953125 0.3531250000000001 0.4953125 0.60546875 0.54609375 0.60546875
23 0.49609375 0.3531250000000001 0.4453125 0.3531250000000001 0.4453125 0.60546875 0.49609375 0.60546875
23 0.44765625 0.3531250000000001 0.396875 0.3531250000000001 0.39687500000000003 0.6078125 0.44765625 0.6078125
23 0.39687500000000003 0.35000000000000003 0.3484375 0.35 0.34843750000000007 0.6046875 0.3968750000000001 0.6046875
23 0.96953125 0.03125000000000012 0.909375 0.03125000000000011 0.909375 0.2953125000000001 0.96953125 0.2953125000000001
23 0.91328125 0.032812500000000105 0.8484375 0.0328125000000001 0.8484375 0.2968750000000001 0.91328125 0.2968750000000001