23 0.85322580625 0.0161290328125001 0.7838709671874999 0.016129032812500093 0.7838709671874999 0.2862903218750001 0.85322580625 0.2862903218750001
23 0.7919354843749999 0.019354839062500094 0.7274193546875 0.01935483906250009 0.7274193546875 0.2870967734375001 0.7919354843749999 0.2870967734375001
23 0.6620967734375001 0.025806451562500075 0.6 0.025806451562500075 0.6 0.2862903218750001 0.6620967734375001 0.2862903218750001
23 0.5338709671874999 0.024193548437500066 0.47903225781250003 0.024193548437500063 0.47903225781250003 0.2870967734375001 0.5338709671874999 0.2870967734375001
23 0.48064516093750004 0.025806451562500055 0.42580645156249997 0.025806451562500055 0.42580645156249997 0.2887096781250001 0.48064516093750004 0.2887096781250001
23 0.4274193546875 0.022580645312500047 0.3725806453125 0.022580645312500043 0.3725806453125 0.2854838703125001 0.4274193546875 0.2854838703125001
23 0.3725806453125 0.022580645312500043 0.3177419359375 0.02258064531250004 0.3177419359375 0.2879032265625 0.3725806453125 0.28790322656250006
23 0.658064515625 0.3435483875000001 0.598387096875 0.3435483875000001 0.598387096875 0.6040322578125 0.658064515625 0.6040322578125
23 1 0.6548387093750001 0.941935484375 0.6548387093750001 0.941935484375 0.9153225812500001 1 0.9153225812500001
23 0.9516129031249999 0.6580645156250002 0.8822580640625001 0.6580645156250002 0.8822580640625001 0.9161290328125 0.9516129031249999 0.9161290328125
23 0.8870967734375 0.6532258062500003 0.8322580640625 0.6532258062500003 0.8322580640625 0.9137096781249999 0.8870967734375 0.9137096781249999
23 0.8338709671875 0.6564516125000002 0.7741935484375 0.6564516125000002 0.7741935484375001 0.9145161296875 0.8338709671875 0.9145161296875
23 0.6008064515625 0.025806451562500072 0.5338709671874999 0.025806451562500065 0.5338709671874999 0.2862903218750001 0.6008064515625 0.2862903218750001
23 0.6588709671875 0.6661290328125 0.59677419375 0.6661290328125 0.5967741937500001 0.9169354843749999 0.6588709671875002 0.9169354843749999
23 0.5975806453125001 0.6693548390624999 0.5354838703125 0.6693548390624999 0.5354838703125001 0.9153225812500001 0.5975806453125002 0.9153225812500001
23 0.5354838703125001 0.6725806453125001 0.4854838703125 0.6725806453125001 0.48548387031250007 0.9161290328125 0.5354838703125002 0.9161290328125
23 0.48548387031250007 0.6709677421875 0.4354838703125 0.6709677421875 0.4354838703125001 0.9169354843749999 0.4854838703125002 0.9169354843749999
23 0.43387096718750007 0.6709677421875 0.3838709671875001 0.6709677421875 0.3838709671875001 0.9169354843749999 0.4338709671875002 0.9169354843749999
23 0.38467741875000006 0.6741935484375 0.3322580640625001 0.6741935484375 0.3322580640625001 0.9145161296875 0.38467741875000006 0.9145161296875
23 1 0.3354838703125001 0.9483870968750001 0.3354838703125001 0.9483870968750001 0.6032258062500002 1 0.6032258062500002
23 0.9580645156250001 0.3322580640625001 0.8983870968750001 0.3322580640625001 0.8983870968750001 0.6024193546875002 0.9580645156250001 0.6024193546875002
23 0.9 0.3370967734375001 0.8354838703125 0.3370967734375001 0.8354838703125 0.6048387093750002 0.9 0.6048387093750002
23 0.841935484375 0.3387096781250001 0.7774193546875 0.3387096781250001 0.7774193546875 0.6040322578125001 0.841935484375 0.6040322578125001
23 0.7814516125 0.3387096781250001 0.7193548390625 0.3387096781250001 0.7193548390625 0.6040322578125001 0.7814516125 0.6040322578125001
23 0.7750000000000001 0.6580645156250001 0.7129032265624999 0.658064515625 0.7129032265625 0.9137096781249999 0.7750000000000001 0.9137096781249999
23 0.6 0.34516129062500006 0.54032258125 0.34516129062500006 0.54032258125 0.60322580625 0.6 0.60322580625
23 0.5395161296875 0.34516129062500006 0.4870967734375 0.34516129062500006 0.4870967734375 0.6056451609375 0.5395161296875 0.6056451609375
23 0.48790322656249996 0.34516129062500006 0.4354838703125 0.34516129062500006 0.4354838703125 0.6056451609375 0.48790322656249996 0.6056451609375
23 0.43790322656249997 0.34516129062500006 0.3854838703125 0.34516129062500006 0.38548387031250003 0.608064515625 0.43790322656249997 0.608064515625
23 0.38548387031250003 0.34193548437500004 0.3354838703125 0.341935484375 0.33548387031250004 0.604838709375 0.3854838703125001 0.604838709375
23 0.9766129031249999 0.012903226562500116 0.9145161296875 0.012903226562500111 0.9145161296875 0.2854838703125001 0.9766129031249999 0.2854838703125001
23 0.9185483874999999 0.01451612968750011 0.8516129031249999 0.014516129687500106 0.8516129031249999 0.2870967734375001 0.9185483874999999 0.2870967734375001