23 0.3918032781250001 0.6852459015625 0.3442622953125001 0.6852459015625 0.3442622953125001 0.7811475406249999 0.3918032781250001 0.7811475406249999
23 1 1.1945325334377044e-16 0.9508196718749999 1.1644182677280553e-16 0.9508196718749999 0.22950819687500007 1 0.22950819687500007
23 0.9508196718749999 1.1287830541022668e-16 0.8926229515624999 1.0931478404764785e-16 0.8926229515624999 0.22950819687500007 0.9508196718749999 0.22950819687500007
23 0.8934426234374999 1.0585164344320047e-16 0.8352459015625 1.0228812198494608e-16 0.8352459015625 0.22786885312500008 0.8934426234374999 0.22786885312500008
23 0.8344262296875 9.877479104927074e-17 0.778688525 9.536184096740238e-17 0.778688525 0.22622950781250012 0.8344262296875 0.22622950781250012
23 0.778688525 9.194889088553401e-17 0.7229508203125 8.853594080366565e-17 0.7229508203125 0.22622950781250012 0.778688525 0.22622950781250012
23 0.7245901640625 8.532375242941126e-17 0.668852459375 8.191080234754288e-17 0.668852459375 0.2245901640625001 0.7245901640625 0.2245901640625001
23 0.6655737703125 7.809632865909551e-17 0.6098360656249999 7.468337857722714e-17 0.6098360656249999 0.22295082031250008 0.6655737703125 0.22295082031250008
23 0.611475409375 7.132061892226228e-17 0.5532786890625 6.775709755968344e-17 0.5532786890625 0.2213114750000001 0.611475409375 0.2213114750000001
23 0.552459015625 0.0032786890625000646 0.4967213109375 0.003278689062500061 0.4967213109375 0.2204918031250001 0.552459015625 0.2204918031250001
23 0.4967213109375 5.726729498820981e-17 0.438524590625 5.3703773625630964e-17 0.438524590625 0.2213114750000001 0.4967213109375 0.2213114750000001
23 0.43770491875 5.0190442594280085e-17 0.3819672125 4.677749241673619e-17 0.3819672125 0.2213114750000001 0.43770491875 0.2213114750000001
23 0.38032786875 4.3163780627253854e-17 0.3245901640625 3.9750830545385486e-17 0.3245901640625 0.22131147500000004 0.38032786875 0.2213114750000001
23 0.32622950781250004 3.6538642171131095e-17 0.270491803125 3.312569208926273e-17 0.270491803125 0.220491803125 0.32622950781250004 0.220491803125
23 0.17868852500000004 1.8470082936692814e-17 0.1229508203125 1.505713285482445e-17 0.12295082031250001 0.21803278750000002 0.17868852500000004 0.21803278750000002
23 0.12459016406250004 1.1694373104184049e-17 0.0663934421875 8.13085164592967e-18 0.06639344218750001 0.21803278750000002 0.12459016406250005 0.21803278750000002
23 1 0.3032786890625001 0.900819671875 0.3032786890625001 0.900819671875 0.5557377046875002 1 0.5557377046875002
23 0.8983606562500001 0.3032786890625001 0.7852459015625 0.3032786890625001 0.7852459015625 0.5557377046875002 0.8983606562500001 0.5557377046875002
23 0.7836065578125 0.3016393437500001 0.6729508203125001 0.3016393437500001 0.6729508203125001 0.5540983609375001 0.7836065578125 0.5540983609375002
23 0.672131146875 0.3032786890625001 0.5614754093750001 0.3032786890625001 0.5614754093750001 0.5557377046875 0.672131146875 0.5557377046875
23 0.5573770484375 0.2950819671875001 0.44426229531250006 0.2950819671875001 0.44426229531250006 0.552459015625 0.5573770484375 0.552459015625
23 0.4426229515625 0.29508196718750007 0.3237704921875 0.2950819671875 0.32377049218750004 0.5549180328125 0.4426229515625 0.5549180328125
23 0.32295082031250005 0.2967213109375 0.21475409843749999 0.2967213109375 0.21475409843750004 0.55163934375 0.3229508203125001 0.55163934375
23 1 0.5934426234375001 0.9639344265625001 0.5934426234375001 0.9639344265625001 0.6770491796875001 1 0.6770491796875001
23 0.9639344265625001 0.5967213109375001 0.8377049187500001 0.5967213109375001 0.8377049187500001 0.7073770484375002 0.9639344265625001 0.7073770484375002
23 0.708196721875 0.59836065625 0.5745901640625 0.59836065625 0.5745901640625 0.70901639375 0.708196721875 0.70901639375
23 0.95901639375 0.7114754093750002 0.8303278687500001 0.7114754093750002 0.8303278687500001 0.8122950812499999 0.95901639375 0.8122950812499999
23 0.9573770484375 0.8131147546875 0.8286885249999999 0.8131147546875 0.8286885249999999 0.90901639375 0.9573770484375 0.90901639375
23 0.8278688531249999 0.7114754093750001 0.699180328125 0.711475409375 0.6991803281250001 0.8122950812499999 0.8278688531249999 0.8122950812499999
23 0.8295081968750001 0.809836065625 0.7008196718750002 0.809836065625 0.7008196718750002 0.9106557375 0.8295081968750001 0.9106557375
23 0.7000000000000002 0.8163934421875 0.5688524593750002 0.8163934421875 0.5688524593750002 0.9122950812499999 0.7000000000000002 0.9122950812499999
23 0.6983606562500001 0.711475409375 0.56967213125 0.711475409375 0.5696721312500002 0.8122950812499999 0.6983606562500002 0.8122950812499999
23 0.570491803125 0.6016393437499999 0.5254098359375 0.6016393437499999 0.5254098359375 0.709836065625 0.570491803125 0.709836065625
23 0.5262295078125 0.6016393437499999 0.481147540625 0.6016393437499999 0.481147540625 0.709836065625 0.5262295078125 0.709836065625
23 0.4819672125 0.6016393437499999 0.4368852453125 0.6016393437499999 0.4368852453125 0.709836065625 0.4819672125 0.709836065625
23 0.43770491875 0.6016393437499999 0.3926229515625001 0.6016393437499999 0.3926229515625001 0.709836065625 0.43770491875 0.709836065625
23 0.5688524593750002 0.708196721875 0.5237704921875 0.708196721875 0.5237704921875002 0.8163934421875 0.5688524593750002 0.8163934421875
23 0.5245901640625001 0.711475409375 0.479508196875 0.711475409375 0.47950819687500007 0.8172131140625 0.5245901640625001 0.8172131140625
23 0.48196721250000013 0.709836065625 0.4368852453125 0.709836065625 0.4368852453125001 0.8155737703125 0.4819672125000002 0.8155737703125
23 0.43770491875000006 0.708196721875 0.3926229515625001 0.708196721875 0.3926229515625001 0.8139344265625 0.43770491875000017 0.8139344265625
23 0.5688524593750002 0.8131147546875 0.5237704921875002 0.8131147546875 0.5237704921875002 0.9114754093749999 0.5688524593750002 0.9114754093749999
23 0.5229508203125002 0.8163934421875 0.4778688531250002 0.8163934421875 0.4778688531250002 0.9122950812499999 0.5229508203125002 0.9122950812499999
23 0.4786885250000002 0.8131147546875 0.4336065578125002 0.8131147546875 0.4336065578125002 0.9114754093749999 0.4786885250000002 0.9114754093749999
23 0.4360655734375002 0.8131147546875 0.3909836062500001 0.8131147546875 0.3909836062500001 0.90901639375 0.4360655734375002 0.90901639375
23 0.3868852453125001 0.5934426234375 0.3467213109375001 0.5934426234375 0.3467213109375001 0.6868852453125001 0.3868852453125001 0.6868852453125001
23 0.3459016390625001 0.5934426234375 0.3057377046875001 0.5934426234375 0.3057377046875001 0.6868852453125001 0.3459016390625001 0.6868852453125001
23 0.3049180328125001 0.5950819671875001 0.2647540984375001 0.5950819671875001 0.2647540984375001 0.6860655734375001 0.3049180328125001 0.6860655734375001
23 0.26557377031250007 0.5967213109375 0.22540983593750008 0.5967213109375 0.22540983593750008 0.6852459015625 0.26557377031250007 0.6852459015625
23 0.3475409843750001 0.6852459015625 0.3049180328125001 0.6852459015625 0.3049180328125001 0.7811475406249999 0.3475409843750001 0.7811475406249999
23 0.3065573765625001 0.6852459015625 0.2639344265625001 0.6852459015625 0.2639344265625001 0.778688525 0.3065573765625001 0.778688525
23 0.2639344265625001 0.6836065578125 0.22377049218750006 0.6836065578125 0.22377049218750006 0.7770491796875 0.2639344265625001 0.7770491796875
23 0.3934426234375001 0.7803278687499999 0.3532786890625001 0.7803278687499999 0.3532786890625001 0.8909836062500001 0.3934426234375001 0.8909836062500001
23 0.3540983609375001 0.778688525 0.3139344265625001 0.778688525 0.3139344265625001 0.891803278125 0.3540983609375001 0.891803278125
23 0.31311475468750005 0.778688525 0.2704918031250001 0.778688525 0.2704918031250001 0.891803278125 0.31311475468750005 0.891803278125
23 0.26557377031250007 0.7770491796875 0.2204918031250001 0.7770491796875 0.2204918031250001 0.8934426234374999 0.26557377031250007 0.8934426234374999
23 0.2245901640625001 0.5836065578125 0.18442622968750008 0.5836065578125 0.18442622968750008 0.6868852453125001 0.2245901640625001 0.6868852453125001
23 0.22295082031250008 0.6885245906249999 0.1778688531250001 0.6885245906249999 0.1778688531250001 0.791803278125 0.22295082031250008 0.791803278125
23 0.8327868859375 0.6032786890625002 0.7065573765625001 0.6032786890625 0.7065573765625001 0.70901639375 0.8327868859375 0.7090163937500001
23 0.2213114750000001 0.7934426234374999 0.17622950781250007 0.7934426234374999 0.17622950781250007 0.8942622953124999 0.2213114750000001 0.8942622953124999
23 0.1819672125000001 0.5934426234375 0.1467213109375001 0.5934426234375 0.1467213109375001 0.6844262296875 0.1819672125000001 0.6844262296875
23 0.17704917968750009 0.6852459015625 0.13688524531250007 0.6852459015625 0.13688524531250007 0.7934426234374999 0.17704917968750009 0.7934426234374999
23 0.1754098359375001 0.791803278125 0.1352459015625001 0.791803278125 0.1352459015625001 0.8926229515624999 0.1754098359375001 0.8926229515624999
23 0.13770491875000007 0.7836065578125 0.09262295156250008 0.7836065578125 0.0926229515625001 0.9 0.13770491875000007 0.9
23 0.1409836062500001 0.6852459015625 0.1008196718750001 0.6852459015625 0.1008196718750001 0.7860655734375 0.1409836062500001 0.7860655734375
23 0.1459016390625001 0.5934426234375 0.10327868906250008 0.5934426234375 0.10327868906250008 0.6893442624999999 0.1459016390625001 0.6893442624999999
23 0.10327868906250008 0.5934426234375 0.06803278750000007 0.5934426234375 0.06803278750000008 0.6819672125 0.10327868906250008 0.6819672125
23 0.10000000000000009 0.6885245906249999 0.05491803281250009 0.6885245906249999 0.05491803281250009 0.7967213109375 0.10000000000000009 0.7967213109375
23 0.09344262343750011 0.7950819671875 0.053278689062500086 0.7950819671875 0.05327868906250009 0.8959016390625001 0.09344262343750012 0.8959016390625001