23 0.3917392406250001 0.6856429296875 0.34419825781250013 0.6856429296875 0.34419825781250013 0.7796875 0.3917392406250001 0.7796875
23 1 0.08979252031250012 0.8607453890625001 0.08979252031250011 0.8607453890625001 0.13750000000000012 1 0.13750000000000012
23 1 0.08580942656250011 0.8068775609375001 0.0858094265625001 0.8068775609375001 0.1437500000000001 1 0.14375000000000013
23 0.8921875 0.00012807343750010578 0.8357453890625001 0.00012807343750010234 0.8357453890625001 0.22656250000000008 0.8921875 0.22656250000000008
23 0.8341188531249999 0.00016649531250009873 0.7783811468749999 0.0001664953125000953 0.7783811468749999 0.2250000000000001 0.8341188531249999 0.2250000000000001
23 0.778125 0.00016649531250009195 0.7234375 0.0001664953125000886 0.7234375 0.2250000000000001 0.778125 0.2250000000000001
23 0.8078125 0.08457991718750008 0.5842213109375 0.08457991718750006 0.5842213109375 0.1390625000000001 0.8078125 0.1390625000000001
23 0.7484375 0.08381147500000008 0.526472846875 0.08381147500000007 0.526472846875 0.13906250000000006 0.7484375 0.1390625000000001
23 0.6921875 0.08125000000000007 0.47143955000000004 0.08125000000000007 0.47143955000000004 0.13906250000000006 0.6921875 0.1390625000000001
23 0.5515625 0.0034451859375000645 0.4963114734375 0.003445185937500061 0.4963114734375 0.22031250000000008 0.5515625 0.22031250000000008
23 0.578125 0.08125000000000006 0.35724897499999997 0.08125000000000004 0.35724897499999997 0.13906250000000006 0.578125 0.1390625000000001
23 0.520210040625 0.08232581875000006 0.298898565625 0.08232581875000004 0.298898565625 0.13750000000000004 0.520210040625 0.13750000000000004
23 0.3796875 0.0002817625000000431 0.325 0.0002817625000000398 0.325 0.22031250000000005 0.3796875 0.22031250000000008
23 0.4078125 0.08230020468750003 0.188025103125 0.08230020468750002 0.188025103125 0.13750000000000004 0.4078125 0.13750000000000004
23 0.259375 0.08125000000000002 0.042161884375000014 0.08125 0.042161884375000014 0.13593750000000002 0.259375 0.13593750000000004
23 0.12441086093750002 0.00035860625000001166 0.0662141390625 0.00035860625000000803 0.06621413906250001 0.2171875 0.12441086093750005 0.2171875
23 0.9984375 0.3030993859375001 0.9004482578124999 0.3030993859375001 0.9004482578124999 0.5546875000000002 0.9984375 0.5546875000000002
23 0.9671875 0.37256659843750006 0.7157530750000001 0.37256659843750006 0.7157530750000001 0.4843750000000001 0.9671875 0.48437500000000017
23 0.7828125 0.30189549218750006 0.67357838125 0.30189549218750006 0.67357838125 0.5531250000000001 0.7828125 0.5531250000000002
23 0.671875 0.3030993859375001 0.5618724375 0.3030993859375001 0.5618724375 0.5546875 0.671875 0.5546875
23 0.5574154703125 0.2946337093750001 0.4443007171875 0.2946337093750001 0.4443007171875 0.5515625 0.5574154703125 0.5515625
23 0.4421875 0.29531250000000003 0.3234375 0.2953125 0.32343750000000004 0.5546875 0.4421875 0.5546875
23 0.39531250000000007 0.37018442500000004 0.14143186562500004 0.37018442500000004 0.14143186562500004 0.478125 0.39531250000000007 0.478125
23 1 0.6172771515625002 0.9402535859375 0.6172771515625002 0.9402535859375 0.6531250000000002 1 0.6531250000000002
23 0.95625 0.5889728484375002 0.845786375 0.5889728484375002 0.845786375 0.7140625000000002 0.95625 0.7140625000000002
23 0.6953125 0.586898053125 0.5858478500000001 0.586898053125 0.5858478500000001 0.71875 0.6953125 0.71875
23 0.9591572749999999 0.7116419046875002 0.83046875 0.7116419046875002 0.83046875 0.8124615765625001 0.9591572749999999 0.8124615765625001
23 0.940625 0.7967853484375003 0.84495389375 0.7967853484375003 0.84495389375 0.925 0.940625 0.925
23 0.8140625 0.6972976421875001 0.71328125 0.6972976421875 0.7132812500000001 0.8259861671875001 0.8140625 0.8259861671875001
23 0.828125 0.8097464140625 0.7012807375000002 0.8097464140625 0.7012807375000002 0.9105660859375 0.828125 0.9105660859375
23 0.7000000000000002 0.8166752031250001 0.5689036890625002 0.8166752031250001 0.5689036890625002 0.9125 0.7000000000000002 0.9125
23 0.6843750000000001 0.6978995890624999 0.583773053125 0.6978995890624999 0.583773053125 0.825 0.6843750000000002 0.825
23 0.5701972328125 0.6015625 0.525115265625 0.6015625 0.525115265625 0.709375 0.5701972328125 0.709375
23 0.55625 0.633414446875 0.4498591171875 0.633414446875 0.4498591171875 0.678125 0.55625 0.678125
23 0.48125 0.6015625 0.4375 0.6015625 0.4375 0.709375 0.48125 0.709375
23 0.46875 0.63351690625 0.3609375000000001 0.63351690625 0.3609375000000001 0.678125 0.46875 0.678125
23 0.5998335031250002 0.739971825 0.49218750000000017 0.739971825 0.49218750000000017 0.784375 0.5998335031250002 0.784375
23 0.5546875000000002 0.7420978468749999 0.44946209062500014 0.7420978468749999 0.44946209062500014 0.7859375 0.5546875000000002 0.7859375
23 0.48125000000000007 0.709631146875 0.4375 0.709631146875 0.4375000000000001 0.815368853125 0.4812500000000002 0.815368853125
23 0.4671875000000002 0.7388447765625 0.3621670078125001 0.7388447765625 0.3621670078125001 0.7828125 0.4671875000000002 0.7828125
23 0.5953125000000001 0.839536371875 0.49770748125000014 0.839536371875 0.49770748125000014 0.884375 0.5953125000000001 0.884375
23 0.5218750000000002 0.81611168125 0.47824026718750023 0.81611168125 0.47824026718750023 0.91201331875 0.5218750000000002 0.91201331875
23 0.5046875000000002 0.83985655625 0.4075435468750002 0.83985655625 0.4075435468750002 0.8828125 0.5046875000000002 0.8828125
23 0.46093750000000017 0.83828125 0.3657018453125001 0.83828125 0.3657018453125001 0.8828125 0.46093750000000017 0.8828125
23 0.3859375000000001 0.5939036890625 0.34710553281250006 0.5939036890625 0.34710553281250006 0.6859375 0.3859375000000001 0.6859375
23 0.37187500000000007 0.6203125 0.2795594265625001 0.6203125 0.2795594265625001 0.659375 0.37187500000000007 0.659375
23 0.3296875000000001 0.62095286875 0.23939549218750006 0.62095286875 0.23939549218750006 0.659375 0.3296875000000001 0.659375
23 0.2656250000000001 0.5962986671875 0.22558913906250008 0.5962986671875 0.22558913906250008 0.684375 0.2656250000000001 0.684375
23 0.3734375000000001 0.7114369859375 0.27812500000000007 0.7114369859375 0.27812500000000007 0.753125 0.3734375000000001 0.753125
23 0.3062500000000001 0.6851818640625 0.2640625000000001 0.6851818640625 0.2640625000000001 0.7765625 0.3062500000000001 0.7765625
23 0.2890625000000001 0.7101434421875 0.19699026718750007 0.7101434421875 0.19699026718750007 0.75 0.2890625000000001 0.75
23 0.4281250000000002 0.8154969265625001 0.31753330000000013 0.8154969265625001 0.31753330000000013 0.8546875 0.4281250000000002 0.8546875
23 0.3531250000000001 0.7787781765624999 0.3135758203125001 0.7787781765624999 0.3135758203125001 0.8918929296875 0.3531250000000001 0.8918929296875
23 0.3125000000000001 0.7785988734375 0.27031250000000007 0.7785988734375 0.27031250000000007 0.8917136265625001 0.3125000000000001 0.8917136265625001
23 0.2655097328125001 0.776959528125 0.22042776562500008 0.776959528125 0.22042776562500008 0.893352971875 0.2655097328125001 0.893352971875
23 0.2234375000000001 0.58429815625 0.18460553281250008 0.58429815625 0.18460553281250008 0.6859375 0.2234375000000001 0.6859375
23 0.2515625000000001 0.7179943640625 0.14843750000000008 0.7179943640625 0.14843750000000008 0.7625 0.2515625000000001 0.7625
23 0.8328125 0.6031762296875001 0.7066982578125 0.6031762296875 0.7066982578125 0.7078125000000001 0.8328125 0.7078125000000002
23 0.2484375000000001 0.821759734375 0.14846311406250007 0.821759734375 0.14846311406250007 0.865625 0.2484375000000001 0.865625
23 0.2093750000000001 0.6210297140625001 0.11875000000000009 0.6210297140625001 0.11875000000000009 0.6546875 0.2093750000000001 0.6546875
23 0.1750000000000001 0.6847464140625 0.1368212078125001 0.6847464140625 0.1368212078125001 0.7921875 0.1750000000000001 0.7921875
23 0.20468750000000008 0.8222720296875 0.10494364687500009 0.8222720296875 0.10494364687500009 0.8609375 0.20468750000000008 0.8609375
23 0.17187500000000008 0.8189421109374999 0.05658299218750011 0.8189421109374999 0.05658299218750011 0.864024078125 0.17187500000000008 0.864024078125
23 0.1390625000000001 0.6855276640625 0.10101178281250009 0.6855276640625 0.10101178281250009 0.784375 0.1390625000000001 0.784375
23 0.1453125000000001 0.5934554296875 0.10312500000000009 0.5934554296875 0.10312500000000009 0.6875 0.1453125000000001 0.6875
23 0.1281250000000001 0.620363728125 0.04159836093750008 0.620363728125 0.04159836093750008 0.6546875 0.1281250000000001 0.6546875
23 0.1312500000000001 0.7201972328124999 0.023706456250000087 0.7201972328124999 0.02370645625000009 0.7640625 0.1312500000000001 0.7640625
23 0.1218750000000001 0.8253329921875 0.0227715171875001 0.8253329921875 0.022771517187500104 0.8654969265625001 0.1218750000000001 0.8654969265625001