23 0.4155865765625001 0.7093621921875 0.3203125000000001 0.7093621921875 0.3203125000000001 0.75625 0.4155865765625002 0.75625
23 1 0.08979252031250012 0.8607453890625001 0.08979252031250011 0.8607453890625001 0.13750000000000012 1 0.13750000000000012
23 0.95 1.1281870424240048e-16 0.8924692625 1.092959625658024e-16 0.8924692625 0.22812500000000008 0.95 0.22812500000000008
23 0.8921875 0.00012807343750010578 0.8357453890625001 0.00012807343750010234 0.8357453890625001 0.22656250000000008 0.8921875 0.22656250000000008
23 0.834375 9.879047552179975e-17 0.7789959015625 9.539948373974223e-17 0.7789959015625 0.2250000000000001 0.834375 0.2250000000000001
23 0.86376793125 0.0852074781250001 0.6375384234375 0.0852074781250001 0.6375384234375 0.1390625000000001 0.86376793125 0.1390625000000001
23 0.8078125 0.08457991718750008 0.5842213109375 0.08457991718750006 0.5842213109375 0.1390625000000001 0.8078125 0.1390625000000001
23 0.665625 7.811201313162453e-17 0.6100409828125 7.470847369500337e-17 0.6100409828125 0.2218750000000001 0.665625 0.2218750000000001
23 0.6109375 0.00028176250000007126 0.553125 0.00028176250000006773 0.553125 0.22031250000000008 0.6109375 0.22031250000000008
23 0.5515625 0.0031250000000000644 0.497131146875 0.003125000000000061 0.497131146875 0.22031250000000008 0.5515625 0.22031250000000008
23 0.578125 0.08125000000000006 0.35724897499999997 0.08125000000000004 0.35724897499999997 0.13906250000000006 0.578125 0.1390625000000001
23 0.4375 5.02061270668091e-17 0.382428278125 4.6833956670921496e-17 0.382428278125 0.22031250000000008 0.4375 0.22031250000000008
23 0.4625 0.08281250000000004 0.24152151718749998 0.08281250000000002 0.24152151718749998 0.13750000000000004 0.4625 0.13750000000000004
23 0.325 3.6468061949074984e-17 0.2705686484375 3.313510292586099e-17 0.2705686484375 0.2203125 0.325 0.2203125
23 0.17812500000000003 1.846537751839369e-17 0.1234375 1.511673392697514e-17 0.12343750000000002 0.2171875 0.17812500000000003 0.2171875
23 0.2046875 0.08009733593750001 9.809094607608964e-18 0.0800973359375 1.3323994047942537e-17 0.1375 0.2046875 0.13750000000000004
23 0.9984375 0.3030993859375001 0.9004482578124999 0.3030993859375001 0.9004482578124999 0.5546875000000002 0.9984375 0.5546875000000002
23 0.9671875 0.3733350406250001 0.71539446875 0.3733350406250001 0.71539446875 0.4843750000000001 0.9671875 0.48437500000000017
23 0.85425205 0.3731685453125001 0.6017930328125 0.3731685453125001 0.6017930328125 0.4828125000000001 0.85425205 0.4828125000000002
23 0.671875 0.3030993859375001 0.5618724375 0.3030993859375001 0.5618724375 0.5546875 0.671875 0.5546875
23 0.6290599375 0.3671746937500001 0.37187500000000007 0.3671746937500001 0.37187500000000007 0.4796875 0.6290599375 0.4796875
23 0.4421875 0.29531250000000003 0.3234375 0.2953125 0.32343750000000004 0.5546875 0.4421875 0.5546875
23 0.39531250000000007 0.37018442500000004 0.14143186562500004 0.37018442500000004 0.14143186562500004 0.478125 0.39531250000000007 0.478125
23 0.9984375 0.5937500000000002 0.9638703890625001 0.5937500000000002 0.9638703890625001 0.6765625000000002 0.9984375 0.6765625000000002
23 0.955852971875 0.5888960031250001 0.8453125 0.5888960031250001 0.8453125 0.7140625000000002 0.955852971875 0.7140625000000002
23 0.70625 0.5985783812500001 0.574602971875 0.5985783812500001 0.574602971875 0.7078125 0.70625 0.7078125
23 0.944915471875 0.6976818640625002 0.8440958000000001 0.6976818640625002 0.8440958000000001 0.8263703890625 0.944915471875 0.8263703890625
23 0.940625 0.7966572765625002 0.8452100421875001 0.7966572765625002 0.8452100421875001 0.925 0.940625 0.925
23 0.8137679312499999 0.6977843234375001 0.712948259375 0.6977843234375001 0.7129482593750001 0.8264728484375 0.8137679312499999 0.8264728484375
23 0.828125 0.8099257171875 0.7003586062500002 0.8099257171875 0.7003586062500002 0.9107453890625001 0.828125 0.9107453890625001
23 0.6999487703125002 0.81611168125 0.5688012296875001 0.81611168125 0.5688012296875001 0.91201331875 0.6999487703125002 0.91201331875
23 0.6843750000000001 0.6978995890624999 0.583773053125 0.6978995890624999 0.583773053125 0.825 0.6843750000000002 0.825
23 0.6015625 0.6329021515625 0.4941214125 0.6329021515625 0.4941214125 0.67798411875 0.6015625 0.67798411875
23 0.525 0.6019082984375 0.48092981406249996 0.6019082984375 0.48092981406249996 0.709375 0.525 0.709375
23 0.48125 0.6015625 0.4375 0.6015625 0.4375 0.709375 0.48125 0.709375
23 0.437384734375 0.6015625 0.39230276718750007 0.6015625 0.39230276718750007 0.709375 0.437384734375 0.709375
23 0.5687500000000001 0.7087730546875 0.52398821875 0.7087730546875 0.5239882187500001 0.815625 0.5687500000000002 0.815625
23 0.5546362718750002 0.7415087078125 0.44889856718750015 0.7415087078125 0.44889856718750015 0.7859375 0.5546362718750002 0.7859375
23 0.5125000000000002 0.740625 0.4067622953125002 0.740625 0.4067622953125002 0.784375 0.5125000000000002 0.784375
23 0.4375000000000001 0.708324796875 0.3929431375000001 0.708324796875 0.3929431375000001 0.8140625 0.43750000000000017 0.8140625
23 0.5949154703125001 0.8399718249999999 0.4968750000000002 0.8399718249999999 0.4968750000000002 0.884375 0.5949154703125001 0.884375
23 0.5484375000000001 0.842174690625 0.45274077968750015 0.842174690625 0.45274077968750015 0.8859375 0.5484375000000001 0.8859375
23 0.47656250000000017 0.8125384234374999 0.4337090156250002 0.8125384234374999 0.4337090156250002 0.9108990765625 0.47656250000000017 0.9108990765625
23 0.46093750000000017 0.8387679312499999 0.3654456953125001 0.8387679312499999 0.3654456953125001 0.8828125 0.46093750000000017 0.8828125
23 0.3859375000000001 0.5939036890625 0.34710553281250006 0.5939036890625 0.34710553281250006 0.6859375 0.3859375000000001 0.6859375
23 0.37187500000000007 0.6203125 0.2786372953125001 0.6203125 0.2786372953125001 0.659375 0.37187500000000007 0.659375
23 0.3296875000000001 0.62095286875 0.23939549218750006 0.62095286875 0.23939549218750006 0.659375 0.3296875000000001 0.659375
23 0.2890625000000001 0.6207223359375 0.2008068640625001 0.6207223359375 0.2008068640625001 0.6608862703125 0.2890625000000001 0.6608862703125
23 0.3468750000000001 0.684848871875 0.3053662906250001 0.684848871875 0.3053662906250001 0.7796875 0.3468750000000001 0.7796875
23 0.3312500000000001 0.7107453890625 0.2390625000000001 0.7107453890625 0.2390625000000001 0.7515625 0.3312500000000001 0.7515625
23 0.2890625000000001 0.7103483609375 0.19727202968750007 0.7103483609375 0.19727202968750007 0.75 0.2890625000000001 0.75
23 0.3921875000000001 0.77982838125 0.3533555328125001 0.77982838125 0.3533555328125001 0.8904841187500001 0.3921875000000001 0.8904841187500001
23 0.3906250000000001 0.8155225406250001 0.27754866875000006 0.8155225406250001 0.27754866875000006 0.8546875 0.3906250000000001 0.8546875
23 0.3125000000000001 0.7787781765624999 0.2708888328125001 0.7787781765624999 0.2708888328125001 0.8918929296875 0.3125000000000001 0.8918929296875
23 0.2655097328125001 0.776959528125 0.22042776562500008 0.776959528125 0.22042776562500008 0.893352971875 0.2655097328125001 0.893352971875
23 0.25468750000000007 0.6153432375000001 0.1521772546875001 0.6153432375000001 0.1521772546875001 0.6546875 0.25468750000000007 0.6546875
23 0.2218750000000001 0.688063525 0.1774974390625001 0.688063525 0.1774974390625001 0.790625 0.2218750000000001 0.790625
23 0.821875 0.5928919046875001 0.7167008203125 0.5928919046875001 0.7167008203125 0.7187500000000001 0.821875 0.7187500000000002
23 0.2484375000000001 0.821759734375 0.14846311406250007 0.821759734375 0.14846311406250007 0.865625 0.2484375000000001 0.865625
23 0.18125000000000008 0.593570696875 0.1468750000000001 0.593570696875 0.1468750000000001 0.6828125 0.18125000000000008 0.6828125
23 0.2093750000000001 0.7193263328125 0.10236936406250008 0.7193263328125 0.10236936406250008 0.7578125 0.2093750000000001 0.7578125
23 0.17343750000000008 0.7921875 0.1353867828125001 0.7921875 0.1353867828125001 0.8921875 0.17343750000000008 0.8921875
23 0.1375000000000001 0.7832223375 0.09294313593750009 0.7832223375 0.0929431359375001 0.8984375 0.1375000000000001 0.8984375
23 0.1390625000000001 0.6849641390625 0.1006275609375001 0.6849641390625 0.1006275609375001 0.784375 0.1390625000000001 0.784375
23 0.17187500000000008 0.62045338125 0.07665215156250008 0.62045338125 0.07665215156250008 0.6609375 0.17187500000000008 0.6609375
23 0.1281250000000001 0.620363728125 0.04159836093750008 0.620363728125 0.04159836093750008 0.6546875 0.1281250000000001 0.6546875
23 0.10000000000000009 0.688178790625 0.055033298437500086 0.688178790625 0.055033298437500086 0.7953125 0.10000000000000009 0.7953125
23 0.1218750000000001 0.8254866796875 0.0231301234375001 0.8254866796875 0.0231301234375001 0.865625 0.1218750000000001 0.865625