23 0.33125 0.261328125 0.18281250000000004 0.261328125 0.18281250000000004 0.328125 0.33125 0.328125
23 0.36250000000000004 0.228125 0.290625 0.228125 0.290625 0.3796875 0.3625000000000001 0.3796875
23 0.41875 0.2328125000000001 0.365625 0.2328125000000001 0.36562500000000003 0.3843750000000001 0.41875 0.3843750000000001
23 0.16406250000000006 0.2109375 0.11093750000000005 0.2109375 0.11093750000000005 0.353125 0.16406250000000006 0.353125
23 0.11093750000000005 0.209375 0.06250000000000003 0.209375 0.06250000000000003 0.340625 0.11093750000000005 0.340625
23 0.06250000000000003 0.2078125 0.008203125000000025 0.2078125 0.008203125000000033 0.3328125 0.06250000000000004 0.3328125
23 0.4734375 0.12382812500000004 0.3109375 0.12382812500000004 0.3109375 0.17656250000000004 0.4734375 0.17656250000000004
23 0.4046875 0.11093750000000005 0.2484375 0.11093750000000005 0.2484375 0.18281250000000004 0.4046875 0.18281250000000004
23 0.2921875 0.07187500000000004 0.225 0.07187500000000002 0.225 0.2234375 0.2921875 0.2234375
23 0.2671875 0.11406250000000002 0.120703125 0.1140625 0.120703125 0.17343750000000002 0.2671875 0.17343750000000005
23 0.16250000000000003 0.07031250000000003 0.1140625 0.07031250000000003 0.11406250000000002 0.2125 0.16250000000000003 0.2125
23 0.15625 0.116015625 0.020312500000000018 0.116015625 0.020312500000000018 0.1609375 0.15625 0.1609375
23 0.1 0.105859375 1.2964034475348934e-17 0.105859375 1.643227248074671e-17 0.1625 0.1 0.1625
23 0.265625 0.258203125 0.12226562500000004 0.258203125 0.12226562500000004 0.3171875 0.265625 0.3171875
23 0.6328125 0.20781250000000004 0.30625 0.2078125 0.30625 0.25625000000000003 0.6328125 0.2562500000000001
23 0.6875 0.21015625000000004 0.34921875 0.21015625 0.34921875 0.26250000000000007 0.6875 0.26250000000000007
23 0.596875 0.06250000000000007 0.542578125 0.06250000000000007 0.542578125 0.4109375 0.596875 0.4109375
23 0.8015625 0.2160156250000001 0.446484375 0.2160156250000001 0.446484375 0.27031250000000007 0.8015625 0.27031250000000007
23 0.7078125 0.06875000000000009 0.653515625 0.06875000000000009 0.653515625 0.434375 0.7078125 0.434375
23 0.93203125 0.2230468750000001 0.5546875 0.2230468750000001 0.5546875 0.2843750000000001 0.93203125 0.2843750000000001
23 0.8421875 0.0660156250000001 0.773828125 0.06601562500000009 0.773828125 0.4515625000000002 0.8421875 0.4515625000000002
23 0.9125 0.06210937500000011 0.8328125 0.06210937500000011 0.8328125 0.46093750000000017 0.9125 0.46093750000000017
23 0.9984375 0.05781250000000012 0.909375 0.057812500000000114 0.909375 0.4750000000000002 0.9984375 0.4750000000000002
23 0.09687500000000006 0.3640625 0.029687500000000044 0.3640625 0.02968750000000006 0.61875 0.09687500000000007 0.61875
23 0.2609375000000001 0.476171875 5.831423625627436e-17 0.476171875 6.254787851113924e-17 0.5453125 0.2609375000000001 0.5453125
23 0.22812500000000008 0.389453125 0.15937500000000004 0.389453125 0.15937500000000007 0.6671875 0.22812500000000008 0.6671875
23 0.4109375 0.504296875 0.12343750000000005 0.504296875 0.12343750000000006 0.5828125 0.4109375 0.5828125
23 0.499609375 0.521484375 0.19882812500000005 0.521484375 0.19882812500000008 0.6078125 0.499609375 0.6078125
23 0.459375 0.47578125 0.3492187500000001 0.47578125 0.3492187500000001 0.496875 0.459375 0.496875
23 0.415625 0.54375 0.3937500000000001 0.54375 0.3937500000000001 0.6515625 0.415625 0.6515625
23 0.4156250000000001 0.6390625 0.3937500000000001 0.6390625 0.3937500000000001 0.728125 0.4156250000000002 0.728125
23 0.524609375 0.484765625 0.411328125 0.484765625 0.411328125 0.5171875 0.524609375 0.5171875
23 0.484375 0.553125 0.453125 0.553125 0.453125 0.653125 0.484375 0.653125
23 0.4828125000000001 0.648828125 0.450390625 0.648828125 0.4503906250000001 0.7484375 0.4828125000000002 0.7484375
23 0.5609375 0.491015625 0.44375 0.491015625 0.44375 0.5234375 0.5609375 0.5234375
23 0.5515625 0.59609375 0.449609375 0.59609375 0.449609375 0.6296875 0.5515625 0.6296875
23 0.55 0.69609375 0.448046875 0.69609375 0.44804687500000007 0.728125 0.5500000000000002 0.728125
23 0.5515625 0.45625 0.519140625 0.45625 0.519140625 0.571875 0.5515625 0.571875
23 0.55 0.565234375 0.517578125 0.565234375 0.517578125 0.6703125 0.55 0.6703125
23 0.5828125000000001 0.705078125 0.4828125 0.705078125 0.4828125000000001 0.7359375 0.5828125000000002 0.7359375
23 0.6296875 0.50703125 0.51015625 0.50703125 0.51015625 0.5375 0.6296875 0.5375
23 0.6171875 0.6125 0.512890625 0.6125 0.512890625 0.6453125 0.6171875 0.6453125
23 0.6171875000000001 0.712890625 0.5125 0.712890625 0.5125000000000001 0.7453125 0.6171875000000002 0.7453125
23 0.61875 0.46875 0.5859375 0.46875 0.5859375 0.590625 0.61875 0.590625
23 0.6140625 0.586328125 0.580859375 0.586328125 0.580859375 0.690625 0.6140625 0.690625
23 0.6500000000000001 0.724609375 0.5453125 0.724609375 0.5453125000000001 0.7578125 0.6500000000000001 0.7578125
23 0.69765625 0.519921875 0.575 0.519921875 0.575 0.5546875 0.69765625 0.5546875
23 0.6515625 0.5953125 0.613671875 0.5953125 0.613671875 0.703125 0.6515625 0.703125
23 0.6859375000000002 0.73359375 0.5792968750000002 0.73359375 0.5792968750000002 0.771875 0.6859375000000002 0.771875
23 0.746875 0.524609375 0.61953125 0.524609375 0.61953125 0.5640625000000001 0.746875 0.5640625000000001
23 0.7 0.6078125 0.659375 0.6078125 0.659375 0.7125 0.7 0.7125
23 0.6968750000000001 0.7125 0.65625 0.7125 0.6562500000000001 0.8203125 0.6968750000000001 0.8203125
23 0.7859375 0.53828125 0.657421875 0.53828125 0.657421875 0.5750000000000001 0.7859375 0.5750000000000002
23 0.7375 0.6125 0.7 0.6125 0.7000000000000001 0.7281250000000001 0.7375000000000002 0.7281250000000001
23 0.7328125000000001 0.7187500000000001 0.694921875 0.71875 0.6949218750000001 0.834375 0.7328125000000002 0.834375
23 0.784375 0.5000000000000002 0.74375 0.5000000000000002 0.74375 0.6343750000000001 0.784375 0.6343750000000001
23 0.81875 0.6617187500000001 0.69921875 0.66171875 0.69921875 0.7015625000000001 0.81875 0.7015625000000002
23 0.7718750000000002 0.7316406250000002 0.7343750000000002 0.7316406250000002 0.7343750000000002 0.8484375 0.7718750000000002 0.8484375
23 0.8765625 0.5578125000000002 0.734765625 0.5578125000000002 0.734765625 0.6000000000000002 0.8765625 0.6000000000000002
23 0.860546875 0.6730468750000002 0.737890625 0.6730468750000002 0.737890625 0.7156250000000002 0.860546875 0.7156250000000002
23 0.8515625 0.7851562500000002 0.7320312500000001 0.7851562500000002 0.7320312500000001 0.825 0.8515625 0.825
23 0.921875 0.5609375000000002 0.7796875 0.5609375000000002 0.7796875 0.6093750000000002 0.921875 0.6093750000000002
23 0.8703125 0.6453125000000002 0.821875 0.6453125000000002 0.821875 0.7703125000000002 0.8703125 0.7703125000000002
23 0.8640625 0.7574218750000001 0.813671875 0.7574218750000001 0.813671875 0.8796875 0.8640625 0.8796875
23 0.9234375 0.5199218750000002 0.875 0.5199218750000002 0.875 0.6640625000000002 0.9234375 0.6640625000000002
23 0.95625 0.6957031250000002 0.8296875 0.6957031250000002 0.8296875 0.7406250000000002 0.95625 0.7406250000000002
23 0.9109375 0.7718750000000002 0.865625 0.7718750000000002 0.865625 0.896875 0.9109375 0.896875
23 0.971875 0.5296875000000002 0.91875 0.5296875000000002 0.91875 0.6765625000000002 0.971875 0.6765625000000002
23 0.9640625 0.6656250000000001 0.915625 0.6656250000000001 0.915625 0.7953125000000002 0.9640625 0.7953125000000002
23 0.996875 0.825390625 0.86953125 0.825390625 0.86953125 0.8703125 0.996875 0.8703125
23 1 0.5871093750000002 0.914453125 0.5871093750000002 0.914453125 0.6187500000000001 1 0.6187500000000001
23 1 0.7207031250000002 0.913671875 0.7207031250000002 0.913671875 0.7578125000000002 1 0.7578125000000002
23 0.9984375 0.7972656250000002 0.953125 0.7972656250000002 0.953125 0.928125 0.9984375 0.928125