23 0.290625 0.2203125 0.2234375 0.2203125 0.22343750000000004 0.36953125 0.2906250000000001 0.36953125
23 0.36250000000000004 0.228125 0.290625 0.228125 0.290625 0.3796875 0.3625000000000001 0.3796875
23 0.41875 0.2328125000000001 0.365625 0.2328125000000001 0.36562500000000003 0.3843750000000001 0.41875 0.3843750000000001
23 0.16406250000000006 0.2109375 0.11093750000000005 0.2109375 0.11093750000000005 0.353125 0.16406250000000006 0.353125
23 0.11093750000000005 0.209375 0.06250000000000003 0.209375 0.06250000000000003 0.34140625 0.11093750000000005 0.34140625
23 0.06328125000000004 0.2078125 0.007812500000000024 0.2078125 0.007812500000000033 0.3328125 0.06328125000000004 0.3328125
23 0.41875 0.06875000000000005 0.365625 0.06875000000000005 0.365625 0.23203125000000008 0.41875 0.23203125000000008
23 0.3625 0.06875000000000005 0.290625 0.06875000000000005 0.290625 0.225 0.3625 0.225
23 0.2921875 0.07187500000000004 0.225 0.07187500000000002 0.225 0.2234375 0.2921875 0.2234375
23 0.22421875 0.07031250000000003 0.1640625 0.07031250000000003 0.16406250000000003 0.2171875 0.22421875 0.2171875
23 0.16250000000000003 0.07031250000000003 0.1140625 0.07031250000000003 0.11406250000000002 0.2125 0.16250000000000003 0.2125
23 0.11093750000000002 0.07031250000000001 0.065625 0.0703125 0.06562500000000002 0.20703125 0.11093750000000005 0.20703125
23 0.06406250000000001 0.06875 0.006250000000000008 0.06875 0.006250000000000017 0.20078125 0.06406250000000002 0.20078125
23 0.22421875 0.215625 0.16406250000000006 0.215625 0.16406250000000006 0.36015625 0.22421875 0.36015625
23 0.49375 0.06875000000000006 0.4453125 0.06875000000000005 0.4453125 0.39531250000000007 0.49375 0.39531250000000007
23 0.5453125 0.06718750000000007 0.4921875 0.06718750000000007 0.4921875 0.40625 0.5453125 0.40625
23 0.59765625 0.06250000000000007 0.5421875 0.06250000000000007 0.5421875 0.4109375 0.59765625 0.4109375
23 0.65234375 0.06562500000000007 0.596875 0.06562500000000007 0.596875 0.42109375 0.65234375 0.42109375
23 0.70859375 0.06875000000000009 0.653125 0.06875000000000009 0.653125 0.434375 0.70859375 0.434375
23 0.775 0.06562500000000009 0.7125 0.06562500000000009 0.7125 0.4429687500000001 0.775 0.4429687500000002
23 0.84296875 0.0656250000000001 0.7734375 0.06562500000000009 0.7734375 0.45234375000000016 0.84296875 0.45234375000000016
23 0.9125 0.06250000000000011 0.8328125 0.06250000000000011 0.8328125 0.4617187500000002 0.9125 0.4617187500000002
23 0.9984375 0.05781250000000012 0.909375 0.057812500000000114 0.909375 0.47578125000000016 0.9984375 0.47578125000000016
23 0.09687500000000006 0.3640625 0.029687500000000044 0.3640625 0.02968750000000006 0.61875 0.09687500000000007 0.61875
23 0.16171875000000008 0.3765625 0.09218750000000005 0.3765625 0.09218750000000006 0.64609375 0.16171875000000008 0.64609375
23 0.2289062500000001 0.3890625 0.15937500000000004 0.3890625 0.15937500000000007 0.66796875 0.2289062500000001 0.66796875
23 0.3078125000000001 0.4 0.22812500000000008 0.4 0.22812500000000008 0.68828125 0.3078125000000001 0.68828125
23 0.3929687500000001 0.4140625 0.3062500000000001 0.4140625 0.3062500000000001 0.71484375 0.3929687500000001 0.71484375
23 0.415625 0.43125 0.3937500000000001 0.43125 0.3937500000000001 0.5421875 0.415625 0.5421875
23 0.415625 0.54375 0.3937500000000001 0.54375 0.3937500000000001 0.6515625 0.415625 0.6515625
23 0.4156250000000001 0.6390625 0.3937500000000001 0.6390625 0.3937500000000001 0.728125 0.4156250000000002 0.728125
23 0.48515625 0.4453125 0.4515625 0.4453125 0.4515625 0.55859375 0.48515625 0.55859375
23 0.484375 0.553125 0.453125 0.553125 0.453125 0.65390625 0.484375 0.65390625
23 0.4835937500000001 0.6484375 0.45 0.6484375 0.45000000000000007 0.74921875 0.48359375000000016 0.74921875
23 0.51953125 0.4484375 0.4859375 0.4484375 0.4859375 0.56640625 0.51953125 0.56640625
23 0.51796875 0.5609375 0.484375 0.5609375 0.484375 0.6640625 0.51796875 0.6640625
23 0.5164062500000001 0.6609375 0.4828125 0.6609375 0.4828125000000001 0.7640625 0.5164062500000002 0.7640625
23 0.55234375 0.45625 0.51875 0.45625 0.51875 0.571875 0.55234375 0.571875
23 0.55078125 0.565625 0.5171875 0.565625 0.5171875 0.67109375 0.55078125 0.67109375
23 0.5484375000000001 0.6703125 0.5171875 0.6703125 0.5171875000000001 0.77109375 0.5484375000000001 0.77109375
23 0.5859375 0.4625 0.5546875 0.4625 0.5546875 0.5828125 0.5859375 0.5828125
23 0.58203125 0.5765625 0.5484375 0.5765625 0.5484375 0.68203125 0.58203125 0.68203125
23 0.5820312500000001 0.6765625 0.5484375 0.6765625 0.5484375000000001 0.78203125 0.5820312500000002 0.78203125
23 0.61953125 0.46875 0.5859375 0.46875 0.5859375 0.59140625 0.61953125 0.59140625
23 0.61484375 0.5859375 0.58125 0.5859375 0.58125 0.69140625 0.61484375 0.69140625
23 0.6148437500000001 0.6890625 0.58125 0.6890625 0.58125 0.79453125 0.6148437500000001 0.79453125
23 0.6546875 0.4765625 0.61875 0.4765625 0.61875 0.59921875 0.6546875 0.59921875
23 0.65234375 0.5953125 0.6140625 0.5953125 0.6140625 0.703125 0.65234375 0.703125
23 0.6523437500000001 0.6984375 0.6140625 0.6984375 0.6140625000000001 0.80625 0.6523437500000002 0.80625
23 0.703125 0.48125 0.6625 0.48125 0.6625 0.60859375 0.703125 0.60859375
23 0.7 0.6078125 0.659375 0.6078125 0.659375 0.71328125 0.7 0.71328125
23 0.6968750000000001 0.7125 0.65625 0.7125 0.6562500000000001 0.8203125 0.6968750000000001 0.8203125
23 0.74140625 0.4921875000000001 0.703125 0.4921875 0.703125 0.6218750000000001 0.74140625 0.6218750000000002
23 0.7382812500000001 0.6125 0.7 0.6125 0.7000000000000001 0.7281250000000001 0.7382812500000002 0.7281250000000001
23 0.73359375 0.7187500000000001 0.6953125 0.71875 0.6953125000000001 0.834375 0.7335937500000002 0.834375
23 0.784375 0.5000000000000002 0.74375 0.5000000000000002 0.74375 0.6343750000000001 0.784375 0.6343750000000001
23 0.7796875000000001 0.6218750000000002 0.7390625 0.6218750000000002 0.7390625000000001 0.7421875000000002 0.7796875000000002 0.7421875000000002
23 0.7726562500000002 0.7312500000000002 0.7343750000000002 0.7312500000000002 0.7343750000000002 0.84921875 0.7726562500000002 0.84921875
23 0.82734375 0.5078125000000002 0.784375 0.5078125000000002 0.784375 0.6500000000000001 0.82734375 0.6500000000000001
23 0.82109375 0.6328125000000002 0.778125 0.6328125000000002 0.7781250000000001 0.7554687500000001 0.82109375 0.7554687500000001
23 0.8125 0.7453125000000002 0.7718750000000002 0.7453125000000002 0.7718750000000002 0.865625 0.8125 0.865625
23 0.875 0.5140625000000002 0.8265625 0.5140625000000002 0.8265625 0.6562500000000002 0.875 0.6562500000000002
23 0.8703125 0.6453125000000002 0.821875 0.6453125000000002 0.821875 0.7703125000000002 0.8703125 0.7703125000000002
23 0.86484375 0.7578125000000002 0.8140625 0.7578125000000002 0.8140625 0.88046875 0.86484375 0.88046875
23 0.9234375 0.5203125000000002 0.875 0.5203125000000002 0.875 0.6648437500000002 0.9234375 0.6648437500000002
23 0.915625 0.6546875000000002 0.8703125 0.6546875000000002 0.8703125 0.7820312500000002 0.915625 0.7820312500000002
23 0.9109375 0.7718750000000002 0.865625 0.7718750000000002 0.865625 0.896875 0.9109375 0.896875
23 0.971875 0.5296875000000002 0.91875 0.5296875000000002 0.91875 0.6765625000000002 0.971875 0.6765625000000002
23 0.9640625 0.6656250000000001 0.915625 0.6656250000000001 0.915625 0.7953125000000002 0.9640625 0.7953125000000002
23 0.95625 0.7843750000000002 0.9109375 0.7843750000000002 0.9109375 0.91171875 0.95625 0.91171875
23 0.99765625 0.5375000000000002 0.9640625 0.5375000000000002 0.9640625 0.6695312500000001 0.99765625 0.6695312500000001
23 0.99921875 0.6734375000000001 0.9609375 0.6734375000000001 0.9609375 0.80546875 0.99921875 0.80546875
23 0.9984375 0.7968750000000002 0.953125 0.7968750000000002 0.953125 0.92890625 0.9984375 0.92890625