23 0.290625 0.220703125 0.2234375 0.220703125 0.22343750000000004 0.36875 0.2906250000000001 0.36875
23 0.36250000000000004 0.228125 0.290625 0.228125 0.290625 0.3796875 0.3625000000000001 0.3796875
23 0.41875 0.2328125000000001 0.365625 0.2328125000000001 0.36562500000000003 0.3843750000000001 0.41875 0.3843750000000001
23 0.16406250000000006 0.2109375 0.11093750000000005 0.2109375 0.11093750000000005 0.353125 0.16406250000000006 0.353125
23 0.11093750000000005 0.209765625 0.06250000000000003 0.209765625 0.06250000000000003 0.340625 0.11093750000000005 0.340625
23 0.09687500000000003 0.24296875 2.975509019803335e-17 0.24296875 3.3055896023860203e-17 0.296875 0.09687500000000004 0.296875
23 0.4734375 0.12382812500000004 0.3109375 0.12382812500000004 0.3109375 0.17656250000000004 0.4734375 0.17656250000000004
23 0.3625 0.06875000000000005 0.290625 0.06875000000000005 0.290625 0.225 0.3625 0.225
23 0.2921875 0.07187500000000004 0.225 0.07187500000000002 0.225 0.2234375 0.2921875 0.2234375
23 0.2671875 0.11328125000000003 0.120703125 0.11328125 0.120703125 0.17343750000000002 0.2671875 0.17343750000000005
23 0.209375 0.11718750000000003 0.06718750000000002 0.1171875 0.06718750000000002 0.16562500000000002 0.209375 0.16562500000000005
23 0.11093750000000002 0.07031250000000001 0.065625 0.0703125 0.06562500000000002 0.20625 0.11093750000000005 0.20625
23 0.06406250000000001 0.069140625 0.006250000000000008 0.069140625 0.006250000000000017 0.2 0.06406250000000002 0.2
23 0.2234375 0.215625 0.16445312500000003 0.215625 0.16445312500000003 0.359375 0.2234375 0.359375
23 0.49375 0.06875000000000006 0.4453125 0.06875000000000005 0.4453125 0.39531250000000007 0.49375 0.39531250000000007
23 0.6875 0.21015625000000004 0.34921875 0.21015625 0.34921875 0.26250000000000007 0.6875 0.26250000000000007
23 0.596875 0.06250000000000007 0.5421875 0.06250000000000007 0.5421875 0.4109375 0.596875 0.4109375
23 0.8015625 0.2160156250000001 0.446484375 0.2160156250000001 0.446484375 0.27031250000000007 0.8015625 0.27031250000000007
23 0.8625 0.22421875000000008 0.498046875 0.22421875000000008 0.498046875 0.2796875000000001 0.8625 0.2796875000000001
23 0.775 0.0652343750000001 0.7125 0.0652343750000001 0.7125 0.44218750000000007 0.775 0.4421875000000002
23 0.8421875 0.0652343750000001 0.773046875 0.0652343750000001 0.773046875 0.4515625000000002 0.8421875 0.4515625000000002
23 1 0.22226562500000008 0.67265625 0.22226562500000008 0.67265625 0.30156250000000007 1 0.30156250000000007
23 0.9984375 0.05820312500000012 0.909375 0.05820312500000011 0.909375 0.4750000000000002 0.9984375 0.4750000000000002
23 0.09687500000000006 0.3640625 0.029687500000000044 0.3640625 0.02968750000000006 0.61875 0.09687500000000007 0.61875
23 0.2609375000000001 0.476953125 5.840991178745774e-17 0.476953125 6.259571627673093e-17 0.5453125 0.2609375000000001 0.5453125
23 0.22812500000000008 0.388671875 0.15976562500000005 0.388671875 0.15976562500000008 0.6671875 0.22812500000000008 0.6671875
23 0.3078125000000001 0.4 0.22812500000000008 0.4 0.22812500000000008 0.6875 0.3078125000000001 0.6875
23 0.499609375 0.521484375 0.19882812500000005 0.521484375 0.19882812500000008 0.6078125 0.499609375 0.6078125
23 0.415625 0.43125 0.3937500000000001 0.43125 0.3937500000000001 0.5421875 0.415625 0.5421875
23 0.415625 0.54375 0.3937500000000001 0.54375 0.3937500000000001 0.6515625 0.415625 0.6515625
23 0.4156250000000001 0.6390625 0.3937500000000001 0.6390625 0.3937500000000001 0.728125 0.4156250000000002 0.728125
23 0.484375 0.444921875 0.451953125 0.444921875 0.451953125 0.5578125 0.484375 0.5578125
23 0.484375 0.553125 0.453125 0.553125 0.453125 0.653125 0.484375 0.653125
23 0.516796875 0.682421875 0.416015625 0.682421875 0.416015625 0.715625 0.516796875 0.715625
23 0.5609375 0.491015625 0.44375 0.491015625 0.44375 0.5234375 0.5609375 0.5234375
23 0.5515625 0.59609375 0.449609375 0.59609375 0.449609375 0.6296875 0.5515625 0.6296875
23 0.55 0.6953125 0.448046875 0.6953125 0.44804687500000007 0.728125 0.5500000000000002 0.728125
23 0.5515625 0.45625 0.518359375 0.45625 0.518359375 0.571875 0.5515625 0.571875
23 0.55 0.566015625 0.5171875 0.566015625 0.5171875 0.6703125 0.55 0.6703125
23 0.5484375000000001 0.669921875 0.5171875 0.669921875 0.5171875000000001 0.7703125 0.5484375000000001 0.7703125
23 0.5859375 0.4625 0.5546875 0.4625 0.5546875 0.5828125 0.5859375 0.5828125
23 0.6171875 0.6125 0.512890625 0.6125 0.512890625 0.6453125 0.6171875 0.6453125
23 0.58125 0.676953125 0.548828125 0.676953125 0.5488281250000001 0.78125 0.5812500000000002 0.78125
23 0.61875 0.46875 0.5859375 0.46875 0.5859375 0.590625 0.61875 0.590625
23 0.65 0.621484375 0.5453125 0.621484375 0.5453125 0.6546875 0.65 0.6546875
23 0.6500000000000001 0.724609375 0.5453125 0.724609375 0.5453125000000001 0.7578125 0.6500000000000001 0.7578125
23 0.6546875 0.476171875 0.61875 0.476171875 0.61875 0.5984375 0.6546875 0.5984375
23 0.6515625 0.5953125 0.613671875 0.5953125 0.613671875 0.703125 0.6515625 0.703125
23 0.6859375000000002 0.7328125 0.5792968750000002 0.7328125 0.5792968750000002 0.77109375 0.6859375000000002 0.77109375
23 0.703125 0.480859375 0.6625 0.480859375 0.6625 0.6078125 0.703125 0.6078125
23 0.7 0.6078125 0.659375 0.6078125 0.659375 0.7125 0.7 0.7125
23 0.7296875000000002 0.7460937500000001 0.6226562500000001 0.74609375 0.6226562500000001 0.7859375000000001 0.7296875000000002 0.7859375000000002
23 0.740625 0.4921875000000001 0.703125 0.4921875 0.703125 0.6218750000000001 0.740625 0.6218750000000002
23 0.7375 0.6125 0.7 0.6125 0.7000000000000001 0.7281250000000001 0.7375000000000002 0.7281250000000001
23 0.7328125000000001 0.7187500000000001 0.694921875 0.71875 0.6949218750000001 0.834375 0.7328125000000002 0.834375
23 0.83125 0.5468750000000001 0.696875 0.546875 0.696875 0.5875000000000001 0.83125 0.5875000000000001
23 0.7796875000000001 0.6218750000000002 0.7390625 0.6218750000000002 0.7390625000000001 0.7421875000000002 0.7796875000000002 0.7421875000000002
23 0.7718750000000002 0.7316406250000002 0.7343750000000002 0.7316406250000002 0.7343750000000002 0.8484375 0.7718750000000002 0.8484375
23 0.8265625 0.5078125000000002 0.784765625 0.5078125000000002 0.784765625 0.6500000000000001 0.8265625 0.6500000000000001
23 0.8203125 0.6324218750000001 0.777734375 0.6324218750000001 0.7777343750000001 0.7546875000000002 0.8203125 0.7546875000000002
23 0.8125 0.7453125000000002 0.7718750000000002 0.7453125000000002 0.7718750000000002 0.865625 0.8125 0.865625
23 0.921875 0.5609375000000002 0.7796875 0.5609375000000002 0.7796875 0.6093750000000002 0.921875 0.6093750000000002
23 0.9078125 0.6835937500000002 0.78359375 0.6835937500000002 0.7835937500000001 0.7312500000000002 0.9078125 0.7312500000000002
23 0.9 0.7941406250000002 0.7777343750000002 0.7941406250000002 0.7777343750000002 0.84375 0.9 0.84375
23 0.9234375 0.5207031250000002 0.875 0.5207031250000002 0.875 0.6640625000000002 0.9234375 0.6640625000000002
23 0.915625 0.6550781250000002 0.8703125 0.6550781250000002 0.8703125 0.7812500000000002 0.915625 0.7812500000000002
23 0.9109375 0.7718750000000002 0.865625 0.7718750000000002 0.865625 0.896875 0.9109375 0.896875
23 0.971875 0.5296875000000002 0.91875 0.5296875000000002 0.91875 0.6765625000000002 0.971875 0.6765625000000002
23 1 0.7062500000000002 0.875 0.7062500000000002 0.875 0.7546875000000002 1 0.7546875000000002
23 0.996875 0.825390625 0.8703125 0.825390625 0.8703125 0.8703125 0.996875 0.8703125
23 1 0.5863281250000002 0.915234375 0.5863281250000002 0.915234375 0.6187500000000001 1 0.6187500000000001
23 0.9984375 0.6738281250000002 0.961328125 0.6738281250000002 0.961328125 0.8046875 0.9984375 0.8046875
23 0.9984375 0.7972656250000002 0.953125 0.7972656250000002 0.953125 0.928125 0.9984375 0.928125