19 0.11875000000000005 0.2552861890625 0.03852018906250003 0.2552861890625 0.038520189062500036 0.35 0.11875000000000005 0.35
19 0.02812500000000004 0.26274699375 3.217722648815271e-17 0.26274699375 3.7122106099154144e-17 0.34350300625 0.028125000000000046 0.34350300625
19 0.21875 0.2630208328125 0.13067815625000007 0.2630208328125 0.13067815625000007 0.3453125 0.21875 0.3453125
19 0.9984375 0.2645430625000001 0.910795209375 0.2645430625000001 0.910795209375 0.3401444375000001 0.9984375 0.3401444375000001
19 0.4055546609375 0.259375 0.3265625 0.259375 0.3265625 0.35156250000000006 0.4055546609375 0.3515625000000001
19 0.6109375 0.27001181250000006 0.51875 0.27001181250000006 0.51875 0.3437500000000001 0.6109375 0.3437500000000001
19 0.796875 0.2578903578125001 0.718156678125 0.2578903578125001 0.718156678125 0.3531250000000001 0.796875 0.3531250000000001
19 0.9 0.2669700375000001 0.8126422890624999 0.2669700375000001 0.8126422890624999 0.3421875000000001 0.9 0.3421875000000001
19 0.315625 0.26454843281249996 0.22324419999999998 0.26454843281249996 0.22324419999999998 0.3453125 0.315625 0.3453125
19 0.7046875 0.26669619687500007 0.6123765031249999 0.26669619687500007 0.6123765031249999 0.3453125000000001 0.7046875 0.3453125000000001
19 0.509375 0.2687500000000001 0.41917686718749997 0.2687500000000001 0.41917686718749997 0.3437500000000001 0.509375 0.3437500000000001
19 0.2296875000000001 0.384375 0.14981207031250005 0.384375 0.14981207031250005 0.4622959625 0.2296875000000001 0.4622959625
19 0.41217515000000005 0.3829037812500001 0.3331373484375001 0.38290378125 0.3331373484375001 0.4670962203125 0.41217515000000005 0.4670962203125
19 0.3218750000000001 0.3847723375 0.2410814015625001 0.3847723375 0.2410814015625001 0.4625 0.3218750000000001 0.4625
19 0.85 0.3954010953125001 0.7873147546875 0.3954010953125001 0.7873147546875 0.46093750000000017 0.85 0.46093750000000017
19 0.7792498921875 0.3971246781250001 0.7130986890625 0.3971246781250001 0.7130986890625 0.4609375000000001 0.7792498921875 0.46093750000000017
19 0.634375 0.3990764609375001 0.5668223796875 0.3990764609375001 0.5668223796875 0.4640625 0.634375 0.4640625
19 0.703125 0.39892343125000007 0.6390625 0.39892343125000007 0.6390625 0.4625 0.703125 0.4625
19 0.55625 0.3972508593750001 0.4925982609375 0.3972508593750001 0.4925982609375 0.4671875 0.55625 0.4671875
19 0.484375 0.40087252968750003 0.41921982343749997 0.40087252968750003 0.41921982343749997 0.4640625 0.484375 0.4640625
19 0.23593750000000008 0.4969662796875 0.17040109531250006 0.4969662796875 0.17040109531250008 0.5796875 0.23593750000000008 0.5796875
19 0.15468750000000006 0.49688842343750006 0.09122100625000007 0.49688842343750006 0.09122100625000007 0.58125 0.1546875000000001 0.58125
19 0.3906250000000001 0.5060056921875 0.3079386796875001 0.5060056921875 0.3079386796875001 0.56875 0.3906250000000001 0.56875
19 0.3218750000000001 0.503125 0.2366328390625001 0.503125 0.2366328390625001 0.5717837203125 0.3218750000000001 0.5717837203125
19 0.08125000000000007 0.49803479531250006 0.01341817031250006 0.49803479531250006 0.013418170312500066 0.58125 0.08125000000000007 0.58125
19 0.8609375 0.5130664750000002 0.791341815625 0.5130664750000002 0.791341815625 0.5671875000000002 0.8609375 0.5671875000000002
19 0.565625 0.5161565718750001 0.49931002968750005 0.5161565718750001 0.49931002968750005 0.5671875 0.565625 0.5671875
19 0.74375 0.5159203187500001 0.677665915625 0.51592031875 0.677665915625 0.5671875000000001 0.74375 0.5671875000000002
19 0.8015625 0.5172546171875002 0.73290915 0.5172546171875002 0.73290915 0.5671875000000002 0.8015625 0.5671875000000002
19 0.678125 0.5093588921875 0.625928909375 0.5093588921875 0.625928909375 0.5765625 0.678125 0.5765625
19 0.4546875 0.5171875 0.3848152937500001 0.5171875 0.3848152937500001 0.5702373281249999 0.4546875 0.5702373281249999
19 0.5015625 0.50625 0.4470790375 0.50625 0.4470790375 0.5765625 0.5015625 0.5765625
19 0.6171875 0.5085266328125 0.5640625 0.5085266328125 0.5640625 0.5789733671875 0.6171875 0.5789733671875
19 0.2640625000000001 0.6207044671874999 0.23544082968750008 0.6207044671874999 0.23544082968750008 0.6703125 0.2640625000000001 0.6703125
19 0.3156250000000001 0.6234375 0.2864663875000001 0.6234375 0.2864663875000001 0.667112328125 0.3156250000000001 0.667112328125
19 0.21250000000000008 0.6236952328125 0.1843750000000001 0.6236952328125 0.1843750000000001 0.6700869859374999 0.21250000000000008 0.6700869859374999
19 0.5203125 0.6351965203125001 0.4510013953125 0.6351965203125001 0.4510013953125 0.675 0.5203125 0.675
19 0.5671176984375 0.6381309078124999 0.49581185625 0.6381309078124999 0.49581185625 0.6734375 0.5671176984375 0.6734375
19 0.4296875 0.6383617921875 0.36179123593750007 0.6383617921875 0.36179123593750007 0.6734375 0.4296875 0.6734375
19 0.478125 0.639075925 0.40710910624999996 0.639075925 0.40710910624999996 0.671721971875 0.478125 0.671721971875
19 0.3828125000000001 0.6390625 0.3127443093750001 0.6390625 0.3127443093750001 0.6715394109374999 0.3828125000000001 0.6715394109374999
19 0.045266859375000086 0.6453984109375 0.003170640625000079 0.6453984109375 0.003170640625000082 0.695226590625 0.04526685937500009 0.695226590625
19 0.11093750000000009 0.646775665625 0.056870168750000095 0.646775665625 0.056870168750000095 0.696875 0.11093750000000009 0.696875
19 0.1671875000000001 0.6457689 0.11875000000000009 0.6457689 0.11875000000000009 0.6984375 0.1671875000000001 0.6984375
19 0.2750000000000001 0.6666102875 0.22867805156250007 0.6666102875 0.22867805156250007 0.6921875 0.2750000000000001 0.6921875
19 0.22031250000000008 0.6648142171875 0.1738294671875001 0.6648142171875 0.1738294671875001 0.6921875 0.22031250000000008 0.6921875
19 0.3140625000000001 0.6602394765625 0.2877443093750001 0.6602394765625 0.2877443093750001 0.6997583765625001 0.3140625000000001 0.6997583765625001
19 0.7968750000000002 0.7439406140625001 0.7440372640625001 0.7439406140625001 0.7440372640625001 0.83125 0.7968750000000002 0.83125
19 0.6359375000000002 0.759828715625 0.5554606953125002 0.759828715625 0.5554606953125002 0.8171875 0.6359375000000002 0.8171875
19 0.7078125000000002 0.7495489703125 0.6544700390625001 0.7495489703125 0.6544700390625001 0.8328125 0.7078125000000002 0.8328125
19 0.4656250000000002 0.7544324515625 0.40703393281250017 0.7544324515625 0.40703393281250017 0.8265625 0.4656250000000002 0.8265625
19 0.3859375000000001 0.7551492703125 0.3280874140625001 0.7551492703125 0.3280874140625001 0.8296875 0.3859375000000001 0.8296875
19 0.5453125000000002 0.757307775 0.48745167656250016 0.757307775 0.48745167656250016 0.828125 0.5453125000000002 0.828125
19 0.31718750000000007 0.7710346859375 0.2688761812500001 0.7710346859375 0.2688761812500001 0.825 0.31718750000000007 0.825
19 0.20312500000000008 0.7750939640625 0.1473206625000001 0.7750939640625 0.1473206625000001 0.8234375 0.20312500000000008 0.8234375
19 0.2578125000000001 0.7695688359374999 0.2116677406250001 0.7695688359374999 0.2116677406250001 0.8265625 0.2578125000000001 0.8265625
19 0.0421875000000001 0.7835776421875 9.59605851388352e-17 0.7835776421875 9.811427090951236e-17 0.81875 0.0421875000000001 0.81875
19 0.0875000000000001 0.7770027921875 0.0391054546875001 0.7770027921875 0.0391054546875001 0.825 0.0875000000000001 0.825
19 0.14218750000000008 0.7765625 0.09511114687500008 0.7765625 0.0951111468750001 0.821875 0.14218750000000008 0.821875