19 0.19687500000000005 0.2703125 0.10937500000000004 0.2703125 0.10937500000000004 0.34375 0.19687500000000005 0.34375
19 0.10703125000000005 0.2703125 0.017187500000000033 0.2703125 0.01718750000000004 0.34375 0.10703125000000005 0.34375
19 0.28203125 0.2703125 0.2 0.2703125 0.2 0.34609375 0.28203125 0.34609375
19 0.9984375 0.2718750000000001 0.909375 0.2718750000000001 0.909375 0.34062500000000007 0.9984375 0.34062500000000007
19 0.45703125 0.2734375000000001 0.371875 0.2734375000000001 0.371875 0.3453125000000001 0.45703125 0.3453125000000001
19 0.6375 0.2765625000000001 0.553125 0.2765625000000001 0.553125 0.3453125000000001 0.6375 0.3453125000000001
19 0.81328125 0.2734375000000001 0.7265625 0.2734375000000001 0.7265625 0.3453125000000001 0.81328125 0.3453125000000001
19 0.90078125 0.2734375000000001 0.8203125 0.2734375000000001 0.8203125 0.3429687500000001 0.90078125 0.3429687500000001
19 0.36953125 0.27187500000000003 0.284375 0.271875 0.284375 0.34609375000000003 0.36953125 0.3460937500000001
19 0.72265625 0.2734375000000001 0.6375 0.2734375000000001 0.6375 0.3453125000000001 0.72265625 0.3453125000000001
19 0.5453125 0.2750000000000001 0.4625 0.2750000000000001 0.4625 0.34453125000000007 0.5453125 0.34453125000000007
19 0.28984375000000007 0.3796875 0.21875000000000008 0.3796875 0.21875000000000008 0.453125 0.28984375000000007 0.453125
19 0.45625 0.37968750000000007 0.3843750000000001 0.37968750000000007 0.3843750000000001 0.45625 0.45625 0.45625
19 0.3726562500000001 0.37968750000000007 0.30156250000000007 0.3796875 0.30156250000000007 0.45390625 0.3726562500000001 0.45390625
19 0.85546875 0.3906250000000001 0.796875 0.3906250000000001 0.796875 0.4515625000000002 0.85546875 0.4515625000000002
19 0.78984375 0.3921875000000001 0.7296875 0.3921875000000001 0.7296875 0.4507812500000002 0.78984375 0.4507812500000002
19 0.659375 0.3937500000000001 0.596875 0.3937500000000001 0.596875 0.45390625 0.659375 0.45390625
19 0.72109375 0.3937500000000001 0.6625 0.3937500000000001 0.6625 0.45234375 0.72109375 0.45234375
19 0.59140625 0.39531250000000007 0.5265625 0.39531250000000007 0.5265625 0.45390625 0.59140625 0.45390625
19 0.52265625 0.39531250000000007 0.4625 0.39531250000000007 0.4625 0.45390625 0.52265625 0.45390625
19 0.2968750000000001 0.4828125 0.23593750000000008 0.4828125 0.23593750000000008 0.559375 0.2968750000000001 0.559375
19 0.22265625000000008 0.4828125 0.16406250000000006 0.4828125 0.16406250000000006 0.5609375 0.22265625000000008 0.5609375
19 0.428125 0.4828125 0.3703125000000001 0.4828125 0.3703125000000001 0.55859375 0.428125 0.55859375
19 0.3671875000000001 0.48125 0.3046875000000001 0.48125 0.3046875000000001 0.559375 0.3671875000000001 0.559375
19 0.15625000000000006 0.484375 0.09375000000000007 0.484375 0.09375000000000007 0.5609375 0.15625000000000008 0.5609375
19 0.08281250000000007 0.484375 0.02031250000000006 0.484375 0.020312500000000063 0.5625 0.08281250000000007 0.5625
19 0.85703125 0.4906250000000002 0.8078125 0.4906250000000002 0.8078125 0.5546875000000002 0.85703125 0.5546875000000002
19 0.590625 0.49375 0.5421875 0.49375 0.5421875 0.5546875 0.590625 0.5546875
19 0.7515625 0.4937500000000001 0.703125 0.49375 0.703125 0.5546875000000001 0.7515625 0.5546875000000002
19 0.803125 0.4937500000000002 0.75625 0.4937500000000002 0.75625 0.5562500000000001 0.803125 0.5562500000000001
19 0.6984375 0.49375 0.65 0.49375 0.65 0.55625 0.6984375 0.55625
19 0.4875 0.49375 0.4390625 0.49375 0.4390625 0.5578125 0.4875 0.5578125
19 0.53828125 0.4921875 0.4875 0.4921875 0.4875 0.55625 0.53828125 0.55625
19 0.64296875 0.49375 0.59375 0.49375 0.59375 0.5578125 0.64296875 0.5578125
19 0.3312500000000001 0.6046875 0.28593750000000007 0.6046875 0.28593750000000007 0.63203125 0.3312500000000001 0.63203125
19 0.37578125000000007 0.6046875 0.3359375000000001 0.6046875 0.3359375000000001 0.63203125 0.37578125000000007 0.63203125
19 0.2828125000000001 0.60625 0.2406250000000001 0.60625 0.2406250000000001 0.6328125 0.2828125000000001 0.6328125
19 0.5421875 0.5953125 0.5046875 0.5953125 0.5046875 0.659375 0.5421875 0.659375
19 0.58125 0.5953125 0.5484375 0.5953125 0.5484375 0.66015625 0.58125 0.66015625
19 0.4578125 0.596875 0.425 0.596875 0.425 0.659375 0.4578125 0.659375
19 0.4984375 0.5953125 0.46875 0.5953125 0.46875 0.66015625 0.4984375 0.66015625
19 0.4125 0.5953125 0.3828125000000001 0.5953125 0.3828125000000001 0.659375 0.4125 0.659375
19 0.12265625000000009 0.61875 0.08437500000000006 0.61875 0.08437500000000007 0.6640625 0.12265625000000009 0.6640625
19 0.08203125000000008 0.6203125 0.039062500000000076 0.6203125 0.039062500000000076 0.6671875 0.08203125000000008 0.6671875
19 0.1820312500000001 0.61875 0.13281250000000008 0.61875 0.13281250000000008 0.665625 0.1820312500000001 0.665625
19 0.23593750000000008 0.6203125 0.18750000000000008 0.6203125 0.18750000000000008 0.665625 0.23593750000000008 0.665625
19 0.3312500000000001 0.6375 0.2890625000000001 0.6375 0.2890625000000001 0.6625 0.3312500000000001 0.6625
19 0.28203125000000007 0.6359375 0.2390625000000001 0.6359375 0.2390625000000001 0.6625 0.28203125000000007 0.6625
19 0.3734375000000001 0.6375 0.3375000000000001 0.6375 0.3375000000000001 0.66171875 0.3734375000000001 0.66171875
19 0.82265625 0.7234375000000002 0.7421875 0.7234375000000002 0.7421875000000001 0.7726562500000002 0.82265625 0.7726562500000002
19 0.6601562500000001 0.721875 0.5859375 0.721875 0.5859375000000001 0.775 0.6601562500000002 0.775
19 0.7390625000000002 0.7265625000000001 0.6625000000000002 0.7265625 0.6625000000000002 0.7757812500000001 0.7390625000000002 0.7757812500000002
19 0.5117187500000001 0.7234375 0.4453125 0.7234375 0.4453125000000001 0.77734375 0.5117187500000002 0.77734375
19 0.4406250000000001 0.725 0.37187500000000007 0.725 0.37187500000000007 0.77890625 0.44062500000000016 0.77890625
19 0.5835937500000001 0.725 0.51875 0.725 0.51875 0.77890625 0.5835937500000001 0.77890625
19 0.3726562500000001 0.734375 0.3234375000000001 0.734375 0.3234375000000001 0.77890625 0.3726562500000001 0.77890625
19 0.2671875000000001 0.7359375 0.2156250000000001 0.7359375 0.2156250000000001 0.78046875 0.2671875000000001 0.78046875
19 0.3218750000000001 0.7359375 0.2687500000000001 0.7359375 0.2687500000000001 0.77890625 0.3218750000000001 0.77890625
19 0.0632812500000001 0.7390625 0.020312500000000087 0.7390625 0.02031250000000009 0.784375 0.0632812500000001 0.784375
19 0.1140625000000001 0.7375 0.06875000000000009 0.7375 0.06875000000000009 0.7828125 0.1140625000000001 0.7828125
19 0.16171875000000008 0.7375 0.11718750000000008 0.7375 0.11718750000000008 0.7828125 0.16171875000000008 0.7828125
19 0.21093750000000008 0.7359375 0.1687500000000001 0.7359375 0.1687500000000001 0.78046875 0.21093750000000008 0.78046875