19 0.12656250000000005 0.263026203125 0.031250000000000035 0.263026203125 0.03125000000000004 0.34375 0.12656250000000005 0.34375
19 0.05468750000000004 0.2890625 3.539994653785318e-17 0.2890625 3.7122106099154144e-17 0.3171875 0.05468750000000004 0.3171875
19 0.21875 0.2630208328125 0.13067815625000007 0.2630208328125 0.13067815625000007 0.3453125 0.21875 0.3453125
19 0.9921875 0.2578125000000001 0.9174640249999999 0.2578125000000001 0.9174640249999999 0.3468750000000001 0.9921875 0.3468750000000001
19 0.4125 0.26594985000000004 0.3203125 0.26594985000000004 0.3203125 0.34498765156250005 0.4125 0.3449876515625001
19 0.6015625 0.26161673125000007 0.5277437703125 0.26161673125000007 0.5277437703125 0.3531250000000001 0.6015625 0.3531250000000001
19 0.79644813125 0.2584326671875001 0.7174103296875 0.2584326671875001 0.7174103296875 0.3531250000000001 0.79644813125 0.3531250000000001
19 0.9 0.2669700375000001 0.8126422890624999 0.2669700375000001 0.8126422890624999 0.3421875000000001 0.9 0.3421875000000001
19 0.3109375 0.25846756875 0.229437821875 0.25846756875 0.229437821875 0.3515625 0.3109375 0.3515625
19 0.70463380625 0.2659498500000001 0.61099119375 0.2659498500000001 0.61099119375 0.3449876515625001 0.70463380625 0.3449876515625001
19 0.509375 0.2687500000000001 0.41917686718749997 0.2687500000000001 0.41917686718749997 0.3437500000000001 0.509375 0.3437500000000001
19 0.22812500000000008 0.38326353125 0.15086984375000007 0.38326353125 0.15086984375000007 0.46401954375 0.22812500000000008 0.46401954375
19 0.4140625 0.38554284843750003 0.33101374531250005 0.3855428484375 0.33101374531250005 0.4640625 0.4140625 0.4640625
19 0.3203125000000001 0.38369308593749996 0.2423754296875001 0.38369308593749996 0.2423754296875001 0.4640625 0.3203125000000001 0.4640625
19 0.8515625 0.39685083750000005 0.7854408281249999 0.39685083750000005 0.7854408281249999 0.4593750000000002 0.8515625 0.4593750000000002
19 0.778125 0.3960078390625001 0.7141349875 0.3960078390625001 0.7141349875 0.4621590421875001 0.778125 0.4621590421875002
19 0.634375 0.3984375000000001 0.5671982390625 0.3984375000000001 0.5671982390625 0.4640625 0.634375 0.4640625
19 0.703125 0.3989986031250001 0.639473259375 0.3989986031250001 0.639473259375 0.4625 0.703125 0.4625
19 0.5609375 0.40087252968750003 0.49003436562499997 0.40087252968750003 0.49003436562499997 0.4640625 0.5609375 0.4640625
19 0.4828125 0.39946037343750007 0.4195742046875 0.39946037343750007 0.4195742046875 0.46561157656249996 0.4828125 0.46561157656249996
19 0.23593750000000008 0.4969662796875 0.17040109531250006 0.4969662796875 0.17040109531250008 0.5796875 0.23593750000000008 0.5796875
19 0.16562500000000008 0.5071466921875001 0.08065131093750007 0.5071466921875001 0.08065131093750007 0.57157968125 0.16562500000000008 0.57157968125
19 0.38100569062500006 0.4966145828125 0.3174318093750001 0.4966145828125 0.3174318093750001 0.578125 0.38100569062500006 0.578125
19 0.3218750000000001 0.5038176546875001 0.23759396406250008 0.5038176546875001 0.23759396406250008 0.571875 0.3218750000000001 0.571875
19 0.08125000000000007 0.49803479531250006 0.01341817031250006 0.49803479531250006 0.013418170312500066 0.58125 0.08125000000000007 0.58125
19 0.8528431046874999 0.5046875000000002 0.79871939375 0.5046875000000002 0.79871939375 0.5750000000000002 0.8528431046874999 0.5750000000000002
19 0.559375 0.5092810359375 0.50756550625 0.5092810359375 0.50756550625 0.575 0.559375 0.575
19 0.7432962828125 0.5150075171875 0.6765625 0.5150075171874999 0.6765625 0.5671875000000001 0.7432962828125 0.5671875000000002
19 0.793741946875 0.5078232390625002 0.7421955546875 0.5078232390625002 0.7421955546875 0.5765517609375002 0.793741946875 0.5765517609375002
19 0.678125 0.5093588921875 0.625928909375 0.5093588921875 0.625928909375 0.5765625 0.678125 0.5765625
19 0.4546875 0.5171875 0.3848152937500001 0.5171875 0.3848152937500001 0.5702373281249999 0.4546875 0.5702373281249999
19 0.5015625 0.50625 0.4470790375 0.50625 0.4470790375 0.5765625 0.5015625 0.5765625
19 0.6171875 0.5085266328125 0.5640625 0.5085266328125 0.5640625 0.5789733671875 0.6171875 0.5789733671875
19 0.2640625000000001 0.6207044671874999 0.2344904421875001 0.6207044671874999 0.2344904421875001 0.6703125 0.2640625000000001 0.6703125
19 0.3156250000000001 0.6234375 0.2864663875000001 0.6234375 0.2864663875000001 0.667112328125 0.3156250000000001 0.667112328125
19 0.2216333765625001 0.6328125 0.1752416234375001 0.6328125 0.1752416234375001 0.6609375 0.2216333765625001 0.6609375
19 0.50625 0.6203125 0.46595253437500006 0.6203125 0.46595253437500006 0.690625 0.50625 0.690625
19 0.5484375 0.61995275 0.513501396875 0.61995275 0.513501396875 0.690625 0.5484375 0.690625
19 0.4125 0.622100515625 0.37796123281250005 0.622100515625 0.37796123281250005 0.690625 0.4125 0.690625
19 0.47777061875 0.6401337 0.40646477656249996 0.6401337 0.40646477656249996 0.671875 0.47777061875 0.671875
19 0.36406250000000007 0.6203125 0.33189701406250005 0.6203125 0.33189701406250005 0.690625 0.36406250000000007 0.690625
19 0.048437500000000085 0.6501798765625 7.962407047022868e-17 0.6501798765625 8.210062001817138e-17 0.690625 0.04843750000000009 0.690625
19 0.10880852656250009 0.6449285875 0.057812500000000086 0.6449285875 0.057812500000000086 0.6984375 0.10880852656250009 0.6984375
19 0.1671875000000001 0.6463273203125001 0.11875000000000009 0.6463273203125001 0.11875000000000009 0.6984375 0.1671875000000001 0.6984375
19 0.2750000000000001 0.6666102875 0.22867805156250007 0.6666102875 0.22867805156250007 0.6921875 0.2750000000000001 0.6921875
19 0.21093750000000008 0.6562177828125 0.1828125000000001 0.6562177828125 0.1828125000000001 0.7015625 0.21093750000000008 0.7015625
19 0.3203125000000001 0.6661807359374999 0.2817708343750001 0.6661807359374999 0.2817708343750001 0.6921875 0.3203125000000001 0.6921875
19 0.7968750000000002 0.7440318937500001 0.7439352437500002 0.7440318937500001 0.7439352437500002 0.83125 0.7968750000000002 0.83125
19 0.6234375000000002 0.7483301109375 0.5662022125000001 0.7483301109375 0.5662022125000001 0.828125 0.6234375000000002 0.828125
19 0.7233891750000001 0.764865228125 0.6391967359375001 0.764865228125 0.6391967359375001 0.81875 0.7233891750000001 0.81875
19 0.4732307781250002 0.7609858234375 0.40020672187500017 0.7609858234375 0.40020672187500017 0.8202641765625 0.4732307781250002 0.8202641765625
19 0.3859375000000001 0.7546875 0.3274108671875001 0.7546875 0.3274108671875001 0.8296875 0.3859375000000001 0.8296875
19 0.5515625000000002 0.762548325 0.48153457968750024 0.762548325 0.48153457968750024 0.821826675 0.5515625000000002 0.821826675
19 0.31718750000000007 0.7710346859375 0.2688761812500001 0.7710346859375 0.2688761812500001 0.825 0.31718750000000007 0.825
19 0.2000000000000001 0.7714937703125 0.15181217812500009 0.7714937703125 0.15181217812500009 0.8265625 0.2000000000000001 0.8265625
19 0.2578125000000001 0.7690909578125 0.21187177812500008 0.7690909578125 0.21187177812500008 0.8265625 0.2578125000000001 0.8265625
19 0.0421875000000001 0.7834326671875 9.594283082186456e-17 0.7834326671875 9.810539375102704e-17 0.81875 0.0421875000000001 0.81875
19 0.0875000000000001 0.7770027921875 0.0391054546875001 0.7770027921875 0.0391054546875001 0.825 0.0875000000000001 0.825
19 0.14218750000000008 0.7765625 0.09475139687500009 0.7765625 0.0947513968750001 0.821875 0.14218750000000008 0.821875