19 0.18906250000000005 0.26328125 0.11640625000000004 0.26328125 0.11640625000000004 0.35 0.18906250000000005 0.35
19 0.09843750000000004 0.2625 0.025390625000000035 0.2625 0.025390625000000038 0.3515625 0.09843750000000004 0.3515625
19 0.28125 0.269921875 0.200390625 0.269921875 0.200390625 0.3453125 0.28125 0.3453125
19 0.9875 0.2617187500000001 0.91953125 0.2617187500000001 0.91953125 0.3500000000000001 0.9875 0.3500000000000001
19 0.45625 0.2734375000000001 0.371875 0.2734375000000001 0.371875 0.3453125000000001 0.45625 0.3453125000000001
19 0.6296875 0.2687500000000001 0.5609375 0.2687500000000001 0.5609375 0.3531250000000001 0.6296875 0.3531250000000001
19 0.8046875 0.26640625000000007 0.733984375 0.26640625000000007 0.733984375 0.3515625000000001 0.8046875 0.3515625000000001
19 0.894921875 0.2675781250000001 0.825390625 0.2675781250000001 0.825390625 0.3468750000000001 0.894921875 0.3468750000000001
19 0.363671875 0.26601562500000003 0.289453125 0.266015625 0.289453125 0.35000000000000003 0.363671875 0.3500000000000001
19 0.721875 0.2734375000000001 0.6375 0.2734375000000001 0.6375 0.3453125000000001 0.721875 0.3453125000000001
19 0.5453125 0.2753906250000001 0.4625 0.2753906250000001 0.4625 0.3437500000000001 0.5453125 0.3437500000000001
19 0.2906250000000001 0.38125 0.2175781250000001 0.38125 0.2175781250000001 0.4515625 0.2906250000000001 0.4515625
19 0.45625 0.37968750000000007 0.3843750000000001 0.37968750000000007 0.3843750000000001 0.45625 0.45625 0.45625
19 0.37187500000000007 0.37968750000000007 0.30156250000000007 0.3796875 0.30156250000000007 0.453125 0.37187500000000007 0.453125
19 0.85625 0.3921875000000001 0.795703125 0.3921875000000001 0.795703125 0.4500000000000002 0.85625 0.4500000000000002
19 0.7875 0.3910156250000001 0.730078125 0.3910156250000001 0.730078125 0.45117187500000017 0.7875 0.45117187500000017
19 0.6578125 0.3925781250000001 0.5984375 0.3925781250000001 0.5984375 0.4546875 0.6578125 0.4546875
19 0.7203125 0.3941406250000001 0.662890625 0.3941406250000001 0.662890625 0.4515625 0.7203125 0.4515625
19 0.590625 0.39531250000000007 0.5265625 0.39531250000000007 0.5265625 0.453125 0.590625 0.453125
19 0.521875 0.39531250000000007 0.4625 0.39531250000000007 0.4625 0.453125 0.521875 0.453125
19 0.2968750000000001 0.4828125 0.23593750000000008 0.4828125 0.23593750000000008 0.559375 0.2968750000000001 0.559375
19 0.2218750000000001 0.4828125 0.16406250000000006 0.4828125 0.16406250000000006 0.5609375 0.2218750000000001 0.5609375
19 0.428125 0.483203125 0.3703125000000001 0.483203125 0.3703125000000001 0.5578125 0.428125 0.5578125
19 0.3671875000000001 0.48125 0.3046875000000001 0.48125 0.3046875000000001 0.559375 0.3671875000000001 0.559375
19 0.16250000000000006 0.49140625 0.08671875000000007 0.49140625 0.08671875000000007 0.553125 0.1625000000000001 0.553125
19 0.09062500000000007 0.4921875 0.012500000000000061 0.4921875 0.012500000000000063 0.5546875 0.09062500000000007 0.5546875
19 0.8640625 0.4984375000000002 0.800390625 0.4984375000000002 0.800390625 0.5468750000000002 0.8640625 0.5468750000000002
19 0.596875 0.5 0.5359375 0.5 0.5359375 0.5484375 0.596875 0.5484375
19 0.7578125 0.5000000000000001 0.696875 0.5 0.696875 0.5484375000000001 0.7578125 0.5484375000000001
19 0.8109375 0.5015625000000001 0.7484375 0.5015625000000001 0.7484375 0.5484375000000001 0.8109375 0.5484375000000001
19 0.7046875 0.50078125 0.64296875 0.50078125 0.64296875 0.5484375 0.7046875 0.5484375
19 0.4875 0.49375 0.4390625 0.49375 0.4390625 0.5578125 0.4875 0.5578125
19 0.5375 0.4921875 0.4875 0.4921875 0.4875 0.55625 0.5375 0.55625
19 0.65 0.5015625 0.586328125 0.5015625 0.586328125 0.55 0.65 0.55
19 0.3218750000000001 0.595703125 0.2953125000000001 0.595703125 0.2953125000000001 0.640625 0.3218750000000001 0.640625
19 0.3687500000000001 0.598828125 0.3421875000000001 0.598828125 0.3421875000000001 0.6375 0.3687500000000001 0.6375
19 0.2750000000000001 0.5984375 0.2484375000000001 0.5984375 0.2484375000000001 0.640625 0.2750000000000001 0.640625
19 0.5546875 0.60859375 0.49140625 0.60859375 0.49140625 0.6453125 0.5546875 0.6453125
19 0.596875 0.611328125 0.5328125 0.611328125 0.5328125 0.64375 0.596875 0.64375
19 0.4578125 0.596875 0.425 0.596875 0.425 0.659375 0.4578125 0.659375
19 0.515625 0.612890625 0.4515625 0.612890625 0.4515625 0.6421875 0.515625 0.6421875
19 0.4296875 0.6125 0.3656250000000001 0.6125 0.3656250000000001 0.6421875 0.4296875 0.6421875
19 0.1218750000000001 0.61875 0.08437500000000006 0.61875 0.08437500000000007 0.6640625 0.1218750000000001 0.6640625
19 0.08281250000000008 0.62265625 0.037109375000000076 0.62265625 0.037109375000000076 0.6640625 0.0828125000000001 0.6640625
19 0.18125000000000008 0.61875 0.1332031250000001 0.61875 0.1332031250000001 0.665625 0.18125000000000008 0.665625
19 0.23593750000000008 0.6203125 0.18750000000000008 0.6203125 0.18750000000000008 0.665625 0.23593750000000008 0.665625
19 0.3312500000000001 0.6375 0.2890625000000001 0.6375 0.2890625000000001 0.6625 0.3312500000000001 0.6625
19 0.2734375000000001 0.628125 0.2472656250000001 0.628125 0.2472656250000001 0.6703125 0.2734375000000001 0.6703125
19 0.3734375000000001 0.637109375 0.3375000000000001 0.637109375 0.3375000000000001 0.6609375 0.3734375000000001 0.6609375
19 0.821875 0.7234375000000002 0.7421875 0.7234375000000002 0.7421875000000001 0.7718750000000002 0.821875 0.7718750000000002
19 0.659375 0.721875 0.5859375 0.721875 0.5859375000000001 0.775 0.6593750000000002 0.775
19 0.7390625000000002 0.7265625000000001 0.6625000000000002 0.7265625 0.6625000000000002 0.7750000000000001 0.7390625000000002 0.7750000000000001
19 0.5046875000000001 0.717578125 0.451171875 0.717578125 0.4511718750000001 0.7828125 0.5046875000000002 0.7828125
19 0.4328125000000001 0.717578125 0.37968750000000007 0.717578125 0.37968750000000007 0.7859375 0.43281250000000016 0.7859375
19 0.5828125000000002 0.725390625 0.5183593750000002 0.725390625 0.5183593750000002 0.778125 0.5828125000000002 0.778125
19 0.3687500000000001 0.732421875 0.3253906250000001 0.732421875 0.3253906250000001 0.7796875 0.3687500000000001 0.7796875
19 0.2632812500000001 0.732421875 0.21875000000000008 0.732421875 0.21875000000000008 0.7828125 0.2632812500000001 0.7828125
19 0.3156250000000001 0.730859375 0.27421875000000007 0.730859375 0.27421875000000007 0.7828125 0.3156250000000001 0.7828125
19 0.06406250000000009 0.740625 0.019140625000000088 0.740625 0.01914062500000009 0.7828125 0.06406250000000009 0.7828125
19 0.1140625000000001 0.7375 0.06875000000000009 0.7375 0.06875000000000009 0.7828125 0.1140625000000001 0.7828125
19 0.1609375000000001 0.7375 0.11757812500000009 0.7375 0.11757812500000009 0.7828125 0.1609375000000001 0.7828125
19 0.2117187500000001 0.737109375 0.1671875000000001 0.737109375 0.1671875000000001 0.778125 0.2117187500000001 0.778125