19 0.12714776562500005 0.2628865984375 0.030927834375000036 0.2628865984375 0.03092783437500004 0.34364261093750004 0.12714776562500005 0.34364261093750004
19 0.028350515625000038 0.2628865984375 3.219432313152199e-17 0.2628865984375 3.713920274252343e-17 0.34364261093750004 0.028350515625000045 0.34364261093750004
19 0.22079037812500002 0.2628865984375 0.13058419218750003 0.2628865984375 0.13058419218750003 0.34621993125 0.22079037812500002 0.34621993125
19 1 0.2646048109375001 0.9106529203125 0.2646048109375001 0.9106529203125 0.34020618593750007 1 0.34020618593750007
19 0.413230240625 0.26632302343750003 0.31958762812499997 0.2663230234375 0.31958762812499997 0.34536082500000004 0.413230240625 0.3453608250000001
19 0.6116838484375 0.2697594500000001 0.51890034375 0.2697594500000001 0.51890034375 0.3453608250000001 0.6116838484375 0.3453608250000001
19 0.8049828171875 0.2663230234375001 0.70962199375 0.2663230234375001 0.70962199375 0.3453608250000001 0.8049828171875 0.3453608250000001
19 0.9012027484375 0.2663230234375001 0.8127147765625 0.2663230234375001 0.8127147765625 0.3427835046875001 0.9012027484375 0.3427835046875001
19 0.31701030937499997 0.2646048109375 0.22336769687500002 0.2646048109375 0.22336769687500002 0.34621993125 0.31701030937499997 0.34621993125
19 0.7053264609375 0.2663230234375001 0.6116838484375 0.2663230234375001 0.6116838484375 0.3453608250000001 0.7053264609375 0.3453608250000001
19 0.510309278125 0.2680412375000001 0.4192439859375 0.2680412375000001 0.4192439859375 0.3445017187500001 0.510309278125 0.3445017187500001
19 0.22938144375000008 0.38316151249999997 0.15120274843750003 0.38316151249999997 0.15120274843750003 0.463917525 0.22938144375000008 0.463917525
19 0.412371134375 0.3831615125 0.3333333328125001 0.38316151249999997 0.3333333328125001 0.46735395156250004 0.412371134375 0.46735395156250004
19 0.3204467359375001 0.38316151249999997 0.2422680406250001 0.38316151249999997 0.2422680406250001 0.4647766328125 0.3204467359375001 0.4647766328125
19 0.8513745703125 0.3951890031250001 0.78694158125 0.3951890031250001 0.78694158125 0.46219931250000024 0.8513745703125 0.46219931250000024
19 0.779209621875 0.3969072171875001 0.71305841875 0.3969072171875001 0.71305841875 0.46134020625000005 0.779209621875 0.46134020625000016
19 0.6357388312500001 0.3986254296875001 0.567010309375 0.3986254296875001 0.567010309375 0.4647766328125 0.6357388312500001 0.4647766328125
19 0.703608246875 0.3986254296875001 0.6391752578125 0.3986254296875001 0.6391752578125 0.46305841875000003 0.703608246875 0.46305841875000003
19 0.5609965640625 0.40034364218749996 0.489690721875 0.40034364218749996 0.489690721875 0.4647766328125 0.5609965640625 0.4647766328125
19 0.4853951890625 0.40034364218749996 0.4192439859375 0.40034364218749996 0.4192439859375 0.4647766328125 0.4853951890625 0.4647766328125
19 0.2371134015625001 0.49656357343749996 0.17010309218750003 0.49656357343749996 0.17010309218750005 0.5807560140625 0.2371134015625001 0.5807560140625
19 0.15549828125000006 0.49656357343749996 0.09106529218750006 0.49656357343749996 0.09106529218750006 0.5824742265625 0.1554982812500001 0.5824742265625
19 0.3814432984375001 0.49656357343749996 0.3178694156250001 0.49656357343749996 0.3178694156250001 0.5798969078125 0.3814432984375001 0.5798969078125
19 0.31443298906250006 0.4948453609375 0.24570446718750008 0.4948453609375 0.24570446718750008 0.5807560140625 0.31443298906250006 0.5807560140625
19 0.08247422656250006 0.4982817875 0.01374570468750006 0.4982817875 0.013745704687500065 0.5824742265625 0.08247422656250006 0.5824742265625
19 0.8530927828125 0.5051546390625001 0.798969071875 0.5051546390625001 0.798969071875 0.5756013750000002 0.8530927828125 0.5756013750000002
19 0.5601374578125 0.508591065625 0.5068728515625 0.508591065625 0.5068728515625 0.575601375 0.5601374578125 0.575601375
19 0.7371134015624999 0.5085910656250001 0.683848796875 0.508591065625 0.683848796875 0.5756013750000001 0.7371134015624999 0.5756013750000002
19 0.7938144328125001 0.5085910656250002 0.742268040625 0.5085910656250002 0.742268040625 0.5773195875000001 0.7938144328125001 0.5773195875000001
19 0.6786941578125 0.508591065625 0.625429553125 0.508591065625 0.625429553125 0.5773195875 0.6786941578125 0.5773195875
19 0.44673539531250006 0.508591065625 0.39347079062500007 0.508591065625 0.39347079062500007 0.5790377999999999 0.44673539531250006 0.5790377999999999
19 0.5025773203125 0.5068728515625 0.44673539531250006 0.5068728515625 0.44673539531250006 0.5773195875 0.5025773203125 0.5773195875
19 0.61769759375 0.508591065625 0.5635738828125 0.508591065625 0.5635738828125 0.5790377999999999 0.61769759375 0.5790377999999999
19 0.2749140890625001 0.6305841921875001 0.22508591093750008 0.6305841921875001 0.22508591093750008 0.6606529203125 0.2749140890625001 0.6606529203125
19 0.3238831609375001 0.6305841921875001 0.2800687281250001 0.6305841921875001 0.2800687281250001 0.6606529203125 0.3238831609375001 0.6606529203125
19 0.2216494843750001 0.63230240625 0.17525773125000008 0.63230240625 0.17525773125000008 0.661512028125 0.2216494843750001 0.661512028125
19 0.5068728515625 0.6202749140625 0.4656357390625 0.6202749140625 0.4656357390625 0.69072165 0.5068728515625 0.69072165
19 0.5498281781250001 0.6202749140625 0.5137457046875 0.6202749140625 0.5137457046875 0.69158075625 0.5498281781250001 0.69158075625
19 0.414089346875 0.6219931265625 0.37800687343750006 0.6219931265625 0.37800687343750006 0.69072165 0.414089346875 0.69072165
19 0.45876288593750003 0.6202749140625 0.42611683906250003 0.6202749140625 0.42611683906250003 0.69158075625 0.45876288593750003 0.69158075625
19 0.3642611687500001 0.6202749140625 0.33161512031250007 0.6202749140625 0.33161512031250007 0.69072165 0.3642611687500001 0.69072165
19 0.04553264531250008 0.646048109375 0.0034364265625000793 0.646048109375 0.003436426562500082 0.6958762890625 0.045532645312500085 0.6958762890625
19 0.11082474218750009 0.646048109375 0.05670103125000009 0.646048109375 0.05670103125000009 0.6975945015625 0.11082474218750009 0.6975945015625
19 0.17010309218750008 0.6477663234375 0.1168384875000001 0.6477663234375 0.1168384875000001 0.6975945015625 0.17010309218750008 0.6975945015625
19 0.2749140890625001 0.6666666671875 0.22852233750000012 0.6666666671875 0.22852233750000012 0.694158075 0.2749140890625001 0.694158075
19 0.2207903781250001 0.664948453125 0.1735395187500001 0.664948453125 0.1735395187500001 0.694158075 0.2207903781250001 0.694158075
19 0.3213058421875001 0.6666666671875 0.28178694218750006 0.6666666671875 0.28178694218750006 0.69329896875 0.3213058421875001 0.69329896875
19 0.8152920968749999 0.7611683843750001 0.7268041234375001 0.7611683843750001 0.7268041234375001 0.8152920968749999 0.8152920968749999 0.8152920968749999
19 0.6365979375000002 0.759450171875 0.5549828171875002 0.759450171875 0.5549828171875002 0.8178694156249999 0.6365979375000002 0.8178694156249999
19 0.7233676968750002 0.7646048109375 0.6391752578125002 0.7646048109375 0.6391752578125002 0.818728521875 0.7233676968750002 0.818728521875
19 0.4733676968750002 0.761168384375 0.4003436421875001 0.761168384375 0.4003436421875001 0.8204467359375001 0.4733676968750002 0.8204467359375001
19 0.3951890031250001 0.7628865984375001 0.3195876281250001 0.7628865984375001 0.3195876281250001 0.8221649484375 0.3951890031250001 0.8221649484375
19 0.5524054984375002 0.7628865984375001 0.4810996562500002 0.7628865984375001 0.4810996562500002 0.8221649484375 0.5524054984375002 0.8221649484375
19 0.3204467359375001 0.7731958765625 0.2663230234375001 0.7731958765625 0.2663230234375001 0.8221649484375 0.3204467359375001 0.8221649484375
19 0.20446735468750007 0.7749140890625 0.1477663234375001 0.7749140890625 0.1477663234375001 0.8238831609374999 0.20446735468750007 0.8238831609374999
19 0.2646048109375001 0.7749140890625 0.20618556718750009 0.7749140890625 0.20618556718750009 0.8221649484375 0.2646048109375001 0.8221649484375
19 0.0360824750000001 0.776632303125 9.511002641364683e-17 0.776632303125 9.81611223560531e-17 0.82646048125 0.0360824750000001 0.82646048125
19 0.0884879718750001 0.776632303125 0.0395189000000001 0.776632303125 0.0395189000000001 0.82646048125 0.08848797187500011 0.82646048125
19 0.1426116843750001 0.7749140890625 0.09621993125000008 0.7749140890625 0.0962199312500001 0.8238831609374999 0.1426116843750001 0.8238831609374999