19 0.19687500000000005 0.2703125 0.10937500000000004 0.2703125 0.10937500000000004 0.34375 0.19687500000000005 0.34375
19 0.10625000000000004 0.2703125 0.017578125000000035 0.2703125 0.017578125000000038 0.34375 0.10625000000000004 0.34375
19 0.28125 0.270703125 0.2 0.270703125 0.2 0.3453125 0.28125 0.3453125
19 0.9984375 0.2718750000000001 0.909375 0.2718750000000001 0.909375 0.34062500000000007 0.9984375 0.34062500000000007
19 0.45 0.2671875000000001 0.378515625 0.2671875000000001 0.378515625 0.3515625000000001 0.45 0.3515625000000001
19 0.6375 0.2765625000000001 0.553125 0.2765625000000001 0.553125 0.3453125000000001 0.6375 0.3453125000000001
19 0.8125 0.2734375000000001 0.726953125 0.2734375000000001 0.726953125 0.3453125000000001 0.8125 0.3453125000000001
19 0.894921875 0.2675781250000001 0.825390625 0.2675781250000001 0.825390625 0.3468750000000001 0.894921875 0.3468750000000001
19 0.36875 0.27226562500000007 0.284375 0.272265625 0.284375 0.3453125 0.36875 0.3453125000000001
19 0.715625 0.2671875000000001 0.644140625 0.2671875000000001 0.644140625 0.3515625000000001 0.715625 0.3515625000000001
19 0.5453125 0.2753906250000001 0.4625 0.2753906250000001 0.4625 0.3437500000000001 0.5453125 0.3437500000000001
19 0.2890625000000001 0.3796875 0.2191406250000001 0.3796875 0.2191406250000001 0.453125 0.2890625000000001 0.453125
19 0.45625 0.37968750000000007 0.3843750000000001 0.37968750000000007 0.3843750000000001 0.45625 0.45625 0.45625
19 0.3734375000000001 0.38125000000000003 0.3003906250000001 0.38125 0.3003906250000001 0.4515625 0.3734375000000001 0.4515625
19 0.85625 0.3921875000000001 0.795703125 0.3921875000000001 0.795703125 0.4500000000000002 0.85625 0.4500000000000002
19 0.7875 0.3910156250000001 0.730078125 0.3910156250000001 0.730078125 0.45117187500000017 0.7875 0.45117187500000017
19 0.659375 0.3937500000000001 0.596875 0.3937500000000001 0.596875 0.453125 0.659375 0.453125
19 0.7203125 0.39335937500000007 0.662890625 0.39335937500000007 0.662890625 0.4515625 0.7203125 0.4515625
19 0.5875 0.3921875000000001 0.530078125 0.3921875000000001 0.530078125 0.45625 0.5875 0.45625
19 0.521875 0.3957031250000001 0.462890625 0.3957031250000001 0.462890625 0.453125 0.521875 0.453125
19 0.3046875000000001 0.490625 0.22812500000000008 0.490625 0.22812500000000008 0.5515625 0.3046875000000001 0.5515625
19 0.2312500000000001 0.4921875 0.15429687500000006 0.4921875 0.15429687500000006 0.55 0.2312500000000001 0.55
19 0.428125 0.483203125 0.3703125000000001 0.483203125 0.3703125000000001 0.5578125 0.428125 0.5578125
19 0.3671875000000001 0.48125 0.3046875000000001 0.48125 0.3046875000000001 0.559375 0.3671875000000001 0.559375
19 0.16250000000000006 0.49140625 0.08671875000000007 0.49140625 0.08671875000000007 0.553125 0.1625000000000001 0.553125
19 0.09062500000000007 0.4921875 0.012500000000000061 0.4921875 0.012500000000000063 0.5546875 0.09062500000000007 0.5546875
19 0.8640625 0.4984375000000002 0.800390625 0.4984375000000002 0.800390625 0.5468750000000002 0.8640625 0.5468750000000002
19 0.590625 0.49375 0.5421875 0.49375 0.5421875 0.5546875 0.590625 0.5546875
19 0.7515625 0.4937500000000001 0.703125 0.49375 0.703125 0.5546875000000001 0.7515625 0.5546875000000002
19 0.803125 0.4937500000000002 0.75625 0.4937500000000002 0.75625 0.5562500000000001 0.803125 0.5562500000000001
19 0.7046875 0.50078125 0.64296875 0.50078125 0.64296875 0.5484375 0.7046875 0.5484375
19 0.4953125 0.5015625 0.43125 0.5015625 0.43125 0.55 0.4953125 0.55
19 0.54375 0.49921875 0.480859375 0.49921875 0.480859375 0.5484375 0.54375 0.5484375
19 0.6421875 0.49375 0.593359375 0.49375 0.593359375 0.5578125 0.6421875 0.5578125
19 0.3218750000000001 0.595703125 0.2953125000000001 0.595703125 0.2953125000000001 0.640625 0.3218750000000001 0.640625
19 0.3750000000000001 0.6046875 0.3359375000000001 0.6046875 0.3359375000000001 0.63125 0.3750000000000001 0.63125
19 0.2750000000000001 0.5984375 0.2484375000000001 0.5984375 0.2484375000000001 0.640625 0.2750000000000001 0.640625
19 0.5546875 0.60859375 0.49140625 0.60859375 0.49140625 0.6453125 0.5546875 0.6453125
19 0.58125 0.5953125 0.5484375 0.5953125 0.5484375 0.659375 0.58125 0.659375
19 0.471875 0.61171875 0.41015625 0.61171875 0.41015625 0.64375 0.471875 0.64375
19 0.515625 0.612890625 0.4515625 0.612890625 0.4515625 0.6421875 0.515625 0.6421875
19 0.4125 0.5953125 0.3828125000000001 0.5953125 0.3828125000000001 0.659375 0.4125 0.659375
19 0.1218750000000001 0.61875 0.08437500000000006 0.61875 0.08437500000000007 0.6640625 0.1218750000000001 0.6640625
19 0.08125000000000007 0.6203125 0.039062500000000076 0.6203125 0.039062500000000076 0.6671875 0.08125000000000009 0.6671875
19 0.18125000000000008 0.61875 0.1332031250000001 0.61875 0.1332031250000001 0.665625 0.18125000000000008 0.665625
19 0.23437500000000008 0.61875 0.18906250000000008 0.61875 0.18906250000000008 0.6671875 0.23437500000000008 0.6671875
19 0.3218750000000001 0.62890625 0.29765625000000007 0.62890625 0.29765625000000007 0.6703125 0.3218750000000001 0.6703125
19 0.2734375000000001 0.628125 0.2472656250000001 0.628125 0.2472656250000001 0.6703125 0.2734375000000001 0.6703125
19 0.3734375000000001 0.637890625 0.3375000000000001 0.637890625 0.3375000000000001 0.6609375 0.3734375000000001 0.6609375
19 0.80625 0.7078125000000002 0.758203125 0.7078125000000002 0.7582031250000001 0.7875000000000002 0.80625 0.7875000000000002
19 0.659375 0.721875 0.5859375 0.721875 0.5859375000000001 0.775 0.6593750000000002 0.775
19 0.7390625000000002 0.7269531250000001 0.6625000000000002 0.726953125 0.6625000000000002 0.7750000000000001 0.7390625000000002 0.7750000000000001
19 0.5109375 0.723828125 0.445703125 0.723828125 0.4457031250000001 0.7765625 0.5109375000000002 0.7765625
19 0.44062500000000016 0.725390625 0.37187500000000007 0.725390625 0.37187500000000007 0.778125 0.44062500000000016 0.778125
19 0.5765625000000001 0.719140625 0.523828125 0.719140625 0.5238281250000001 0.783984375 0.5765625000000002 0.783984375
19 0.37187500000000007 0.734375 0.3234375000000001 0.734375 0.3234375000000001 0.778125 0.37187500000000007 0.778125
19 0.2671875000000001 0.736328125 0.2156250000000001 0.736328125 0.2156250000000001 0.7796875 0.2671875000000001 0.7796875
19 0.3156250000000001 0.730859375 0.2734375000000001 0.730859375 0.2734375000000001 0.7828125 0.3156250000000001 0.7828125
19 0.06250000000000008 0.7390625 0.02070312500000009 0.7390625 0.020703125000000093 0.784375 0.06250000000000008 0.784375
19 0.1140625000000001 0.7375 0.06875000000000009 0.7375 0.06875000000000009 0.7828125 0.1140625000000001 0.7828125
19 0.1609375000000001 0.7375 0.11757812500000009 0.7375 0.11757812500000009 0.7828125 0.1609375000000001 0.7828125
19 0.21250000000000008 0.737109375 0.16796875000000008 0.737109375 0.16796875000000008 0.778125 0.21250000000000008 0.778125