24 0.70625 7.199583721549869e-17 0.46953125 5.750099424121557e-17 0.46953125 0.528125 0.70625 0.528125
24 0.8875 0.19687500000000008 0.239453125 0.19687500000000005 0.23945312500000004 0.37812500000000004 0.8875 0.3781250000000001
24 0.6421875 0.11093750000000006 0.475 0.11093750000000005 0.475 0.725 0.6421875 0.725
24 0.64765625 0.2808593750000001 0.53125 0.2808593750000001 0.5312500000000001 0.7625 0.6476562500000002 0.7625
24 0.6125 0.37187500000000007 0.498828125 0.37187500000000007 0.49882812500000007 0.8265625 0.6125000000000002 0.8265625
24 0.24531250000000004 0.262890625 0.09648437500000002 0.262890625 0.09648437500000004 0.4984375 0.2453125000000001 0.4984375
24 0.22500000000000003 0.14609375000000002 0.107421875 0.14609375 0.10742187500000003 0.375 0.2250000000000001 0.375
24 0.23984375 0.04335937500000002 0.1109375 0.04335937500000001 0.11093750000000002 0.2625 0.23984375 0.2625
24 0.14843750000000006 0.3375 0.028125000000000046 0.3375 0.028125000000000056 0.5390625 0.14843750000000006 0.5390625
24 0.04843750000000006 0.33125 4.0566425221756075e-17 0.33125 5.262154215086284e-17 0.528125 0.048437500000000064 0.528125
24 0.2390625000000001 0.42890625 0.11992187500000004 0.42890625 0.11992187500000004 0.5359375 0.2390625000000001 0.5359375
24 0.3390625000000001 0.425390625 0.2191406250000001 0.425390625 0.2191406250000001 0.5515625 0.3390625000000001 0.5515625