24 0.534375 5.0453411097136525e-17 0.2895917328125 3.546475886483636e-17 0.28959173281250006 0.5328125 0.534375 0.5328125
24 0.76086189375 0.20332661250000003 0.09070060468750002 0.2033266125 0.09070060468750003 0.38906250000000003 0.76086189375 0.3890625000000001
24 0.7484375 0.34536290312500006 0.11471774218750004 0.345362903125 0.11471774218750004 0.5171875000000001 0.7484375 0.5171875000000001
24 0.45781250000000007 0.28994455625000004 0.33916330625 0.28994455625 0.33916330625 0.7875 0.4578125000000002 0.7875
24 0.4921875000000001 0.3841481843750001 0.3756048390625001 0.3841481843750001 0.3756048390625001 0.853125 0.49218750000000017 0.853125
24 0.9515625 0.3163054453125001 0.708669353125 0.3163054453125001 0.708669353125 0.4703125000000001 0.9515625 0.4703125000000002
24 0.953125 0.20788810312500008 0.71688508125 0.20788810312500008 0.71688508125 0.3296875000000001 0.953125 0.3296875000000001
24 0.8921875 0.0447076609375001 0.7599546390625 0.04470766093750009 0.7599546390625 0.2718750000000001 0.8921875 0.2718750000000001
24 0.978125 0.34843750000000007 0.8550907265625 0.34843750000000007 0.8550907265625 0.5562500000000001 0.978125 0.5562500000000001
24 0.9998739921875 0.34213709687500005 0.9579385078125 0.34213709687500005 0.9579385078125 0.5437500000000002 0.9998739921875 0.5437500000000002
24 0.8765625 0.4354082656250002 0.7664566546875 0.4354082656250002 0.7664566546875 0.5578125000000002 0.8765625 0.5578125000000002
24 0.784375 0.4424899203125001 0.6537802421875 0.4424899203125 0.6537802421875 0.565625 0.784375 0.5656250000000002