24 0.9984375 7.204367498109039e-17 0.178125 2.181402110981223e-17 0.17812500000000003 0.23750000000000004 0.9984375 0.2375000000000001
24 0.88828125 0.19687500000000008 0.2390625 0.19687500000000005 0.23906250000000004 0.37812500000000004 0.88828125 0.3781250000000001
24 0.865625 0.33437500000000003 0.2515625 0.334375 0.2515625 0.5015625000000001 0.865625 0.5015625000000001
24 0.83125 0.4640625000000001 0.34843750000000007 0.4640625 0.34843750000000007 0.5804687500000001 0.83125 0.5804687500000002
24 0.78359375 0.5421875 0.3281250000000001 0.5421875 0.3281250000000001 0.6562500000000001 0.78359375 0.6562500000000002
24 0.28984375000000007 0.30625 0.05312500000000005 0.30625 0.053125000000000054 0.45546875 0.28984375000000007 0.45546875
24 0.28203125 0.2015625 0.051562500000000025 0.2015625 0.05156250000000003 0.3203125 0.28203125 0.3203125
24 0.2859375 0.08906250000000002 0.065625 0.0890625 0.06562500000000002 0.21796875 0.2859375 0.21796875
24 0.14843750000000006 0.3375 0.028125000000000046 0.3375 0.028125000000000056 0.5390625 0.14843750000000006 0.5390625
24 0.04843750000000006 0.33125 4.0566425221756075e-17 0.33125 5.262154215086284e-17 0.528125 0.048437500000000064 0.528125
24 0.2335937500000001 0.421875 0.12656250000000005 0.421875 0.12656250000000005 0.5421875 0.2335937500000001 0.5421875
24 0.3398437500000001 0.425 0.21875000000000008 0.425 0.21875000000000008 0.55234375 0.3398437500000001 0.55234375