24 0.8234375 5.0444152288957316e-17 0.00037802500000000004 4.629471062476782e-20 0.00037802500000001495 0.24375000000000005 0.8234375 0.24375000000000008
24 0.76086189375 0.20332661250000003 0.09070060468750002 0.2033266125 0.09070060468750003 0.38906250000000003 0.76086189375 0.3890625000000001
24 0.5171875000000001 0.11471774218750004 0.3453125 0.11471774218750004 0.3453125 0.7484375 0.5171875000000001 0.7484375
24 0.646875 0.4796875 0.14997479843750003 0.4796875 0.14997479843750006 0.5984375 0.646875 0.5984375
24 0.6686743953125001 0.5598790328125001 0.1985131046875001 0.5598790328125001 0.1985131046875001 0.6765625 0.6686743953125001 0.6765625
24 0.9515625 0.3163054453125001 0.708669353125 0.3163054453125001 0.708669353125 0.4703125000000001 0.9515625 0.4703125000000002
24 0.953125 0.2082409265625001 0.7169858875 0.2082409265625001 0.7169858875 0.3296875000000001 0.953125 0.3296875000000001
24 0.940272178125 0.09206149218750011 0.712852821875 0.0920614921875001 0.712852821875 0.2234375000000001 0.940272178125 0.2234375000000001
24 1 0.39007056406250007 0.8128276203125001 0.39007056406250007 0.8128276203125001 0.5140625000000002 1 0.5140625000000002
24 1 0.4224546375000002 0.8772177421875 0.4224546375000002 0.8772177421875 0.46406250000000016 1 0.46406250000000016
24 0.8828125 0.4428175390625002 0.7600050406250001 0.4428175390625002 0.7600050406250001 0.5515625000000002 0.8828125 0.5515625000000002
24 0.784375 0.4424899203125001 0.6537802421875 0.4424899203125 0.6537802421875 0.565625 0.784375 0.5656250000000002