24 0.70625 7.199583721549869e-17 0.46953125 5.750099424121557e-17 0.46953125 0.528125 0.70625 0.528125
24 0.8875 0.19687500000000008 0.2390625 0.19687500000000005 0.23906250000000004 0.37812500000000004 0.8875 0.3781250000000001
24 0.865625 0.33437500000000003 0.2515625 0.334375 0.2515625 0.5015625000000001 0.865625 0.5015625000000001
24 0.6484375000000001 0.2808593750000001 0.53203125 0.2808593750000001 0.5320312500000001 0.7625 0.6484375000000002 0.7625
24 0.6125 0.37187500000000007 0.498828125 0.37187500000000007 0.49882812500000007 0.8265625 0.6125000000000002 0.8265625
24 0.28906250000000006 0.306640625 0.053515625000000046 0.306640625 0.05351562500000005 0.4546875 0.2890625000000001 0.4546875
24 0.28125 0.2015625 0.051562500000000025 0.2015625 0.05156250000000003 0.3203125 0.28125 0.3203125
24 0.23984375 0.04335937500000002 0.1109375 0.04335937500000001 0.11093750000000002 0.2625 0.23984375 0.2625
24 0.18906250000000005 0.378125 4.63069570927593e-17 0.378125 5.367397299388009e-17 0.4984375 0.18906250000000005 0.4984375
24 0.12187500000000004 0.40546875 4.9655600684177836e-17 0.40546875 5.257370438527114e-17 0.453125 0.12187500000000004 0.453125
24 0.2328125000000001 0.421875 0.12617187500000004 0.421875 0.12617187500000004 0.5421875 0.2328125000000001 0.5421875
24 0.3421875000000001 0.427734375 0.2160156250000001 0.427734375 0.2160156250000001 0.5484375 0.3421875000000001 0.5484375