23 0.65 0.5821875000000001 0.471875 0.5821875000000001 0.471875 0.621875 0.65 0.621875
23 0.621875 0.5234375 0.582708334375 0.5234375 0.582708334375 0.7046875 0.621875 0.7046875
23 0.6625 0.527083334375 0.622447915625 0.527083334375 0.622447915625 0.7109375 0.6625 0.7109375
23 0.10619791718750005 0.285989584375 0.08286458281250005 0.285989584375 0.08286458281250005 0.40932291562499995 0.10619791718750005 0.40932291562499995
23 0.778125 0.607239584375 0.5923958328125 0.607239584375 0.5923958328125 0.6515625 0.778125 0.6515625000000002
23 0.834375 0.6209895828125 0.6328125 0.6209895828125 0.6328125 0.6718750000000001 0.834375 0.6718750000000002
23 0.8859375 0.630104165625 0.6791145828125 0.6301041656249999 0.6791145828125 0.6828125 0.8859375 0.6828125000000002
23 0.865625 0.5570833343750002 0.804895834375 0.5570833343750002 0.804895834375 0.7687500000000002 0.865625 0.7687500000000002
23 0.08750000000000005 0.28442708437499997 0.06567708281250004 0.28442708437499997 0.06567708281250004 0.407760415625 0.08750000000000005 0.407760415625
23 0.1326041671875001 0.74890625 0.020312500000000094 0.74890625 0.020312500000000094 0.771875 0.1326041671875001 0.771875
23 0.10000000000000009 0.712604165625 0.08067708281250009 0.712604165625 0.0806770828125001 0.825 0.10000000000000009 0.825
23 0.12500000000000008 0.7212500015625001 0.09953125156250009 0.7212500015625001 0.0995312515625001 0.8390625 0.12500000000000008 0.8390625
23 0.1453125000000001 0.734375 0.12348958281250008 0.734375 0.12348958281250008 0.846875 0.1453125000000001 0.846875
23 0.16406250000000008 0.7400520828125 0.1422395828125001 0.7400520828125 0.1422395828125001 0.85625 0.16406250000000008 0.85625
23 0.17968750000000008 0.750208334375 0.1634895828125001 0.750208334375 0.1634895828125001 0.8671875 0.17968750000000008 0.8671875
23 0.2562500000000001 0.80953125 0.1339062500000001 0.80953125 0.1339062500000001 0.8328125 0.2562500000000001 0.8328125
23 0.3828125000000001 0.5319791671874999 0.23776041718750007 0.5319791671874999 0.23776041718750007 0.559375 0.3828125000000001 0.559375
23 0.3046875000000001 0.46875 0.2768750000000001 0.46875 0.2768750000000001 0.6109375 0.3046875000000001 0.6109375
23 0.2796875000000001 0.465520834375 0.25098958281250006 0.465520834375 0.25098958281250006 0.6046875 0.2796875000000001 0.6046875
23 0.2562500000000001 0.46234374999999994 0.22864583281250012 0.46234374999999994 0.22864583281250012 0.596875 0.2562500000000001 0.596875
23 0.2312500000000001 0.45630208281250006 0.2062500000000001 0.45630208281250006 0.2062500000000001 0.5921354156249999 0.2312500000000001 0.5921354156249999
23 0.2140625000000001 0.4533333328125 0.18942708281250004 0.4533333328125 0.18942708281250006 0.5841666671875 0.2140625000000001 0.5841666671875
23 0.2453125000000001 0.50078125 0.11531249843750005 0.50078125 0.11531249843750005 0.5265625 0.2453125000000001 0.5265625
23 0.17187500000000006 0.445208334375 0.15005208281250004 0.445208334375 0.15005208281250007 0.571875 0.17187500000000008 0.571875
23 0.2062500000000001 0.4916666671875 0.08125000000000007 0.4916666671875 0.08125000000000007 0.515625 0.2062500000000001 0.515625
23 0.13593750000000007 0.4396354171875 0.11406250000000004 0.4396354171875 0.11406250000000007 0.559375 0.1359375000000001 0.559375
23 0.11718750000000007 0.435104165625 0.09463541562500004 0.435104165625 0.09463541562500005 0.5559375 0.11718750000000008 0.5559375
23 0.09843750000000005 0.4336458328125 0.07276041562500005 0.4336458328125 0.07276041562500005 0.5515625 0.09843750000000007 0.5515625
23 0.07968750000000005 0.42833333281249997 0.05703125000000005 0.42833333281249997 0.057031250000000054 0.5466666671875 0.07968750000000006 0.5466666671875
23 0.8765625 0.8433854171874999 0.7450520828125001 0.8433854171874999 0.7450520828125001 0.896875 0.8765625 0.896875
23 0.8359375 0.8390625 0.6890625000000001 0.8390625 0.6890625000000001 0.8859375 0.8359375 0.8859375
23 0.7937500000000002 0.83125 0.6352083328125002 0.83125 0.6352083328125002 0.8734375 0.7937500000000002 0.8734375
23 0.7562500000000002 0.8265625 0.5847916671875002 0.8265625 0.5847916671875002 0.8671875 0.7562500000000002 0.8671875
23 0.6562500000000002 0.750364584375 0.6109895828125003 0.750364584375 0.6109895828125003 0.9234375 0.6562500000000002 0.9234375
23 0.6078125000000002 0.7360416671875 0.5671875000000002 0.7360416671875 0.5671875000000002 0.9077083328125 0.6078125000000002 0.9077083328125
23 0.5718750000000001 0.7219791671875 0.532708334375 0.7219791671875 0.5327083343750001 0.8921875 0.5718750000000001 0.8921875
23 0.6030208328125002 0.7736458328125 0.4313541671875002 0.7736458328125 0.4313541671875002 0.8109375 0.6030208328125002 0.8109375
23 0.5640625000000001 0.7615624984375 0.4003645828125002 0.7615624984375 0.4003645828125002 0.7984375 0.5640625000000001 0.7984375
23 0.5248437500000002 0.7508333328125001 0.3734375000000001 0.7508333328125001 0.3734375000000001 0.78125 0.5248437500000002 0.78125
23 0.4328125000000001 0.6817708328125 0.4078125 0.6817708328125 0.4078125000000001 0.8265625 0.43281250000000016 0.8265625
23 0.4640625000000001 0.7251562500000001 0.31671875000000005 0.7251562500000001 0.31671875000000005 0.759375 0.46406250000000016 0.759375
23 0.4296875000000001 0.7190624984375 0.2846875000000001 0.7190624984375 0.2846875000000001 0.746875 0.42968750000000017 0.746875
23 0.3421875000000001 0.6536458328125 0.31447916562500006 0.6536458328125 0.31447916562500006 0.79375 0.3421875000000001 0.79375
23 0.3156250000000001 0.642083334375 0.2889583328125001 0.642083334375 0.2889583328125001 0.78125 0.3156250000000001 0.78125
23 0.2875000000000001 0.635260415625 0.2621354156250001 0.635260415625 0.2621354156250001 0.7734375 0.2875000000000001 0.7734375
23 0.31718750000000007 0.68234375 0.1858854156250001 0.68234375 0.1858854156250001 0.7078125 0.31718750000000007 0.7078125
23 0.2968750000000001 0.6709374984375 0.1676041671875001 0.6709374984375 0.1676041671875001 0.6984375 0.2968750000000001 0.6984375
23 0.2734375000000001 0.6640625 0.14578125000000008 0.6640625 0.14578125000000008 0.6873437515624999 0.2734375000000001 0.6873437515624999
23 0.2015625000000001 0.6046875 0.17770833437500008 0.6046875 0.17770833437500008 0.7328125 0.2015625000000001 0.7328125
23 0.1828125000000001 0.6 0.1625000000000001 0.6 0.1625000000000001 0.7203125 0.1828125000000001 0.7203125
23 0.2140625000000001 0.6434375 0.09401041718750008 0.6434375 0.09401041718750008 0.6640625 0.2140625000000001 0.6640625
23 0.14218750000000008 0.5881770828125 0.1247916671875001 0.5881770828125 0.1247916671875001 0.7046875 0.14218750000000008 0.7046875
23 0.12494791718750009 0.5814583328125 0.10161458281250009 0.5814583328125 0.10161458281250009 0.6997916671875 0.12494791718750009 0.6997916671875
23 0.1515625000000001 0.62296875 0.03770833281250008 0.62296875 0.03770833281250008 0.6453125 0.1515625000000001 0.6453125
23 0.13437500000000008 0.6174999984375 0.016354167187500077 0.6174999984375 0.016354167187500077 0.6390625 0.13437500000000008 0.6390625
23 0.4154687515625001 0.8724479171875 0.3234375000000001 0.8724479171875 0.3234375000000001 0.9015625 0.4154687515625001 0.9015625
23 0.3531250000000001 0.8266145843749999 0.3251041656250001 0.8266145843749999 0.3251041656250001 0.9328125 0.3531250000000001 0.9328125
23 0.32500000000000007 0.81875 0.30114583281250007 0.81875 0.30114583281250007 0.9328125 0.32500000000000007 0.9328125
23 0.3515625000000001 0.8575520828125001 0.22375000000000006 0.8575520828125001 0.22375000000000006 0.8796875 0.3515625000000001 0.8796875
23 0.3281250000000001 0.8471354171875 0.1984375000000001 0.8471354171875 0.1984375000000001 0.8703125 0.3281250000000001 0.8703125
23 0.3046875000000001 0.8360937500000001 0.1768749984375001 0.8360937500000001 0.1768749984375001 0.8578125 0.3046875000000001 0.8578125
23 0.2296875000000001 0.7696354171875 0.20703125156250007 0.7696354171875 0.20703125156250007 0.8921875 0.2296875000000001 0.8921875
23 1 0.1379687500000001 0.8274479171875001 0.13796875000000008 0.8274479171875001 0.1890625000000001 1 0.18906250000000013
23 0.9078125 0.0718750000000001 0.85625 0.0718750000000001 0.85625 0.2531250000000001 0.9078125 0.2531250000000001
23 0.820104165625 0.028177082812500094 0.7584374984375 0.028177082812500087 0.7584374984375 0.2531250000000001 0.820104165625 0.2531250000000001
23 0.8421875 0.11916666718750009 0.6328125 0.11916666718750009 0.6328125 0.1703125000000001 0.8421875 0.1703125000000001
23 0.7133333328125 0.04703125000000009 0.6616666671875 0.04703125000000008 0.6616666671875 0.2531250000000001 0.7133333328125 0.2531250000000001
23 0.7421875 0.1292187500000001 0.5455729171875 0.1292187500000001 0.5455729171875 0.1765625000000001 0.7421875 0.1765625000000001
23 0.621875 0.06046875000000007 0.5749479156249999 0.06046875000000007 0.5749479156249999 0.25468750000000007 0.621875 0.25468750000000007
23 0.653125 0.14093750000000008 0.462135415625 0.14093750000000005 0.462135415625 0.18125000000000008 0.653125 0.18125000000000008
23 0.6140625 0.13833333281250007 0.42203125 0.13833333281250004 0.42203125 0.18416666718750008 0.6140625 0.1841666671875001
23 0.503125 0.07697916718750006 0.46041666562500005 0.07697916718750006 0.46041666562500005 0.2578125000000001 0.503125 0.2578125000000001
23 0.4682291671875 0.08166666718750006 0.4348958328125 0.08166666718750004 0.4348958328125 0.2558333328125001 0.4682291671875 0.2558333328125001
23 0.4359375 0.08854166718750003 0.403125 0.08854166718750003 0.403125 0.2531250000000001 0.4359375 0.2531250000000001
23 0.40307291718749994 0.08885416562500005 0.3672395828125 0.08885416562500005 0.3672395828125 0.2562500000000001 0.40307291718749994 0.2562500000000001
23 0.4375 0.16072916718750005 0.2703125 0.16072916718750005 0.2703125 0.19062500000000004 0.4375 0.19062500000000004
23 0.40427083281250004 0.15958333281250003 0.2453125 0.15958333281250003 0.2453125 0.19218750000000004 0.40427083281250004 0.19218750000000004
23 0.3125 0.10151041718750005 0.2849479171875 0.10151041718750005 0.2849479171875 0.2546875 0.3125 0.2546875
23 0.3515625 0.16328125000000004 0.20015624999999998 0.16328125000000004 0.20015624999999998 0.19161458281250004 0.3515625 0.19161458281250004
23 0.26875 0.10630208281250005 0.2392708328125 0.10630208281250005 0.2392708328125 0.25463541562500003 0.26875 0.25463541562500003
23 0.2421875 0.11114583437500006 0.21270833437499997 0.11114583437500006 0.21270833437499997 0.2544791671875 0.2421875 0.2544791671875
23 0.275 0.1728645828125 0.1378125015625 0.1728645828125 0.13781250156250002 0.19843750000000002 0.275 0.19843750000000004
23 0.253125 0.17526041562500003 0.117864584375 0.175260415625 0.11786458437500003 0.2 0.253125 0.2
23 0.17812500000000003 0.121875 0.15526041562499998 0.121875 0.155260415625 0.2546875 0.17812500000000003 0.2546875
23 0.2078125 0.1765625 0.07505208281250002 0.1765625 0.07505208281250002 0.1997395828125 0.2078125 0.19973958281250004
23 0.18885416718750003 0.18125000000000002 0.06093750000000002 0.18125 0.06093750000000002 0.203125 0.18885416718750006 0.203125
23 0.12182291718750002 0.1281770828125 0.09598958281250002 0.1281770828125 0.09598958281250002 0.253125 0.12182291718750005 0.253125
23 0.15312500000000004 0.18140625 0.030364582812500023 0.18140625 0.030364582812500023 0.2046875 0.15312500000000004 0.2046875
23 0.13125000000000003 0.182135415625 0.007968750000000021 0.182135415625 0.007968750000000023 0.2046875 0.13125000000000003 0.2046875
23 0.11541666718750006 0.1816145828125 2.2241371751981004e-17 0.1816145828125 2.3654180461014195e-17 0.2046875 0.11541666718750006 0.2046875
23 1 0.3776041656250001 0.811770834375 0.3776041656250001 0.811770834375 0.42968750000000017 1 0.42968750000000017
23 0.9484375 0.3772916656250001 0.7567708343749999 0.3772916656250001 0.7567708343749999 0.42968750000000017 0.9484375 0.42968750000000017
23 0.8901562500000001 0.37927083281250007 0.68015625 0.37927083281250007 0.68015625 0.4375000000000001 0.8901562500000001 0.43750000000000017
23 0.7546875 0.2979166656250001 0.7023958343750001 0.2979166656250001 0.7023958343750001 0.5000000000000001 0.7546875 0.5000000000000002
23 0.7078125 0.29875000000000007 0.65625 0.29875000000000007 0.65625 0.5 0.7078125 0.5
23 0.6609375 0.30187500000000006 0.6140625 0.30187500000000006 0.6140625 0.490625 0.6609375 0.490625
23 0.6875 0.3706250000000001 0.5038541671875 0.3706250000000001 0.5038541671875 0.4139583328125 0.6875 0.4139583328125
23 0.5765625 0.3000000000000001 0.5359375 0.3000000000000001 0.5359375 0.48125 0.5765625 0.48125
23 0.6078125 0.3677604156250001 0.43244791562499996 0.3677604156250001 0.43244791562499996 0.4046875 0.6078125 0.4046875
23 0.503125 0.3002083328125001 0.4677604171875 0.3002083328125001 0.4677604171875 0.46875 0.503125 0.46875
23 0.4640625 0.2984375000000001 0.4345833328125 0.2984375000000001 0.4345833328125 0.4671875 0.4640625 0.4671875
23 0.43125 0.2968229171875001 0.4025520828125 0.2968229171875001 0.4025520828125 0.446875 0.43125 0.446875
23 0.4609375 0.35510416718750004 0.31015625 0.35510416718750004 0.31015625 0.38593750000000004 0.4609375 0.3859375000000001
23 0.37031250000000004 0.2949479171875001 0.3430208328125 0.2949479171875 0.34302083281250006 0.4390625 0.3703125000000001 0.4390625
23 0.4046875 0.35531250156250005 0.254010415625 0.3553125015625 0.25401041562500004 0.38593750000000004 0.4046875 0.3859375000000001
23 0.31250000000000006 0.2953645828125 0.2906770828125 0.2953645828125 0.29067708281250004 0.4421875 0.3125000000000001 0.4421875
23 0.290625 0.2922395828125 0.26598958281249996 0.2922395828125 0.2659895828125 0.4390625 0.2906250000000001 0.4390625
23 0.27005208437500006 0.2921875 0.2442187515625 0.2921875 0.24421875156250006 0.434375 0.2700520843750001 0.434375
23 0.24687500000000004 0.29375 0.220208334375 0.29375 0.22020833437500004 0.43125 0.2468750000000001 0.43125
23 0.22494791718750004 0.2922395828125 0.2016145828125 0.2922395828125 0.20161458281250005 0.4265625 0.2249479171875001 0.4265625
23 0.20468750000000005 0.2903645828125 0.17656250000000004 0.2903645828125 0.17656250000000004 0.421875 0.20468750000000008 0.421875
23 0.18432291718750005 0.2884895828125 0.16098958281250003 0.2884895828125 0.16098958281250003 0.4171875 0.18432291718750005 0.4171875
23 0.16250000000000003 0.28718750000000004 0.13932291562500004 0.28718750000000004 0.13932291562500004 0.4171875 0.16250000000000003 0.4171875
23 0.19843750000000004 0.3390625 0.07078125000000005 0.3390625 0.07078125000000005 0.3623437515625 0.19843750000000004 0.3623437515625
23 0.17588541562500004 0.3379687515625 0.050052082812500044 0.3379687515625 0.050052082812500044 0.3609375 0.17588541562500004 0.3609375
23 0.4109375 0.5419791671875 0.26572916718750006 0.5419791671875 0.26572916718750006 0.565625 0.4109375 0.565625
23 0.37968750000000007 0.49375 0.3506770828125001 0.49375 0.3506770828125001 0.6359375 0.37968750000000007 0.6359375
23 0.4109375 0.49369791718749995 0.3812500000000001 0.49369791718749995 0.3812500000000001 0.64375 0.4109375 0.64375
23 0.50625 0.5573958328125 0.3453125000000001 0.5573958328125 0.3453125000000001 0.5875 0.50625 0.5875
23 0.5390625 0.562447915625 0.3750000000000001 0.562447915625 0.3750000000000001 0.596875 0.5390625 0.596875
23 0.5734375 0.569427084375 0.4062499984375 0.569427084375 0.4062499984375 0.6046875 0.5734375 0.6046875
23 0.540625 0.5066666671875 0.5053645828125 0.5066666671875 0.5053645828125 0.6808333328125 0.540625 0.6808333328125