23 0.5816666671874999 0.5133333328125 0.5408333328125 0.5133333328125 0.5408333328125 0.6925 0.5816666671874999 0.6925
23 0.6233333328125 0.5233333328125 0.5825 0.5233333328125 0.5825 0.705 0.6233333328125 0.705
23 0.6633333328125001 0.5266666671875 0.6224999999999999 0.5266666671875 0.6224999999999999 0.7116666671874999 0.6633333328125001 0.7116666671874999
23 0.10666666718750004 0.2866666671875 0.08333333281250005 0.2866666671875 0.08333333281250005 0.41 0.10666666718750004 0.41
23 0.7083333328125 0.5366666671875 0.6625 0.5366666671875 0.6625 0.7241666671875 0.7083333328125 0.7241666671875
23 0.76 0.5450000000000002 0.7083333328125 0.545 0.7083333328125001 0.7475 0.7600000000000001 0.7475000000000002
23 0.8099999999999999 0.5533333328125002 0.7558333328125 0.5533333328125002 0.7558333328125001 0.7608333328125002 0.8099999999999999 0.7608333328125002
23 0.8666666671875 0.5566666671875001 0.805 0.5566666671875001 0.805 0.7691666671875002 0.8666666671875 0.7691666671875002
23 0.08833333281250004 0.28500000000000003 0.06500000000000004 0.28500000000000003 0.06500000000000004 0.40833333281249995 0.08833333281250004 0.40833333281249995
23 0.0883333328125001 0.705 0.06500000000000009 0.705 0.0650000000000001 0.8175000000000001 0.08833333281250011 0.8175000000000001
23 0.10166666718750009 0.7133333328125 0.08083333281250009 0.7133333328125 0.0808333328125001 0.8258333328124999 0.10166666718750009 0.8258333328124999
23 0.12500000000000008 0.7216666671875 0.09916666718750008 0.7216666671875 0.0991666671875001 0.8400000000000001 0.12500000000000008 0.8400000000000001
23 0.1466666671875001 0.735 0.1233333328125001 0.735 0.1233333328125001 0.8474999999999999 0.1466666671875001 0.8474999999999999
23 0.1650000000000001 0.74 0.1416666671875001 0.74 0.1416666671875001 0.8583333328125 0.1650000000000001 0.8583333328125
23 0.18166666718750007 0.75 0.1633333328125001 0.75 0.1633333328125001 0.8683333328125 0.18166666718750007 0.8683333328125
23 0.2066666671875001 0.76 0.18333333281250008 0.76 0.18333333281250008 0.8833333328125 0.2066666671875001 0.8833333328125
23 0.32500000000000007 0.4733333328125 0.2966666671875001 0.4733333328125 0.2966666671875001 0.6191666671875 0.32500000000000007 0.6191666671875
23 0.30500000000000005 0.4683333328125 0.2766666671875001 0.4683333328125 0.2766666671875001 0.6116666671875 0.30500000000000005 0.6116666671875
23 0.2816666671875001 0.465 0.2508333328125001 0.465 0.2508333328125001 0.6058333328125001 0.2816666671875001 0.6058333328125001
23 0.2566666671875001 0.46166666718749994 0.22833333281250007 0.46166666718749994 0.22833333281250007 0.5974999999999999 0.2566666671875001 0.5974999999999999
23 0.23166666718750012 0.4566666671875 0.20583333281250007 0.4566666671875 0.20583333281250007 0.5925 0.23166666718750012 0.5925
23 0.21500000000000008 0.4533333328125 0.18916666718750003 0.4533333328125 0.18916666718750005 0.5841666671875 0.21500000000000008 0.5841666671875
23 0.19333333281250006 0.4483333328125 0.16750000000000004 0.4483333328125 0.16750000000000007 0.5791666671875 0.1933333328125001 0.5791666671875
23 0.17333333281250007 0.445 0.15000000000000005 0.445 0.15000000000000008 0.5733333328125 0.1733333328125001 0.5733333328125
23 0.15666666718750005 0.44166666718750003 0.13083333281250004 0.44166666718750003 0.13083333281250006 0.5675 0.15666666718750008 0.5675
23 0.13666666718750006 0.44000000000000006 0.11333333281250005 0.44000000000000006 0.11333333281250006 0.5608333328125 0.1366666671875001 0.5608333328125
23 0.11833333281250007 0.43499999999999994 0.09500000000000004 0.43499999999999994 0.09500000000000006 0.5558333328125 0.1183333328125001 0.5558333328125
23 0.09833333281250005 0.43333333281249997 0.07250000000000004 0.43333333281249997 0.07250000000000005 0.5516666671875 0.09833333281250006 0.5516666671875
23 0.08000000000000006 0.42833333281249997 0.05666666718750004 0.42833333281249997 0.056666667187500054 0.5466666671875 0.08000000000000007 0.5466666671875
23 0.8383333328125 0.8033333328125 0.7841666671875002 0.8033333328125 0.7841666671875002 0.9366666671875 0.8383333328125 0.9366666671875
23 0.7866666671875001 0.7883333328125002 0.7383333328125002 0.7883333328125002 0.7383333328125002 0.9366666671875 0.7866666671875001 0.9366666671875
23 0.7366666671875002 0.7733333328125 0.6933333328125002 0.7733333328125 0.6933333328125002 0.9324999999999999 0.7366666671875002 0.9324999999999999
23 0.6916666671875003 0.7616666671875 0.6508333328125002 0.7616666671875 0.6508333328125002 0.9333333328125001 0.6916666671875003 0.9333333328125001
23 0.6566666671875001 0.75 0.6108333328125002 0.75 0.6108333328125002 0.9241666671875001 0.6566666671875001 0.9241666671875001
23 0.6083333328125001 0.7366666671875 0.5675000000000001 0.7366666671875 0.5675000000000001 0.9083333328125001 0.6083333328125001 0.9083333328125001
23 0.5733333328125001 0.7216666671875 0.5325 0.7216666671875 0.5325000000000001 0.8933333328125 0.5733333328125002 0.8933333328125
23 0.5366666671875 0.7066666671874999 0.49833333281250003 0.7066666671874999 0.4983333328125001 0.8783333328125 0.5366666671875001 0.8783333328125
23 0.5016666671875001 0.6983333328125 0.46333333281250005 0.6983333328125 0.4633333328125001 0.8625 0.5016666671875002 0.8625
23 0.46500000000000014 0.6900000000000001 0.4341666671875 0.6900000000000001 0.4341666671875001 0.8416666671874999 0.4650000000000002 0.8416666671874999
23 0.4333333328125001 0.6816666671875 0.40750000000000003 0.6816666671875 0.4075000000000001 0.8275 0.43333333281250014 0.8275
23 0.40833333281250006 0.6683333328125001 0.3725000000000001 0.6683333328125001 0.3725000000000001 0.8166666671874999 0.40833333281250017 0.8166666671874999
23 0.3716666671875001 0.6599999999999999 0.34333333281250006 0.6599999999999999 0.34333333281250006 0.8058333328125 0.3716666671875001 0.8058333328125
23 0.34333333281250006 0.6533333328125 0.31500000000000006 0.6533333328125 0.31500000000000006 0.7941666671875 0.34333333281250006 0.7941666671875
23 0.3166666671875001 0.6416666671875 0.28833333281250006 0.6416666671875 0.28833333281250006 0.7825 0.3166666671875001 0.7825
23 0.28833333281250006 0.635 0.26250000000000007 0.635 0.26250000000000007 0.7733333328125 0.28833333281250006 0.7733333328125
23 0.26500000000000007 0.6283333328125 0.23916666718750007 0.6283333328125 0.23916666718750007 0.7616666671875 0.26500000000000007 0.7616666671875
23 0.2466666671875001 0.62 0.21833333281250006 0.62 0.21833333281250006 0.7508333328125001 0.2466666671875001 0.7508333328125001
23 0.2216666671875001 0.6116666671875 0.1983333328125001 0.6116666671875 0.1983333328125001 0.74 0.2216666671875001 0.74
23 0.20333333281250007 0.605 0.17750000000000007 0.605 0.17750000000000007 0.7333333328125 0.20333333281250007 0.7333333328125
23 0.18333333281250008 0.6 0.1625000000000001 0.6 0.1625000000000001 0.7208333328125 0.18333333281250008 0.7208333328125
23 0.1650000000000001 0.5933333328125 0.1441666671875001 0.5933333328125 0.1441666671875001 0.7141666671875 0.1650000000000001 0.7141666671875
23 0.1433333328125001 0.5883333328125 0.12500000000000008 0.5883333328125 0.12500000000000008 0.7066666671874999 0.1433333328125001 0.7066666671874999
23 0.12500000000000008 0.5816666671874999 0.10166666718750009 0.5816666671874999 0.10166666718750009 0.7 0.12500000000000008 0.7
23 0.10666666718750009 0.5766666671875 0.08333333281250008 0.5766666671875 0.08333333281250008 0.6916666671875 0.10666666718750009 0.6916666671875
23 0.08666666718750007 0.5700000000000001 0.06333333281250006 0.5700000000000001 0.06333333281250007 0.6883333328125001 0.08666666718750009 0.6883333328125001
23 0.3850000000000001 0.8416666671874999 0.35416666718750006 0.8416666671874999 0.35416666718750006 0.9341666671875 0.3850000000000001 0.9341666671875
23 0.35333333281250007 0.8266666671875 0.32500000000000007 0.8266666671875 0.32500000000000007 0.9341666671875 0.35333333281250007 0.9341666671875
23 0.3266666671875001 0.8183333328125 0.3008333328125001 0.8183333328125 0.3008333328125001 0.9333333328125001 0.3266666671875001 0.9333333328125001
23 0.3000000000000001 0.805 0.2766666671875001 0.805 0.2766666671875001 0.9333333328125001 0.3000000000000001 0.9333333328125001
23 0.2750000000000001 0.7933333328125001 0.2516666671875001 0.7933333328125001 0.2516666671875001 0.9241666671875001 0.2750000000000001 0.9241666671875001
23 0.2533333328125001 0.7833333328125 0.23000000000000007 0.7833333328125 0.23000000000000007 0.9116666671875 0.2533333328125001 0.9116666671875
23 0.23000000000000007 0.77 0.2066666671875001 0.77 0.2066666671875001 0.8933333328125 0.23000000000000007 0.8933333328125
23 0.9583333328125001 0.05833333281250012 0.9066666671875 0.05833333281250012 0.9066666671875 0.26833333281250005 0.9583333328125001 0.26833333281250005
23 0.9083333328125001 0.07166666718750012 0.8566666671875 0.07166666718750012 0.8566666671875 0.2533333328125001 0.9083333328125001 0.2533333328125001
23 0.82 0.028333332812500094 0.7583333328124999 0.02833333281250009 0.7583333328124999 0.2541666671875001 0.82 0.2541666671875001
23 0.7633333328125 0.04000000000000009 0.7116666671874999 0.04000000000000009 0.7116666671874999 0.2500000000000001 0.7633333328125 0.2500000000000001
23 0.7133333328125 0.04666666718750008 0.6616666671875 0.04666666718750008 0.6616666671875 0.2541666671875001 0.7133333328125 0.2541666671875001
23 0.6683333328125001 0.055000000000000084 0.62 0.05500000000000007 0.62 0.25250000000000006 0.6683333328125001 0.25250000000000006
23 0.6233333328125 0.06000000000000007 0.575 0.06000000000000007 0.575 0.25500000000000006 0.6233333328125 0.25500000000000006
23 0.5783333328125 0.06500000000000007 0.5375 0.06500000000000007 0.5375 0.2575000000000001 0.5783333328125 0.2575000000000001
23 0.5416666671875 0.06500000000000007 0.49583333281249997 0.06500000000000007 0.49583333281249997 0.2575000000000001 0.5416666671875 0.2575000000000001
23 0.5033333328125 0.07666666718750006 0.45999999999999996 0.07666666718750006 0.45999999999999996 0.2583333328125001 0.5033333328125 0.2583333328125001
23 0.4683333328125 0.08166666718750006 0.43499999999999994 0.08166666718750004 0.43499999999999994 0.2558333328125001 0.4683333328125 0.2558333328125001
23 0.43666666718749997 0.08833333281250004 0.4033333328125 0.08833333281250004 0.4033333328125 0.25500000000000006 0.43666666718749997 0.25500000000000006
23 0.4033333328125 0.08833333281250004 0.3675 0.08833333281250004 0.3675 0.2575000000000001 0.4033333328125 0.2575000000000001
23 0.37 0.09166666718750004 0.3391666671875 0.09166666718750004 0.3391666671875 0.26083333281250004 0.37 0.2608333328125001
23 0.3416666671875 0.09666666718750004 0.3083333328125 0.09666666718750004 0.3083333328125 0.2558333328125 0.3416666671875 0.2558333328125
23 0.3133333328125 0.10166666718750003 0.28500000000000003 0.10166666718750003 0.28500000000000003 0.2558333328125 0.3133333328125 0.2558333328125
23 0.29 0.10166666718750003 0.2616666671875 0.10166666718750003 0.2616666671875 0.2533333328125 0.29 0.2533333328125
23 0.27 0.10666666718750004 0.2391666671875 0.10666666718750004 0.2391666671875 0.255 0.27 0.255
23 0.24333333281249997 0.11166666718750004 0.2125 0.11166666718750004 0.2125 0.255 0.24333333281249997 0.255
23 0.22000000000000003 0.11666666718750004 0.1941666671875 0.11666666718750004 0.19416666718750003 0.255 0.22000000000000003 0.255
23 0.19833333281250004 0.12000000000000002 0.17250000000000001 0.12 0.17250000000000004 0.2558333328125 0.19833333281250004 0.2558333328125
23 0.17833333281250002 0.12166666718750001 0.155 0.12166666718750001 0.15500000000000003 0.255 0.17833333281250002 0.255
23 0.1533333328125 0.12166666718750001 0.13 0.12166666718750001 0.13000000000000003 0.255 0.15333333281250003 0.255
23 0.13666666718750003 0.12833333281249998 0.11333333281249999 0.12833333281249998 0.11333333281250002 0.25666666718750003 0.13666666718750003 0.25666666718750003
23 0.12166666718750004 0.12833333281249998 0.09583333281250003 0.12833333281249998 0.09583333281250003 0.2541666671875 0.12166666718750005 0.2541666671875
23 0.10333333281250001 0.1316666671875 0.08000000000000003 0.1316666671875 0.08000000000000003 0.255 0.10333333281250004 0.255
23 0.08166666718750001 0.1316666671875 0.05833333281250003 0.1316666671875 0.05833333281250003 0.255 0.08166666718750001 0.255
23 0.06666666718750001 0.13333333281249998 0.04333333281250001 0.13333333281249998 0.04333333281250002 0.2541666671875 0.06666666718750001 0.2541666671875
23 0.9349999999999999 0.3083333328125001 0.8808333328125 0.3083333328125001 0.8808333328125 0.5008333328125002 0.9349999999999999 0.5008333328125002
23 0.8800000000000001 0.3083333328125001 0.8258333328124999 0.3083333328125001 0.8258333328124999 0.5008333328125002 0.8800000000000001 0.5008333328125002
23 0.8150000000000001 0.3033333328125001 0.7558333328125 0.3033333328125001 0.7558333328125 0.5133333328125003 0.8150000000000001 0.5133333328125003
23 0.7566666671875 0.2983333328125001 0.7025 0.2983333328125001 0.7025 0.5008333328125001 0.7566666671875 0.5008333328125002
23 0.7083333328125 0.2983333328125001 0.6566666671875 0.2983333328125001 0.6566666671875 0.5008333328125001 0.7083333328125 0.5008333328125001
23 0.6616666671875 0.30166666718750007 0.6133333328125 0.30166666718750007 0.6133333328125 0.4916666671875 0.6616666671875 0.4916666671875
23 0.6183333328125 0.3000000000000001 0.575 0.3000000000000001 0.575 0.485 0.6183333328125 0.485
23 0.5766666671875 0.3000000000000001 0.5358333328125 0.3000000000000001 0.5358333328125 0.48166666718749995 0.5766666671875 0.48166666718749995
23 0.54 0.2983333328125001 0.5016666671875 0.2983333328125001 0.5016666671875 0.475 0.54 0.475
23 0.5033333328125 0.3000000000000001 0.46749999999999997 0.3000000000000001 0.46749999999999997 0.4691666671875 0.5033333328125 0.4691666671875
23 0.465 0.2983333328125001 0.4341666671875 0.2983333328125001 0.4341666671875 0.46749999999999997 0.465 0.46749999999999997
23 0.43333333281249997 0.2966666671875001 0.4025 0.2966666671875001 0.4025 0.4483333328125 0.43333333281249997 0.4483333328125
23 0.4016666671875 0.2950000000000001 0.3708333328125 0.2950000000000001 0.3708333328125001 0.44666666718750003 0.4016666671875 0.44666666718750003
23 0.3716666671875001 0.29500000000000004 0.3433333328125 0.29500000000000004 0.3433333328125 0.4408333328125 0.3716666671875001 0.4408333328125
23 0.3450000000000001 0.29500000000000004 0.31416666718749997 0.29500000000000004 0.3141666671875 0.44666666718750003 0.3450000000000001 0.44666666718750003
23 0.31333333281250003 0.29500000000000004 0.29 0.29500000000000004 0.29000000000000004 0.44333333281250004 0.3133333328125001 0.44333333281250004
23 0.2916666671875 0.2916666671875 0.2658333328125 0.2916666671875 0.26583333281250004 0.44000000000000006 0.29166666718750006 0.44000000000000006
23 0.2700000000000001 0.2916666671875 0.24416666718750002 0.2916666671875 0.24416666718750007 0.43499999999999994 0.27000000000000013 0.43499999999999994
23 0.24833333281250006 0.29333333281249996 0.22000000000000003 0.29333333281249996 0.22000000000000006 0.43166666718749996 0.24833333281250008 0.43166666718749996
23 0.22500000000000003 0.2916666671875 0.20166666718749998 0.2916666671875 0.20166666718750004 0.42750000000000005 0.2250000000000001 0.42750000000000005
23 0.20500000000000002 0.29 0.17666666718750004 0.29 0.17666666718750004 0.4233333328125 0.20500000000000007 0.4233333328125
23 0.18500000000000005 0.2883333328125 0.16166666718750006 0.2883333328125 0.16166666718750006 0.41916666718749995 0.18500000000000005 0.41916666718749995
23 0.16333333281250004 0.2866666671875 0.14000000000000004 0.2866666671875 0.14000000000000004 0.4175 0.16333333281250004 0.4175
23 0.14666666718750004 0.2866666671875 0.12333333281250006 0.2866666671875 0.12333333281250006 0.41500000000000004 0.14666666718750004 0.41500000000000004
23 0.12500000000000006 0.2866666671875 0.10166666718750003 0.2866666671875 0.10166666718750003 0.4125 0.12500000000000006 0.4125
23 0.35166666718750006 0.48166666718749995 0.3258333328125001 0.48166666718749995 0.3258333328125001 0.6275000000000001 0.35166666718750006 0.6275000000000001
23 0.3816666671875001 0.4933333328125 0.35083333281250006 0.4933333328125 0.35083333281250006 0.6366666671875 0.3816666671875001 0.6366666671875
23 0.41166666718749995 0.4933333328125 0.3808333328125001 0.4933333328125 0.3808333328125001 0.645 0.41166666718749995 0.645
23 0.44166666718750003 0.4916666671875 0.4108333328125 0.4916666671875 0.4108333328125 0.6533333328125 0.44166666718750003 0.6533333328125
23 0.475 0.49833333281250003 0.43916666718749997 0.49833333281250003 0.43916666718749997 0.6625 0.475 0.6625
23 0.5083333328124999 0.5033333328125 0.4725 0.5033333328125 0.4725 0.6725 0.5083333328124999 0.6725
23 0.5416666671875 0.5066666671875 0.5058333328125 0.5066666671875 0.5058333328125 0.6808333328125 0.5416666671875 0.6808333328125