23 0.58125 0.5135416671875 0.540625 0.5135416671875 0.540625 0.690625 0.58125 0.690625
23 0.621875 0.5234375 0.582708334375 0.5234375 0.582708334375 0.7046875 0.621875 0.7046875
23 0.734375 0.5986979171875001 0.55 0.5986979171875 0.55 0.6390625000000001 0.734375 0.6390625000000002
23 0.10625000000000004 0.2873437515625 0.08380208281250004 0.2873437515625 0.08380208281250004 0.409375 0.10625000000000004 0.409375
23 0.7078125 0.5359375 0.6625 0.5359375 0.6625 0.7234375 0.7078125 0.7234375
23 0.7593750000000001 0.5453125000000001 0.7089062484374999 0.5453125 0.7089062484375 0.7468750000000001 0.7593750000000001 0.7468750000000002
23 0.8859375 0.630104165625 0.6791145828125 0.6301041656249999 0.6791145828125 0.6828125 0.8859375 0.6828125000000002
23 0.940625 0.6321875000000002 0.73 0.6321875000000002 0.73 0.6937500000000002 0.940625 0.6937500000000002
23 0.08750000000000005 0.28442708437499997 0.06567708281250004 0.28442708437499997 0.06567708281250004 0.407760415625 0.08750000000000005 0.407760415625
23 0.0875000000000001 0.7053125 0.06432291562500009 0.7053125 0.0643229156250001 0.8171875 0.0875000000000001 0.8171875
23 0.10000000000000009 0.712604165625 0.08067708281250009 0.712604165625 0.0806770828125001 0.825 0.10000000000000009 0.825
23 0.12463541562500009 0.7220833328125 0.09880208281250011 0.7220833328125 0.09880208281250011 0.8390625 0.12463541562500009 0.8390625
23 0.1453125000000001 0.735625 0.12317708281250009 0.735625 0.12317708281250009 0.846875 0.1453125000000001 0.846875
23 0.16406250000000008 0.7399479171875 0.14109375000000007 0.7399479171875 0.14109375000000007 0.85625 0.16406250000000008 0.85625
23 0.2312500000000001 0.80015625 0.1131250000000001 0.80015625 0.1131250000000001 0.8171875 0.2312500000000001 0.8171875
23 0.2562500000000001 0.80953125 0.1339062500000001 0.80953125 0.1339062500000001 0.8328125 0.2562500000000001 0.8328125
23 0.3828125000000001 0.5321875 0.2380729171875001 0.5321875 0.2380729171875001 0.559375 0.3828125000000001 0.559375
23 0.3046875000000001 0.46875 0.2765625000000001 0.46875 0.2765625000000001 0.6109375 0.3046875000000001 0.6109375
23 0.2796875000000001 0.4644791671875 0.2506770828125001 0.4644791671875 0.2506770828125001 0.6046875 0.2796875000000001 0.6046875
23 0.30937500000000007 0.515729165625 0.17390625000000004 0.515729165625 0.17390625000000004 0.5421875 0.30937500000000007 0.5421875
23 0.28593750000000007 0.511666665625 0.15046875000000004 0.511666665625 0.15046875000000004 0.5359375 0.28593750000000007 0.5359375
23 0.2140625000000001 0.4533333328125 0.18942708281250004 0.4533333328125 0.18942708281250006 0.5841666671875 0.2140625000000001 0.5841666671875
23 0.2453125000000001 0.50078125 0.11531249843750005 0.50078125 0.11531249843750005 0.5265625 0.2453125000000001 0.5265625
23 0.2250000000000001 0.497552084375 0.09729166718750007 0.497552084375 0.09729166718750007 0.5203125 0.2250000000000001 0.5203125
23 0.15625000000000006 0.44156250156250004 0.13125000000000003 0.44156250156250004 0.13125000000000006 0.565625 0.15625000000000008 0.565625
23 0.13593750000000007 0.440364584375 0.11406250000000004 0.440364584375 0.11406250000000007 0.559375 0.1359375000000001 0.559375
23 0.16718750000000004 0.48411458281249997 0.046354165625000054 0.48411458281249997 0.04635416562500006 0.50625 0.16718750000000004 0.50625
23 0.09807291562500006 0.4330208328125 0.07223958281250006 0.4330208328125 0.07223958281250006 0.5513541671875 0.09807291562500006 0.5513541671875
23 0.07968750000000005 0.42833333281249997 0.05703125000000005 0.42833333281249997 0.057031250000000054 0.5466666671875 0.07968750000000006 0.5466666671875
23 0.8765625 0.8424479171874999 0.7441145828125002 0.8424479171874999 0.7441145828125002 0.8966145828125001 0.8765625 0.8966145828125001
23 0.8359375 0.8390625 0.6890625000000001 0.8390625 0.6890625000000001 0.8859375 0.8359375 0.8859375
23 0.7359375000000001 0.773541665625 0.6937500000000002 0.773541665625 0.6937500000000002 0.93125 0.7359375000000001 0.93125
23 0.7562500000000002 0.8265625 0.5847916671875002 0.8265625 0.5847916671875002 0.8671875 0.7562500000000002 0.8671875
23 0.7203125000000001 0.8143229171874999 0.5468750000000002 0.8143229171874999 0.5468750000000002 0.859375 0.7203125000000001 0.859375
23 0.6734375000000001 0.8016666671875001 0.5027083328125002 0.8016666671875001 0.5027083328125002 0.8421875 0.6734375000000001 0.8421875
23 0.5718750000000001 0.7219791671875 0.532708334375 0.7219791671875 0.5327083343750001 0.8921875 0.5718750000000001 0.8921875
23 0.6030208328125002 0.7736458328125 0.4313541671875002 0.7736458328125 0.4313541671875002 0.8109375 0.6030208328125002 0.8109375
23 0.5000000000000001 0.698385415625 0.46364583281250005 0.698385415625 0.4636458328125001 0.8609375 0.5000000000000002 0.8609375
23 0.5250000000000001 0.75 0.3743229171875001 0.75 0.3743229171875001 0.780833334375 0.5250000000000001 0.780833334375
23 0.4328125000000001 0.6817708328125 0.4078125 0.6817708328125 0.4078125000000001 0.8265625 0.43281250000000016 0.8265625
23 0.40776041718749995 0.6688020828125001 0.3719270843750001 0.6688020828125001 0.3719270843750001 0.815625 0.40776041718750006 0.815625
23 0.4296875000000001 0.71875 0.2844791671875001 0.71875 0.2844791671875001 0.746770834375 0.42968750000000017 0.746770834375
23 0.3984375000000001 0.709375 0.2584375000000001 0.709375 0.2584375000000001 0.7373958328125 0.3984375000000001 0.7373958328125
23 0.3156250000000001 0.6412500015625 0.2877083328125001 0.6412500015625 0.2877083328125001 0.78125 0.3156250000000001 0.78125
23 0.2875000000000001 0.635260415625 0.2621354156250001 0.635260415625 0.2621354156250001 0.7734375 0.2875000000000001 0.7734375
23 0.2640625000000001 0.6288020828125 0.2389062500000001 0.6288020828125 0.2389062500000001 0.7609375 0.2640625000000001 0.7609375
23 0.2453125000000001 0.6205208328125 0.2186458328125001 0.6205208328125 0.2186458328125001 0.75 0.2453125000000001 0.75
23 0.2734375000000001 0.6643229171875 0.1458854171875001 0.6643229171875 0.1458854171875001 0.6875 0.2734375000000001 0.6875
23 0.2015625000000001 0.6046875 0.17770833437500008 0.6046875 0.17770833437500008 0.7328125 0.2015625000000001 0.7328125
23 0.1828125000000001 0.6002604171875 0.1627604156250001 0.6002604171875 0.1627604156250001 0.7203125 0.1828125000000001 0.7203125
23 0.2140625000000001 0.6434375 0.09401041718750008 0.6434375 0.09401041718750008 0.6640625 0.2140625000000001 0.6640625
23 0.1921875000000001 0.6385416671875 0.0750000000000001 0.6385416671875 0.0750000000000001 0.65625 0.1921875000000001 0.65625
23 0.12494791718750009 0.5814583328125 0.10161458281250009 0.5814583328125 0.10161458281250009 0.6997916671875 0.12494791718750009 0.6997916671875
23 0.1515625000000001 0.62296875 0.03770833281250008 0.62296875 0.03770833281250008 0.6453125 0.1515625000000001 0.6453125
23 0.13437500000000008 0.6174999984375 0.016354167187500077 0.6174999984375 0.016354167187500077 0.6390625 0.13437500000000008 0.6390625
23 0.4156250000000002 0.8725520843749999 0.32369791562500005 0.8725520843749999 0.32369791562500005 0.9015625 0.4156250000000002 0.9015625
23 0.3531250000000001 0.8266145843749999 0.3251041656250001 0.8266145843749999 0.3251041656250001 0.9328125 0.3531250000000001 0.9328125
23 0.3703125000000001 0.8632291656250001 0.2563020828125001 0.8632291656250001 0.2563020828125001 0.8875 0.3703125000000001 0.8875
23 0.3515625000000001 0.8575520828125001 0.22375000000000006 0.8575520828125001 0.22375000000000006 0.8796875 0.3515625000000001 0.8796875
23 0.2749479171875001 0.79375 0.2516145828125001 0.79375 0.2516145828125001 0.9234375 0.2749479171875001 0.9234375
23 0.3046875000000001 0.8355729171874999 0.1781249984375001 0.8355729171874999 0.1781249984375001 0.8578125 0.3046875000000001 0.8578125
23 0.27963541718750007 0.8196354156250001 0.1563020843750001 0.8196354156250001 0.1563020843750001 0.8421875 0.27963541718750007 0.8421875
23 0.9578125 0.058281250000000104 0.90625 0.058281250000000104 0.90625 0.2682812500000001 0.9578125 0.2682812500000001
23 0.9078125 0.0718750000000001 0.8571354171875001 0.0718750000000001 0.8571354171875001 0.2531250000000001 0.9078125 0.2531250000000001
23 0.819895834375 0.02848958281250009 0.7582291671875 0.028489582812500087 0.7582291671875 0.2531250000000001 0.819895834375 0.2531250000000001
23 0.8421875 0.11916666718750009 0.6328125 0.11916666718750009 0.6328125 0.1703125000000001 0.8421875 0.1703125000000001
23 0.7133333328125 0.04630208437500009 0.6616666671875 0.04630208437500008 0.6616666671875 0.2531250000000001 0.7133333328125 0.2531250000000001
23 0.6671875 0.05515625000000007 0.6203645843750001 0.05515625000000006 0.6203645843750001 0.2515625000000001 0.6671875 0.2515625000000001
23 0.6953125 0.13338541718750008 0.502135415625 0.13338541718750005 0.502135415625 0.18125000000000008 0.6953125 0.18125000000000008
23 0.578125 0.06453125000000007 0.537604165625 0.06453125000000007 0.537604165625 0.2562500000000001 0.578125 0.2562500000000001
23 0.5416666671875 0.06546875000000006 0.49583333281249997 0.06546875000000006 0.49583333281249997 0.2562500000000001 0.5416666671875 0.2562500000000001
23 0.571875 0.14625000000000005 0.390625 0.14625000000000005 0.390625 0.18906250000000008 0.571875 0.18906250000000008
23 0.4684375 0.08166666718750006 0.435104165625 0.08166666718750004 0.435104165625 0.2558333328125001 0.4684375 0.2558333328125001
23 0.4359375 0.08812499843750005 0.4038020828125 0.08812499843750005 0.4038020828125 0.2531250000000001 0.4359375 0.2531250000000001
23 0.46875 0.15526041562500004 0.301354165625 0.15526041562500004 0.301354165625 0.19062500000000004 0.46875 0.19062500000000004
23 0.4375 0.16072916718750005 0.2703125 0.16072916718750005 0.2703125 0.19062500000000004 0.4375 0.19062500000000004
23 0.40427083281250004 0.15958333281250003 0.2453125 0.15958333281250003 0.2453125 0.19218750000000004 0.40427083281250004 0.19218750000000004
23 0.375 0.16453125000000005 0.22223958437500002 0.16453125000000005 0.22223958437500002 0.19218750000000004 0.375 0.19218750000000004
23 0.3515625 0.16328125000000004 0.20015624999999998 0.16328125000000004 0.20015624999999998 0.19161458281250004 0.3515625 0.19161458281250004
23 0.26875 0.10630208281250005 0.2392708328125 0.10630208281250005 0.2392708328125 0.25463541562500003 0.26875 0.25463541562500003
23 0.2421875 0.11218750000000004 0.2122916671875 0.11218750000000004 0.2122916671875 0.2546875 0.2421875 0.2546875
23 0.220052084375 0.11656250156250006 0.19421875 0.11656250156250006 0.19421875000000002 0.253125 0.220052084375 0.253125
23 0.198072915625 0.12036458281250002 0.172239584375 0.1203645828125 0.17223958437500003 0.2546875 0.19807291562500004 0.2546875
23 0.17807291562500002 0.121875 0.1547395828125 0.121875 0.15473958281250003 0.2546875 0.17807291562500005 0.2546875
23 0.15307291562500003 0.121875 0.1297395828125 0.121875 0.12973958281250003 0.2546875 0.15307291562500006 0.2546875
23 0.13593750000000002 0.1286458328125 0.1140625 0.1286458328125 0.11406250000000002 0.25625 0.13593750000000004 0.25625
23 0.12151041718750002 0.1284895828125 0.09567708281250002 0.1284895828125 0.09567708281250002 0.253125 0.12151041718750004 0.253125
23 0.1030729171875 0.1313020828125 0.07973958437500002 0.13130208251689188 0.07973958281250002 0.254635415625 0.10307291562500001 0.25463541592060807
23 0.13125000000000003 0.18125 0.008697917187500022 0.18125 0.008697917187500024 0.20453125 0.13125000000000003 0.20453125
23 0.11541666718750006 0.1825520828125 2.2356182389401065e-17 0.1825520828125 2.3711585779724225e-17 0.2046875 0.11541666718750006 0.2046875
23 0.934375 0.3084375000000001 0.88125 0.3084375000000001 0.88125 0.5000000000000002 0.934375 0.5000000000000002
23 0.878125 0.3082291656250001 0.8256249999999999 0.3082291656250001 0.8256249999999999 0.5000000000000002 0.878125 0.5000000000000002
23 0.8901562500000001 0.37927083281250007 0.68015625 0.37927083281250007 0.68015625 0.4375000000000001 0.8901562500000001 0.43750000000000017
23 0.7546875 0.2979166656250001 0.7023958343750001 0.2979166656250001 0.7023958343750001 0.5000000000000001 0.7546875 0.5000000000000002
23 0.7828125 0.3734375000000001 0.5808333328125 0.3734375000000001 0.5808333328125 0.42494791562500006 0.7828125 0.4249479156250001
23 0.6609375 0.30187500000000006 0.6140625 0.30187500000000006 0.6140625 0.490625 0.6609375 0.490625
23 0.6875 0.3710416671875001 0.5044791671875 0.3710416671875001 0.5044791671875 0.4140625 0.6875 0.4140625
23 0.5765625 0.3000000000000001 0.5359375 0.3000000000000001 0.5359375 0.48125 0.5765625 0.48125
23 0.5390625 0.2983854171875001 0.5019270828125 0.2983854171875001 0.5019270828125 0.4734375 0.5390625 0.4734375
23 0.56875 0.3664062500000001 0.4010416671875 0.3664062500000001 0.4010416671875 0.4015625 0.56875 0.4015625
23 0.5328125 0.3679166656250001 0.36510416718750005 0.3679166656250001 0.36510416718750005 0.3984375000000001 0.5328125 0.3984375000000001
23 0.4921875 0.35703125 0.3422395828125 0.35703125 0.34223958281250005 0.38593750000000004 0.4921875 0.3859375000000001
23 0.4609375 0.35572916718750003 0.3106770828125 0.3557291671875 0.31067708281250006 0.38593750000000004 0.4609375 0.3859375000000001
23 0.4296875 0.35406249843750004 0.28453125 0.3540624984375 0.28453125 0.38125000000000003 0.4296875 0.3812500000000001
23 0.34375000000000006 0.294739584375 0.3140625 0.294739584375 0.3140625 0.4453125 0.3437500000000001 0.4453125
23 0.37500000000000006 0.35817708437500007 0.22713541718750002 0.358177084375 0.22713541718750005 0.37968750000000007 0.3750000000000001 0.37968750000000007
23 0.35156250000000006 0.3530729171875 0.2040104171875 0.3530729171875 0.20401041718750004 0.378125 0.3515625000000001 0.378125
23 0.27005208437500006 0.2921875 0.2442187515625 0.2921875 0.24421875156250006 0.434375 0.2700520843750001 0.434375
23 0.24687500000000004 0.29375 0.220208334375 0.29375 0.22020833437500004 0.43125 0.2468750000000001 0.43125
23 0.22494791718750004 0.2922395828125 0.2016145828125 0.2922395828125 0.20161458281250005 0.4265625 0.2249479171875001 0.4265625
23 0.20468750000000005 0.289635415625 0.17687500000000006 0.289635415625 0.17687500000000006 0.421875 0.20468750000000008 0.421875
23 0.23750000000000004 0.3427604171875 0.10807291718750005 0.3427604171875 0.10807291718750005 0.3640625 0.2375000000000001 0.3640625
23 0.16250000000000003 0.28718750000000004 0.13932291562500004 0.28718750000000004 0.13932291562500004 0.4171875 0.16250000000000003 0.4171875
23 0.14531250000000004 0.286614584375 0.12348958281250004 0.286614584375 0.12348958281250004 0.414947915625 0.14531250000000004 0.414947915625
23 0.12500000000000006 0.2870312515625 0.10171875000000004 0.2870312515625 0.10171875000000004 0.4125 0.12500000000000006 0.4125
23 0.4109375 0.5413541656249999 0.26593750000000005 0.5413541656249999 0.26593750000000005 0.565625 0.4109375 0.565625
23 0.37968750000000007 0.49375 0.3509895828125001 0.49375 0.3509895828125001 0.6359375 0.37968750000000007 0.6359375
23 0.4109375 0.49369791718749995 0.3812500000000001 0.49369791718749995 0.3812500000000001 0.64375 0.4109375 0.64375
23 0.440625 0.4918229171875 0.4111458328125 0.4918229171875 0.4111458328125 0.6515625 0.440625 0.6515625
23 0.47494791718749996 0.49838541562499994 0.43911458437500006 0.49838541562499994 0.43911458437500006 0.6609375 0.47494791718749996 0.6609375
23 0.5734375 0.569427084375 0.4062499984375 0.569427084375 0.4062499984375 0.6046875 0.5734375 0.6046875
23 0.540625 0.5066666671875 0.5063020828125 0.5066666671875 0.5063020828125 0.6808333328125 0.540625 0.6808333328125