23 0.45234375 0.521875 0.4140625 0.521875 0.4140625 0.68984375 0.45234375 0.68984375
23 0.41328125 0.53125 0.3750000000000001 0.53125 0.3750000000000001 0.7015625 0.41328125 0.7015625
23 0.37578125000000007 0.534375 0.3375000000000001 0.534375 0.3375000000000001 0.7078125 0.37578125000000007 0.7078125
23 0.88125 0.30937500000000007 0.859375 0.30937500000000007 0.859375 0.42500000000000016 0.88125 0.42500000000000016
23 0.3382812500000001 0.54375 0.2953125000000001 0.54375 0.2953125000000001 0.71953125 0.3382812500000001 0.71953125
23 0.2953125000000001 0.5515625 0.2468750000000001 0.5515625 0.2468750000000001 0.74140625 0.2953125000000001 0.74140625
23 0.25078125000000007 0.559375 0.2000000000000001 0.559375 0.2000000000000001 0.75390625 0.25078125000000007 0.75390625
23 0.20468750000000008 0.5625 0.1468750000000001 0.5625 0.1468750000000001 0.76171875 0.20468750000000008 0.76171875
23 0.8984375 0.3078125000000001 0.8765625 0.3078125000000001 0.8765625 0.4234375000000002 0.8984375 0.4234375000000002
23 0.8984375 0.7015625000000002 0.8765625 0.7015625000000002 0.8765625 0.80703125 0.8984375 0.80703125
23 0.88359375 0.7093750000000002 0.8640625 0.7093750000000002 0.8640625 0.81484375 0.88359375 0.81484375
23 0.86640625 0.7171875000000002 0.8421875 0.7171875000000002 0.8421875 0.828125 0.86640625 0.828125
23 0.84375 0.7296875000000002 0.821875 0.7296875000000002 0.821875 0.83515625 0.84375 0.83515625
23 0.8265625 0.7343750000000002 0.8046875 0.7343750000000002 0.8046875 0.8453125 0.8265625 0.8453125
23 0.80625 0.7437500000000001 0.7890625000000002 0.7437500000000001 0.7890625000000002 0.8546875 0.80625 0.8546875
23 0.7875000000000002 0.7531250000000002 0.7656250000000002 0.7531250000000002 0.7656250000000002 0.86875 0.7875000000000002 0.86875
23 0.68125 0.484375 0.6546875 0.484375 0.6546875 0.62109375 0.68125 0.62109375
23 0.7 0.4796875 0.6734375 0.4796875 0.6734375 0.6140625 0.7 0.6140625
23 0.72421875 0.4765625 0.6953125 0.4765625 0.6953125 0.60859375 0.72421875 0.60859375
23 0.7453125 0.47343750000000007 0.71875 0.4734375 0.71875 0.60078125 0.7453125 0.6007812500000002
23 0.76640625 0.46875000000000017 0.7421875 0.46875000000000017 0.7421875 0.5960937500000002 0.76640625 0.5960937500000002
23 0.78203125 0.4656250000000002 0.7578125 0.4656250000000002 0.7578125 0.5882812500000002 0.78203125 0.5882812500000002
23 0.80234375 0.46093750000000017 0.778125 0.46093750000000017 0.778125 0.5835937500000001 0.80234375 0.5835937500000001
23 0.81875 0.4578125000000002 0.796875 0.4578125000000002 0.796875 0.5781250000000002 0.81875 0.5781250000000002
23 0.83671875 0.4546875000000002 0.8125 0.4546875000000002 0.8125 0.5726562500000002 0.83671875 0.5726562500000002
23 0.853125 0.45312500000000017 0.83125 0.45312500000000017 0.83125 0.5664062500000002 0.853125 0.5664062500000002
23 0.8703125 0.44843750000000016 0.8484375 0.44843750000000016 0.8484375 0.5617187500000002 0.8703125 0.5617187500000002
23 0.89140625 0.4468750000000002 0.8671875 0.4468750000000002 0.8671875 0.5578125000000002 0.89140625 0.5578125000000002
23 0.90625 0.4421875000000002 0.884375 0.4421875000000002 0.884375 0.5531250000000002 0.90625 0.5531250000000002
23 0.22421875000000008 0.79375 0.17343750000000008 0.79375 0.1734375000000001 0.91875 0.22421875000000008 0.91875
23 0.2671875000000001 0.7796875 0.2218750000000001 0.7796875 0.2218750000000001 0.91875 0.2671875000000001 0.91875
23 0.30937500000000007 0.765625 0.2687500000000001 0.765625 0.2687500000000001 0.91484375 0.30937500000000007 0.91484375
23 0.3492187500000001 0.7546875 0.3109375000000001 0.7546875 0.3109375000000001 0.915625 0.3492187500000001 0.915625
23 0.3867187500000001 0.74375 0.3437500000000001 0.74375 0.3437500000000001 0.90703125 0.3867187500000001 0.90703125
23 0.4273437500000002 0.73125 0.3890625000000001 0.73125 0.3890625000000001 0.8921875 0.4273437500000002 0.8921875
23 0.4601562500000001 0.7171875 0.421875 0.7171875 0.4218750000000001 0.878125 0.46015625000000016 0.878125
23 0.4921875000000001 0.703125 0.45625 0.703125 0.4562500000000001 0.8640625 0.49218750000000017 0.8640625
23 0.5250000000000001 0.6953125 0.4890625 0.6953125 0.48906250000000007 0.84921875 0.5250000000000001 0.84921875
23 0.5523437500000001 0.6875 0.5234375 0.6875 0.5234375000000001 0.8296875 0.5523437500000001 0.8296875
23 0.57734375 0.6796875 0.553125 0.6796875 0.5531250000000001 0.81640625 0.5773437500000002 0.81640625
23 0.6101562500000001 0.6671875 0.5765625 0.6671875 0.5765625000000001 0.80625 0.6101562500000002 0.80625
23 0.6375000000000001 0.659375 0.6109375 0.659375 0.6109375000000001 0.79609375 0.6375000000000002 0.79609375
23 0.6640625000000001 0.653125 0.6375 0.653125 0.6375000000000001 0.78515625 0.6640625000000002 0.78515625
23 0.6890625000000001 0.6421875 0.6625 0.6421875 0.6625000000000001 0.77421875 0.6890625000000001 0.77421875
23 0.7132812500000001 0.6359375 0.6890625 0.6359375 0.6890625000000001 0.765625 0.7132812500000002 0.765625
23 0.7351562500000001 0.6296875000000001 0.7109375 0.6296875 0.7109375000000001 0.7546875000000001 0.7351562500000002 0.7546875000000002
23 0.7546875000000001 0.6218750000000002 0.728125 0.6218750000000002 0.7281250000000001 0.7445312500000002 0.7546875000000002 0.7445312500000002
23 0.7734375000000001 0.6140625000000002 0.7515625 0.6140625000000002 0.7515625000000001 0.7343750000000002 0.7734375000000002 0.7343750000000002
23 0.7929687500000001 0.6078125000000002 0.76875 0.6078125000000002 0.76875 0.7281250000000001 0.7929687500000002 0.7281250000000001
23 0.80703125 0.6031250000000001 0.7875 0.6031250000000001 0.7875 0.7164062500000001 0.80703125 0.7164062500000001
23 0.82421875 0.5968750000000002 0.8046875 0.5968750000000002 0.8046875 0.7101562500000002 0.82421875 0.7101562500000002
23 0.8421875 0.5921875000000002 0.825 0.5921875000000002 0.825 0.7031250000000002 0.8421875 0.7031250000000002
23 0.8640625 0.5859375000000002 0.8421875 0.5859375000000002 0.8421875 0.6968750000000001 0.8640625 0.6968750000000001
23 0.88125 0.5812500000000002 0.859375 0.5812500000000002 0.859375 0.6890625000000001 0.88125 0.6890625000000001
23 0.9 0.5750000000000002 0.878125 0.5750000000000002 0.878125 0.6859375000000002 0.9 0.6859375000000002
23 0.6273437500000002 0.8296875 0.5984375000000002 0.8296875 0.5984375000000002 0.91640625 0.6273437500000002 0.91640625
23 0.6546875000000002 0.815625 0.6281250000000002 0.815625 0.6281250000000002 0.91640625 0.6546875000000002 0.91640625
23 0.6773437500000001 0.8078125 0.6531250000000002 0.8078125 0.6531250000000002 0.915625 0.6773437500000001 0.915625
23 0.7000000000000002 0.7953125 0.6781250000000002 0.7953125 0.6781250000000002 0.915625 0.7000000000000002 0.915625
23 0.7234375000000002 0.784375 0.7015625000000002 0.784375 0.7015625000000002 0.90703125 0.7234375000000002 0.90703125
23 0.7437500000000001 0.7750000000000001 0.7218750000000002 0.775 0.7218750000000002 0.8953125 0.7437500000000001 0.8953125
23 0.7656250000000002 0.7625000000000002 0.7437500000000001 0.7625000000000002 0.7437500000000001 0.878125 0.7656250000000002 0.878125
23 0.10937500000000003 0.09531250000000001 0.06093750000000002 0.0953125 0.06093750000000003 0.2921875 0.10937500000000004 0.2921875
23 0.15625000000000003 0.1078125 0.1078125 0.1078125 0.10781250000000002 0.278125 0.15625000000000006 0.278125
23 0.2484375 0.06718750000000002 0.190625 0.06718750000000002 0.19062500000000002 0.27890625 0.2484375 0.27890625
23 0.2921875 0.07812500000000003 0.24375 0.07812500000000003 0.24375 0.275 0.2921875 0.275
23 0.3390625 0.08437500000000005 0.290625 0.08437500000000005 0.290625 0.27890625 0.3390625 0.27890625
23 0.378125 0.09218750000000005 0.3328125 0.09218750000000005 0.3328125 0.27734375000000006 0.378125 0.2773437500000001
23 0.4203125 0.09687500000000004 0.375 0.09687500000000004 0.375 0.2796875000000001 0.4203125 0.2796875000000001
23 0.45546875 0.10156250000000004 0.4171875 0.10156250000000004 0.4171875 0.28203125000000007 0.45546875 0.28203125000000007
23 0.49453125 0.10156250000000004 0.4515625 0.10156250000000004 0.4515625 0.28203125000000007 0.49453125 0.28203125000000007
23 0.528125 0.11250000000000004 0.4875 0.11250000000000004 0.4875 0.2828125000000001 0.528125 0.2828125000000001
23 0.5515625 0.11718750000000007 0.5203125 0.11718750000000004 0.5203125 0.2804687500000001 0.5515625 0.2804687500000001
23 0.58125 0.12343750000000009 0.55 0.12343750000000009 0.55 0.2796875000000001 0.58125 0.2796875000000001
23 0.61484375 0.12343750000000009 0.58125 0.12343750000000009 0.58125 0.28203125000000007 0.61484375 0.28203125000000007
23 0.64140625 0.12656250000000008 0.6125 0.12656250000000008 0.6125 0.2851562500000001 0.64140625 0.2851562500000001
23 0.6703125 0.1312500000000001 0.6390625 0.1312500000000001 0.6390625 0.2804687500000001 0.6703125 0.2804687500000001
23 0.6921875 0.1359375000000001 0.665625 0.1359375000000001 0.665625 0.2804687500000001 0.6921875 0.2804687500000001
23 0.7140625 0.1359375000000001 0.6875 0.1359375000000001 0.6875 0.27812500000000007 0.7140625 0.27812500000000007
23 0.73515625 0.14062500000000008 0.70625 0.14062500000000008 0.70625 0.2796875000000001 0.73515625 0.2796875000000001
23 0.76015625 0.1453125000000001 0.73125 0.1453125000000001 0.73125 0.2796875000000001 0.76015625 0.2796875000000001
23 0.77734375 0.15000000000000008 0.753125 0.15000000000000008 0.753125 0.2796875000000001 0.77734375 0.2796875000000001
23 0.79765625 0.1531250000000001 0.7734375 0.1531250000000001 0.7734375 0.2804687500000001 0.79765625 0.2804687500000001
23 0.8140625 0.1546875000000001 0.7921875 0.1546875000000001 0.7921875 0.2796875000000001 0.8140625 0.2796875000000001
23 0.8375 0.1546875000000001 0.815625 0.1546875000000001 0.815625 0.2796875000000001 0.8375 0.2796875000000001
23 0.853125 0.1609375000000001 0.83125 0.1609375000000001 0.83125 0.2812500000000001 0.853125 0.2812500000000001
23 0.86953125 0.1609375000000001 0.8453125 0.1609375000000001 0.8453125 0.2789062500000001 0.86953125 0.2789062500000001
23 0.884375 0.16406250000000008 0.8625 0.16406250000000008 0.8625 0.2796875000000001 0.884375 0.2796875000000001
23 0.9046875 0.16406250000000008 0.8828125 0.16406250000000008 0.8828125 0.2796875000000001 0.9046875 0.2796875000000001
23 0.91875 0.1656250000000001 0.896875 0.16562500000000008 0.896875 0.2789062500000001 0.91875 0.2789062500000001
23 0.13359375000000004 0.3296875 0.08281250000000004 0.3296875 0.08281250000000005 0.51015625 0.13359375000000004 0.51015625
23 0.18515625000000005 0.3296875 0.13437500000000005 0.3296875 0.13437500000000005 0.51015625 0.18515625000000005 0.51015625
23 0.25078125000000007 0.325 0.19531250000000006 0.325 0.19531250000000006 0.521875 0.25078125000000007 0.521875
23 0.30078125000000006 0.3203125 0.25 0.3203125 0.25000000000000006 0.51015625 0.3007812500000001 0.51015625
23 0.34375000000000006 0.3203125 0.2953125 0.3203125 0.29531250000000003 0.51015625 0.3437500000000001 0.51015625
23 0.384375 0.32343750000000004 0.3390625 0.3234375 0.33906250000000004 0.5015625 0.3843750000000001 0.5015625
23 0.4203125 0.3218750000000001 0.3796875 0.3218750000000001 0.37968750000000007 0.4953125 0.4203125 0.4953125
23 0.45703125 0.3218750000000001 0.41875 0.3218750000000001 0.41875 0.4921875 0.45703125 0.4921875
23 0.4890625 0.3203125000000001 0.453125 0.3203125000000001 0.453125 0.4859375 0.4890625 0.4859375
23 0.52109375 0.3218750000000001 0.4875 0.3218750000000001 0.4875 0.48046875 0.52109375 0.48046875
23 0.55234375 0.3203125000000001 0.5234375 0.3203125000000001 0.5234375 0.47890625 0.55234375 0.47890625
23 0.58203125 0.3187500000000001 0.553125 0.3187500000000001 0.553125 0.4609375 0.58203125 0.4609375
23 0.61171875 0.31718750000000007 0.5828125 0.31718750000000007 0.5828125 0.459375 0.61171875 0.459375
23 0.6375 0.31718750000000007 0.6109375 0.31718750000000007 0.6109375 0.45390625 0.6375 0.45390625
23 0.66484375 0.31718750000000007 0.6359375 0.31718750000000007 0.6359375 0.459375 0.66484375 0.459375
23 0.6875 0.31718750000000007 0.665625 0.31718750000000007 0.665625 0.45625 0.6875 0.45625
23 0.71015625 0.3140625000000001 0.6859375 0.3140625000000001 0.6859375 0.453125 0.71015625 0.453125
23 0.73046875 0.3140625000000001 0.70625 0.3140625000000001 0.70625 0.4484375000000001 0.73046875 0.44843750000000016
23 0.753125 0.3156250000000001 0.7265625 0.3156250000000001 0.7265625 0.44531250000000017 0.753125 0.44531250000000017
23 0.7703125 0.3140625000000001 0.7484375 0.3140625000000001 0.7484375 0.44140625000000017 0.7703125 0.44140625000000017
23 0.79375 0.3125000000000001 0.7671875 0.3125000000000001 0.7671875 0.43750000000000017 0.79375 0.43750000000000017
23 0.8078125 0.3109375000000001 0.7859375 0.3109375000000001 0.7859375 0.43359375000000017 0.8078125 0.43359375000000017
23 0.828125 0.30937500000000007 0.80625 0.30937500000000007 0.80625 0.4320312500000002 0.828125 0.4320312500000002
23 0.84375 0.30937500000000007 0.821875 0.30937500000000007 0.821875 0.42968750000000017 0.84375 0.42968750000000017
23 0.8640625 0.30937500000000007 0.8421875 0.30937500000000007 0.8421875 0.4273437500000002 0.8640625 0.4273437500000002
23 0.65390625 0.4921875 0.6296875 0.4921875 0.6296875 0.62890625 0.65390625 0.62890625
23 0.63046875 0.503125 0.6015625 0.503125 0.6015625 0.6375 0.63046875 0.6375
23 0.60234375 0.503125 0.5734375 0.503125 0.5734375 0.6453125 0.60234375 0.6453125
23 0.57421875 0.5015625 0.5453125 0.5015625 0.5453125 0.653125 0.57421875 0.653125
23 0.54765625 0.5078125 0.5140625 0.5078125 0.5140625 0.66171875 0.54765625 0.66171875
23 0.51640625 0.5125 0.4828125 0.5125 0.4828125 0.67109375 0.51640625 0.67109375
23 0.48515625 0.515625 0.4515625 0.515625 0.4515625 0.67890625 0.48515625 0.67890625