23 0.4515625 0.521484375 0.413671875 0.521484375 0.413671875 0.6890625 0.4515625 0.6890625
23 0.478125 0.596875 0.3089843750000001 0.596875 0.3089843750000001 0.634375 0.478125 0.634375
23 0.4421875 0.6015625 0.2699218750000001 0.6015625 0.2699218750000001 0.6390625 0.4421875 0.6390625
23 0.88125 0.30937500000000007 0.859375 0.30937500000000007 0.859375 0.42500000000000016 0.88125 0.42500000000000016
23 0.3375000000000001 0.544140625 0.29570312500000007 0.544140625 0.29570312500000007 0.71875 0.3375000000000001 0.71875
23 0.2953125000000001 0.551953125 0.2468750000000001 0.551953125 0.2468750000000001 0.740625 0.2953125000000001 0.740625
23 0.2500000000000001 0.559375 0.2000000000000001 0.559375 0.2000000000000001 0.753125 0.2500000000000001 0.753125
23 0.2750000000000001 0.633203125 0.07578125000000006 0.633203125 0.07578125000000008 0.690625 0.2750000000000001 0.690625
23 0.8984375 0.3078125000000001 0.8765625 0.3078125000000001 0.8765625 0.4234375000000002 0.8984375 0.4234375000000002
23 0.9390625 0.7433593750000002 0.83515625 0.7433593750000002 0.83515625 0.7640625000000002 0.9390625 0.7640625000000002
23 0.9265625 0.7519531250000002 0.821484375 0.7519531250000002 0.821484375 0.7714843750000002 0.9265625 0.7714843750000002
23 0.909375 0.7609375000000002 0.7988281250000002 0.7609375000000002 0.7988281250000002 0.7843750000000002 0.909375 0.7843750000000002
23 0.84375 0.7300781250000001 0.821875 0.7300781250000001 0.821875 0.834375 0.84375 0.834375
23 0.8703125 0.7789062500000001 0.7601562500000002 0.7789062500000001 0.7601562500000002 0.8 0.8703125 0.8
23 0.853125 0.7906250000000001 0.7421875000000002 0.7906250000000001 0.7421875000000002 0.8078125 0.853125 0.8078125
23 0.7875000000000002 0.7531250000000002 0.7656250000000002 0.7531250000000002 0.7656250000000002 0.86875 0.7875000000000002 0.86875
23 0.7359375 0.5394531250000001 0.59921875 0.539453125 0.59921875 0.565625 0.7359375 0.5656250000000002
23 0.7 0.4796875 0.6734375 0.4796875 0.6734375 0.6140625 0.7 0.6140625
23 0.7234375 0.476171875 0.694921875 0.476171875 0.694921875 0.6078125 0.7234375 0.6078125
23 0.7953125 0.5238281250000001 0.66875 0.523828125 0.66875 0.55 0.7953125 0.5500000000000002
23 0.8171875 0.5203125000000001 0.690234375 0.5203125 0.690234375 0.5437500000000001 0.8171875 0.5437500000000002
23 0.8296875 0.5144531250000001 0.708984375 0.514453125 0.708984375 0.5375000000000001 0.8296875 0.5375000000000002
23 0.8015625 0.4613281250000002 0.778515625 0.4613281250000002 0.778515625 0.5828125000000002 0.8015625 0.5828125000000002
23 0.8671875 0.5070312500000002 0.74765625 0.5070312500000002 0.74765625 0.5281250000000002 0.8671875 0.5281250000000002
23 0.8828125 0.5019531250000002 0.766015625 0.5019531250000002 0.766015625 0.5250000000000001 0.8828125 0.5250000000000001
23 0.8984375 0.4988281250000002 0.7859375 0.4988281250000002 0.7859375 0.5203125000000002 0.8984375 0.5203125000000002
23 0.915625 0.49414062500000017 0.803125 0.49414062500000017 0.803125 0.5156250000000002 0.915625 0.5156250000000002
23 0.934375 0.4906250000000002 0.823828125 0.4906250000000002 0.823828125 0.5140625000000002 0.934375 0.5140625000000002
23 0.95 0.4867187500000002 0.83984375 0.4867187500000002 0.83984375 0.5078125000000002 0.95 0.5078125000000002
23 0.2609375000000001 0.83046875 0.13632812500000008 0.83046875 0.13632812500000008 0.88125 0.2609375000000001 0.88125
23 0.3140625000000001 0.8265625 0.1750000000000001 0.8265625 0.1750000000000001 0.871875 0.3140625000000001 0.871875
23 0.30937500000000007 0.766015625 0.2687500000000001 0.766015625 0.2687500000000001 0.9140625 0.30937500000000007 0.9140625
23 0.40937500000000016 0.81640625 0.24960937500000008 0.81640625 0.24960937500000008 0.8546875 0.40937500000000016 0.8546875
23 0.3859375000000001 0.74375 0.3441406250000001 0.74375 0.3441406250000001 0.90625 0.3859375000000001 0.90625
23 0.4265625000000002 0.73125 0.38945312500000007 0.73125 0.38945312500000007 0.8921875 0.4265625000000002 0.8921875
23 0.4593750000000001 0.7171875 0.422265625 0.7171875 0.4222656250000001 0.878125 0.4593750000000002 0.878125
23 0.4921875000000001 0.703125 0.45625 0.703125 0.4562500000000001 0.8640625 0.49218750000000017 0.8640625
23 0.5843750000000002 0.754296875 0.4304687500000002 0.754296875 0.4304687500000002 0.7890625 0.5843750000000002 0.7890625
23 0.6078125000000002 0.74375 0.46679687500000017 0.74375 0.46679687500000017 0.77265625 0.6078125000000002 0.77265625
23 0.5765625000000001 0.680078125 0.552734375 0.680078125 0.5527343750000001 0.815625 0.5765625000000002 0.815625
23 0.6625000000000001 0.7203125 0.523828125 0.7203125 0.5238281250000001 0.753125 0.6625000000000002 0.753125
23 0.6921875000000001 0.714453125 0.55625 0.714453125 0.5562500000000001 0.740625 0.6921875000000002 0.740625
23 0.7156250000000001 0.705859375 0.58515625 0.705859375 0.58515625 0.73125 0.7156250000000002 0.73125
23 0.7421875 0.6949218750000001 0.61015625 0.694921875 0.61015625 0.7203125000000001 0.7421875 0.7203125000000001
23 0.765625 0.6890625000000001 0.636328125 0.6890625 0.636328125 0.7125000000000001 0.765625 0.7125000000000001
23 0.784375 0.6796875000000001 0.660546875 0.6796875 0.660546875 0.7031250000000001 0.784375 0.7031250000000002
23 0.7546875000000001 0.6218750000000002 0.728125 0.6218750000000002 0.7281250000000001 0.7437500000000001 0.7546875000000002 0.7437500000000001
23 0.7734375000000001 0.6140625000000002 0.7515625 0.6140625000000002 0.7515625000000001 0.7343750000000002 0.7734375000000002 0.7343750000000002
23 0.7921875 0.6078125000000002 0.769140625 0.6078125000000002 0.7691406250000001 0.7281250000000001 0.7921875000000002 0.7281250000000001
23 0.80625 0.6035156250000002 0.787890625 0.6035156250000002 0.787890625 0.7156250000000002 0.80625 0.7156250000000002
23 0.8703125 0.6441406250000001 0.758203125 0.6441406250000001 0.758203125 0.6625000000000002 0.8703125 0.6625000000000002
23 0.8421875 0.5921875000000002 0.825 0.5921875000000002 0.825 0.7031250000000002 0.8421875 0.7031250000000002
23 0.8640625 0.5859375000000002 0.8421875 0.5859375000000002 0.8421875 0.6968750000000001 0.8640625 0.6968750000000001
23 0.9234375 0.6242187500000002 0.81640625 0.6242187500000002 0.81640625 0.6453125000000002 0.9234375 0.6453125000000002
23 0.9 0.5750000000000002 0.878125 0.5750000000000002 0.878125 0.6859375000000002 0.9 0.6859375000000002
23 0.6546875000000002 0.858203125 0.5691406250000002 0.858203125 0.5691406250000002 0.887109375 0.6546875000000002 0.887109375
23 0.6906250000000002 0.852734375 0.5914062500000001 0.852734375 0.5914062500000001 0.878125 0.6906250000000002 0.878125
23 0.7187500000000002 0.84921875 0.6113281250000002 0.84921875 0.6113281250000002 0.8734375 0.7187500000000002 0.8734375
23 0.7484375000000002 0.84453125 0.6289062500000002 0.84453125 0.6289062500000002 0.865625 0.7484375000000002 0.865625
23 0.7234375000000002 0.784375 0.7015625000000002 0.784375 0.7015625000000002 0.90625 0.7234375000000002 0.90625
23 0.7437500000000001 0.7750000000000001 0.7218750000000002 0.775 0.7218750000000002 0.8953125 0.7437500000000001 0.8953125
23 0.7656250000000002 0.7625000000000002 0.7437500000000001 0.7625000000000002 0.7437500000000001 0.878125 0.7656250000000002 0.878125
23 0.18281250000000002 0.16953125000000002 2.076159026679497e-17 0.16953125 2.3679693967888275e-17 0.2171875 0.18281250000000004 0.2171875
23 0.15625000000000003 0.1078125 0.1078125 0.1078125 0.10781250000000002 0.278125 0.15625000000000006 0.278125
23 0.325 0.14414062500000002 0.1140625 0.144140625 0.11406250000000002 0.2015625 0.325 0.2015625
23 0.2921875 0.07812500000000003 0.24375 0.07812500000000003 0.24375 0.275 0.2921875 0.275
23 0.4109375 0.15742187500000004 0.2171875 0.15742187500000004 0.2171875 0.20468750000000005 0.4109375 0.20468750000000008
23 0.44765625 0.16210937500000006 0.2625 0.16210937500000006 0.2625 0.20625000000000004 0.44765625 0.2062500000000001
23 0.4203125 0.09687500000000004 0.375 0.09687500000000004 0.375 0.2796875000000001 0.4203125 0.2796875000000001
23 0.525 0.17304687500000004 0.346484375 0.17304687500000004 0.346484375 0.21093750000000006 0.525 0.21093750000000008
23 0.5625 0.17031250000000006 0.383203125 0.17031250000000003 0.383203125 0.21250000000000008 0.5625 0.21250000000000008
23 0.528125 0.11250000000000004 0.4875 0.11250000000000004 0.4875 0.2828125000000001 0.528125 0.2828125000000001
23 0.5515625 0.11679687500000006 0.5203125 0.11679687500000005 0.5203125 0.2796875000000001 0.5515625 0.2796875000000001
23 0.58125 0.12343750000000009 0.55 0.12343750000000009 0.55 0.2796875000000001 0.58125 0.2796875000000001
23 0.6140625 0.12343750000000009 0.581640625 0.12343750000000009 0.581640625 0.2812500000000001 0.6140625 0.2812500000000001
23 0.640625 0.12695312500000008 0.612890625 0.12695312500000008 0.612890625 0.2843750000000001 0.640625 0.2843750000000001
23 0.6703125 0.1316406250000001 0.6390625 0.1316406250000001 0.6390625 0.2796875000000001 0.6703125 0.2796875000000001
23 0.75078125 0.19492187500000008 0.60625 0.19492187500000008 0.60625 0.22031250000000008 0.75078125 0.22031250000000008
23 0.7140625 0.1359375000000001 0.6875 0.1359375000000001 0.6875 0.27812500000000007 0.7140625 0.27812500000000007
23 0.7890625 0.1960937500000001 0.651171875 0.1960937500000001 0.651171875 0.2234375000000001 0.7890625 0.2234375000000001
23 0.759375 0.1453125000000001 0.731640625 0.1453125000000001 0.731640625 0.2796875000000001 0.759375 0.2796875000000001
23 0.8296875 0.20312500000000008 0.700390625 0.20312500000000008 0.700390625 0.22656250000000008 0.8296875 0.22656250000000008
23 0.8484375 0.20507812500000008 0.722265625 0.20507812500000008 0.722265625 0.22812500000000008 0.8484375 0.22812500000000008
23 0.8140625 0.1546875000000001 0.7921875 0.1546875000000001 0.7921875 0.2796875000000001 0.8140625 0.2796875000000001
23 0.8375 0.1546875000000001 0.815625 0.1546875000000001 0.815625 0.2796875000000001 0.8375 0.2796875000000001
23 0.853125 0.1609375000000001 0.83125 0.1609375000000001 0.83125 0.2812500000000001 0.853125 0.2812500000000001
23 0.86875 0.1609375000000001 0.8453125 0.1609375000000001 0.8453125 0.27812500000000007 0.86875 0.27812500000000007
23 0.884375 0.16406250000000008 0.8625 0.16406250000000008 0.8625 0.2796875000000001 0.884375 0.2796875000000001
23 0.9515625 0.21093750000000008 0.8359375 0.21093750000000008 0.8359375 0.2328125000000001 0.9515625 0.2328125000000001
23 0.91875 0.1660156250000001 0.896875 0.16601562500000008 0.896875 0.27812500000000007 0.91875 0.27812500000000007
23 0.13281250000000006 0.330078125 0.08242187500000005 0.330078125 0.08242187500000006 0.509375 0.13281250000000006 0.509375
23 0.2484375000000001 0.394921875 0.06914062500000004 0.394921875 0.06914062500000004 0.44375 0.2484375000000001 0.44375
23 0.25000000000000006 0.325 0.19531250000000006 0.325 0.19531250000000006 0.521875 0.2500000000000001 0.521875
23 0.30000000000000004 0.3203125 0.25 0.3203125 0.25000000000000006 0.509375 0.3000000000000001 0.509375
23 0.34375000000000006 0.320703125 0.2953125 0.320703125 0.29531250000000003 0.509375 0.3437500000000001 0.509375
23 0.384375 0.32343750000000004 0.3390625 0.3234375 0.33906250000000004 0.5015625 0.3843750000000001 0.5015625
23 0.4203125 0.3218750000000001 0.3796875 0.3218750000000001 0.37968750000000007 0.4953125 0.4203125 0.4953125
23 0.45625 0.3218750000000001 0.41875 0.3218750000000001 0.41875 0.4921875 0.45625 0.4921875
23 0.553125 0.3851562500000001 0.3882812500000001 0.3851562500000001 0.3882812500000001 0.4203125 0.553125 0.4203125
23 0.5828125 0.3839843750000001 0.425390625 0.3839843750000001 0.425390625 0.4171875 0.5828125 0.4171875
23 0.615625 0.38554687500000007 0.458984375 0.38554687500000007 0.458984375 0.4140625 0.615625 0.4140625
23 0.6375 0.37578125000000007 0.496484375 0.37578125000000007 0.496484375 0.403125 0.6375 0.403125
23 0.6671875 0.3742187500000001 0.526171875 0.3742187500000001 0.526171875 0.403125 0.6671875 0.403125
23 0.6375 0.3175781250000001 0.6109375 0.3175781250000001 0.6109375 0.453125 0.6375 0.453125
23 0.6640625 0.31718750000000007 0.636328125 0.31718750000000007 0.636328125 0.459375 0.6640625 0.459375
23 0.6875 0.31718750000000007 0.665625 0.31718750000000007 0.665625 0.45625 0.6875 0.45625
23 0.709375 0.3140625000000001 0.686328125 0.3140625000000001 0.686328125 0.453125 0.709375 0.453125
23 0.7296875 0.3140625000000001 0.706640625 0.3140625000000001 0.706640625 0.4484375000000001 0.7296875 0.44843750000000016
23 0.8046875 0.3671875000000001 0.675 0.3671875000000001 0.675 0.3937500000000001 0.8046875 0.3937500000000001
23 0.821875 0.3667968750000001 0.6953125 0.3667968750000001 0.6953125 0.38750000000000007 0.821875 0.38750000000000007
23 0.79375 0.3125000000000001 0.7671875 0.3125000000000001 0.7671875 0.43750000000000017 0.79375 0.43750000000000017
23 0.8578125 0.3613281250000001 0.73515625 0.3613281250000001 0.73515625 0.3828125000000001 0.8578125 0.3828125000000001
23 0.828125 0.30937500000000007 0.80625 0.30937500000000007 0.80625 0.4312500000000002 0.828125 0.4312500000000002
23 0.84375 0.30937500000000007 0.821875 0.30937500000000007 0.821875 0.42968750000000017 0.84375 0.42968750000000017
23 0.8640625 0.3097656250000001 0.8421875 0.3097656250000001 0.8421875 0.4265625000000002 0.8640625 0.4265625000000002
23 0.709375 0.5484375 0.573828125 0.5484375 0.573828125 0.571875 0.709375 0.571875
23 0.6828125 0.55546875 0.548828125 0.55546875 0.548828125 0.584375 0.6828125 0.584375
23 0.6578125 0.559375 0.516796875 0.559375 0.516796875 0.58828125 0.6578125 0.58828125
23 0.5734375 0.5015625 0.544921875 0.5015625 0.544921875 0.653125 0.5734375 0.653125
23 0.546875 0.508203125 0.5140625 0.508203125 0.5140625 0.6609375 0.546875 0.6609375
23 0.578125 0.575 0.419921875 0.575 0.419921875 0.6078125 0.578125 0.6078125
23 0.484375 0.515625 0.4515625 0.515625 0.4515625 0.678125 0.484375 0.678125