23 0.4515625 0.521484375 0.413671875 0.521484375 0.413671875 0.6890625 0.4515625 0.6890625
23 0.4125 0.53125 0.3750000000000001 0.53125 0.3750000000000001 0.7015625 0.4125 0.7015625
23 0.3750000000000001 0.534375 0.3375000000000001 0.534375 0.3375000000000001 0.7078125 0.3750000000000001 0.7078125
23 0.928125 0.35625000000000007 0.8125 0.35625000000000007 0.8125 0.3781250000000001 0.928125 0.3781250000000001
23 0.3375000000000001 0.54375 0.2953125000000001 0.54375 0.2953125000000001 0.71875 0.3375000000000001 0.71875
23 0.2953125000000001 0.551953125 0.2468750000000001 0.551953125 0.2468750000000001 0.740625 0.2953125000000001 0.740625
23 0.3218750000000001 0.63125 0.12851562500000008 0.63125 0.12851562500000008 0.68125 0.3218750000000001 0.68125
23 0.2750000000000001 0.633203125 0.07656250000000006 0.633203125 0.07656250000000007 0.690625 0.2750000000000001 0.690625
23 0.9453125 0.3546875000000001 0.8296875 0.3546875000000001 0.8296875 0.3765625000000001 0.9453125 0.3765625000000001
23 0.9390625 0.7433593750000002 0.83515625 0.7433593750000002 0.83515625 0.7640625000000002 0.9390625 0.7640625000000002
23 0.9265625 0.7519531250000002 0.821484375 0.7519531250000002 0.821484375 0.7714843750000002 0.9265625 0.7714843750000002
23 0.909375 0.7609375000000002 0.7988281250000002 0.7609375000000002 0.7988281250000002 0.7843750000000002 0.909375 0.7843750000000002
23 0.84375 0.7300781250000001 0.821875 0.7300781250000001 0.821875 0.834375 0.84375 0.834375
23 0.8703125 0.7789062500000001 0.7601562500000002 0.7789062500000001 0.7601562500000002 0.8 0.8703125 0.8
23 0.853125 0.7906250000000001 0.7421875000000002 0.7906250000000001 0.7421875000000002 0.8078125 0.853125 0.8078125
23 0.7875000000000002 0.7531250000000002 0.7656250000000002 0.7531250000000002 0.7656250000000002 0.86875 0.7875000000000002 0.86875
23 0.68125 0.484765625 0.6546875 0.484765625 0.6546875 0.6203125 0.68125 0.6203125
23 0.7 0.4796875 0.6734375 0.4796875 0.6734375 0.6140625 0.7 0.6140625
23 0.775 0.5277343750000001 0.644140625 0.527734375 0.644140625 0.5562500000000001 0.775 0.5562500000000001
23 0.7953125 0.5238281250000001 0.66875 0.523828125 0.66875 0.55 0.7953125 0.5500000000000002
23 0.765625 0.4691406250000002 0.7421875 0.4691406250000002 0.7421875 0.5953125000000001 0.765625 0.5953125000000001
23 0.78125 0.46601562500000016 0.758203125 0.46601562500000016 0.758203125 0.5875000000000001 0.78125 0.5875000000000001
23 0.8515625 0.5097656250000002 0.729296875 0.5097656250000002 0.729296875 0.5339843750000002 0.8515625 0.5339843750000002
23 0.81875 0.4578125000000002 0.796875 0.4578125000000002 0.796875 0.5781250000000002 0.81875 0.5781250000000002
23 0.8828125 0.5019531250000002 0.766015625 0.5019531250000002 0.766015625 0.5250000000000001 0.8828125 0.5250000000000001
23 0.853125 0.4535156250000002 0.83125 0.4535156250000002 0.83125 0.5656250000000002 0.853125 0.5656250000000002
23 0.915625 0.49414062500000017 0.80234375 0.49414062500000017 0.80234375 0.5156250000000002 0.915625 0.5156250000000002
23 0.890625 0.4468750000000002 0.867578125 0.4468750000000002 0.867578125 0.5578125000000002 0.890625 0.5578125000000002
23 0.95 0.4867187500000002 0.83984375 0.4867187500000002 0.83984375 0.5078125000000002 0.95 0.5078125000000002
23 0.2609375000000001 0.83046875 0.13632812500000008 0.83046875 0.13632812500000008 0.88125 0.2609375000000001 0.88125
23 0.3140625000000001 0.8265625 0.1750000000000001 0.8265625 0.1750000000000001 0.871875 0.3140625000000001 0.871875
23 0.30937500000000007 0.765234375 0.2687500000000001 0.765234375 0.2687500000000001 0.9140625 0.30937500000000007 0.9140625
23 0.34843750000000007 0.7546875 0.3105468750000001 0.7546875 0.3105468750000001 0.915625 0.34843750000000007 0.915625
23 0.44531250000000017 0.804296875 0.28398437500000007 0.804296875 0.28398437500000007 0.846875 0.44531250000000017 0.846875
23 0.4265625000000002 0.73125 0.38945312500000007 0.73125 0.38945312500000007 0.8921875 0.4265625000000002 0.8921875
23 0.4593750000000001 0.7171875 0.421875 0.7171875 0.4218750000000001 0.878125 0.4593750000000002 0.878125
23 0.4921875000000001 0.703125 0.45625 0.703125 0.4562500000000001 0.8640625 0.49218750000000017 0.8640625
23 0.5843750000000002 0.754296875 0.4304687500000002 0.754296875 0.4304687500000002 0.7890625 0.5843750000000002 0.7890625
23 0.5515625000000001 0.6875 0.523046875 0.6875 0.5230468750000001 0.8296875 0.5515625000000002 0.8296875
23 0.6328125000000002 0.735546875 0.4968750000000002 0.735546875 0.4968750000000002 0.759375 0.6328125000000002 0.759375
23 0.6625000000000001 0.7203125 0.523828125 0.7203125 0.5238281250000001 0.753125 0.6625000000000002 0.753125
23 0.6375000000000001 0.658984375 0.6109375 0.658984375 0.6109375000000001 0.7953125 0.6375000000000002 0.7953125
23 0.6640625000000001 0.653515625 0.6375 0.653515625 0.6375000000000001 0.784375 0.6640625000000002 0.784375
23 0.74140625 0.6949218750000001 0.609375 0.694921875 0.609375 0.7203125000000001 0.74140625 0.7203125000000001
23 0.765625 0.6890625000000001 0.636328125 0.6890625 0.636328125 0.7125000000000001 0.765625 0.7125000000000001
23 0.7343750000000001 0.6296875000000001 0.7109375 0.6296875 0.7109375000000001 0.7546875000000001 0.7343750000000002 0.7546875000000002
23 0.7546875000000001 0.6218750000000002 0.728125 0.6218750000000002 0.7281250000000001 0.7437500000000001 0.7546875000000002 0.7437500000000001
23 0.7734375000000001 0.6140625000000002 0.7515625 0.6140625000000002 0.7515625000000001 0.7343750000000002 0.7734375000000002 0.7343750000000002
23 0.840625 0.65546875 0.720703125 0.65546875 0.720703125 0.6796875000000001 0.840625 0.6796875000000002
23 0.80625 0.6035156250000002 0.787890625 0.6035156250000002 0.787890625 0.7156250000000002 0.80625 0.7156250000000002
23 0.8703125 0.6441406250000001 0.758203125 0.6441406250000001 0.758203125 0.6625000000000002 0.8703125 0.6625000000000002
23 0.8890625 0.6390625000000002 0.778125 0.6390625000000002 0.778125 0.6562500000000002 0.8890625 0.6562500000000002
23 0.9078125 0.6304687500000001 0.79765625 0.6304687500000001 0.79765625 0.6515625000000002 0.9078125 0.6515625000000002
23 0.88125 0.5812500000000002 0.859375 0.5812500000000002 0.859375 0.6890625000000001 0.88125 0.6890625000000001
23 0.94375 0.6195312500000002 0.83359375 0.6195312500000002 0.83359375 0.6406250000000002 0.94375 0.6406250000000002
23 0.6265625000000001 0.830078125 0.5980468750000002 0.830078125 0.5980468750000002 0.915625 0.6265625000000001 0.915625
23 0.6906250000000002 0.852734375 0.5914062500000001 0.852734375 0.5914062500000001 0.878125 0.6906250000000002 0.878125
23 0.7187500000000002 0.84921875 0.6113281250000002 0.84921875 0.6113281250000002 0.8734375 0.7187500000000002 0.8734375
23 0.7484375000000002 0.84453125 0.6289062500000002 0.84453125 0.6289062500000002 0.865625 0.7484375000000002 0.865625
23 0.7734375000000002 0.834765625 0.6515625000000002 0.834765625 0.6515625000000002 0.85625 0.7734375000000002 0.85625
23 0.7921875000000002 0.82421875 0.6726562500000002 0.82421875 0.6726562500000002 0.8453125 0.7921875000000002 0.8453125
23 0.7656250000000002 0.7625000000000002 0.7437500000000001 0.7625000000000002 0.7437500000000001 0.878125 0.7656250000000002 0.878125
23 0.18281250000000002 0.16953125000000002 2.076159026679497e-17 0.16953125 2.3679693967888275e-17 0.2171875 0.18281250000000004 0.2171875
23 0.15625000000000003 0.1078125 0.1078125 0.1078125 0.10781250000000002 0.278125 0.15625000000000006 0.278125
23 0.2484375 0.06757812500000002 0.190625 0.06757812500000002 0.19062500000000002 0.278125 0.2484375 0.278125
23 0.2921875 0.07812500000000003 0.24375 0.07812500000000003 0.24375 0.275 0.2921875 0.275
23 0.4109375 0.15742187500000004 0.21796875 0.15742187500000004 0.21796875 0.20468750000000005 0.4109375 0.20468750000000008
23 0.378125 0.09257812500000004 0.3328125 0.09257812500000004 0.3328125 0.27656250000000004 0.378125 0.2765625000000001
23 0.4890625 0.16562500000000005 0.30625 0.16562500000000005 0.30625 0.21093750000000006 0.4890625 0.21093750000000008
23 0.4546875 0.10156250000000004 0.417578125 0.10156250000000004 0.417578125 0.2812500000000001 0.4546875 0.2812500000000001
23 0.5625 0.17031250000000006 0.383203125 0.17031250000000003 0.383203125 0.21250000000000008 0.5625 0.21250000000000008
23 0.528125 0.11250000000000004 0.4875 0.11250000000000004 0.4875 0.2828125000000001 0.528125 0.2828125000000001
23 0.6171875 0.18320312500000008 0.4546875 0.18320312500000005 0.4546875 0.2140625000000001 0.6171875 0.2140625000000001
23 0.58125 0.12343750000000009 0.55 0.12343750000000009 0.55 0.2796875000000001 0.58125 0.2796875000000001
23 0.6765625 0.18554687500000006 0.51875 0.18554687500000006 0.51875 0.21875000000000008 0.6765625 0.21875000000000008
23 0.7046875 0.1917968750000001 0.547265625 0.1917968750000001 0.547265625 0.21875000000000008 0.7046875 0.21875000000000008
23 0.6703125 0.13085937500000008 0.6390625 0.13085937500000008 0.6390625 0.2796875000000001 0.6703125 0.2796875000000001
23 0.6921875 0.13632812500000008 0.665625 0.13632812500000008 0.665625 0.2796875000000001 0.6921875 0.2796875000000001
23 0.7140625 0.1359375000000001 0.6875 0.1359375000000001 0.6875 0.27812500000000007 0.7140625 0.27812500000000007
23 0.7890625 0.19531250000000008 0.651171875 0.19531250000000008 0.651171875 0.2234375000000001 0.7890625 0.2234375000000001
23 0.8125 0.1984375000000001 0.678515625 0.1984375000000001 0.678515625 0.22656250000000008 0.8125 0.22656250000000008
23 0.8296875 0.2023437500000001 0.700390625 0.2023437500000001 0.700390625 0.22656250000000008 0.8296875 0.22656250000000008
23 0.796875 0.1535156250000001 0.7734375 0.1535156250000001 0.7734375 0.2796875000000001 0.796875 0.2796875000000001
23 0.8140625 0.1546875000000001 0.7921875 0.1546875000000001 0.7921875 0.2796875000000001 0.8140625 0.2796875000000001
23 0.8375 0.1546875000000001 0.815625 0.1546875000000001 0.815625 0.2796875000000001 0.8375 0.2796875000000001
23 0.9015625 0.2101562500000001 0.78203125 0.2101562500000001 0.78203125 0.2312500000000001 0.9015625 0.2312500000000001
23 0.915625 0.2082031250000001 0.7984375 0.2082031250000001 0.7984375 0.2312500000000001 0.915625 0.2312500000000001
23 0.93125 0.21093750000000008 0.815625 0.21093750000000008 0.815625 0.2328125000000001 0.93125 0.2328125000000001
23 0.9046875 0.16406250000000008 0.8828125 0.16406250000000008 0.8828125 0.2796875000000001 0.9046875 0.2796875000000001
23 0.91875 0.1656250000000001 0.896875 0.16562500000000008 0.896875 0.27812500000000007 0.91875 0.27812500000000007
23 0.13281250000000006 0.330078125 0.08242187500000005 0.330078125 0.08242187500000006 0.509375 0.13281250000000006 0.509375
23 0.2484375000000001 0.394921875 0.06914062500000004 0.394921875 0.06914062500000004 0.44375 0.2484375000000001 0.44375
23 0.25000000000000006 0.325 0.19531250000000006 0.325 0.19531250000000006 0.521875 0.2500000000000001 0.521875
23 0.3687500000000001 0.38945312500000007 0.18085937500000004 0.389453125 0.18085937500000004 0.4390625 0.3687500000000001 0.4390625
23 0.34375000000000006 0.320703125 0.2953125 0.320703125 0.29531250000000003 0.509375 0.3437500000000001 0.509375
23 0.45 0.38984375000000004 0.2726562500000001 0.38984375 0.2726562500000001 0.434375 0.45 0.434375
23 0.4203125 0.3218750000000001 0.3796875 0.3218750000000001 0.37968750000000007 0.4953125 0.4203125 0.4953125
23 0.45625 0.3218750000000001 0.419140625 0.3218750000000001 0.419140625 0.4921875 0.45625 0.4921875
23 0.4890625 0.3203125000000001 0.453125 0.3203125000000001 0.453125 0.4859375 0.4890625 0.4859375
23 0.5828125 0.3839843750000001 0.425390625 0.3839843750000001 0.425390625 0.4171875 0.5828125 0.4171875
23 0.615625 0.3847656250000001 0.458203125 0.3847656250000001 0.458203125 0.413671875 0.615625 0.413671875
23 0.6375 0.3750000000000001 0.496484375 0.3750000000000001 0.496484375 0.403125 0.6375 0.403125
23 0.6671875 0.3734375000000001 0.526171875 0.3734375000000001 0.526171875 0.40234375 0.6671875 0.40234375
23 0.6375 0.31718750000000007 0.6109375 0.31718750000000007 0.6109375 0.453125 0.6375 0.453125
23 0.7203125 0.3734375000000001 0.579296875 0.3734375000000001 0.579296875 0.40234375 0.7203125 0.40234375
23 0.7453125 0.37578125000000007 0.60703125 0.37578125000000007 0.60703125 0.3968750000000001 0.7453125 0.3968750000000001
23 0.709375 0.3140625000000001 0.6859375 0.3140625000000001 0.6859375 0.453125 0.709375 0.453125
23 0.7296875 0.3140625000000001 0.706640625 0.3140625000000001 0.706640625 0.4484375000000001 0.7296875 0.44843750000000016
23 0.8046875 0.3671875000000001 0.675 0.3671875000000001 0.675 0.3937500000000001 0.8046875 0.3937500000000001
23 0.821875 0.3667968750000001 0.69609375 0.3667968750000001 0.69609375 0.38750000000000007 0.821875 0.38750000000000007
23 0.79375 0.3125000000000001 0.7671875 0.3125000000000001 0.7671875 0.43750000000000017 0.79375 0.43750000000000017
23 0.8078125 0.3105468750000001 0.7859375 0.3105468750000001 0.7859375 0.43281250000000016 0.8078125 0.43281250000000016
23 0.828125 0.3097656250000001 0.80625 0.3097656250000001 0.80625 0.4312500000000002 0.828125 0.4312500000000002
23 0.84375 0.30937500000000007 0.821875 0.30937500000000007 0.821875 0.42968750000000017 0.84375 0.42968750000000017
23 0.91171875 0.3574218750000001 0.79375 0.3574218750000001 0.79375 0.3781250000000001 0.91171875 0.3781250000000001
23 0.653125 0.492578125 0.630078125 0.492578125 0.630078125 0.628125 0.653125 0.628125
23 0.6296875 0.503125 0.601953125 0.503125 0.601953125 0.6375 0.6296875 0.6375
23 0.6578125 0.56015625 0.516796875 0.56015625 0.516796875 0.5890625 0.6578125 0.5890625
23 0.5734375 0.5015625 0.545703125 0.5015625 0.545703125 0.653125 0.5734375 0.653125
23 0.546875 0.507421875 0.514453125 0.507421875 0.514453125 0.6609375 0.546875 0.6609375
23 0.578125 0.575390625 0.420703125 0.575390625 0.420703125 0.6078125 0.578125 0.6078125
23 0.484375 0.516015625 0.451953125 0.516015625 0.451953125 0.678125 0.484375 0.678125