24 0.88125 0.9109375 0.5832031250000002 0.9109375 0.5832031250000002 0.9953125 0.88125 0.9953125
24 0.4671875000000002 0.816015625 0.3968750000000001 0.816015625 0.3968750000000001 1 0.4671875000000002 1
24 0.4781250000000002 0.8890625 0.1515625000000001 0.8890625 0.1515625000000001 0.978125 0.4781250000000002 0.978125
24 1 0.8421875 0.853125 0.8421875 0.853125 0.903125 1 0.903125
24 0.9546875 0.84375 0.8984375 0.84375 0.8984375 0.990625 0.9546875 0.990625
24 1 0.928125 0.8421875 0.928125 0.8421875 0.9796875 1 0.9796875
24 0.09531250000000005 0.284375 0.0003906250000000349 0.284375 0.00039062500000004187 0.4 0.09531250000000005 0.4
24 0.12031250000000004 0.3546875 0.021875000000000044 0.3546875 0.02187500000000005 0.465625 0.12031250000000004 0.465625
24 0.08593750000000007 0.546875 6.697287182837088e-17 0.546875 7.022583988860603e-17 0.6 0.08593750000000007 0.6
24 0.27031250000000007 0.6984375 0.03125000000000009 0.6984375 0.0312500000000001 0.778125 0.27031250000000007 0.778125
24 0.13281250000000014 0.906640625 0.06757812500000011 0.906640625 0.06757812500000013 1 0.13281250000000014 1
24 0.30273437500000006 0.280859375 0.201953125 0.280859375 0.20195312500000004 0.3984375 0.3027343750000001 0.3984375
24 0.22031250000000005 0.287109375 0.11601562500000004 0.287109375 0.11601562500000004 0.3984375 0.22031250000000008 0.3984375
24 0.375 0.25859375000000007 0.27265625 0.25859375 0.27265625 0.34687500000000004 0.375 0.3468750000000001
24 0.5328125000000001 0.853125 0.48242187500000017 0.853125 0.48242187500000017 0.96875 0.5328125000000001 0.96875
24 0.17500000000000004 0.22265625 0.12421875000000004 0.22265625 0.12421875000000004 0.321875 0.17500000000000004 0.321875
24 0.25625 0.234765625 0.2171875 0.234765625 0.2171875 0.3140625 0.25625 0.3140625