24 0.61875 5.826639849068266e-17 0.3328125 4.075777628412285e-17 0.3328125 0.08906250000000006 0.61875 0.08906250000000007
24 0.8875 0.03437500000000009 0.6078125 0.03437500000000008 0.6078125 0.13437500000000008 0.8875 0.13437500000000008
24 0.99375 0.0875000000000001 0.6828125 0.08750000000000009 0.6828125 0.1968750000000001 0.99375 0.19687500000000013
24 0.265625 2.7650228511998833e-17 0.1859375 2.27707764216461e-17 0.1859375 0.17968750000000006 0.265625 0.17968750000000006
24 0.28125 3.080752104105061e-17 0.221875 2.71718508560819e-17 0.221875 0.13437500000000005 0.28125 0.13437500000000005
24 0.2765625 3.226657289159725e-17 0.250390625 3.0664007744275526e-17 0.250390625 0.13437500000000005 0.2765625 0.13437500000000005
24 0.9546875 0.6722656250000002 0.808203125 0.6722656250000002 0.808203125 0.7890625000000002 0.9546875 0.7890625000000002
24 0.9234375 0.6109375000000001 0.8078125 0.6109375000000001 0.8078125 0.7109375000000002 0.9234375 0.7109375000000002
24 0.9984375 0.46875000000000017 0.929296875 0.46875000000000017 0.929296875 0.5828125000000002 0.9984375 0.5828125000000002
24 0.9453125 0.25078125000000007 0.851953125 0.25078125000000007 0.851953125 0.4515625000000002 0.9453125 0.4515625000000002
24 0.7296875 0.6238281250000001 0.627734375 0.623828125 0.6277343750000001 0.7464843750000001 0.7296875000000002 0.7464843750000002
24 0.80625 0.6406250000000001 0.701171875 0.640625 0.7011718750000001 0.7578125000000001 0.80625 0.7578125000000002
24 0.6511718750000001 0.657421875 0.550390625 0.657421875 0.5503906250000001 0.753125 0.6511718750000002 0.753125
24 0.6859375 0.06640625000000008 0.63046875 0.06640625000000007 0.63046875 0.17968750000000008 0.6859375 0.17968750000000008
24 0.7734375000000001 0.7175781250000001 0.71875 0.717578125 0.7187500000000001 0.815625 0.7734375000000002 0.815625
24 0.7062500000000002 0.726953125 0.6281250000000002 0.726953125 0.6281250000000002 0.76875 0.7062500000000002 0.76875