24 0.61875 5.826639849068266e-17 0.3328125 4.075777628412285e-17 0.3328125 0.08906250000000006 0.61875 0.08906250000000007
24 0.796875 9.151364557690964e-17 0.69765625 8.543824934676456e-17 0.69765625 0.2234375000000001 0.796875 0.2234375000000001
24 0.8921875 1.0261200719418253e-16 0.78359375 9.596255777693713e-17 0.78359375 0.2968750000000001 0.8921875 0.2968750000000001
24 0.265625 2.7650228511998833e-17 0.1859375 2.27707764216461e-17 0.1859375 0.17968750000000006 0.265625 0.17968750000000006
24 0.28125 3.080752104105061e-17 0.221875 2.71718508560819e-17 0.221875 0.13437500000000005 0.28125 0.13437500000000005
24 0.2765625 3.226657289159725e-17 0.250390625 3.0664007744275526e-17 0.250390625 0.13437500000000005 0.2765625 0.13437500000000005
24 0.940234375 0.6574218750000002 0.822265625 0.6574218750000002 0.822265625 0.8046875 0.940234375 0.8046875
24 0.9234375 0.6109375000000001 0.8078125 0.6109375000000001 0.8078125 0.7109375000000002 0.9234375 0.7109375000000002
24 1 0.49140625000000016 0.907421875 0.49140625000000016 0.907421875 0.5609375000000002 1 0.5609375000000002
24 0.9984375 0.3046875000000001 0.798828125 0.3046875000000001 0.798828125 0.3984375000000001 0.9984375 0.3984375000000001
24 0.7292968750000001 0.6246093750000001 0.626953125 0.624609375 0.6269531250000001 0.7468750000000001 0.7292968750000002 0.7468750000000002
24 0.80625 0.6410156250000001 0.701953125 0.641015625 0.7019531250000001 0.7578125000000001 0.80625 0.7578125000000002
24 0.6484375000000001 0.654296875 0.552734375 0.654296875 0.5527343750000001 0.7546875 0.6484375000000002 0.7546875
24 0.6859375 0.06640625000000008 0.63046875 0.06640625000000007 0.63046875 0.17968750000000008 0.6859375 0.17968750000000008
24 0.7734375000000001 0.7175781250000001 0.71875 0.717578125 0.7187500000000001 0.815625 0.7734375000000002 0.815625
24 0.6875000000000001 0.708984375 0.6453125 0.708984375 0.6453125000000001 0.7859375 0.6875000000000002 0.7859375