24 0.88125 0.9109375 0.5828125000000002 0.9109375 0.5828125000000002 0.9953125 0.88125 0.9953125
24 0.4671875000000002 0.816015625 0.3960937500000001 0.816015625 0.3960937500000001 1 0.4671875000000002 1
24 0.3593750000000001 0.7703125 0.27031250000000007 0.7703125 0.27031250000000007 1 0.3593750000000001 1
24 1 0.8421875 0.853125 0.8421875 0.853125 0.903125 1 0.903125
24 1 0.8890625 0.853125 0.8890625 0.853125 0.9453125 1 0.9453125
24 1 0.928125 0.8421875 0.928125 0.8421875 0.9796875 1 0.9796875
24 0.10468750000000004 0.29375 3.59739997249535e-17 0.29375 4.18580448927318e-17 0.38984375 0.10468750000000004 0.38984375
24 0.12656250000000005 0.3609375 0.015625000000000045 0.3609375 0.01562500000000005 0.459375 0.12656250000000005 0.459375
24 0.08593750000000007 0.546875 6.697287182837088e-17 0.546875 7.022583988860603e-17 0.6 0.08593750000000007 0.6
24 0.27031250000000007 0.6984375 0.03125000000000009 0.6984375 0.0312500000000001 0.778125 0.27031250000000007 0.778125
24 0.1328125000000001 0.90625 0.06679687500000012 0.90625 0.06679687500000012 1 0.13281250000000014 1
24 0.31093750000000003 0.289453125 0.19414062500000004 0.289453125 0.19414062500000004 0.3890625 0.3109375000000001 0.3890625
24 0.22343750000000004 0.290234375 0.11210937500000004 0.290234375 0.11210937500000004 0.3953125 0.2234375000000001 0.3953125
24 0.36875 0.2515625 0.2796875 0.2515625 0.2796875 0.35468750000000004 0.36875 0.3546875000000001
24 0.5656250000000002 0.8859375 0.45039062500000016 0.8859375 0.45039062500000016 0.9375 0.5656250000000002 0.9375
24 0.17500000000000004 0.22265625 0.12421875000000004 0.22265625 0.12421875000000004 0.321875 0.17500000000000004 0.321875
24 0.25625 0.234765625 0.2171875 0.234765625 0.2171875 0.3140625 0.25625 0.3140625