24 0.88203125 0.9109375 0.5828125000000002 0.9109375 0.5828125000000002 0.9953125 0.88203125 0.9953125
24 0.5796875000000001 0.928125 0.2843750000000001 0.928125 0.2843750000000001 0.99921875 0.5796875000000001 0.99921875
24 0.4781250000000002 0.8890625 0.1515625000000001 0.8890625 0.1515625000000001 0.978125 0.4781250000000002 0.978125
24 1 0.8421875 0.853125 0.8421875 0.853125 0.903125 1 0.903125
24 1 0.8890625 0.853125 0.8890625 0.853125 0.9453125 1 0.9453125
24 1 0.928125 0.8421875 0.928125 0.8421875 0.9796875 1 0.9796875
24 0.09609375000000005 0.284375 3.482589335075286e-17 0.284375 4.190588265832349e-17 0.4 0.09609375000000005 0.4
24 0.12656250000000005 0.3609375 0.015625000000000045 0.3609375 0.01562500000000005 0.459375 0.12656250000000005 0.459375
24 0.05468750000000007 0.515625 0.0015625000000000632 0.515625 0.0015625000000000701 0.63125 0.05468750000000007 0.63125
24 0.27031250000000007 0.6984375 0.03125000000000009 0.6984375 0.0312500000000001 0.778125 0.27031250000000007 0.778125
24 0.15078125000000014 0.9234375 0.050000000000000114 0.9234375 0.050000000000000114 0.98984375 0.15078125000000014 0.98984375
24 0.31171875000000004 0.2890625 0.19375000000000003 0.2890625 0.19375000000000003 0.38984375 0.3117187500000001 0.38984375
24 0.22421875000000005 0.290625 0.11250000000000004 0.290625 0.11250000000000004 0.39609375 0.22421875000000008 0.39609375
24 0.36875 0.2515625 0.2796875 0.2515625 0.2796875 0.35468750000000004 0.36875 0.3546875000000001
24 0.5664062500000002 0.8859375 0.4500000000000002 0.8859375 0.4500000000000002 0.9375 0.5664062500000002 0.9375
24 0.2 0.246875 0.10000000000000005 0.246875 0.10000000000000005 0.2984375 0.2 0.2984375
24 0.2765625 0.2546875 0.19687500000000005 0.2546875 0.19687500000000005 0.29453125 0.2765625 0.29453125