24 0.61875 5.826639849068266e-17 0.3328125 4.075777628412285e-17 0.3328125 0.08906250000000006 0.61875 0.08906250000000007
24 0.8875 0.03437500000000009 0.6078125 0.03437500000000008 0.6078125 0.1351562500000001 0.8875 0.1351562500000001
24 0.99375 0.0875000000000001 0.6828125 0.08750000000000009 0.6828125 0.1968750000000001 0.99375 0.19687500000000013
24 0.340625 0.02500000000000003 0.1109375 0.025000000000000012 0.1109375 0.10468750000000002 0.340625 0.10468750000000004
24 0.35625 3.08075210410506e-17 0.146875 1.798699986247675e-17 0.146875 0.05937500000000003 0.35625 0.059375000000000046
24 0.38515625 3.2290491774393106e-17 0.1421875 1.741294667537643e-17 0.1421875 0.026562500000000034 0.38515625 0.026562500000000044
24 0.95546875 0.6718750000000002 0.8078125 0.6718750000000002 0.8078125 0.7898437500000002 0.95546875 0.7898437500000002
24 0.9234375 0.6109375000000001 0.8078125 0.6109375000000001 0.8078125 0.7109375000000002 0.9234375 0.7109375000000002
24 0.99921875 0.46875000000000017 0.9296875 0.46875000000000017 0.9296875 0.5828125000000002 0.99921875 0.5828125000000002
24 0.99921875 0.3046875000000001 0.7984375 0.3046875000000001 0.7984375 0.3984375000000001 0.99921875 0.3984375000000001
24 0.7398437500000001 0.6343750000000001 0.6171875 0.634375 0.6171875000000001 0.7367187500000001 0.7398437500000001 0.7367187500000002
24 0.81328125 0.6468750000000001 0.6953125 0.646875 0.6953125000000001 0.7523437500000001 0.81328125 0.7523437500000002
24 0.6492187500000001 0.6546875 0.553125 0.6546875 0.5531250000000001 0.75546875 0.6492187500000002 0.75546875
24 0.715625 0.09531250000000008 0.6015625 0.09531250000000006 0.6015625 0.1515625000000001 0.715625 0.1515625000000001
24 0.7953125000000002 0.7390625000000001 0.6968750000000001 0.7390625 0.6968750000000001 0.7945312500000001 0.7953125000000002 0.7945312500000001
24 0.7062500000000002 0.7265625 0.6281250000000002 0.7265625 0.6281250000000002 0.76953125 0.7062500000000002 0.76953125