24 0.2890625 0.11093750000000002 0.021875000000000012 0.1109375 0.021875000000000026 0.3296875 0.2890625 0.3296875
24 0.30703125 2.0809428032386667e-17 0.0328125 4.018372309702252e-18 0.03281250000000001 0.21875 0.30703125 0.21875
24 0.31484375 2.3679693967888275e-17 0.071875 8.802148868871602e-18 0.071875 0.07187500000000002 0.31484375 0.07187500000000005
24 0.8484375 0.43437500000000007 0.6390625 0.434375 0.6390625 0.6156250000000001 0.8484375 0.6156250000000002
24 0.321875 0.2796875 3.425184016365254e-17 0.2796875 5.381748629065516e-17 0.59921875 0.3218750000000001 0.59921875
24 0.5546875 0.32812500000000006 0.2984375 0.328125 0.2984375 0.584375 0.5546875 0.584375
24 0.6351562500000002 0.7765625 0.4281250000000002 0.7765625 0.4281250000000002 0.99921875 0.6351562500000002 0.99921875
24 0.80546875 0.7015625000000001 0.615625 0.7015625 0.6156250000000001 0.86875 0.80546875 0.86875
24 0.7976562500000002 0.7812500000000001 0.6078125000000002 0.78125 0.6078125000000002 0.9484375 0.7976562500000002 0.9484375
24 0.6117187500000001 0.6796875 0.421875 0.6796875 0.4218750000000001 0.846875 0.6117187500000002 0.846875
24 0.4226562500000002 0.73125 0.2062500000000001 0.73125 0.2062500000000001 0.975 0.4226562500000002 0.975
24 0.4281250000000001 0.65625 0.34843750000000007 0.65625 0.34843750000000007 0.7453125 0.4281250000000002 0.7453125
24 0.4203125000000001 0.721875 0.34062500000000007 0.721875 0.34062500000000007 0.8109375 0.4203125000000002 0.8109375