24 0.2640625 0.08671875000000001 0.04609375000000001 0.08671875 0.04609375000000003 0.353125 0.2640625 0.353125
24 0.278125 2.0737671383999127e-17 0.060546875 7.414853666712489e-18 0.060546875000000014 0.2453125 0.278125 0.2453125
24 0.3140625 2.365577508509243e-17 0.072265625 8.849986634463295e-18 0.072265625 0.07187500000000002 0.3140625 0.07187500000000005
24 0.834375 0.4203125000000001 0.653125 0.4203125 0.653125 0.6296875000000001 0.834375 0.6296875000000002
24 0.321875 0.280078125 3.429967792924423e-17 0.280078125 5.379356740785932e-17 0.5984375 0.3218750000000001 0.5984375
24 0.5546875 0.32812500000000006 0.2984375 0.328125 0.2984375 0.584375 0.5546875 0.584375
24 0.6421875000000001 0.784765625 0.4207031250000002 0.784765625 0.4207031250000002 0.990625 0.6421875000000001 0.990625
24 0.8046875 0.7015625000000001 0.615234375 0.7015625 0.6152343750000001 0.86875 0.8046875 0.86875
24 0.7968750000000002 0.7812500000000001 0.6078125000000002 0.78125 0.6078125000000002 0.9484375 0.7968750000000002 0.9484375
24 0.6109375000000001 0.6796875 0.421484375 0.6796875 0.4214843750000001 0.846875 0.6109375000000001 0.846875
24 0.4359375000000002 0.7453125 0.1925781250000001 0.7453125 0.1925781250000001 0.9609375 0.4359375000000002 0.9609375
24 0.4328125000000001 0.6609375 0.3437500000000001 0.6609375 0.3437500000000001 0.740625 0.43281250000000016 0.740625
24 0.4203125000000001 0.721875 0.34062500000000007 0.721875 0.34062500000000007 0.8109375 0.4203125000000002 0.8109375