24 0.2640625 0.08671875000000001 0.04609375000000001 0.08671875 0.04609375000000003 0.353125 0.2640625 0.353125
24 0.278125 2.0737671383999127e-17 0.060546875 7.414853666712489e-18 0.060546875000000014 0.2453125 0.278125 0.2453125
24 0.3140625 2.365577508509243e-17 0.072265625 8.849986634463295e-18 0.072265625 0.07187500000000002 0.3140625 0.07187500000000005
24 0.834375 0.4203125000000001 0.653125 0.4203125 0.653125 0.6296875000000001 0.834375 0.6296875000000002
24 0.321875 0.280078125 3.429967792924423e-17 0.280078125 5.379356740785932e-17 0.5984375 0.3218750000000001 0.5984375
24 0.5546875 0.32812500000000006 0.2984375 0.328125 0.2984375 0.584375 0.5546875 0.584375
24 0.6343750000000001 0.776171875 0.4285156250000002 0.776171875 0.4285156250000002 0.9984375 0.6343750000000001 0.9984375
24 0.7937500000000001 0.6898437500000001 0.626953125 0.68984375 0.6269531250000001 0.8796875 0.7937500000000002 0.8796875
24 0.7859375000000002 0.7703125000000001 0.6191406250000002 0.7703125 0.6191406250000002 0.959375 0.7859375000000002 0.959375
24 0.6000000000000001 0.66796875 0.433203125 0.66796875 0.4332031250000001 0.8578125 0.6000000000000002 0.8578125
24 0.4359375000000002 0.7453125 0.1925781250000001 0.7453125 0.1925781250000001 0.9609375 0.4359375000000002 0.9609375
24 0.4281250000000001 0.65625 0.34843750000000007 0.65625 0.34843750000000007 0.7453125 0.4281250000000002 0.7453125
24 0.4203125000000001 0.721875 0.34062500000000007 0.721875 0.34062500000000007 0.8109375 0.4203125000000002 0.8109375