23 0.49375 0.12500000000000006 0.2703125 0.12500000000000006 0.2703125 0.17343750000000005 0.49375 0.17343750000000005
23 0.84375 0.0375000000000001 0.79375 0.0375000000000001 0.79375 0.26250000000000007 0.84375 0.26250000000000007
23 0.89375 0.03593750000000011 0.844140625 0.0359375000000001 0.844140625 0.2640625000000001 0.89375 0.2640625000000001
23 0.69375 0.04101562500000008 0.6484375 0.041015625000000076 0.6484375 0.2609375000000001 0.69375 0.2609375000000001
23 0.828125 0.12851562500000008 0.6078125 0.12851562500000008 0.6078125 0.17343750000000008 0.828125 0.17343750000000008
23 0.396875 0.11718750000000003 0.169921875 0.1171875 0.169921875 0.17265625 0.396875 0.17265625000000004
23 0.359375 0.034765625000000036 0.3109375 0.034765625000000036 0.3109375 0.259375 0.359375 0.259375
23 0.878125 0.1273437500000001 0.655859375 0.1273437500000001 0.655859375 0.1781250000000001 0.878125 0.1781250000000001
23 0.45625 0.03476562500000005 0.403125 0.03476562500000004 0.403125 0.2593750000000001 0.45625 0.2593750000000001
23 0.50625 0.03750000000000006 0.45625 0.037500000000000054 0.45625 0.26250000000000007 0.50625 0.26250000000000007
23 0.5546875 0.03906250000000007 0.50625 0.03906250000000007 0.50625 0.2593750000000001 0.5546875 0.2593750000000001
23 0.6875 0.12695312500000006 0.4671875 0.12695312500000006 0.4671875 0.17500000000000007 0.6875 0.1750000000000001
23 0.734375 0.12890625000000006 0.51640625 0.12890625000000006 0.51640625 0.17656250000000007 0.734375 0.1765625000000001