23 0.728125 0.11132046718750006 0.49537888125 0.11132046718750004 0.49537888125 0.16093750000000007 0.728125 0.1609375000000001
23 0.271875 0.11097835156250002 0.036146854687500014 0.1109783515625 0.03614685468750002 0.16406250000000003 0.271875 0.16406250000000006
23 0.2203125 0.11011029375000006 1.3484621975086765e-17 0.11011029375000003 1.6692566278453393e-17 0.16250000000000003 0.2203125 0.16250000000000003
23 0.3328125 0.023457925000000036 0.2859375 0.023457925000000032 0.2859375 0.253125 0.3328125 0.253125
23 0.375 0.11510416718750002 0.14443423125 0.11510416718750001 0.14443423125 0.1609375 0.375 0.16093750000000004
23 0.8328125 0.10312500000000009 0.594858046875 0.10312500000000009 0.594858046875 0.1609375000000001 0.8328125 0.1609375000000001
23 0.7790236921875 0.10937500000000007 0.54291258125 0.10937500000000004 0.54291258125 0.15937500000000007 0.7790236921875 0.1593750000000001
23 0.234375 0.023013684375000024 0.18282271249999998 0.02301368437500002 0.1828227125 0.2546875 0.234375 0.2546875
23 0.5890625 0.01636029218750007 0.533905228125 0.016360292187500066 0.533905228125 0.25247140312500005 0.5890625 0.25247140312500005
23 0.625 0.11106005000000008 0.3903237328125 0.11106005000000005 0.3903237328125 0.16406250000000006 0.625 0.16406250000000008
23 0.48125 0.02189542500000006 0.43125 0.021895425000000055 0.43125 0.2515625000000001 0.48125 0.2515625000000001
23 0.43125 0.02345792500000005 0.3824857015625 0.023457925000000043 0.3824857015625 0.2531250000000001 0.43125 0.2531250000000001
23 0.38125 0.026245914062500042 0.331704453125 0.026245914062500042 0.331704453125 0.25312500000000004 0.38125 0.2531250000000001