23 0.6372549015625 0.019607843750000076 0.5866013078125001 0.019607843750000072 0.5866013078125001 0.25326797343750007 0.6372549015625 0.25326797343750007
23 0.1813725484375 0.01960784375000002 0.12826797343750002 0.019607843750000017 0.12826797343750002 0.2557189546875 0.18137254843750003 0.2557189546875
23 0.1290849671875 0.017973856250000014 0.0759803921875 0.01797385625000001 0.07598039218750001 0.2565359484375 0.12908496718750004 0.2565359484375
23 0.3333333328125 0.022875817187500036 0.2859477125 0.022875817187500033 0.2859477125 0.2540849671875 0.3333333328125 0.2540849671875
23 0.28431372499999996 0.02287581718750003 0.23692810468749997 0.02287581718750003 0.23692810468749997 0.2540849671875 0.28431372499999996 0.2540849671875
23 0.7434640515625001 0.013071895312500087 0.685457515625 0.013071895312500085 0.685457515625 0.2516339875000001 0.7434640515625001 0.2516339875000001
23 0.686274509375 0.01633986875000008 0.635620915625 0.016339868750000076 0.635620915625 0.2524509796875001 0.686274509375 0.2524509796875001
23 0.23529411718749998 0.022875817187500026 0.1821895421875 0.022875817187500022 0.18218954218750003 0.2565359484375 0.23529411718749998 0.2565359484375
23 0.58986928125 0.01633986875000007 0.534313725 0.016339868750000066 0.534313725 0.2524509796875001 0.58986928125 0.2524509796875001
23 0.534313725 0.019607843750000065 0.48120915000000003 0.019607843750000062 0.48120915000000003 0.2557189546875001 0.534313725 0.2557189546875001
23 0.48202614375 0.021241829687500057 0.43137254843750006 0.021241829687500054 0.43137254843750006 0.2524509796875001 0.48202614375 0.2524509796875001
23 0.43300653593750005 0.02287581718750005 0.382352940625 0.022875817187500043 0.382352940625 0.2540849671875001 0.43300653593750005 0.2540849671875001
23 0.382352940625 0.026143790625000045 0.33169934687499997 0.026143790625000045 0.33169934687499997 0.25490196093750006 0.382352940625 0.2549019609375001