23 0.40625 0.03750000000000005 0.3578125 0.03750000000000005 0.3578125 0.26093750000000004 0.40625 0.2609375000000001
23 0.84375 0.0375000000000001 0.79375 0.0375000000000001 0.79375 0.26250000000000007 0.84375 0.26250000000000007
23 0.89375 0.03593750000000011 0.844140625 0.0359375000000001 0.844140625 0.2640625000000001 0.89375 0.2640625000000001
23 0.78125 0.12851562500000008 0.56015625 0.12851562500000008 0.56015625 0.17343750000000008 0.78125 0.17343750000000008
23 0.740625 0.040234375000000086 0.6953125 0.040234375000000086 0.6953125 0.2609375000000001 0.740625 0.2609375000000001
23 0.396875 0.11796875000000002 0.169921875 0.11796875 0.169921875 0.17343750000000002 0.396875 0.17343750000000005
23 0.446875 0.12304687500000004 0.221875 0.12304687500000004 0.221875 0.17031250000000003 0.446875 0.17031250000000003
23 0.878125 0.12656250000000008 0.655859375 0.12656250000000008 0.655859375 0.17734375000000008 0.878125 0.17734375000000008
23 0.5421875 0.12070312500000005 0.3171875 0.12070312500000005 0.3171875 0.17343750000000005 0.5421875 0.17343750000000005
23 0.50625 0.03789062500000006 0.456640625 0.03789062500000005 0.456640625 0.26250000000000007 0.50625 0.26250000000000007
23 0.5546875 0.03906250000000007 0.50625 0.03906250000000007 0.50625 0.2593750000000001 0.5546875 0.2593750000000001
23 0.6875 0.12695312500000006 0.4671875 0.12695312500000006 0.4671875 0.17500000000000007 0.6875 0.1750000000000001
23 0.734375 0.12890625000000006 0.51640625 0.12890625000000006 0.51640625 0.17656250000000007 0.734375 0.1765625000000001