23 0.40625 0.03750000000000005 0.3578125 0.03750000000000005 0.3578125 0.26093750000000004 0.40625 0.2609375000000001
23 0.84453125 0.0375000000000001 0.79375 0.0375000000000001 0.79375 0.2632812500000001 0.84453125 0.2632812500000001
23 0.89453125 0.03593750000000011 0.84375 0.0359375000000001 0.84375 0.2640625000000001 0.89453125 0.2640625000000001
23 0.69375 0.040625000000000085 0.6484375 0.04062500000000008 0.6484375 0.2617187500000001 0.69375 0.2617187500000001
23 0.740625 0.04062500000000009 0.6953125 0.04062500000000009 0.6953125 0.2617187500000001 0.740625 0.2617187500000001
23 0.31171875 0.031250000000000035 0.25625 0.031250000000000035 0.25625 0.259375 0.31171875 0.259375
23 0.359375 0.03437500000000004 0.3109375 0.03437500000000003 0.3109375 0.26015625 0.359375 0.26015625
23 0.79296875 0.04062500000000009 0.7421875 0.04062500000000009 0.7421875 0.2640625000000001 0.79296875 0.2640625000000001
23 0.45625 0.03437500000000005 0.403125 0.034375000000000044 0.403125 0.2601562500000001 0.45625 0.2601562500000001
23 0.50703125 0.03750000000000006 0.45625 0.037500000000000054 0.45625 0.2632812500000001 0.50703125 0.2632812500000001
23 0.5546875 0.03906250000000007 0.50625 0.03906250000000007 0.50625 0.2601562500000001 0.5546875 0.2601562500000001
23 0.6015625 0.04062500000000007 0.553125 0.040625000000000064 0.553125 0.2617187500000001 0.6015625 0.2617187500000001
23 0.65 0.04375000000000008 0.6015625 0.04375000000000008 0.6015625 0.26250000000000007 0.65 0.26250000000000007