23 0.03536977500000005 0.3745980703125 4.587503277749782e-17 0.3745980703125 5.040346952228964e-17 0.4485530546875 0.035369775000000055 0.4485530546875
23 0.032958200000000035 0.3038585203125 3.721193642943541e-17 0.3038585203125 4.1592706793994537e-17 0.3754019296875 0.03295820000000004 0.3754019296875
23 0.4831189703125002 0.755627009375 0.4163987140625002 0.755627009375 0.4163987140625002 0.8247588421875 0.4831189703125002 0.8247588421875
23 0.4807073953125001 0.7009646296875001 0.4163987140625 0.7009646296875001 0.4163987140625001 0.7652733125 0.4807073953125002 0.7652733125
23 0.479099678125 0.6463022515625 0.414790996875 0.6463022515625 0.414790996875 0.7106109328125 0.479099678125 0.7106109328125
23 0.5426045015625002 0.7395498390624999 0.4855305468750002 0.7395498390624999 0.4855305468750002 0.8062700968750001 0.5426045015625002 0.8062700968750001
23 0.5393890671875001 0.684887459375 0.4823151125 0.684887459375 0.4823151125000001 0.7491961421875 0.5393890671875001 0.7491961421875
23 0.5361736328125 0.6366559484375001 0.479099678125 0.6366559484375001 0.479099678125 0.6985530546875001 0.5361736328125 0.6985530546875001
23 0.5956591640625002 0.726688103125 0.5385852093750001 0.726688103125 0.5385852093750001 0.788585209375 0.5956591640625002 0.788585209375
23 0.5956591640625001 0.676848875 0.538585209375 0.676848875 0.5385852093750001 0.7363344046875 0.5956591640625002 0.7363344046875
23 0.5924437296875 0.6286173640625 0.535369775 0.6286173640625 0.535369775 0.68569131875 0.5924437296875 0.68569131875
23 0.6487138265625001 0.715434084375 0.596463021875 0.715434084375 0.5964630218750001 0.7749196140625 0.6487138265625002 0.7749196140625
23 0.647106109375 0.6655948546875 0.5948553046875 0.6655948546875 0.5948553046875 0.7250803859375 0.647106109375 0.7250803859375
23 0.6961414796875001 0.7041800640625 0.649517684375 0.7041800640625 0.6495176843750001 0.7636655953125 0.6961414796875002 0.7636655953125
23 0.6945337625 0.6543408359375 0.644694534375 0.6543408359375 0.644694534375 0.711414790625 0.6945337625 0.711414790625
23 0.6929260453125 0.609324759375 0.6430868171874999 0.609324759375 0.6430868171874999 0.6615755625 0.6929260453125 0.6615755625
23 0.7459807078125001 0.6929260453125001 0.6961414796875001 0.6929260453125 0.6961414796875001 0.7500000000000001 0.7459807078125003 0.7500000000000002
23 0.744372990625 0.6479099671875 0.6945337625 0.6479099671874999 0.6945337625 0.700160771875 0.744372990625 0.7001607718750001
23 0.04501607656250007 0.48392282968749994 5.926345444111265e-17 0.48392282968749994 7.107676763431818e-17 0.676848875 0.045016076562500076 0.676848875
23 0.09485530468750007 0.48392282968749994 0.045016076562500056 0.48392282968749994 0.04501607656250007 0.6720257234375 0.09485530468750009 0.6720257234375
23 0.3368167203125001 0.467845659375 0.2926045015625001 0.467845659375 0.2926045015625001 0.6334405140625 0.3368167203125001 0.6334405140625
23 0.3745980703125001 0.46623794218750003 0.33762057812500007 0.46623794218750003 0.33762057812500007 0.627009646875 0.3745980703125001 0.627009646875
23 0.4107717046875 0.4598070734375 0.3713826359375001 0.4598070734375 0.3713826359375001 0.618167203125 0.4107717046875 0.618167203125
23 0.44372990312500005 0.45819935625 0.40675241093750003 0.45819935625 0.40675241093750003 0.614147909375 0.44372990312500005 0.614147909375
23 0.47588424375000005 0.456591640625 0.43890675312500005 0.456591640625 0.43890675312500005 0.6101286171875 0.47588424375000005 0.6101286171875
23 0.5096463015625 0.4549839234375 0.4726688109375 0.4549839234375 0.4726688109375 0.6085209 0.5096463015625 0.6085209
23 0.6422829578125 0.450160771875 0.6125401921875 0.450160771875 0.6125401921875 0.5836012859374999 0.6422829578125 0.5836012859374999
23 0.6663987140625001 0.4469453375 0.6366559484375001 0.4469453375 0.6366559484375001 0.582797428125 0.6663987140625001 0.582797428125
23 0.693729903125 0.4469453375 0.6639871375 0.4469453375 0.6639871375 0.5779742765625 0.693729903125 0.5779742765625
23 0.7162379421875 0.4453376203125 0.6864951765625 0.4453376203125 0.6864951765625 0.576366559375 0.7162379421875 0.576366559375
23 0.7427652734375 0.44694533750000004 0.7106109328125 0.4469453375 0.7106109328125 0.5731511250000001 0.7427652734375 0.5731511250000001
23 0.8030546624999999 0.43729903593750014 0.7781350484375 0.43729903593750014 0.7781350484375 0.5610932468750002 0.8030546624999999 0.5610932468750002
23 0.8231511250000001 0.43729903593750014 0.8006430874999999 0.43729903593750014 0.8006430874999999 0.5586816718750002 0.8231511250000001 0.5586816718750002
23 0.8408360125 0.43729903593750014 0.8183279750000001 0.43729903593750014 0.8183279750000001 0.5562700968750002 0.8408360125 0.5562700968750002
23 0.864147909375 0.43569131875000017 0.8392282953124999 0.43569131875000017 0.8392282953124999 0.5546623796875002 0.864147909375 0.5546623796875002
23 0.8794212218749999 0.4340836015625002 0.8569131828125001 0.4340836015625002 0.8569131828125001 0.5506430875000002 0.8794212218749999 0.5506430875000002
23 0.897106109375 0.4324758843750002 0.8745980703124999 0.4324758843750002 0.8745980703124999 0.5490353703125002 0.897106109375 0.5490353703125002
23 0.914790996875 0.4324758843750002 0.8922829578125 0.4324758843750002 0.8922829578125 0.5466237937500001 0.914790996875 0.5466237937500001
23 0.9324758843750001 0.4308681671875002 0.9099678453125 0.4308681671875002 0.9099678453125 0.5450160765625002 0.9324758843750001 0.5450160765625002
23 0.950160771875 0.4308681671875002 0.9276527328125 0.4308681671875002 0.9276527328125 0.5418006437500001 0.950160771875 0.5418006437500001
23 0.964630225 0.42926045000000024 0.9421221859375001 0.42926045000000024 0.9421221859375001 0.5353697750000002 0.964630225 0.5353697750000002
23 0.9823151125 0.42765273281250016 0.9598070734374999 0.42765273281250016 0.9598070734374999 0.5337620578125002 0.9823151125 0.5337620578125002
23 0.744372990625 0.6028938906250001 0.6945337625 0.602893890625 0.6945337625 0.6495176843750001 0.744372990625 0.6495176843750002
23 0.18006430937500006 0.4774919609375 0.13022507968750002 0.4774919609375 0.13022507968750005 0.658360128125 0.1800643093750001 0.658360128125
23 0.22025723437500008 0.47427652656249997 0.18327974218750004 0.47427652656249997 0.18327974218750007 0.649517684375 0.22025723437500008 0.649517684375
23 0.2741157562500001 0.46945337656249997 0.2347266875000001 0.46945337656249997 0.2347266875000001 0.6374598078125 0.2741157562500001 0.6374598078125
23 0.9509646296875 0.6446945343750002 0.9163987140625001 0.6446945343750002 0.9163987140625001 0.6840836015625003 0.9509646296875 0.6840836015625003
23 0.9509646296875 0.6061093250000001 0.9163987140625001 0.6061093250000001 0.9163987140625001 0.6479099671875002 0.9509646296875 0.6479099671875002
23 0.9509646296875 0.5707395500000001 0.9163987140625001 0.5707395500000001 0.9163987140625001 0.6101286171875002 0.9509646296875 0.6101286171875002
23 0.985530546875 0.6398713828125001 0.95337620625 0.6398713828125001 0.95337620625 0.6744372984375002 0.985530546875 0.6744372984375002
23 0.9863344046875 0.6012861734375001 0.9517684890625 0.6012861734375001 0.9517684890625 0.6382636656250001 0.9863344046875 0.6382636656250001
23 0.9839228296875 0.5627009640625003 0.9517684890625 0.5627009640625003 0.9517684890625 0.5996784562500002 0.9839228296875 0.5996784562500002
23 0.13183279687500005 0.3762057875 0.03536977500000004 0.3762057875 0.03536977500000005 0.4453376203125 0.13183279687500005 0.4453376203125
23 0.12861736406250004 0.3070739546875 0.032154340625000034 0.3070739546875 0.03215434062500004 0.3762057875 0.12861736406250004 0.3762057875
23 0.2186495171875001 0.3762057875 0.13183279687500005 0.3762057875 0.13183279687500005 0.44051446875 0.2186495171875001 0.44051446875
23 0.21704180000000006 0.3102893890625 0.13022507968750002 0.3102893890625 0.13022507968750002 0.377009646875 0.21704180000000012 0.377009646875
23 0.29903537031250005 0.3745980703125 0.21704180000000012 0.3745980703125 0.21704180000000012 0.43890675312500005 0.29903537031250005 0.43890675312500005
23 0.2974276531250001 0.31189710625 0.215434084375 0.31189710625 0.21543408437500006 0.3737942125 0.2974276531250001 0.3737942125
23 0.3713826359375001 0.37620578750000006 0.2974276531250001 0.3762057875 0.2974276531250001 0.43569131875 0.3713826359375001 0.43569131875
23 0.37218649531250003 0.31189710625000006 0.2958199359375 0.31189710625 0.29581993593750006 0.37379421250000006 0.3721864953125001 0.3737942125000001
23 0.014469453125000017 0.0546623796875 6.6942108318074165e-18 0.0546623796875 1.8359857549104717e-17 0.2451768484375 0.014469453125000028 0.2451768484375
23 0.06430868125000001 0.0627009640625 0.014469453125000007 0.0627009640625 0.014469453125000017 0.24598070781249998 0.06430868125000003 0.24598070781249998
23 0.11254019218750003 0.06591639843750001 0.0627009640625 0.0659163984375 0.0627009640625 0.24919614218750002 0.11254019218750004 0.24919614218750002
23 0.20257234687499998 0.19935691250000004 0.11575562656250005 0.1993569125 0.11575562656250005 0.2516077171875 0.20257234687499998 0.2516077171875
23 0.19935691250000004 0.13504823125000004 0.1125401921875 0.13504823125 0.11254019218750003 0.2041800640625 0.19935691250000004 0.2041800640625
23 0.1993569125 0.06752411562500002 0.1125401921875 0.06752411562500002 0.1125401921875 0.14147910000000002 0.1993569125 0.14147910000000002
23 0.24115755625 0.08681672031250001 0.1993569125 0.08681672031250001 0.19935691250000004 0.2548231515625 0.24115755625 0.2548231515625
23 0.2829582 0.09324758906250004 0.24115755625 0.09324758906250002 0.24115755625 0.25884244375 0.2829582 0.25884244375