23 0.05312500000000005 0.39360681249999996 4.820293230507174e-17 0.39360681249999996 5.03165616967839e-17 0.428125 0.05312500000000005 0.428125
23 0.051562500000000046 0.323223975 3.9583520639143415e-17 0.323223975 4.151010589820055e-17 0.3546875 0.051562500000000046 0.3546875
23 0.4828125000000002 0.7562927046875 0.4147608515625002 0.7562927046875 0.4147608515625002 0.8230129609375 0.4828125000000002 0.8230129609375
23 0.4796875000000001 0.700849075 0.415923934375 0.700849075 0.41592393437500014 0.76515775625 0.47968750000000016 0.76515775625
23 0.478125 0.6463725890625 0.41524065468750004 0.6463725890625 0.41524065468750004 0.7106812703125 0.478125 0.7106812703125
23 0.5468750000000002 0.744378015625 0.4804536765625002 0.744378015625 0.4804536765625002 0.8 0.5468750000000002 0.8
23 0.5421875 0.6885902328125 0.47933329843749994 0.6885902328125 0.47933329843750005 0.74375 0.5421875000000002 0.74375
23 0.534375 0.6370729500000001 0.4789238328125 0.6370729500000001 0.4789238328125 0.6984375 0.534375 0.6984375
23 0.5937500000000002 0.726512259375 0.5385198953125002 0.726512259375 0.5385198953125002 0.7875 0.5937500000000002 0.7875
23 0.5953125000000001 0.678125 0.5377210625 0.678125 0.5377210625000001 0.734375 0.5953125000000001 0.734375
23 0.5921875 0.6284616171875 0.535246684375 0.6284616171875 0.535246684375 0.684375 0.5921875 0.684375
23 0.6468750000000001 0.715298434375 0.596395196875 0.715298434375 0.5963951968750001 0.7734375 0.6468750000000002 0.7734375
23 0.6453125 0.665625 0.594968346875 0.665625 0.594968346875 0.725 0.6453125 0.725
23 0.7015625000000001 0.7100030140625 0.6435389875 0.7100030140625 0.6435389875000002 0.75625 0.7015625000000002 0.75625
23 0.696875 0.6578125 0.6410118578125 0.6578125 0.6410118578125 0.707099075 0.696875 0.707099075
23 0.69375 0.6109375 0.6421875 0.6109375 0.6421875 0.659375 0.69375 0.659375
23 0.7437500000000001 0.6932953171875 0.6961088234374999 0.6932953171875 0.6961088234375 0.7500000000000001 0.7437500000000001 0.7500000000000002
23 0.74375 0.6490378812500002 0.6935113546875 0.6490378812500001 0.6935113546875 0.6968750000000001 0.74375 0.6968750000000001
23 0.04375000000000007 0.4840057265625 0.00014821093750007097 0.4840057265625 0.00014821093750008266 0.675 0.04375000000000008 0.675
23 0.1625000000000001 0.552677853125 6.768351637891622e-17 0.552677853125 7.06768376950621e-17 0.6015625 0.1625000000000001 0.6015625
23 0.3968649515625001 0.5284038390625 0.2312700968750001 0.5284038390625 0.2312700968750001 0.571875 0.3968649515625001 0.571875
23 0.3734375000000001 0.46676798750000004 0.3374799015625001 0.46676798750000004 0.3374799015625001 0.6265625 0.3734375000000001 0.6265625
23 0.409375 0.459882434375 0.3717117156250001 0.459882434375 0.3717117156250001 0.6171875 0.409375 0.6171875
23 0.5029793 0.51792604375 0.34703074687500013 0.51792604375 0.34703074687500013 0.5546875 0.5029793 0.5546875
23 0.475 0.4571392703125 0.43848975156250003 0.4571392703125 0.43848975156250003 0.609375 0.475 0.609375
23 0.5078125 0.4546875 0.47291750468749993 0.4546875 0.47291750468749993 0.6078125 0.5078125 0.6078125
23 0.6421875 0.45046724375 0.6125 0.45046724375 0.6125 0.5828125 0.6421875 0.5828125
23 0.71875 0.5 0.58362891875 0.5 0.58362891875 0.528996684375 0.71875 0.528996684375
23 0.6921875 0.44690514375 0.6639394078125 0.44690514375 0.6639394078125 0.5765625 0.6921875 0.5765625
23 0.715625 0.445252209375 0.6870804859375 0.445252209375 0.6870804859375 0.575 0.715625 0.575
23 0.7890625 0.4940966640625001 0.663693228125 0.49409666406249997 0.663693228125 0.5250000000000001 0.7890625 0.5250000000000001
23 0.8515625 0.4867061906250002 0.728720359375 0.4867061906250002 0.728720359375 0.5109375000000002 0.8515625 0.5109375000000002
23 0.871875 0.4869146906250002 0.751652934375 0.4869146906250002 0.751652934375 0.5093750000000001 0.871875 0.5093750000000001
23 0.8875 0.4854250421875002 0.7701868968750001 0.4854250421875002 0.7701868968750001 0.5062500000000002 0.8875 0.5062500000000002
23 0.9109375 0.4825914390625002 0.7921875 0.4825914390625002 0.7921875 0.5062500000000002 0.9109375 0.5062500000000002
23 0.87922276875 0.4343750000000002 0.85671473125 0.4343750000000002 0.85671473125 0.5500000000000002 0.87922276875 0.5500000000000002
23 0.9421875 0.47968750000000016 0.8274417203125 0.47968750000000016 0.8274417203125 0.5015625000000001 0.9421875 0.5015625000000001
23 0.959375 0.4787077968750002 0.846756934375 0.4787077968750002 0.846756934375 0.5000000000000002 0.959375 0.5000000000000002
23 0.978125 0.47681621718750017 0.8644870375 0.47681621718750017 0.8644870375 0.4984375000000002 0.978125 0.4984375000000002
23 0.99375 0.4752361343750001 0.8830561703124999 0.4752361343750001 0.8830561703124999 0.4968750000000002 0.99375 0.4968750000000002
23 0.9640625 0.42975783750000013 0.9421875 0.42975783750000013 0.9421875 0.5343750000000002 0.9640625 0.5343750000000002
23 0.98125 0.42819533750000016 0.95983973125 0.42819533750000016 0.95983973125 0.5328125000000001 0.98125 0.5328125000000001
23 0.7421875 0.603250603125 0.6946116359375 0.603250603125 0.6946116359375 0.6484375000000001 0.7421875 0.6484375000000002
23 0.24375000000000008 0.5434636234375 0.06475331562500006 0.5434636234375 0.06475331562500006 0.5921875 0.24375000000000008 0.5921875
23 0.2200512453125001 0.47487942031249997 0.18307375468750003 0.47487942031249997 0.18307375468750006 0.6484375 0.2200512453125001 0.6484375
23 0.2734375000000001 0.46912178437499996 0.23437500000000008 0.46912178437499996 0.23437500000000008 0.637128215625 0.2734375000000001 0.637128215625
23 0.9510525515625 0.6442398531250002 0.9164866359375001 0.6442398531250002 0.9164866359375001 0.6828125000000002 0.9510525515625 0.6828125000000002
23 0.9542478890625 0.6096387671875002 0.9125 0.6096387671875002 0.9125 0.6437500000000002 0.9542478890625 0.6437500000000002
23 0.9508767078125 0.5703125000000002 0.9163107921875 0.5703125000000002 0.9163107921875 0.6093750000000002 0.9508767078125 0.6093750000000002
23 0.984375 0.6405295421875001 0.9534540796875 0.6405295421875001 0.9534540796875 0.6734375000000001 0.984375 0.6734375000000001
23 0.9859375 0.6015625000000002 0.9515625 0.6015625000000002 0.9515625 0.6375000000000002 0.9859375 0.6375000000000002
23 0.9828125 0.5627612546875002 0.9518915796874999 0.5627612546875002 0.9518915796874999 0.5984375000000002 0.9828125 0.5984375000000002
23 0.11718750000000004 0.36253265625000003 0.04886957343750005 0.36253265625000003 0.04886957343750005 0.4578125 0.11718750000000004 0.4578125
23 0.11406250000000004 0.29375 0.04531250000000003 0.29375 0.04531250000000004 0.3890625 0.11406250000000004 0.3890625
23 0.21840835937500008 0.376439409375 0.13159163906250004 0.376439409375 0.13159163906250004 0.4390625 0.21840835937500008 0.4390625
23 0.20625000000000004 0.3000452171875 0.14062500000000006 0.3000452171875 0.14062500000000006 0.3859375 0.2062500000000001 0.3859375
23 0.2890625000000001 0.365625 0.22560540625000008 0.365625 0.22560540625000008 0.446875 0.2890625000000001 0.446875
23 0.28593750000000007 0.30202974375 0.22560540625 0.30202974375 0.22560540625000006 0.3828125 0.28593750000000007 0.3828125
23 0.3638464640625001 0.36894091718750005 0.3046875000000001 0.3689409171875 0.3046875000000001 0.4421875 0.3638464640625001 0.4421875
23 0.36406250000000007 0.30507184531250003 0.303177753125 0.3050718453125 0.30317775312500006 0.37968750000000007 0.36406250000000007 0.37968750000000007
23 0.1015625 0.1424814109375 1.7448940384260808e-17 0.1424814109375 1.82920233104691e-17 0.15625 0.1015625 0.15625
23 0.1296875 0.1297477890625 1.588952145718366e-17 0.1297477890625 1.8851771283497942e-17 0.178125 0.1296875 0.178125
23 0.11250000000000002 0.06644141875000001 0.0628215421875 0.06644141875000001 0.06282154218750001 0.2484375 0.11250000000000004 0.2484375
23 0.18437500000000004 0.18228496875000003 0.13281250000000006 0.18228496875 0.13281250000000006 0.26875 0.18437500000000004 0.26875
23 0.19843750000000002 0.13513112968750002 0.1122387453125 0.13513112968750002 0.11223874531250003 0.2042629625 0.19843750000000004 0.2042629625
23 0.1984375 0.06771000781250001 0.1128416390625 0.06771000781250001 0.1128416390625 0.14062500000000003 0.1984375 0.14062500000000006
23 0.303125 0.15000000000000002 0.1359802046875 0.15 0.13598020468750002 0.19062500000000002 0.303125 0.19062500000000004
23 0.34375 0.15480556718750002 0.1787429671875 0.1548055671875 0.17874296718750002 0.19660621093750003 0.34375 0.19660621093750003