23 0.05312500000000005 0.39360681249999996 4.820293230507174e-17 0.39360681249999996 5.03165616967839e-17 0.428125 0.05312500000000005 0.428125
23 0.051562500000000046 0.32307827499999997 3.956567753527983e-17 0.32307827499999997 4.1501184346268754e-17 0.3546875 0.051562500000000046 0.3546875
23 0.48257887812500017 0.756059084375 0.41585862187500017 0.756059084375 0.41585862187500017 0.8234375 0.48257887812500017 0.8234375
23 0.48082295000000014 0.7004898515625 0.41651426875 0.7004898515625 0.41651426875000014 0.7640625 0.4808229500000002 0.7640625
23 0.479170015625 0.64585259375 0.414861334375 0.64585259375 0.414861334375 0.709375 0.479170015625 0.709375
23 0.5468750000000002 0.7443679671875 0.4809611125000002 0.7443679671875 0.4809611125000002 0.8 0.5468750000000002 0.8
23 0.5421875 0.6885902328125 0.47933329843749994 0.6885902328125 0.47933329843750005 0.74375 0.5421875000000002 0.74375
23 0.5375 0.6390625 0.47627110000000006 0.6390625 0.47627110000000006 0.6953125 0.5375 0.6953125
23 0.5937500000000002 0.726512259375 0.5385198953125002 0.726512259375 0.5385198953125002 0.7875 0.5937500000000002 0.7875
23 0.5953125000000001 0.678125 0.5377210625 0.678125 0.5377210625000001 0.734375 0.5953125000000001 0.734375
23 0.5921875 0.6287731109375 0.5354928671875 0.6287731109375 0.5354928671875 0.684375 0.5921875 0.684375
23 0.6515625 0.719119271875 0.592710009375 0.719119271875 0.5927100093750001 0.7703125 0.6515625000000002 0.7703125
23 0.65 0.669099175 0.591212821875 0.669099175 0.591212821875 0.7203125 0.65 0.7203125
23 0.6953125000000001 0.704632234375 0.6501256015625 0.704632234375 0.6501256015625001 0.7625 0.6953125000000002 0.7625
23 0.696875 0.6578125 0.6410118578125 0.6578125 0.6410118578125 0.707099075 0.696875 0.707099075
23 0.6921875 0.609375 0.64375 0.609375 0.64375 0.6609375 0.6921875 0.6609375
23 0.7484375000000001 0.6968750000000001 0.69215484375 0.696875 0.6921548437500001 0.7453125 0.7484375000000002 0.7453125000000002
23 0.74375 0.6491936296875 0.69314459375 0.6491936296875 0.69314459375 0.6968750000000001 0.74375 0.6968750000000001
23 0.11718750000000008 0.5577296015625001 6.830217713432444e-17 0.5577296015625001 7.09861680727662e-17 0.6015625 0.11718750000000008 0.6015625
23 0.09375000000000008 0.48377210625 0.044639267187500054 0.48377210625 0.04463926718750007 0.6703125 0.09375000000000008 0.6703125
23 0.3359375000000001 0.46720257343749994 0.2927376406250001 0.46720257343749994 0.2927376406250001 0.6327974281250001 0.3359375000000001 0.6327974281250001
23 0.3734375000000001 0.46676798750000004 0.3374799015625001 0.46676798750000004 0.3374799015625001 0.6265625 0.3734375000000001 0.6265625
23 0.409375 0.459882434375 0.3717117156250001 0.459882434375 0.3717117156250001 0.6171875 0.409375 0.6171875
23 0.503125 0.5174437296875001 0.3475030125000001 0.5174437296875001 0.3475030125000001 0.554421221875 0.503125 0.554421221875
23 0.475 0.4571392703125 0.43848975156250003 0.4571392703125 0.43848975156250003 0.609375 0.475 0.609375
23 0.5671875 0.513014971875 0.4140625 0.513014971875 0.4140625 0.5484375 0.5671875 0.5484375
23 0.6421875 0.45046724375 0.6125 0.45046724375 0.6125 0.5828125 0.6421875 0.5828125
23 0.71875 0.50074608125 0.583573653125 0.50074608125 0.583573653125 0.5296875 0.71875 0.5296875
23 0.6921875 0.44698553125 0.6640348671875 0.44698553125 0.6640348671875 0.5765625 0.6921875 0.5765625
23 0.765625 0.49539539687500006 0.6357666796875 0.49539539687499995 0.6357666796875 0.5250000000000001 0.765625 0.5250000000000001
23 0.7890625 0.4940966640625001 0.663693228125 0.49409666406249997 0.663693228125 0.5250000000000001 0.7890625 0.5250000000000001
23 0.8015625 0.4372764265625002 0.7781049046875 0.4372764265625002 0.7781049046875 0.5593750000000002 0.8015625 0.5593750000000002
23 0.871875 0.4869146906250002 0.751652934375 0.4869146906250002 0.751652934375 0.5093750000000001 0.871875 0.5093750000000001
23 0.8875 0.4854250421875002 0.7701868968750001 0.4854250421875002 0.7701868968750001 0.5062500000000002 0.8875 0.5062500000000002
23 0.8640625 0.4355556687500002 0.8393538968750001 0.4355556687500002 0.8393538968750001 0.5531250000000002 0.8640625 0.5531250000000002
23 0.925 0.48130777812500014 0.8097116156249999 0.48130777812500014 0.8097116156249999 0.5031250000000002 0.925 0.5031250000000002
23 0.8953125 0.43281250000000016 0.8745126609374999 0.43281250000000016 0.8745126609374999 0.5484375000000001 0.8953125 0.5484375000000001
23 0.959375 0.4787077968750002 0.846756934375 0.4787077968750002 0.846756934375 0.5000000000000002 0.959375 0.5000000000000002
23 0.977956690625 0.4765599875000002 0.8640625 0.4765599875000002 0.8640625 0.4984375000000002 0.977956690625 0.4984375000000002
23 0.99375 0.4750000000000002 0.8838248578125001 0.4750000000000002 0.8838248578125001 0.4968750000000002 0.99375 0.4968750000000002
23 0.9640625 0.42975783750000013 0.9421875 0.42975783750000013 0.9421875 0.5343750000000002 0.9640625 0.5343750000000002
23 1 0.46948603281250023 0.9174638265624999 0.46948603281250023 0.9174638265624999 0.4919940718750002 1 0.4919940718750002
23 0.7421875 0.6015625000000001 0.6957847671875 0.6015625 0.6957847671875 0.6500000000000001 0.7421875 0.6500000000000001
23 0.17968750000000006 0.4774492546875 0.13068227343750005 0.4774492546875 0.13068227343750008 0.65625 0.17968750000000008 0.65625
23 0.28878617343750007 0.543202371875 0.11406250000000004 0.543202371875 0.11406250000000007 0.5796875 0.28878617343750007 0.5796875
23 0.3375000000000001 0.5332470859375 0.17074959843750004 0.5332470859375 0.17074959843750007 0.571875 0.3375000000000001 0.571875
23 0.9508767078125 0.6451492156250002 0.9163107921875 0.6451492156250002 0.9163107921875 0.6828125000000002 0.9508767078125 0.6828125000000002
23 0.9542478890625 0.6096387671875002 0.9125 0.6096387671875002 0.9125 0.6437500000000002 0.9542478890625 0.6437500000000002
23 0.953125 0.5730632046875002 0.9145774718749999 0.5730632046875002 0.9145774718749999 0.6076291187500001 0.953125 0.6076291187500001
23 0.984375 0.6405295421875001 0.9534540796875 0.6405295421875001 0.9534540796875 0.6734375000000001 0.984375 0.6734375000000001
23 0.9859375 0.6015625000000002 0.9515625 0.6015625000000002 0.9515625 0.6375000000000002 0.9859375 0.6375000000000002
23 0.9828125 0.5626406750000001 0.9516453984375 0.5626406750000001 0.9516453984375 0.5984375000000002 0.9828125 0.5984375000000002
23 0.11718750000000004 0.36253265625000003 0.04886957343750005 0.36253265625000003 0.04886957343750005 0.4578125 0.11718750000000004 0.4578125
23 0.11406250000000004 0.29375 0.04531250000000003 0.29375 0.04531250000000004 0.3890625 0.11406250000000004 0.3890625
23 0.2062500000000001 0.365192925 0.14332043750000006 0.365192925 0.14332043750000006 0.4515625 0.2062500000000001 0.4515625
23 0.20625000000000004 0.3000452171875 0.14062500000000006 0.3000452171875 0.14062500000000006 0.3859375 0.2062500000000001 0.3859375
23 0.2890625000000001 0.365625 0.22560540625000008 0.365625 0.22560540625000008 0.446875 0.2890625000000001 0.446875
23 0.29687500000000006 0.312020196875 0.215625 0.312020196875 0.21562500000000004 0.371875 0.2968750000000001 0.371875
23 0.3713524906250001 0.37650723437500005 0.2973975093750001 0.376507234375 0.2973975093750001 0.434375 0.3713524906250001 0.434375
23 0.36406250000000007 0.30425291406250005 0.303125 0.3042529140625 0.30312500000000003 0.37968750000000007 0.36406250000000007 0.37968750000000007
23 0.014062500000000016 0.054742765625 6.7040552699130004e-18 0.054742765625 1.827741049956487e-17 0.24375 0.014062500000000028 0.24375
23 0.06398211406250001 0.0625 0.014142885937500006 0.0625 0.014142885937500016 0.2453125 0.06398211406250001 0.2453125
23 0.11241961406250003 0.06562500000000002 0.06258038593750001 0.065625 0.06258038593750001 0.2484375 0.11241961406250005 0.2484375
23 0.2015625 0.199057978125 0.11554461250000006 0.19905797812499998 0.11554461250000006 0.25 0.2015625 0.25
23 0.19043157031250002 0.12590434062500003 0.1212997390625 0.125904340625 0.12129973906250002 0.2125 0.19043157031250005 0.2125
23 0.1921875 0.061394695312500025 0.11878516875 0.061394695312500025 0.11878516875 0.14687500000000003 0.1921875 0.14687500000000003
23 0.2390625 0.08709053437500001 0.199412178125 0.08709053437500001 0.19941217812500003 0.253125 0.2390625 0.253125
23 0.282619071875 0.09376507343750004 0.240818428125 0.09376507343750003 0.240818428125 0.2578125 0.282619071875 0.2578125