23 0.1979865765625001 0.5520134234375 0.11241610781250008 0.5520134234375 0.11241610781250008 0.8666107375 0.1979865765625001 0.8666107375
23 0.2944630875000001 0.54865771875 0.1963087250000001 0.54865771875 0.1963087250000001 0.8716442953125 0.2944630875000001 0.8716442953125
23 0.4463087250000001 0.5318791953125 0.3456375843750001 0.5318791953125 0.3456375843750001 0.8699664421875 0.4463087250000002 0.8699664421875
23 0.5469798656250001 0.5318791953125 0.45134228125 0.5318791953125 0.4513422812500001 0.8649328859375001 0.5469798656250002 0.8649328859375001
23 0.6409395968750001 0.533557046875 0.5453020140625 0.533557046875 0.5453020140625001 0.8590604031250001 0.6409395968750002 0.8590604031250001
23 0.8171140937500001 0.5503355703125001 0.721476509375 0.5503355703125 0.7214765093750001 0.8758389265625001 0.8171140937500001 0.8758389265625001
23 0.9958053687499999 0.5402684562500002 0.9026845640625 0.5402684562500002 0.9026845640625 0.868288590625 0.9958053687499999 0.868288590625
23 0.9043624156250001 0.5436241609375002 0.8137583890625001 0.5436241609375002 0.8137583890625001 0.8716442953125 0.9043624156250001 0.8716442953125
23 0.4899328859375 5.352692802622243e-17 0.3842281875 4.705438199640641e-17 0.3842281875 0.3322147656250001 0.4899328859375 0.3322147656250001
23 0.5931208046875 6.63179117764317e-17 0.4899328859375 5.999947405603846e-17 0.4899328859375 0.3322147656250001 0.5931208046875 0.3322147656250001
23 0.681208053125 7.725959667464717e-17 0.5805369125000001 7.109526716800121e-17 0.5805369125000001 0.32885906093750006 0.681208053125 0.32885906093750006
23 0.833053690625 9.662586523194545e-17 0.7449664421875 9.123207688971136e-17 0.7449664421875 0.3280201343750001 0.833053690625 0.3280201343750001
23 0.9203020140625 1.073107032348162e-16 0.832214765625 1.0191691489258208e-16 0.832214765625 0.3280201343750001 0.9203020140625 0.3280201343750001
23 1 0.0016778531250001172 0.9194630874999999 0.0016778531250001122 0.9194630874999999 0.3271812078125001 1 0.3271812078125001
23 0.11325503281250009 0.553691275 0.025167785937500065 0.553691275 0.025167785937500086 0.868288590625 0.11325503281250009 0.868288590625