23 0.21093750000000008 0.530859375 0.13125000000000003 0.530859375 0.13125000000000006 0.8234375 0.21093750000000008 0.8234375
23 0.4046875 0.6328125 0.10507812500000009 0.6328125 0.10507812500000009 0.7234375 0.4046875 0.7234375
23 0.44218750000000007 0.512109375 0.34843750000000007 0.512109375 0.34843750000000007 0.8265625 0.4421875000000002 0.8265625
23 0.5359375000000001 0.5125 0.446875 0.5125 0.4468750000000001 0.821875 0.5359375000000002 0.821875
23 0.6234375000000001 0.5140625 0.534375 0.5140625 0.534375 0.8171875 0.6234375000000002 0.8171875
23 0.89375 0.6367187500000001 0.59140625 0.63671875 0.59140625 0.7250000000000001 0.89375 0.7250000000000002
23 1 0.6300781250000002 0.7578125 0.6300781250000002 0.7578125 0.7156250000000002 1 0.7156250000000002
23 0.978125 0.633984375 0.6734375 0.633984375 0.6734375 0.7171875000000001 0.978125 0.7171875000000002
23 0.4828125 0.009375000000000053 0.384375 0.009375000000000046 0.384375 0.3265625000000001 0.4828125 0.3265625000000001
23 0.578125 0.009375000000000066 0.483203125 0.009375000000000059 0.483203125 0.3265625000000001 0.578125 0.3265625000000001
23 0.7703125 0.12031250000000007 0.4578125 0.12031250000000004 0.4578125 0.2140625000000001 0.7703125 0.2140625000000001
23 0.9125 0.1285156250000001 0.608203125 0.12851562500000008 0.608203125 0.21054687500000008 0.9125 0.21054687500000008
23 0.99375 0.12929687500000012 0.690234375 0.1292968750000001 0.690234375 0.21093750000000008 0.99375 0.21093750000000008
23 1 0.12343750000000012 0.778125 0.12343750000000009 0.778125 0.2171875000000001 1 0.2171875000000001
23 0.23593750000000008 0.638671875 7.821474674241885e-17 0.638671875 8.311811771556742e-17 0.71875 0.23593750000000008 0.71875