23 0.31718750000000007 0.637890625 0.025000000000000078 0.637890625 0.025000000000000085 0.7171875 0.31718750000000007 0.7171875
23 0.4046875 0.6328125 0.10507812500000009 0.6328125 0.10507812500000009 0.7234375 0.4046875 0.7234375
23 0.55234375 0.623046875 0.2375000000000001 0.623046875 0.2375000000000001 0.715625 0.55234375 0.715625
23 0.6453125 0.623046875 0.33671875000000007 0.623046875 0.33671875000000007 0.7109375 0.6453125 0.7109375
23 0.7296875 0.6210937500000001 0.42734375 0.62109375 0.42734375 0.7093750000000001 0.7296875 0.7093750000000002
23 0.89375 0.6367187500000001 0.59140625 0.63671875 0.59140625 0.7250000000000001 0.89375 0.7250000000000002
23 0.953125 0.5207031250000002 0.867578125 0.5207031250000002 0.867578125 0.825 0.953125 0.825
23 0.978125 0.633984375 0.67421875 0.633984375 0.67421875 0.7171875000000001 0.978125 0.7171875000000002
23 0.5921875 0.11875000000000006 0.275 0.11875000000000005 0.275 0.21718750000000003 0.5921875 0.2171875000000001
23 0.6890625 0.12031250000000007 0.372265625 0.12031250000000004 0.372265625 0.2156250000000001 0.6890625 0.2156250000000001
23 0.7703125 0.12031250000000007 0.4578125 0.12031250000000004 0.4578125 0.2140625000000001 0.7703125 0.2140625000000001
23 0.8015625 0.017578125000000094 0.719921875 0.01757812500000009 0.719921875 0.3218750000000001 0.8015625 0.3218750000000001
23 0.8828125 0.017187500000000102 0.801953125 0.0171875000000001 0.801953125 0.3218750000000001 0.8828125 0.3218750000000001
23 1 0.12343750000000012 0.778125 0.12343750000000009 0.778125 0.2171875000000001 1 0.2171875000000001
23 0.13125000000000006 0.533203125 0.050390625000000064 0.533203125 0.05039062500000009 0.825 0.1312500000000001 0.825