23 0.21093750000000008 0.53125 0.13125000000000003 0.53125 0.13125000000000006 0.82421875 0.21093750000000008 0.82421875
23 0.3007812500000001 0.528125 0.2093750000000001 0.528125 0.2093750000000001 0.82890625 0.3007812500000001 0.82890625
23 0.44218750000000007 0.5125 0.34843750000000007 0.5125 0.34843750000000007 0.82734375 0.4421875000000002 0.82734375
23 0.5359375000000001 0.5125 0.446875 0.5125 0.4468750000000001 0.82265625 0.5359375000000002 0.82265625
23 0.6234375000000001 0.5140625 0.534375 0.5140625 0.534375 0.8171875 0.6234375000000002 0.8171875
23 0.7875000000000001 0.5296875000000001 0.6984375 0.5296875 0.6984375 0.8328125 0.7875000000000002 0.8328125
23 0.95390625 0.5203125000000002 0.8671875 0.5203125000000002 0.8671875 0.82578125 0.95390625 0.82578125
23 0.86875 0.5234375000000002 0.784375 0.5234375000000002 0.784375 0.82890625 0.86875 0.82890625
23 0.4828125 0.009375000000000053 0.384375 0.009375000000000046 0.384375 0.3265625000000001 0.4828125 0.3265625000000001
23 0.57890625 0.009375000000000066 0.4828125 0.009375000000000059 0.4828125 0.3265625000000001 0.57890625 0.3265625000000001
23 0.6609375 0.010937500000000076 0.5671875 0.010937500000000069 0.5671875 0.3234375000000001 0.6609375 0.3234375000000001
23 0.80234375 0.017187500000000095 0.7203125 0.017187500000000088 0.7203125 0.3226562500000001 0.80234375 0.3226562500000001
23 0.88359375 0.017187500000000102 0.8015625 0.0171875000000001 0.8015625 0.3226562500000001 0.88359375 0.3226562500000001
23 0.9765625 0.018750000000000114 0.8828125 0.018750000000000107 0.8828125 0.3218750000000001 0.9765625 0.3218750000000001
23 0.13203125000000007 0.5328125 0.050000000000000065 0.5328125 0.050000000000000086 0.82578125 0.1320312500000001 0.82578125