23 0.19687500000000008 0.5519505031249999 0.11214870000000007 0.5519505031249999 0.11214870000000007 0.865625 0.19687500000000008 0.865625
23 0.29375000000000007 0.5486524765625 0.19687500000000008 0.5486524765625 0.19687500000000008 0.8703125 0.29375000000000007 0.8703125
23 0.5640625000000001 0.650466653125 0.22678796250000008 0.650466653125 0.22678796250000008 0.75113779375 0.5640625000000001 0.75113779375
23 0.6656250000000001 0.650644925 0.33260276875000006 0.650644925 0.33260276875000006 0.7453125 0.6656250000000001 0.7453125
23 0.7560874593750001 0.6484375000000001 0.430584103125 0.6484375 0.43058410312500006 0.7437500000000001 0.7560874593750002 0.7437500000000001
23 0.815625 0.5501415687500001 0.7212405609375 0.55014156875 0.7212405609375001 0.875 0.815625 0.875
23 1 0.6578125000000001 0.785643875 0.6578125000000001 0.7856438750000001 0.7500000000000002 1 0.7500000000000002
23 0.903125 0.5434458890625001 0.8134437921875 0.5434458890625001 0.8134437921875 0.8703125 0.903125 0.8703125
23 0.602889053125 0.11367449687500006 0.2706742859375 0.11367449687500004 0.2706742859375 0.21875000000000006 0.602889053125 0.21875000000000008
23 0.5921875 0.00029886718750006633 0.49059354062500005 0.0002988671875000601 0.49059354062500005 0.3312500000000001 0.5921875 0.3312500000000001
23 0.79375 0.11406250000000007 0.466075921875 0.11406250000000004 0.466075921875 0.2140625000000001 0.79375 0.2140625000000001
23 0.9515625 0.12001887656250013 0.624947565625 0.1200188765625001 0.624947565625 0.2062500000000001 0.9515625 0.2062500000000001
23 1 0.1202705531250001 0.7121958890625 0.12027055312500008 0.7121958890625 0.2062500000000001 1 0.2062500000000001
23 1 0.002044882812500117 0.91981963125 0.0020448828125001124 0.91981963125 0.3265625000000001 1 0.3265625000000001
23 0.11250000000000009 0.5537437078125 0.025629195312500068 0.5537437078125 0.025629195312500092 0.8683410234375 0.11250000000000009 0.8683410234375