19 0.08437500000000005 0.288671875 3.535210877226148e-17 0.288671875 4.1307910588427324e-17 0.3859375 0.08437500000000005 0.3859375
19 0.20312500000000006 0.290234375 0.10000000000000005 0.290234375 0.10000000000000005 0.3921875 0.20312500000000008 0.3921875
19 0.26250000000000007 0.301953125 0.209375 0.301953125 0.20937500000000003 0.3921875 0.26250000000000007 0.3921875
19 0.31250000000000006 0.304296875 0.2703125 0.304296875 0.27031250000000007 0.3953125 0.3125000000000001 0.3953125
19 0.38281250000000006 0.32890625000000007 0.295703125 0.32890625 0.29570312500000007 0.37343750000000003 0.3828125000000001 0.3734375000000001
19 0.4328125 0.33125000000000004 0.345703125 0.33125 0.34570312500000006 0.37500000000000006 0.4328125 0.3750000000000001
19 0.4578125 0.3097656250000001 0.416015625 0.3097656250000001 0.416015625 0.39531250000000007 0.4578125 0.39531250000000007
19 0.4046875 0.4390625 0.3339843750000001 0.4390625 0.3339843750000001 0.525 0.4046875 0.525
19 0.30937500000000007 0.4390625 0.23789062500000008 0.4390625 0.23789062500000008 0.5296875 0.30937500000000007 0.5296875
19 0.5109375 0.453125 0.4234375 0.453125 0.4234375 0.5203125 0.5109375 0.5203125
19 0.96875 0.5902343750000002 0.915625 0.5902343750000002 0.915625 0.6546875000000002 0.96875 0.6546875000000002
19 0.9140625 0.5972656250000001 0.8484375 0.5972656250000001 0.8484375 0.6500000000000001 0.9140625 0.6500000000000001
19 0.8546875 0.5960937500000002 0.787890625 0.5960937500000002 0.787890625 0.6515625000000002 0.8546875 0.6515625000000002
19 0.7875 0.5921875000000002 0.734375 0.5921875000000002 0.734375 0.6593750000000002 0.7875 0.6593750000000002
19 0.725 0.5921875 0.6578125 0.5921875 0.6578125 0.659375 0.725 0.659375
19 0.2828125000000001 0.580859375 0.20859375000000008 0.580859375 0.20859375000000008 0.675 0.2828125000000001 0.675
19 0.4734375 0.586328125 0.409765625 0.586328125 0.409765625 0.671875 0.4734375 0.671875
19 0.3890625000000001 0.5953125 0.2988281250000001 0.5953125 0.2988281250000001 0.6640625 0.3890625000000001 0.6640625
19 0.8296875 0.6984375000000002 0.7734375 0.6984375000000002 0.7734375000000001 0.7593750000000001 0.8296875 0.7593750000000001
19 0.8921875 0.7046875000000001 0.83125 0.7046875000000001 0.83125 0.7531250000000002 0.8921875 0.7531250000000002
19 0.76875 0.6984375 0.7171875 0.6984375 0.7171875000000001 0.7625000000000001 0.7687500000000002 0.7625000000000002
19 0.7140625 0.703515625 0.6484375 0.703515625 0.6484375000000001 0.75625 0.7140625000000002 0.75625
19 0.4234375000000002 0.728515625 0.3750000000000001 0.728515625 0.3750000000000001 0.778125 0.4234375000000002 0.778125
19 0.3656250000000001 0.73125 0.31718750000000007 0.73125 0.31718750000000007 0.78125 0.3656250000000001 0.78125
19 0.3109375000000001 0.730078125 0.26250000000000007 0.730078125 0.26250000000000007 0.7828125 0.3109375000000001 0.7828125
19 0.2523437500000001 0.730859375 0.19687500000000008 0.730859375 0.19687500000000008 0.7859375 0.2523437500000001 0.7859375
19 0.4078125000000002 0.81875 0.3593750000000001 0.81875 0.3593750000000001 0.8640625 0.4078125000000002 0.8640625
19 0.34843750000000007 0.821875 0.30351562500000007 0.821875 0.30351562500000007 0.8640625 0.34843750000000007 0.8640625
19 0.29375000000000007 0.82265625 0.24609375000000008 0.82265625 0.24609375000000008 0.86875 0.29375000000000007 0.86875
19 0.2375000000000001 0.8265625 0.1847656250000001 0.8265625 0.1847656250000001 0.875 0.2375000000000001 0.875
19 0.40625000000000017 0.86875 0.3578125000000001 0.86875 0.3578125000000001 0.9171875 0.40625000000000017 0.9171875
19 0.3468750000000001 0.875 0.30156250000000007 0.875 0.30156250000000007 0.9203125 0.3468750000000001 0.9203125
19 0.2921875000000001 0.877734375 0.2453125000000001 0.877734375 0.2453125000000001 0.9203125 0.2921875000000001 0.9203125
19 0.2328125000000001 0.878125 0.1847656250000001 0.878125 0.1847656250000001 0.925 0.2328125000000001 0.925
19 0.1171875 0.06562500000000002 0.012890625000000006 0.065625 0.012890625000000013 0.1765625 0.1171875 0.1765625
19 0.2375 0.06679687500000002 0.125 0.06679687500000002 0.12500000000000003 0.18281250000000002 0.2375 0.18281250000000004
19 0.30625 0.11523437500000004 0.24375 0.11523437500000004 0.24375 0.18593750000000003 0.30625 0.18593750000000003
19 0.3703125 0.12187500000000004 0.3125 0.12187500000000004 0.3125 0.19375000000000003 0.3703125 0.19375000000000003
19 0.4421875 0.13242187500000005 0.3734375 0.13242187500000005 0.3734375 0.19218750000000004 0.4421875 0.19218750000000004
19 0.5015625 0.13476562500000006 0.4453125 0.13476562500000006 0.4453125 0.2000000000000001 0.5015625 0.2000000000000001
19 0.5515625 0.16015625000000006 0.510546875 0.16015625000000006 0.510546875 0.20312500000000008 0.5515625 0.20312500000000008
19 0.603125 0.1625000000000001 0.5625 0.1625000000000001 0.5625 0.2093750000000001 0.603125 0.2093750000000001
19 0.665625 0.1691406250000001 0.6109375 0.1691406250000001 0.6109375 0.21093750000000008 0.665625 0.21093750000000008
19 0.70625 0.17148437500000008 0.662890625 0.17148437500000008 0.662890625 0.21093750000000008 0.70625 0.21093750000000008