19 0.08437500000000005 0.2890625 3.539994653785318e-17 0.2890625 4.137966723681487e-17 0.38671875 0.08437500000000005 0.38671875
19 0.20312500000000006 0.290625 0.10000000000000005 0.290625 0.10000000000000005 0.39296875 0.20312500000000008 0.39296875
19 0.26328125 0.3015625 0.209375 0.3015625 0.20937500000000003 0.39296875 0.2632812500000001 0.39296875
19 0.31250000000000006 0.3046875 0.2703125 0.3046875 0.27031250000000007 0.39609375 0.3125000000000001 0.39609375
19 0.36171875000000003 0.3078125 0.3171875 0.3078125 0.31718750000000007 0.3953125 0.3617187500000001 0.3953125
19 0.41171875 0.30937500000000007 0.3671875 0.30937500000000007 0.36718750000000006 0.3968750000000001 0.41171875 0.3968750000000001
19 0.45859375 0.30937500000000007 0.415625 0.30937500000000007 0.415625 0.3960937500000001 0.45859375 0.3960937500000001
19 0.41328125 0.446875 0.3265625000000001 0.446875 0.3265625000000001 0.51875 0.41328125 0.51875
19 0.3195312500000001 0.4484375 0.22812500000000008 0.4484375 0.22812500000000008 0.5203125 0.3195312500000001 0.5203125
19 0.5109375 0.453125 0.4234375 0.453125 0.4234375 0.5203125 0.5109375 0.5203125
19 0.96875 0.5906250000000002 0.915625 0.5906250000000002 0.915625 0.6554687500000002 0.96875 0.6554687500000002
19 0.9078125 0.5906250000000002 0.8546875 0.5906250000000002 0.8546875 0.6570312500000002 0.9078125 0.6570312500000002
19 0.84921875 0.5906250000000002 0.79375 0.5906250000000002 0.79375 0.6578125000000001 0.84921875 0.6578125000000001
19 0.78828125 0.5921875000000002 0.734375 0.5921875000000002 0.734375 0.6593750000000002 0.78828125 0.6593750000000002
19 0.725 0.5921875 0.6578125 0.5921875 0.6578125 0.659375 0.725 0.659375
19 0.29375000000000007 0.590625 0.1984375000000001 0.590625 0.1984375000000001 0.66640625 0.29375000000000007 0.66640625
19 0.48515625 0.596875 0.3984375000000001 0.596875 0.3984375000000001 0.66171875 0.48515625 0.66171875
19 0.3898437500000001 0.5953125 0.2984375000000001 0.5953125 0.2984375000000001 0.6640625 0.3898437500000001 0.6640625
19 0.8296875 0.6984375000000002 0.7734375 0.6984375000000002 0.7734375000000001 0.7593750000000001 0.8296875 0.7593750000000001
19 0.8859375 0.6984375000000002 0.8375 0.6984375000000002 0.8375 0.7593750000000001 0.8859375 0.7593750000000001
19 0.76875 0.6984375 0.7171875 0.6984375 0.7171875000000001 0.7625000000000001 0.7687500000000002 0.7625000000000002
19 0.7078125000000001 0.696875 0.6546875 0.696875 0.6546875000000001 0.76328125 0.7078125000000002 0.76328125
19 0.4234375000000002 0.728125 0.3750000000000001 0.728125 0.3750000000000001 0.77890625 0.4234375000000002 0.77890625
19 0.3664062500000001 0.73125 0.31718750000000007 0.73125 0.31718750000000007 0.78203125 0.3664062500000001 0.78203125
19 0.3109375000000001 0.7296875 0.26250000000000007 0.7296875 0.26250000000000007 0.78359375 0.3109375000000001 0.78359375
19 0.2531250000000001 0.73125 0.19687500000000008 0.73125 0.19687500000000008 0.78671875 0.2531250000000001 0.78671875
19 0.40625000000000017 0.8171875 0.3609375000000001 0.8171875 0.3609375000000001 0.865625 0.40625000000000017 0.865625
19 0.3476562500000001 0.8203125 0.3046875000000001 0.8203125 0.3046875000000001 0.865625 0.3476562500000001 0.865625
19 0.29375000000000007 0.821875 0.2468750000000001 0.821875 0.2468750000000001 0.8703125 0.29375000000000007 0.8703125
19 0.23828125000000008 0.8265625 0.1843750000000001 0.8265625 0.1843750000000001 0.875 0.23828125000000008 0.875
19 0.40625000000000017 0.86875 0.3578125000000001 0.86875 0.3578125000000001 0.9171875 0.40625000000000017 0.9171875
19 0.3468750000000001 0.875 0.30156250000000007 0.875 0.30156250000000007 0.9203125 0.3468750000000001 0.9203125
19 0.2921875000000001 0.878125 0.2453125000000001 0.878125 0.2453125000000001 0.92109375 0.2921875000000001 0.92109375
19 0.2335937500000001 0.878125 0.1843750000000001 0.878125 0.18437500000000012 0.925 0.2335937500000001 0.925
19 0.11796875 0.06562500000000002 0.012500000000000006 0.065625 0.012500000000000015 0.1765625 0.11796875 0.1765625
19 0.23984375 0.06875000000000002 0.1234375 0.06875000000000002 0.12343750000000002 0.18203125000000003 0.23984375 0.18203125000000003
19 0.30625 0.11562500000000005 0.24375 0.11562500000000005 0.24375 0.18671875000000004 0.30625 0.18671875000000004
19 0.3703125 0.12187500000000004 0.3125 0.12187500000000004 0.3125 0.19375000000000003 0.3703125 0.19375000000000003
19 0.4390625 0.12812500000000004 0.378125 0.12812500000000004 0.378125 0.19765625000000003 0.4390625 0.19765625000000003
19 0.5015625 0.13437500000000005 0.4453125 0.13437500000000005 0.4453125 0.20078125000000008 0.5015625 0.20078125000000008
19 0.55390625 0.16093750000000007 0.509375 0.16093750000000004 0.509375 0.20312500000000008 0.55390625 0.20312500000000008
19 0.60625 0.16562500000000008 0.559375 0.16562500000000008 0.559375 0.2062500000000001 0.60625 0.2062500000000001
19 0.66640625 0.1687500000000001 0.6109375 0.1687500000000001 0.6109375 0.2117187500000001 0.66640625 0.2117187500000001
19 0.70703125 0.17187500000000008 0.6625 0.17187500000000008 0.6625 0.2117187500000001 0.70703125 0.2117187500000001