19 0.08437500000000005 0.289453125 3.5447784303444874e-17 0.289453125 4.135574835401902e-17 0.3859375 0.08437500000000005 0.3859375
19 0.20312500000000006 0.290234375 0.10000000000000005 0.290234375 0.10000000000000005 0.3921875 0.20312500000000008 0.3921875
19 0.28125000000000006 0.3203125 0.19023437500000004 0.3203125 0.19023437500000004 0.3734375 0.2812500000000001 0.3734375
19 0.3375 0.329296875 0.24609375 0.329296875 0.24609375000000006 0.3703125 0.3375000000000001 0.3703125
19 0.38281250000000006 0.32890625000000007 0.295703125 0.32890625 0.29570312500000007 0.37343750000000003 0.3828125000000001 0.3734375000000001
19 0.4109375 0.30937500000000007 0.366796875 0.30937500000000007 0.366796875 0.3968750000000001 0.4109375 0.3968750000000001
19 0.4578125 0.3097656250000001 0.416015625 0.3097656250000001 0.416015625 0.39531250000000007 0.4578125 0.39531250000000007
19 0.4125 0.446875 0.3265625000000001 0.446875 0.3265625000000001 0.51875 0.4125 0.51875
19 0.3187500000000001 0.4484375 0.22812500000000008 0.4484375 0.22812500000000008 0.5203125 0.3187500000000001 0.5203125
19 0.5109375 0.453125 0.4234375 0.453125 0.4234375 0.5203125 0.5109375 0.5203125
19 0.96875 0.5910156250000002 0.915625 0.5910156250000002 0.915625 0.6546875000000002 0.96875 0.6546875000000002
19 0.9140625 0.5972656250000001 0.8484375 0.5972656250000001 0.8484375 0.6500000000000001 0.9140625 0.6500000000000001
19 0.8484375 0.5906250000000002 0.794140625 0.5906250000000002 0.794140625 0.6578125000000001 0.8484375 0.6578125000000001
19 0.79375 0.5992187500000001 0.727734375 0.5992187500000001 0.727734375 0.6515625000000002 0.79375 0.6515625000000002
19 0.725 0.5921875 0.6578125 0.5921875 0.6578125 0.659375 0.725 0.659375
19 0.29375000000000007 0.591015625 0.1984375000000001 0.591015625 0.1984375000000001 0.665625 0.29375000000000007 0.665625
19 0.4734375 0.586328125 0.409765625 0.586328125 0.409765625 0.671875 0.4734375 0.671875
19 0.3781250000000001 0.58359375 0.3097656250000001 0.58359375 0.3097656250000001 0.675 0.3781250000000001 0.675
19 0.83125 0.7007812500000001 0.77109375 0.7007812500000001 0.7710937500000001 0.7562500000000002 0.83125 0.7562500000000002
19 0.8921875 0.7046875000000001 0.83125 0.7046875000000001 0.83125 0.7531250000000002 0.8921875 0.7531250000000002
19 0.76875 0.6984375 0.7171875 0.6984375 0.7171875000000001 0.7625000000000001 0.7687500000000002 0.7625000000000002
19 0.7078125000000001 0.696875 0.6546875 0.696875 0.6546875000000001 0.7625 0.7078125000000002 0.7625
19 0.4234375000000002 0.729296875 0.3742187500000001 0.729296875 0.3742187500000001 0.7765625 0.4234375000000002 0.7765625
19 0.3656250000000001 0.731640625 0.3167968750000001 0.731640625 0.3167968750000001 0.7796875 0.3656250000000001 0.7796875
19 0.3140625000000001 0.732421875 0.2601562500000001 0.732421875 0.2601562500000001 0.7796875 0.3140625000000001 0.7796875
19 0.2523437500000001 0.730859375 0.19687500000000008 0.730859375 0.19687500000000008 0.7859375 0.2523437500000001 0.7859375
19 0.40625000000000017 0.8171875 0.3609375000000001 0.8171875 0.3609375000000001 0.865625 0.40625000000000017 0.865625
19 0.3468750000000001 0.8203125 0.3046875000000001 0.8203125 0.3046875000000001 0.865625 0.3468750000000001 0.865625
19 0.29375000000000007 0.821875 0.2468750000000001 0.821875 0.2468750000000001 0.8703125 0.29375000000000007 0.8703125
19 0.2375000000000001 0.8265625 0.1847656250000001 0.8265625 0.1847656250000001 0.875 0.2375000000000001 0.875
19 0.40625000000000017 0.86875 0.3578125000000001 0.86875 0.3578125000000001 0.9171875 0.40625000000000017 0.9171875
19 0.3468750000000001 0.875 0.30156250000000007 0.875 0.30156250000000007 0.9203125 0.3468750000000001 0.9203125
19 0.2921875000000001 0.877734375 0.2453125000000001 0.877734375 0.2453125000000001 0.9203125 0.2921875000000001 0.9203125
19 0.2328125000000001 0.878125 0.1847656250000001 0.878125 0.1847656250000001 0.925 0.2328125000000001 0.925
19 0.1171875 0.06562500000000002 0.012890625000000006 0.065625 0.012890625000000013 0.1765625 0.1171875 0.1765625
19 0.2375 0.06679687500000002 0.125 0.06679687500000002 0.12500000000000003 0.18281250000000002 0.2375 0.18281250000000004
19 0.30625 0.11601562500000004 0.24375 0.11601562500000004 0.24375 0.18593750000000003 0.30625 0.18593750000000003
19 0.3703125 0.12187500000000004 0.3125 0.12187500000000004 0.3125 0.19375000000000003 0.3703125 0.19375000000000003
19 0.4421875 0.13242187500000005 0.37421875 0.13242187500000005 0.37421875 0.19218750000000004 0.4421875 0.19218750000000004
19 0.5015625 0.13476562500000006 0.4453125 0.13476562500000006 0.4453125 0.2000000000000001 0.5015625 0.2000000000000001
19 0.5515625 0.16015625000000006 0.510546875 0.16015625000000006 0.510546875 0.20312500000000008 0.5515625 0.20312500000000008
19 0.60625 0.16562500000000008 0.559375 0.16562500000000008 0.559375 0.2062500000000001 0.60625 0.2062500000000001
19 0.665625 0.1691406250000001 0.6109375 0.1691406250000001 0.6109375 0.21093750000000008 0.665625 0.21093750000000008
19 0.7046875 0.16992187500000008 0.665234375 0.16992187500000008 0.665234375 0.21250000000000008 0.7046875 0.21250000000000008