24 0.2828125000000001 0.66953125 0.06640625000000008 0.66953125 0.06640625000000011 1 0.2828125000000001 1
24 0.7796875000000002 0.8015625 0.30742187500000007 0.8015625 0.30742187500000007 0.9984375 0.7796875000000002 0.9984375
24 0.7640625000000001 0.7125000000000001 0.3421875000000001 0.7125 0.3421875000000001 0.8640625 0.7640625000000002 0.8640625
24 0.3750000000000001 0.6484375 7.941069088221118e-17 0.6484375 8.859554187581632e-17 0.7984375 0.3750000000000001 0.7984375
24 0.3984375000000001 0.58125 7.11825952004399e-17 0.58125 7.998474406931151e-17 0.725 0.3984375000000001 0.725
24 0.7921875 0.6125 0.3687500000000001 0.6125 0.3687500000000001 0.7859375000000001 0.7921875000000002 0.7859375000000002
24 0.8859375 0.8859375 0.7183593750000001 0.8859375 0.7183593750000001 1 0.8859375 1
24 0.865625 0.7695312500000002 0.7523437500000002 0.7695312500000002 0.7523437500000002 0.965625 0.865625 0.965625
24 0.8796875 0.6890625000000001 0.7859375 0.6890625000000001 0.7859375000000001 0.8828125 0.8796875 0.8828125
24 0.9546875 0.6542968750000002 0.740625 0.6542968750000002 0.7406250000000001 0.7671875000000001 0.9546875 0.7671875000000001
24 0.2687500000000001 0.3828125 0.14375000000000004 0.3828125 0.14375000000000007 0.7953125 0.2687500000000001 0.7953125
24 0.5796875 0.18281250000000007 0.465625 0.18281250000000004 0.465625 0.3218750000000001 0.5796875 0.3218750000000001
24 0.390625 0.18593750000000003 0.3078125 0.18593750000000003 0.3078125 0.29531250000000003 0.390625 0.2953125000000001
24 0.359375 0.18867187500000004 0.25390625 0.18867187500000004 0.25390625 0.265625 0.359375 0.265625
24 0.4609375 0.21445312500000005 0.355859375 0.214453125 0.355859375 0.296484375 0.4609375 0.2964843750000001
24 0.49375 0.20312500000000008 0.4171875 0.20312500000000008 0.4171875 0.3125000000000001 0.49375 0.3125000000000001