24 0.3500000000000001 0.7359375 9.012635037475052e-17 0.7359375 1.0342524920924131e-16 0.953125 0.3500000000000001 0.953125
24 0.6421875000000001 0.66328125 0.445703125 0.66328125 0.4457031250000001 1 0.6421875000000001 1
24 0.7640625000000001 0.7125000000000001 0.3421875000000001 0.7125 0.3421875000000001 0.8640625 0.7640625000000002 0.8640625
24 0.3750000000000001 0.6484375 7.941069088221118e-17 0.6484375 8.859554187581632e-17 0.7984375 0.3750000000000001 0.7984375
24 0.3984375000000001 0.58125 7.11825952004399e-17 0.58125 7.998474406931151e-17 0.725 0.3984375000000001 0.725
24 0.6671875 0.4875 0.49375 0.4875 0.4937500000000001 0.9109375 0.6671875000000002 0.9109375
24 0.8859375 0.8859375 0.7183593750000001 0.8859375 0.7183593750000001 1 0.8859375 1
24 0.9078125 0.8109375 0.7109375000000002 0.8109375 0.7109375000000002 0.925 0.9078125 0.925
24 0.8796875 0.6890625000000001 0.7859375 0.6890625000000001 0.7859375000000001 0.8828125 0.8796875 0.8828125
24 0.9546875 0.6550781250000002 0.740625 0.6550781250000002 0.7406250000000001 0.7671875000000001 0.9546875 0.7671875000000001
24 0.4125 0.5265625 6.448530801760282e-17 0.5265625 7.213935051227377e-17 0.6515625 0.4125 0.6515625
24 0.5921875 0.19531250000000006 0.453125 0.19531250000000006 0.453125 0.30937500000000007 0.5921875 0.30937500000000007
24 0.403125 0.19921875000000006 0.29453125 0.19921875000000006 0.29453125 0.28125000000000006 0.403125 0.2812500000000001
24 0.3453125 0.17460937500000004 0.2671875 0.17460937500000004 0.2671875 0.2796875 0.3453125 0.2796875
24 0.4484375 0.2035156250000001 0.367578125 0.2035156250000001 0.367578125 0.3078125000000001 0.4484375 0.3078125000000001
24 0.49375 0.20312500000000008 0.4171875 0.20312500000000008 0.4171875 0.3125000000000001 0.49375 0.3125000000000001