24 0.90625 9.794782504899241e-17 0.693359375 8.491203392525594e-17 0.693359375 0.3859375000000001 0.90625 0.3859375000000001
24 0.5109375 4.9512087387402755e-17 0.29765625 3.645237738087043e-17 0.29765625000000007 0.36718750000000006 0.5109375 0.3671875000000001
24 0.6109375 0.18007812500000006 0.182421875 0.18007812500000003 0.182421875 0.32812500000000006 0.6109375 0.3281250000000001
24 0.8609375 0.10507812500000009 0.71328125 0.10507812500000009 0.71328125 0.5203125000000001 0.8609375 0.5203125000000002
24 0.9796875 0.3109375000000001 0.5578125 0.3109375000000001 0.5578125 0.4531250000000001 0.9796875 0.45312500000000017
24 0.4546875 0.12968750000000004 0.285546875 0.12968750000000004 0.28554687500000003 0.5578125 0.4546875 0.5578125
24 0.221875 1.915902511947324e-17 0.091015625 1.1146199382864581e-17 0.09101562500000002 0.15625000000000003 0.221875 0.15625000000000006
24 0.2046875 0.09570312500000003 0.09804687500000002 0.09570312500000003 0.09804687500000002 0.2578125 0.2046875 0.2578125
24 0.2078125 0.2171875 0.05039062500000002 0.2171875 0.050390625000000036 0.303125 0.2078125 0.303125
24 0.20781250000000004 0.284375 0.028515625000000034 0.284375 0.028515625000000037 0.390625 0.2078125000000001 0.390625
24 0.9703125 0.3871093750000001 0.541796875 0.3871093750000001 0.541796875 0.5078125000000001 0.9703125 0.5078125000000002
24 0.4984375000000002 0.7265625 0.3843750000000001 0.7265625 0.3843750000000001 0.86875 0.4984375000000002 0.86875
24 0.6734375000000001 0.764453125 0.5621093750000001 0.764453125 0.5621093750000001 0.846484375 0.6734375000000001 0.846484375
24 0.7171875000000002 0.779296875 0.6101562500000002 0.779296875 0.6101562500000002 0.8546875 0.7171875000000002 0.8546875
24 0.6109375000000001 0.749609375 0.5046875000000002 0.749609375 0.5046875000000002 0.83125 0.6109375000000001 0.83125
24 0.5640625000000001 0.751953125 0.4527343750000002 0.751953125 0.4527343750000002 0.827734375 0.5640625000000001 0.827734375