24 0.3500000000000001 0.7359375 9.012635037475052e-17 0.7359375 1.0342524920924131e-16 0.953125 0.3500000000000001 0.953125
24 0.7804687500000002 0.8015625 0.3078125000000001 0.8015625 0.3078125000000001 0.9984375 0.7804687500000002 0.9984375
24 0.7640625000000001 0.7125000000000001 0.3421875000000001 0.7125 0.3421875000000001 0.8640625 0.7640625000000002 0.8640625
24 0.3750000000000001 0.6484375 7.941069088221118e-17 0.6484375 8.859554187581632e-17 0.7984375 0.3750000000000001 0.7984375
24 0.3984375000000001 0.58125 7.11825952004399e-17 0.58125 7.998474406931151e-17 0.725 0.3984375000000001 0.725
24 0.7921875 0.6125 0.3687500000000001 0.6125 0.3687500000000001 0.7859375000000001 0.7921875000000002 0.7859375000000002
24 0.88671875 0.8859375 0.7187500000000002 0.8859375 0.7187500000000002 1 0.88671875 1
24 0.9078125 0.8109375 0.7109375000000002 0.8109375 0.7109375000000002 0.925 0.9078125 0.925
24 0.9296875 0.7390625000000002 0.7359375000000001 0.7390625000000002 0.7359375000000001 0.8328125 0.9296875 0.8328125
24 0.9546875 0.6546875000000002 0.740625 0.6546875000000002 0.7406250000000001 0.7679687500000002 0.9546875 0.7679687500000002
24 0.4125 0.5265625 6.448530801760282e-17 0.5265625 7.213935051227377e-17 0.6515625 0.4125 0.6515625
24 0.5796875 0.18281250000000007 0.465625 0.18281250000000004 0.465625 0.3218750000000001 0.5796875 0.3218750000000001
24 0.390625 0.18593750000000003 0.3078125 0.18593750000000003 0.3078125 0.29531250000000003 0.390625 0.2953125000000001
24 0.3453125 0.17500000000000004 0.2671875 0.17500000000000004 0.2671875 0.28046875 0.3453125 0.28046875
24 0.44921875 0.20312500000000008 0.3671875 0.20312500000000008 0.3671875 0.3085937500000001 0.44921875 0.3085937500000001
24 0.49375 0.20312500000000008 0.4171875 0.20312500000000008 0.4171875 0.3125000000000001 0.49375 0.3125000000000001