24 0.9984375 0.751544915625 0.6497588421875002 0.751544915625 0.6497588421875002 0.9734375 0.9984375 0.9734375
24 0.6921875000000002 0.8181169625000001 0.2071317343750001 0.8181169625000001 0.2071317343750001 0.9984375 0.6921875000000002 0.9984375
24 0.5171875000000001 0.5877311093750001 0.3625150718750001 0.5877311093750001 0.3625150718750001 1 0.5171875000000001 1
24 0.8887283968749999 0.5496608718750002 0.7343875609375 0.5496608718750002 0.7343875609375001 0.925 0.8887283968749999 0.925
24 0.9984375 0.5916097265625001 0.5995176843750001 0.5916097265625 0.5995176843750001 0.7375 0.9984375 0.7375000000000002
24 0.628125 0.6234375 0.1946543406250001 0.6234375 0.1946543406250001 0.8015625 0.6281250000000002 0.8015625
24 0.2312500000000001 0.8660696343750001 0.1364826171875001 0.8660696343750001 0.13648261718750013 1 0.2312500000000001 1
24 0.2778486734375001 0.8280370781249999 0.0752763265625001 0.8280370781249999 0.0752763265625001 0.94375 0.2778486734375001 0.94375
24 0.2000000000000001 0.7021804656249999 0.10468750000000009 0.7021804656249999 0.10468750000000009 0.901537378125 0.2000000000000001 0.901537378125
24 0.19531250000000008 0.6146126390625 0.07888112812500006 0.6146126390625 0.07888112812500009 0.834375 0.19531250000000008 0.834375
24 0.85625 0.39264720625000005 0.728125 0.39264720625000005 0.7281250000000001 0.80625 0.85625 0.80625
24 0.5296875 0.18158159218750006 0.41319332812500004 0.18158159218750006 0.41319332812500004 0.3246684093750001 0.5296875 0.3246684093750001
24 0.6921875 0.18542001562500007 0.6080385859375 0.18542001562500007 0.6080385859375 0.2968750000000001 0.6921875 0.2968750000000001
24 0.734375 0.1738645500000001 0.6546875 0.1738645500000001 0.6546875 0.2812500000000001 0.734375 0.2812500000000001
24 0.6421875 0.21519795000000008 0.535568228125 0.21519795000000008 0.535568228125 0.2984375000000001 0.6421875 0.2984375000000001
24 0.5796875 0.20203979062500008 0.5019795015625 0.20203979062500008 0.5019795015625 0.3140625000000001 0.5796875 0.3140625000000001