24 0.99921875 0.0796875000000001 0.6015625 0.07968750000000006 0.6015625 0.2945312500000001 0.99921875 0.2945312500000001
24 0.64375 0.02187500000000005 0.165625 0.021875000000000023 0.16562500000000002 0.23593750000000005 0.64375 0.23593750000000008
24 0.61171875 0.17968750000000006 0.1828125 0.17968750000000006 0.18281250000000002 0.32890625000000007 0.61171875 0.32890625000000007
24 0.9953125 0.2390625000000001 0.5796875 0.2390625000000001 0.5796875 0.3867187500000001 0.9953125 0.3867187500000001
24 0.9796875 0.3109375000000001 0.5578125 0.3109375000000001 0.5578125 0.45390625000000007 0.9796875 0.4539062500000002
24 0.58515625 0.259375 0.15625000000000006 0.259375 0.15625000000000006 0.4296875 0.58515625 0.4296875
24 0.22265625 1.9182944002269087e-17 0.090625 1.1098361617272889e-17 0.09062500000000001 0.15625000000000003 0.22265625 0.15625000000000006
24 0.23359375 0.12343750000000002 0.07031250000000003 0.1234375 0.07031250000000003 0.23046875 0.23359375 0.23046875
24 0.20859375 0.2171875 0.050000000000000024 0.2171875 0.05000000000000003 0.30390625 0.20859375 0.30390625
24 0.20859375000000005 0.284375 0.028125000000000032 0.284375 0.02812500000000004 0.39140625 0.20859375000000008 0.39140625
24 0.97109375 0.38750000000000007 0.5421875 0.38750000000000007 0.5421875 0.5085937500000001 0.97109375 0.5085937500000002
24 0.4984375000000002 0.7265625 0.3843750000000001 0.7265625 0.3843750000000001 0.86875 0.4984375000000002 0.86875
24 0.6585937500000002 0.75 0.5765625000000002 0.75 0.5765625000000002 0.86171875 0.6585937500000002 0.86171875
24 0.7015625000000002 0.7640625 0.6250000000000002 0.7640625 0.6250000000000002 0.87109375 0.7015625000000002 0.87109375
24 0.5992187500000001 0.7375 0.5171875000000001 0.7375 0.5171875000000001 0.84453125 0.5992187500000001 0.84453125
24 0.5460937500000002 0.734375 0.4703125000000002 0.734375 0.4703125000000002 0.84609375 0.5460937500000002 0.84609375