24 1 0.7508038578125001 0.6495176843750002 0.7508038578125 0.6495176843750002 0.9742765265625 1 0.9742765265625
24 0.6929260453125001 0.8183279750000001 0.20659164062500007 0.8183279750000001 0.20659164062500007 1 0.6929260453125001 1
24 0.6575562703125002 0.726688103125 0.22347266875000008 0.726688103125 0.22347266875000008 0.8826366562500001 0.6575562703125002 0.8826366562500001
24 1 0.6607717046875001 0.6237942125 0.6607717046875 0.6237942125000001 0.8151125406249999 1 0.8151125406249999
24 1 0.5916398718750001 0.59967845625 0.591639871875 0.5996784562500002 0.7395498390625 1 0.7395498390625002
24 0.6302250796875001 0.6237942125 0.1945337625000001 0.6237942125 0.1945337625000001 0.802250803125 0.6302250796875002 0.802250803125
24 0.2700964625000001 0.9051446953125 0.09726688125000012 0.9051446953125 0.09726688125000013 1 0.2700964625000001 1
24 0.2781350484375001 0.8279742765625 0.07556270156250011 0.8279742765625 0.07556270156250011 0.9453376203125 0.2781350484375001 0.9453376203125
24 0.2524115750000001 0.7540192921875 0.05305466250000009 0.7540192921875 0.053054662500000106 0.850482315625 0.2524115750000001 0.850482315625
24 0.24758842500000008 0.667202571875 0.027331189062500077 0.667202571875 0.027331189062500087 0.7837620578125 0.24758842500000008 0.7837620578125
24 1 0.5353697750000002 0.585209003125 0.535369775 0.585209003125 0.6639871375000002 1 0.6639871375000002
24 0.5305466234375 0.18167202500000004 0.4131832796875 0.18167202500000004 0.4131832796875 0.3247588421875001 0.5305466234375 0.3247588421875001
24 0.6929260453125 0.1848874593750001 0.6077170421875 0.1848874593750001 0.6077170421875 0.2974276531250001 0.6929260453125 0.2974276531250001
24 0.7347266875 0.17363344062500008 0.6543408359375 0.17363344062500008 0.6543408359375 0.2821543406250001 0.7347266875 0.2821543406250001
24 0.631832796875 0.2025723468750001 0.547427653125 0.2025723468750001 0.547427653125 0.3110932468750001 0.631832796875 0.3110932468750001
24 0.5803858515625 0.2025723468750001 0.5016077171875 0.2025723468750001 0.5016077171875 0.31511254062500005 0.5803858515625 0.31511254062500005