24 0.90625 9.794782504899241e-17 0.693359375 8.491203392525594e-17 0.693359375 0.3859375000000001 0.90625 0.3859375000000001
24 0.5109375 4.9512087387402755e-17 0.29765625 3.645237738087043e-17 0.29765625000000007 0.36718750000000006 0.5109375 0.3671875000000001
24 0.4703125 0.03945312500000005 0.322265625 0.03945312500000005 0.32226562500000006 0.468359375 0.4703125 0.468359375
24 0.8609375 0.10507812500000009 0.71328125 0.10507812500000009 0.71328125 0.5203125000000001 0.8609375 0.5203125000000002
24 0.9796875 0.3109375000000001 0.5578125 0.3109375000000001 0.5578125 0.4531250000000001 0.9796875 0.45312500000000017
24 0.584375 0.259375 0.15664062500000003 0.259375 0.15664062500000003 0.4296875 0.584375 0.4296875
24 0.234375 0.01250000000000002 0.078515625 0.012500000000000011 0.078515625 0.14375000000000002 0.234375 0.14375000000000004
24 0.2046875 0.09570312500000003 0.09804687500000002 0.09570312500000003 0.09804687500000002 0.2578125 0.2046875 0.2578125
24 0.17187500000000003 0.180859375 0.08593750000000003 0.180859375 0.08593750000000003 0.3390625 0.17187500000000006 0.3390625
24 0.17031250000000003 0.248046875 0.06523437500000002 0.248046875 0.06523437500000004 0.428125 0.17031250000000003 0.428125
24 0.816796875 0.23398437500000008 0.695703125 0.23398437500000008 0.695703125 0.6625000000000001 0.816796875 0.6625000000000002
24 0.4984375000000002 0.7265625 0.3843750000000001 0.7265625 0.3843750000000001 0.86875 0.4984375000000002 0.86875
24 0.6578125000000001 0.750390625 0.5769531250000002 0.750390625 0.5769531250000002 0.8609375 0.6578125000000001 0.8609375
24 0.7171875000000002 0.779296875 0.6101562500000002 0.779296875 0.6101562500000002 0.8546875 0.7171875000000002 0.8546875
24 0.6109375000000001 0.750390625 0.5050781250000002 0.750390625 0.5050781250000002 0.83125 0.6109375000000001 0.83125
24 0.5640625000000001 0.751953125 0.4527343750000002 0.751953125 0.4527343750000002 0.827734375 0.5640625000000001 0.827734375