24 1 0.3773437500000001 0.89140625 0.3773437500000001 0.89140625 0.4437500000000002 1 0.4437500000000002
24 0.34062500000000007 0.48359375 0.2851562500000001 0.48359375 0.2851562500000001 0.5625 0.34062500000000007 0.5625
24 0.425 0.52421875 0.3746093750000001 0.52421875 0.3746093750000001 0.5984375 0.425 0.5984375
24 0.3937500000000001 0.526953125 0.3218750000000001 0.526953125 0.3218750000000001 0.5703125 0.3937500000000001 0.5703125
24 0.2984375000000001 0.537890625 0.2035156250000001 0.537890625 0.2035156250000001 0.5921875 0.2984375000000001 0.5921875
24 0.2078125000000001 0.5328125 0.15937500000000004 0.5328125 0.15937500000000007 0.621875 0.2078125000000001 0.621875
24 0.2250000000000001 0.520703125 0.15156250000000004 0.520703125 0.15156250000000007 0.559375 0.2250000000000001 0.559375
24 0.3437500000000001 0.5421875 0.2906250000000001 0.5421875 0.2906250000000001 0.6296875 0.3437500000000001 0.6296875
24 0.2562500000000001 0.5609375 0.23007812500000008 0.5609375 0.23007812500000008 0.65 0.2562500000000001 0.65
24 0.16562500000000008 0.5609375 0.07656250000000006 0.5609375 0.07656250000000006 0.6125 0.16562500000000008 0.6125
24 0.99375 0.5925781250000002 0.8421875 0.5925781250000002 0.8421875 0.6609375000000002 0.99375 0.6609375000000002
24 0.7640625 0.5628906250000001 0.711328125 0.562890625 0.711328125 0.7250000000000001 0.7640625 0.7250000000000002
24 0.06250000000000008 0.6125 0.01875000000000008 0.6125 0.01875000000000008 0.69375 0.06250000000000008 0.69375
24 0.11875000000000009 0.7 0.04687500000000009 0.7 0.04687500000000009 0.7640625 0.11875000000000009 0.7640625
24 0.26250000000000007 0.853125 0.17343750000000008 0.853125 0.1734375000000001 0.9453125 0.26250000000000007 0.9453125
24 0.1632812500000001 0.849609375 0.07656250000000012 0.849609375 0.07656250000000012 0.9484375 0.16328125000000013 0.9484375
24 0.9671875 0.8421875 0.7777343750000002 0.8421875 0.7777343750000002 0.90625 0.9671875 0.90625
24 0.7640625000000002 0.811328125 0.5957031250000002 0.811328125 0.5957031250000002 0.8703125 0.7640625000000002 0.8703125
24 0.3937500000000001 0.8015625 0.3339843750000001 0.8015625 0.3339843750000001 0.96484375 0.3937500000000001 0.96484375
24 0.08125000000000011 0.86953125 1.0648686620710971e-16 0.86953125 1.1103145393832058e-16 0.94375 0.08125000000000011 0.94375
24 0.6046875000000002 0.8109375 0.44843750000000016 0.8109375 0.44843750000000016 0.8640625 0.6046875000000002 0.8640625
24 0.859375 0.7304687500000002 0.7976562500000002 0.7304687500000002 0.7976562500000002 0.921875 0.859375 0.921875
24 0.5687500000000001 0.612890625 0.4984375 0.612890625 0.4984375000000001 0.7359375 0.5687500000000002 0.7359375
24 0.7859375000000001 0.6250000000000002 0.726171875 0.6250000000000002 0.7261718750000001 0.7875000000000002 0.7859375000000002 0.7875000000000002
24 0.39531250000000007 0.64375 0.3394531250000001 0.64375 0.3394531250000001 0.75 0.39531250000000007 0.75
24 0.2875000000000001 0.665234375 0.2292968750000001 0.665234375 0.2292968750000001 0.7546875 0.2875000000000001 0.7546875
24 0.19687500000000008 0.678125 0.1332031250000001 0.678125 0.1332031250000001 0.7671875 0.19687500000000008 0.7671875
24 0.565625 0.453125 0.3281250000000001 0.453125 0.3281250000000001 0.540625 0.565625 0.540625
24 0.54375 0.41875 0.464453125 0.41875 0.464453125 0.6546875 0.54375 0.6546875
24 0.8 0.44218750000000007 0.562890625 0.4421875 0.562890625 0.5203125000000001 0.8 0.5203125000000002
24 0.7828125 0.4160156250000001 0.7125 0.416015625 0.7125 0.6640625000000001 0.7828125 0.6640625000000002