24 0.7421875 0.49754464375000007 0.672534496875 0.49754464374999996 0.672534496875 0.6031250000000001 0.7421875 0.6031250000000001
24 0.6578125 0.5528510546875001 0.5945718359375001 0.5528510546875001 0.5945718359375001 0.653125 0.6578125 0.653125
24 0.7140625 0.556371753125 0.6204849828125 0.556371753125 0.6204849828125 0.612378246875 0.7140625 0.612378246875
24 0.8515625 0.5521103890625001 0.72963676875 0.5521103890625001 0.72963676875 0.6234375000000002 0.8515625 0.6234375000000002
24 0.9265625 0.5624391218750001 0.8122564921875 0.5624391218750001 0.8122564921875 0.6234375000000002 0.9265625 0.6234375000000002
24 0.8734375 0.5079342531250002 0.8234375 0.5079342531250002 0.8234375 0.6012784093750001 0.8734375 0.6012784093750001
24 0.784375 0.58289366875 0.6704139609374999 0.5828936687499999 0.6704139609374999 0.6515625 0.784375 0.6515625000000002
24 0.834375 0.5776075484375002 0.7943993500000001 0.5776075484375002 0.7943993500000001 0.6843750000000002 0.834375 0.6843750000000002
24 0.971875 0.5353388796875002 0.9050324671875 0.5353388796875002 0.9050324671875 0.6515625000000002 0.971875 0.6515625000000002
24 0.1899046265625001 0.6933238640625 0.06165787343750009 0.6933238640625 0.06165787343750009 0.7765625 0.1899046265625001 0.7765625
24 0.3937500000000001 0.6962865265625 0.1984375000000001 0.6962865265625 0.1984375000000001 0.7734375 0.3937500000000001 0.7734375
24 0.9984375 0.7080458609375002 0.9884232953125001 0.7080458609375002 0.9884232953125001 0.7843750000000002 0.9984375 0.7843750000000002
24 0.9984375 0.8900771093750001 0.8957183453124999 0.8900771093750001 0.8957183453124999 0.9890625 0.9984375 0.9890625
24 0.2890625000000001 0.8879058437499999 0.24679383125000007 0.8879058437499999 0.24679383125000007 1 0.2890625000000001 1
24 0.4812500000000002 0.8401278421875 0.3958908265625001 0.8401278421875 0.3958908265625001 1 0.4812500000000002 1
24 0.840432225 0.8463271109375 0.7546875000000002 0.8463271109375 0.7546875000000002 1 0.840432225 1
24 0.6984375000000002 0.8786424500000001 0.5117897718750002 0.8786424500000001 0.5117897718750002 0.9546875 0.6984375000000002 0.9546875
24 0.3187500000000001 0.83022524375 0.22812500000000008 0.83022524375 0.22812500000000008 1 0.3187500000000001 1
24 0.5765625000000001 0.6627435078125 0.4852577109375 0.6627435078125 0.4852577109375001 0.821875 0.5765625000000002 0.821875
24 0.3437500000000001 0.70493100625 0.2567978906250001 0.70493100625 0.2567978906250001 0.9046063312499999 0.3437500000000001 0.9046063312499999
24 0.784375 0.7079849828125001 0.6489143671875001 0.7079849828125 0.6489143671875002 0.7812500000000001 0.7843750000000002 0.7812500000000002
24 0.878125 0.6845677765625002 0.804159903125 0.6845677765625002 0.804159903125 0.8046875 0.878125 0.8046875
24 0.9998173703125 0.7078835234375002 0.8845576296875001 0.7078835234375002 0.8845576296875001 0.7859375000000002 0.9998173703125 0.7859375000000002
24 0.6125 0.3956777593750001 0.48833198125 0.3956777593750001 0.48833198125 0.6828125 0.6125 0.6828125
24 0.646875 0.5319399359375 0.3634740265625001 0.5319399359375 0.3634740265625001 0.646875 0.646875 0.646875
24 0.34843750000000007 0.409375 0.23578530781250007 0.409375 0.23578530781250007 0.69375 0.34843750000000007 0.69375
24 0.3906250000000001 0.5734375 0.09687500000000007 0.5734375 0.09687500000000007 0.6796875 0.3906250000000001 0.6796875