24 0.9984375 0.3375000000000001 0.93125 0.3375000000000001 0.93125 0.48437500000000017 0.9984375 0.48437500000000017
24 0.3531250000000001 0.4953125 0.2734375000000001 0.4953125 0.2734375000000001 0.5515625 0.3531250000000001 0.5515625
24 0.4375 0.5359375 0.3628906250000001 0.5359375 0.3628906250000001 0.5875 0.4375 0.5875
24 0.37968750000000007 0.512890625 0.3359375000000001 0.512890625 0.3359375000000001 0.584375 0.37968750000000007 0.584375
24 0.2984375000000001 0.537109375 0.20273437500000008 0.537109375 0.20273437500000008 0.5921875 0.2984375000000001 0.5921875
24 0.22812500000000008 0.553125 0.1390625000000001 0.553125 0.1390625000000001 0.6015625 0.22812500000000008 0.6015625
24 0.2250000000000001 0.5203125 0.15156250000000004 0.5203125 0.15156250000000007 0.559375 0.2250000000000001 0.559375
24 0.3609375000000001 0.559375 0.2734375000000001 0.559375 0.2734375000000001 0.6125 0.3609375000000001 0.6125
24 0.2562500000000001 0.561328125 0.2296875000000001 0.561328125 0.2296875000000001 0.65 0.2562500000000001 0.65
24 0.16562500000000008 0.5609375 0.07656250000000006 0.5609375 0.07656250000000006 0.6125 0.16562500000000008 0.6125
24 0.953125 0.5511718750000002 0.88359375 0.5511718750000002 0.88359375 0.7015625000000002 0.953125 0.7015625000000002
24 0.7640625 0.5625000000000001 0.710546875 0.5625 0.710546875 0.7250000000000001 0.7640625 0.7250000000000002
24 0.06250000000000008 0.6125 0.01875000000000008 0.6125 0.01875000000000008 0.69375 0.06250000000000008 0.69375
24 0.11875000000000009 0.7 0.04687500000000009 0.7 0.04687500000000009 0.7640625 0.11875000000000009 0.7640625
24 0.26250000000000007 0.853125 0.17343750000000008 0.853125 0.1734375000000001 0.9453125 0.26250000000000007 0.9453125
24 0.1640625000000001 0.849609375 0.07734375000000011 0.849609375 0.07734375000000011 0.9484375 0.16406250000000014 0.9484375
24 0.9046875 0.7796875000000002 0.841015625 0.7796875000000002 0.841015625 0.96875 0.9046875 0.96875
24 0.7640625000000002 0.811328125 0.5957031250000002 0.811328125 0.5957031250000002 0.8703125 0.7640625000000002 0.8703125
24 0.3937500000000001 0.8015625 0.3339843750000001 0.8015625 0.3339843750000001 0.96484375 0.3937500000000001 0.96484375
24 0.07500000000000011 0.8625 1.0562578642645922e-16 0.8625 1.1107929170391227e-16 0.9515625 0.07500000000000011 0.9515625
24 0.6046875000000002 0.8109375 0.44843750000000016 0.8109375 0.44843750000000016 0.8640625 0.6046875000000002 0.8640625
24 0.859375 0.7304687500000002 0.7976562500000002 0.7304687500000002 0.7976562500000002 0.921875 0.859375 0.921875
24 0.5687500000000001 0.612890625 0.4984375 0.612890625 0.4984375000000001 0.7359375 0.5687500000000002 0.7359375
24 0.7859375000000001 0.6257812500000002 0.726171875 0.6257812500000002 0.7261718750000001 0.7875000000000002 0.7859375000000002 0.7875000000000002
24 0.39531250000000007 0.64375 0.3394531250000001 0.64375 0.3394531250000001 0.75 0.39531250000000007 0.75
24 0.2875000000000001 0.665234375 0.2292968750000001 0.665234375 0.2292968750000001 0.7546875 0.2875000000000001 0.7546875
24 0.2093750000000001 0.690625 0.12031250000000009 0.690625 0.12031250000000009 0.7546875 0.2093750000000001 0.7546875
24 0.565625 0.453125 0.3285156250000001 0.453125 0.3285156250000001 0.540625 0.565625 0.540625
24 0.54375 0.41875 0.464453125 0.41875 0.464453125 0.6546875 0.54375 0.6546875
24 0.7203125 0.3625000000000001 0.642578125 0.3625000000000001 0.642578125 0.6 0.7203125 0.6
24 0.871875 0.5046875000000001 0.6234375 0.5046875 0.6234375 0.5750000000000001 0.871875 0.5750000000000002