24 0.7613636359375 0.5162337656250001 0.6542207796875 0.516233765625 0.6542207796875 0.5860389609375001 0.7613636359375 0.5860389609375002
24 0.677759740625 0.5714285718750001 0.5762987015625 0.5714285718750001 0.5762987015625 0.6363636359375 0.677759740625 0.6363636359375
24 0.7150974031249999 0.5568181812499999 0.6201298703125 0.5568181812499999 0.6201298703125 0.6128246749999999 0.7150974031249999 0.6128246749999999
24 0.8522727265625001 0.5519480515625002 0.7288961031250001 0.5519480515625002 0.7288961031250001 0.6233766234375002 0.8522727265625001 0.6233766234375002
24 0.9269480515625 0.5616883109375002 0.8116883109374999 0.5616883109375002 0.8116883109374999 0.6241883109375002 0.9269480515625 0.6241883109375002
24 0.8952922078125001 0.5292207796875001 0.8019480515625 0.5292207796875001 0.8019480515625 0.5803571421875001 0.8952922078125001 0.5803571421875001
24 0.7857142859375 0.5827922078125001 0.6704545453125 0.5827922078125 0.6704545453125 0.6517857140625001 0.7857142859375 0.6517857140625002
24 0.86850649375 0.6103896109375002 0.7613636359375 0.6103896109375002 0.7613636359375 0.6517857140625002 0.86850649375 0.6517857140625002
24 0.9975649343749999 0.5600649343750002 0.8798701296875 0.5600649343750002 0.8798701296875 0.6274350656250002 0.9975649343749999 0.6274350656250002
24 0.1899350656250001 0.6931818187500001 0.06168831093750009 0.6931818187500001 0.06168831093750009 0.7784090906250001 0.1899350656250001 0.7784090906250001
24 0.3944805187500001 0.6964285718750001 0.1980519484375001 0.6964285718750001 0.1980519484375001 0.7751623375000001 0.3944805187500001 0.7751623375000001
24 1 0.7077922078125002 0.9886363640625 0.7077922078125002 0.9886363640625 0.7849025968750002 1 0.7849025968750002
24 1 0.8896103890625 0.8961038968749999 0.8896103890625 0.8961038968749999 0.9894480515625 1 0.9894480515625
24 0.3587662343750001 0.95616883125 0.17857142812500013 0.95616883125 0.17857142812500013 1 0.3587662343750001 1
24 0.5405844156250001 0.89935065 0.3360389609375001 0.89935065 0.3360389609375001 0.9853896109375 0.5405844156250001 0.9853896109375
24 0.8977272734374999 0.9025974031249999 0.6980519484375002 0.9025974031249999 0.6980519484375002 0.9886363640625 0.8977272734374999 0.9886363640625
24 0.6988636359375001 0.8782467531249999 0.5113636359375001 0.8782467531249999 0.5113636359375001 0.9553571421875 0.6988636359375001 0.9553571421875
24 0.38879870156250007 0.89935065 0.1590909093750001 0.89935065 0.1590909093750001 0.9902597406250001 0.38879870156250007 0.9902597406250001
24 0.6112012984375002 0.6964285718750001 0.45129870156249996 0.6964285718750001 0.45129870156250007 0.7889610390625 0.6112012984375002 0.7889610390625
24 0.4009740265625002 0.7613636359375 0.20129870156250007 0.7613636359375 0.20129870156250007 0.8490259734375 0.4009740265625002 0.8490259734375
24 0.7857142859375001 0.7077922078125001 0.6493506499999999 0.7077922078125 0.64935065 0.7816558437500001 0.7857142859375001 0.7816558437500002
24 0.9017857140625001 0.7077922078125002 0.7808441562499999 0.7077922078125002 0.78084415625 0.7824675328125001 0.9017857140625001 0.7824675328125001
24 1 0.7077922078125002 0.8847402593749999 0.7077922078125002 0.8847402593749999 0.7873376625000001 1 0.7873376625000001
24 0.6956168828125 0.47727272656249997 0.40746753281250003 0.47727272656249997 0.40746753281250003 0.6022727265625 0.6956168828125 0.6022727265625
24 0.6485389609375 0.5324675328125 0.3636363640625001 0.5324675328125 0.3636363640625001 0.6477272734375 0.6485389609375 0.6477272734375
24 0.435064934375 0.49512987031250005 0.14935065000000006 0.49512987031250005 0.14935065000000008 0.608766234375 0.435064934375 0.608766234375
24 0.3912337656250001 0.5730519484375 0.09740259687500007 0.5730519484375 0.09740259687500008 0.6801948046875 0.3912337656250001 0.6801948046875