24 0.759375 0.5165888796875 0.6542004875 0.5165888796875 0.6542004875 0.5859375000000001 0.759375 0.5859375000000002
24 0.6765625 0.5714387171875 0.5766132296875 0.5714387171875 0.5766132296875 0.634375 0.6765625 0.634375
24 0.6951704546874999 0.5369825484375 0.6391639609374999 0.5369825484375 0.6391639609374999 0.63125 0.6951704546874999 0.63125
24 0.825 0.5252333609375002 0.7550324671875 0.5252333609375002 0.7550324671875 0.6484375000000002 0.825 0.6484375000000002
24 0.8998173703125 0.5358766218750002 0.8375 0.5358766218750002 0.8375 0.6500000000000001 0.8998173703125 0.6500000000000001
24 0.895109578125 0.5296875000000002 0.801765421875 0.5296875000000002 0.801765421875 0.5796875000000001 0.895109578125 0.5796875000000001
24 0.7609375 0.5596996750000001 0.6936891234375 0.559699675 0.6936891234375 0.6749594156250001 0.7609375 0.6749594156250002
24 0.8684151796874999 0.6105519484375002 0.7612723203125 0.6105519484375002 0.7612723203125 0.6500000000000001 0.8684151796874999 0.6500000000000001
24 0.971875 0.5344663156250002 0.9050324671875 0.5344663156250002 0.9050324671875 0.6515625000000002 0.971875 0.6515625000000002
24 0.1671875000000001 0.671702515625 0.08334009687500009 0.671702515625 0.08334009687500009 0.7999492703125 0.1671875000000001 0.7999492703125
24 0.3937500000000001 0.6965706171875 0.1984375000000001 0.6965706171875 0.1984375000000001 0.7734375 0.3937500000000001 0.7734375
24 1 0.7406250000000002 0.9555093343750001 0.7406250000000002 0.9555093343750001 0.7515625000000001 1 0.7515625000000001
24 0.9984375 0.8900771093750001 0.8957183453124999 0.8900771093750001 0.8957183453124999 0.9890625 0.9984375 0.9890625
24 0.2890625000000001 0.8880681812500001 0.2467126625000001 0.8880681812500001 0.2467126625000001 1 0.2890625000000001 1
24 0.5405539765625001 0.8999492703125 0.3360085234375001 0.8999492703125 0.3360085234375001 0.984375 0.5405539765625001 0.984375
24 0.896875 0.9030742703125 0.6985998375000002 0.9030742703125 0.6985998375000002 0.9875 0.896875 0.9875
24 0.6984375000000002 0.8786424500000001 0.5117897718750002 0.8786424500000001 0.5117897718750002 0.9546875 0.6984375000000002 0.9546875
24 0.3187500000000001 0.83022524375 0.22812500000000008 0.83022524375 0.22812500000000008 1 0.3187500000000001 1
24 0.5765625000000001 0.6627435078125 0.484709821875 0.6627435078125 0.4847098218750001 0.821875 0.5765625000000002 0.821875
24 0.4000000000000002 0.7609375 0.2017248375000001 0.7609375 0.2017248375000001 0.8484375 0.4000000000000002 0.8484375
24 0.753125 0.6765625000000001 0.6804078734375001 0.6765625 0.6804078734375001 0.8124695624999999 0.7531250000000002 0.8124695624999999
24 0.9 0.7079748375000002 0.7809354703125 0.7079748375000002 0.7809354703125001 0.7812500000000002 0.9 0.7812500000000002
24 0.98125 0.6897524343750001 0.9025060874999999 0.6897524343750001 0.9025060874999999 0.8046875 0.98125 0.8046875
24 0.69375 0.4765625 0.407487825 0.4765625 0.407487825 0.6015625 0.69375 0.6015625
24 0.646875 0.5329951296875 0.36379870156250005 0.5329951296875 0.36379870156250005 0.646875 0.646875 0.646875
24 0.34843750000000007 0.409375 0.2349939125000001 0.409375 0.2349939125000001 0.69375 0.34843750000000007 0.69375
24 0.3906250000000001 0.5734375 0.09687500000000007 0.5734375 0.09687500000000007 0.6796875 0.3906250000000001 0.6796875