24 0.4625 0.3000000000000001 0.390625 0.3000000000000001 0.39062500000000006 0.5875 0.4625 0.5875
24 0.559375 0.3746093750000001 0.49921875 0.3746093750000001 0.49921875 0.625 0.559375 0.625
24 0.56171875 0.426171875 0.503125 0.426171875 0.503125 0.66875 0.56171875 0.66875
24 0.928125 0.4750000000000001 0.656640625 0.475 0.656640625 0.5484375000000001 0.928125 0.5484375000000001
24 0.8640625 0.5296875000000001 0.653515625 0.5296875 0.653515625 0.58125 0.8640625 0.5812500000000002
24 0.8375 0.5707031250000001 0.6234375 0.570703125 0.6234375 0.6140625000000001 0.8375 0.6140625000000002
24 0.540625 0.48984375 0.49453125 0.48984375 0.49453125 0.69375 0.540625 0.69375
24 0.15937500000000007 0.3984375 4.8794520903527353e-17 0.3984375 5.826639849068266e-17 0.553125 0.1593750000000001 0.553125
24 0.25468750000000007 0.464453125 0.17187500000000006 0.464453125 0.17187500000000006 0.55 0.25468750000000007 0.55
24 0.12343750000000009 0.697265625 8.539041158117287e-17 0.697265625 8.936094612528342e-17 0.762109375 0.12343750000000009 0.762109375
24 0.6796875000000002 0.7375 0.4593750000000002 0.7375 0.4593750000000002 0.79375 0.6796875000000002 0.79375
24 0.3921875000000001 0.7828125 0.1984375000000001 0.7828125 0.1984375000000001 0.834375 0.3921875000000001 0.834375
24 0.2968750000000001 0.690625 0.23593750000000008 0.690625 0.23593750000000008 0.8328125 0.2968750000000001 0.8328125
24 0.5828125000000001 0.6984375 0.5453125 0.6984375 0.5453125000000001 0.9078125 0.5828125000000002 0.9078125
24 0.9953125 0.5812500000000002 0.853125 0.5812500000000002 0.853125 0.6390625000000002 0.9953125 0.6390625000000002
24 0.996875 0.5312500000000002 0.8546875 0.5312500000000002 0.8546875 0.5875000000000001 0.996875 0.5875000000000001
24 0.9875 0.47656250000000017 0.934765625 0.47656250000000017 0.934765625 0.5515625000000002 0.9875 0.5515625000000002
24 0.9875 0.4273437500000002 0.93203125 0.4273437500000002 0.93203125 0.5062500000000002 0.9875 0.5062500000000002
24 0.1578125 1.1289712679639661e-17 0.0265625 3.2529680602351567e-18 0.02656250000000001 0.1390625 0.1578125 0.1390625
24 0.16562500000000005 0.201953125 0.002734375000000025 0.201953125 0.002734375000000034 0.351171875 0.16562500000000005 0.351171875
24 0.384375 0.26601562500000003 0.16406250000000006 0.266015625 0.16406250000000006 0.3296875 0.384375 0.3296875000000001
24 0.2640625000000001 0.4078125 0.15820312500000006 0.4078125 0.15820312500000006 0.4640625 0.2640625000000001 0.4640625