24 0.7828125 0.3951259718750001 0.4649653984375 0.3951259718750001 0.4649653984375 0.47343750000000007 0.7828125 0.4734375000000002
24 0.65 0.4640625 0.37228049375000005 0.4640625 0.37228049375000005 0.5296875 0.65 0.5296875
24 0.5390625 0.414681553125 0.474740484375 0.414681553125 0.474740484375 0.684375 0.5390625 0.684375
24 0.3687500000000001 0.46875 0.06857969375000007 0.46875 0.06857969375000007 0.55 0.3687500000000001 0.55
24 0.3734375000000001 0.5296875 0.13951124531250006 0.5296875 0.1395112453125001 0.5859375 0.3734375000000001 0.5859375
24 0.4046875 0.5745647703125 0.1697691406250001 0.5745647703125 0.1697691406250001 0.621875 0.4046875 0.621875
24 0.6359375 0.5720615265625 0.410734753125 0.5720615265625 0.410734753125 0.6234375 0.6359375 0.6234375
24 0.9999486375 0.3843750000000001 0.9203638625 0.3843750000000001 0.9203638625 0.5546875000000002 0.9999486375 0.5546875000000002
24 0.9078125 0.4593750000000002 0.8127865468750001 0.4593750000000002 0.8127865468750001 0.5500000000000002 0.9078125 0.5500000000000002
24 0.49687500000000007 0.669323096875 0.43508866875 0.669323096875 0.4350886687500001 0.9125 0.4968750000000002 0.9125
24 0.8765625 0.8096426250000001 0.6629947015625002 0.8096426250000001 0.6629947015625002 0.865625 0.8765625 0.865625
24 0.834375 0.7080530921875001 0.7677795203125 0.7080530921875001 0.7677795203125001 0.8640625 0.834375 0.8640625
24 0.4921875000000001 0.7158196359375 0.4517057734375 0.7158196359375 0.4517057734375001 0.946875 0.49218750000000017 0.946875
24 0.10781250000000006 0.5421875 0.04466100781250006 0.5421875 0.04466100781250008 0.69375 0.10781250000000009 0.69375
24 0.15000000000000008 0.53135813125 6.507260346362317e-17 0.53135813125 6.879732805031525e-17 0.5921875 0.15000000000000008 0.5921875
24 0.07343750000000007 0.4823096890625 5.906590169081459e-17 0.4823096890625 6.263668463485917e-17 0.540625 0.07343750000000007 0.540625
24 0.07656250000000006 0.4296875 5.262154215086284e-17 0.4296875 5.635288786701493e-17 0.490625 0.07656250000000006 0.490625
24 1 0.009380406250000115 0.9126351640625 0.00938040625000011 0.9126351640625 0.08723507812500012 1 0.08723507812500013
24 0.9984375 0.15873702500000014 0.9209829140625001 0.15873702500000014 0.9209829140625001 0.3390625000000001 0.9984375 0.3390625000000001
24 0.828125 0.1503703515625001 0.757434040625 0.1503703515625001 0.757434040625 0.39518004062500006 0.828125 0.39518004062500006
24 0.89375 0.36596020781250005 0.832352940625 0.36596020781250005 0.832352940625 0.48437500000000017 0.89375 0.48437500000000017