24 0.5703125 0.4078125 0.2828125000000001 0.4078125 0.2828125000000001 0.4796875 0.5703125 0.4796875
24 0.6546875 0.470703125 0.403125 0.470703125 0.403125 0.5296875 0.6546875 0.5296875
24 0.6546875 0.518359375 0.4109375 0.518359375 0.4109375 0.5765625 0.6546875 0.5765625
24 0.828125 0.3750000000000001 0.755859375 0.3750000000000001 0.755859375 0.6468750000000002 0.828125 0.6468750000000002
24 0.8640625 0.5296875000000001 0.652734375 0.5296875 0.652734375 0.58125 0.8640625 0.5812500000000002
24 0.8375 0.5699218750000001 0.6234375 0.569921875 0.6234375 0.6140625000000001 0.8375 0.6140625000000002
24 0.540625 0.48984375 0.49453125 0.48984375 0.49453125 0.69375 0.540625 0.69375
24 0.15625000000000006 0.39609375 0.0023437500000000485 0.39609375 0.0023437500000000585 0.5546875 0.15625000000000008 0.5546875
24 0.2562500000000001 0.466015625 0.17031250000000003 0.466015625 0.17031250000000006 0.5484375 0.2562500000000001 0.5484375
24 0.0640625000000001 0.6375 0.0003906250000000781 0.6375 0.00039062500000008936 0.821875 0.0640625000000001 0.821875
24 0.6796875000000002 0.7375 0.4593750000000002 0.7375 0.4593750000000002 0.79375 0.6796875000000002 0.79375
24 0.3203125000000001 0.71171875 0.2695312500000001 0.71171875 0.2695312500000001 0.9046875 0.3203125000000001 0.9046875
24 0.2968750000000001 0.690625 0.23593750000000008 0.690625 0.23593750000000008 0.8328125 0.2968750000000001 0.8328125
24 0.5828125000000001 0.6984375 0.5453125 0.6984375 0.5453125000000001 0.9078125 0.5828125000000002 0.9078125
24 0.953125 0.5390625000000002 0.8953125 0.5390625000000002 0.8953125 0.6812500000000001 0.953125 0.6812500000000001
24 0.996875 0.5312500000000002 0.8546875 0.5312500000000002 0.8546875 0.5875000000000001 0.996875 0.5875000000000001
24 0.9875 0.47578125000000016 0.934765625 0.47578125000000016 0.934765625 0.5515625000000002 0.9875 0.5515625000000002
24 0.9875 0.4273437500000002 0.93203125 0.4273437500000002 0.93203125 0.5062500000000002 0.9875 0.5062500000000002
24 0.1609375 0.003906250000000011 0.02265625 0.003906250000000003 0.02265625000000001 0.134375 0.1609375 0.134375
24 0.15781250000000005 0.194921875 0.008984375000000025 0.194921875 0.008984375000000034 0.3578125 0.15781250000000005 0.3578125
24 0.384375 0.26601562500000003 0.16406250000000006 0.266015625 0.16406250000000006 0.3296875 0.384375 0.3296875000000001
24 0.2390625000000001 0.3828125 0.18320312500000005 0.3828125 0.18320312500000005 0.4890625 0.2390625000000001 0.4890625