24 0.66369755625 0.2746539781250001 0.584375 0.2746539781250001 0.584375 0.5921875 0.66369755625 0.5921875
24 0.54375 0.3580071375000001 0.478125 0.3580071375000001 0.478125 0.6359375 0.54375 0.6359375
24 0.5390625 0.41490322187500006 0.474221453125 0.41490322187500006 0.474221453125 0.684375 0.5390625 0.684375
24 0.3687500000000001 0.468998703125 0.06809850625000007 0.468998703125 0.06809850625000007 0.55 0.3687500000000001 0.55
24 0.3734375000000001 0.5296875 0.13906250000000003 0.5296875 0.13906250000000006 0.5859375 0.3734375000000001 0.5859375
24 0.4046875 0.5742241578125 0.1693312062500001 0.5742241578125 0.1693312062500001 0.621875 0.4046875 0.621875
24 0.6359375 0.57326719375 0.409375 0.57326719375 0.409375 0.6234375 0.6359375 0.6234375
24 1 0.4298794343750002 0.875 0.4298794343750002 0.875 0.5093750000000001 1 0.5093750000000001
24 0.9078125 0.4593750000000002 0.8126459765625 0.4593750000000002 0.8126459765625 0.5500000000000002 0.9078125 0.5500000000000002
24 0.49687500000000007 0.669323096875 0.43508866875 0.669323096875 0.4350886687500001 0.9125 0.4968750000000002 0.9125
24 0.7983969500000001 0.7306039140625001 0.7413035250000002 0.7306039140625001 0.7413035250000002 0.94375 0.7983969500000001 0.94375
24 0.834375 0.7071718218750002 0.768552659375 0.7071718218750002 0.7685526593750001 0.8640625 0.834375 0.8640625
24 0.4921875000000001 0.7167063140625001 0.4514084125 0.7167063140625001 0.4514084125000001 0.946875 0.49218750000000017 0.946875
24 0.1515625000000001 0.5859618296875 7.175962791493234e-17 0.5859618296875 7.567934516605909e-17 0.6499756703124999 0.1515625000000001 0.6499756703124999
24 0.15000000000000008 0.5309256062500001 0.00025951562500006503 0.5309256062500001 0.0002595156250000688 0.5921875 0.15000000000000008 0.5921875
24 0.06562500000000007 0.47521626250000004 0.0073961953125000575 0.47521626250000004 0.007396195312500062 0.5484375 0.06562500000000007 0.5484375
24 0.06875000000000006 0.4211451125 0.007812500000000052 0.4211451125 0.007812500000000057 0.4984375 0.06875000000000006 0.4984375
24 1 0.0000054062500001177055 0.9222804921875 0.000005406250000112947 0.9222804921875 0.09687500000000013 1 0.09687500000000013
24 0.9984375 0.15873702500000014 0.9209829140625001 0.15873702500000014 0.9209829140625001 0.3390625000000001 0.9984375 0.3390625000000001
24 0.9140625 0.23651059843750008 0.6702665453125001 0.23651059843750008 0.6702665453125001 0.3078125000000001 0.9140625 0.3078125000000001
24 0.89375 0.36596020781250005 0.832352940625 0.36596020781250005 0.832352940625 0.48437500000000017 0.89375 0.48437500000000017