24 0.783737025 0.3944636671875001 0.46539792343749997 0.3944636671875001 0.46539792343749997 0.4740484421875001 0.783737025 0.4740484421875002
24 0.65051903125 0.46366782031250003 0.3719723187500001 0.46366782031250003 0.3719723187500001 0.5302768171875 0.65051903125 0.5302768171875
24 0.6418685125 0.5173010375 0.3719723187500001 0.5173010375 0.3719723187500001 0.58217993125 0.6418685125 0.58217993125
24 0.3702422140625001 0.46885813125000003 0.06833910000000007 0.46885813125000003 0.06833910000000007 0.5501730109375 0.3702422140625001 0.5501730109375
24 0.3737024218750001 0.5294117640625 0.13927335625000004 0.5294117640625 0.13927335625000006 0.586505190625 0.3737024218750001 0.586505190625
24 0.40657439375 0.5743944640625 0.1695501734375001 0.5743944640625 0.1695501734375001 0.623702421875 0.40657439375 0.623702421875
24 0.6366782 0.572664359375 0.4100346015625 0.572664359375 0.4100346015625 0.6245674734375 0.6366782 0.6245674734375
24 1 0.3840830453125001 0.920415225 0.3840830453125001 0.920415225 0.5553633218750001 1 0.5553633218750001
24 0.90657439375 0.45674740468750014 0.8148788921874999 0.45674740468750014 0.8148788921874999 0.5527681656250002 0.90657439375 0.5527681656250002
24 0.5882352937500002 0.7595155703125 0.3442906578125001 0.7595155703125 0.3442906578125001 0.8217993078125 0.5882352937500002 0.8217993078125
24 0.8771626296875 0.80968858125 0.6626297578125002 0.80968858125 0.6626297578125002 0.86678200625 0.8771626296875 0.86678200625
24 0.8806228375 0.7525951562500002 0.7231833906250003 0.7525951562500001 0.7231833906250003 0.8200692046875 0.8806228375 0.8200692046875
24 0.5882352937500002 0.811418684375 0.35640138437500013 0.811418684375 0.35640138437500013 0.8529411765624999 0.5882352937500002 0.8529411765624999
24 0.1522491343750001 0.586505190625 7.182617043822145e-17 0.586505190625 7.57458876893482e-17 0.65051903125 0.1522491343750001 0.65051903125
24 0.15051903125000005 0.53114186875 6.504611894578311e-17 0.53114186875 6.885989793419856e-17 0.5934256062500001 0.15051903125000007 0.5934256062500001
24 0.07439446406250007 0.48269896250000005 5.911357393773733e-17 0.48269896250000005 6.271547620937911e-17 0.541522490625 0.07439446406250007 0.541522490625
24 0.07785467187500006 0.42906574375 5.25453989707216e-17 0.42906574375 5.635917795913704e-17 0.49134948125 0.07785467187500007 0.49134948125
24 1 1.1769745617921601e-16 0.9221453281249999 1.1293023244369668e-16 0.9221453281249999 0.09688581250000013 1 0.09688581250000014
24 1 0.15916955000000013 0.9212802765625 0.15916955000000013 0.9212802765625 0.33996539843750007 1 0.33996539843750007
24 0.9152249140625001 0.2370242218750001 0.670415225 0.2370242218750001 0.670415225 0.3088235296875001 0.9152249140625001 0.3088235296875001
24 0.9221453281249999 0.3944636671875001 0.8036332187499999 0.3944636671875001 0.8036332187499999 0.45674740468750014 0.9221453281249999 0.45674740468750014