24 0.5703125 0.4078125 0.2828125000000001 0.4078125 0.2828125000000001 0.4796875 0.5703125 0.4796875
24 0.6546875 0.4703125 0.403125 0.4703125 0.403125 0.53046875 0.6546875 0.53046875
24 0.6546875 0.51875 0.4109375 0.51875 0.4109375 0.57734375 0.6546875 0.57734375
24 0.92890625 0.4750000000000001 0.65625 0.475 0.65625 0.5484375000000001 0.92890625 0.5484375000000001
24 0.86484375 0.5296875000000001 0.653125 0.5296875 0.653125 0.58125 0.86484375 0.5812500000000002
24 0.8375 0.5703125000000001 0.6234375 0.5703125 0.6234375 0.6148437500000001 0.8375 0.6148437500000001
24 0.6203125 0.56875 0.415625 0.56875 0.415625 0.615625 0.6203125 0.615625
24 0.15937500000000007 0.3984375 4.8794520903527353e-17 0.3984375 5.826639849068266e-17 0.553125 0.1593750000000001 0.553125
24 0.25468750000000007 0.4640625 0.17187500000000006 0.4640625 0.17187500000000006 0.55078125 0.25468750000000007 0.55078125
24 0.0648437500000001 0.6375 7.807123344564376e-17 0.6375 8.940878389087513e-17 0.82265625 0.06484375000000012 0.82265625
24 0.6796875000000002 0.7375 0.4593750000000002 0.7375 0.4593750000000002 0.79375 0.6796875000000002 0.79375
24 0.3921875000000001 0.7828125 0.1984375000000001 0.7828125 0.1984375000000001 0.834375 0.3921875000000001 0.834375
24 0.3375000000000001 0.73125 0.19531250000000008 0.73125 0.19531250000000008 0.7921875 0.3375000000000001 0.7921875
24 0.6687500000000002 0.784375 0.4593750000000002 0.784375 0.4593750000000002 0.821875 0.6687500000000002 0.821875
24 0.9953125 0.5812500000000002 0.853125 0.5812500000000002 0.853125 0.6390625000000002 0.9953125 0.6390625000000002
24 0.99765625 0.5312500000000002 0.8546875 0.5312500000000002 0.8546875 0.5875000000000001 0.99765625 0.5875000000000001
24 0.99921875 0.48750000000000016 0.9234375 0.48750000000000016 0.9234375 0.5406250000000001 0.99921875 0.5406250000000001
24 1 0.4390625000000002 0.9203125 0.4390625000000002 0.9203125 0.49531250000000016 1 0.49531250000000016
24 0.1578125 1.1289712679639661e-17 0.0265625 3.2529680602351567e-18 0.02656250000000001 0.1390625 0.1578125 0.1390625
24 0.15859375000000003 0.1953125 0.009375000000000026 0.1953125 0.009375000000000034 0.35859375 0.15859375000000003 0.35859375
24 0.38515625 0.26562500000000006 0.16406250000000006 0.265625 0.16406250000000006 0.33046875000000003 0.38515625 0.3304687500000001
24 0.2648437500000001 0.4078125 0.15781250000000005 0.4078125 0.15781250000000005 0.4640625 0.2648437500000001 0.4640625