24 0.8083067093749999 0.3099041531250001 0.7507987218750001 0.3099041531250001 0.7507987218750001 0.42332268437500015 0.8083067093749999 0.42332268437500015
24 0.76517571875 0.1964856234375001 0.7124600640625001 0.1964856234375001 0.7124600640625001 0.30670926562500006 0.76517571875 0.30670926562500006
24 0.7843450484375001 0.2603833859375001 0.7300319484375 0.2603833859375001 0.7300319484375 0.3514377000000001 0.7843450484375001 0.3514377000000001
24 0.865814696875 0.2300319484375001 0.8083067093749999 0.2300319484375001 0.8083067093749999 0.3578274765625001 0.865814696875 0.3578274765625001
24 0.8418530343749999 0.1613418531250001 0.7731629390625 0.1613418531250001 0.7731629390625 0.2827476031250001 0.8418530343749999 0.2827476031250001
24 0.9353035140625 0.2252396171875001 0.867412140625 0.2252396171875001 0.867412140625 0.3466453671875001 0.9353035140625 0.3466453671875001
24 0.9920127796875 0.21246006406250012 0.928115015625 0.21246006406250012 0.928115015625 0.3354632593750001 0.9920127796875 0.3354632593750001
24 0.95447284375 0.1581469656250001 0.8929712453124999 0.15814696562500008 0.8929712453124999 0.2204472843750001 0.95447284375 0.2204472843750001
24 0.8985623 0.1613418531250001 0.8370607031249999 0.1613418531250001 0.8370607031249999 0.22364217187500007 0.8985623 0.22364217187500007
24 0.8642172531250001 0.11182108593750009 0.8051118203125001 0.11182108593750009 0.8051118203125001 0.1661341859375001 0.8642172531250001 0.1661341859375001
24 0.9177316296875 0.10383386562500012 0.8610223640625 0.1038338656250001 0.8610223640625 0.1629392968750001 0.9177316296875 0.16293929687500014
24 0.2571884984375 0.335463259375 0.16134185312500005 0.335463259375 0.16134185312500007 0.5926517578125 0.2571884984375001 0.5926517578125
24 0.31309904218750007 0.3194888171875 0.24440894531250001 0.3194888171875 0.24440894531250007 0.5886581468750001 0.31309904218750007 0.5886581468750001
24 0.590255590625 0.31150159687500006 0.41693290781250003 0.31150159687500006 0.41693290781250003 0.45367412187499995 0.590255590625 0.45367412187499995
24 0.570287540625 0.18690095781250007 0.40575079843750006 0.18690095781250005 0.40575079843750006 0.2987220453125001 0.570287540625 0.2987220453125001
24 0.7579872203125 0.3083067093750001 0.5862619812500001 0.3083067093750001 0.5862619812500001 0.45047923281250013 0.7579872203125 0.4504792328125002
24 0.7204472843749999 0.2252396171875001 0.5654952078125 0.2252396171875001 0.5654952078125 0.3602236421875001 0.7204472843749999 0.3602236421875001