24 0.80625 0.3096969843750001 0.75093350625 0.3096969843750001 0.75093350625 0.42311551562500016 0.80625 0.42311551562500016
24 0.7921875 0.22548422500000007 0.683741015625 0.22548422500000007 0.683741015625 0.27812500000000007 0.7921875 0.27812500000000007
24 0.784375 0.2600439281250001 0.730189196875 0.2600439281250001 0.730189196875 0.3500000000000001 0.784375 0.3500000000000001
24 0.9 0.26483376562500005 0.7733426515625 0.26483376562500005 0.7733426515625 0.3218750000000001 0.9 0.3218750000000001
24 0.840625 0.16117212500000008 0.7734674515625 0.16117212500000008 0.7734674515625 0.2825778750000001 0.840625 0.2825778750000001
24 0.9609375 0.25220147812500004 0.8406599437500001 0.25220147812500004 0.8406599437500001 0.32009285156250006 0.9609375 0.32009285156250006
24 1 0.24192042656250007 0.8988193875 0.24192042656250007 0.8988193875 0.3046875000000001 1 0.3046875000000001
24 0.953125 0.1579123406250001 0.89346795 0.1579123406250001 0.89346795 0.2202126593750001 0.953125 0.2202126593750001
24 0.896875 0.1616463656250001 0.8369034546874999 0.1616463656250001 0.8369034546874999 0.2234375000000001 0.896875 0.2234375000000001
24 0.8639277171874999 0.1119059500000001 0.8048222828125 0.1119059500000001 0.8048222828125 0.16406250000000008 0.8639277171874999 0.16406250000000008
24 0.9171875 0.1044079468750001 0.8613368609375 0.10440794687500007 0.8613368609375 0.16250000000000012 0.9171875 0.16250000000000014
24 0.25625000000000003 0.3354582671875 0.16123202812500004 0.3354582671875 0.16123202812500007 0.590625 0.2562500000000001 0.590625
24 0.31247004843750004 0.319321584375 0.2437799515625 0.319321584375 0.24377995156250004 0.588490915625 0.3124700484375001 0.588490915625
24 0.5890625 0.3109449875000001 0.41724490937500003 0.3109449875000001 0.41724490937500003 0.4531175125 0.5890625 0.4531175125
24 0.56875 0.18674370937500007 0.40548871875000003 0.18674370937500004 0.40548871875000003 0.2968750000000001 0.56875 0.2968750000000001
24 0.75773761875 0.3078199890625001 0.5860123796875001 0.3078199890625001 0.5860123796875001 0.4499925109375001 0.75773761875 0.44999251093750015
24 0.7203125 0.2250024968750001 0.565625 0.2250024968750001 0.565625 0.3593750000000001 0.7203125 0.3593750000000001