24 0.8359375 0.3379942093750001 0.72305061875 0.3379942093750001 0.72305061875 0.3937500000000001 0.8359375 0.3937500000000001
24 0.7640625 0.19687500000000008 0.7122154562499999 0.19687500000000008 0.7122154562499999 0.3062500000000001 0.7640625 0.3062500000000001
24 0.8015625 0.2789112406250001 0.7120007984375001 0.2789112406250001 0.7120007984375001 0.33281250000000007 0.8015625 0.33281250000000007
24 0.86547274375 0.2298522359375001 0.80796475625 0.2298522359375001 0.80796475625 0.3576477640625001 0.86547274375 0.3576477640625001
24 0.840625 0.1615115812500001 0.772858425 0.1615115812500001 0.772858425 0.2828125000000001 0.840625 0.2828125000000001
24 0.934375 0.22523462500000008 0.8676168125 0.22523462500000008 0.8676168125 0.3466403750000001 0.934375 0.3466403750000001
24 1 0.24210513125000008 0.8983052125000001 0.24210513125000008 0.8983052125000001 0.3046875000000001 1 0.3046875000000001
24 0.953125 0.1579123406250001 0.89346795 0.1579123406250001 0.89346795 0.2202126593750001 0.953125 0.2202126593750001
24 0.896875 0.16103734062500008 0.8372179515625 0.16103734062500008 0.8372179515625 0.2233376593750001 0.896875 0.2233376593750001
24 0.8609375 0.10971445625000009 0.8078125 0.10971445625000009 0.8078125 0.1671875000000001 0.8609375 0.1671875000000001
24 0.9183556312500001 0.1053464453125001 0.859375 0.10534644531250008 0.859375 0.16093750000000012 0.9183556312500001 0.16093750000000012
24 0.25625000000000003 0.33546825 0.16145167656250006 0.33546825 0.1614516765625001 0.590625 0.2562500000000001 0.590625
24 0.4125 0.42035742656249997 0.14400209687500004 0.42035742656249997 0.14400209687500004 0.4875 0.4125 0.4875
24 0.5734375 0.29623851875000007 0.43306459531249997 0.29623851875000007 0.43306459531249997 0.46875 0.5734375 0.46875
24 0.56875 0.18705820625000008 0.40601287968750005 0.18705820625000005 0.40601287968750005 0.2968750000000001 0.56875 0.2968750000000001
24 0.7578125 0.3087934312500001 0.5865115828125 0.3087934312500001 0.5865115828125 0.45000000000000007 0.7578125 0.4500000000000002
24 0.7107003781250001 0.21525808750000008 0.575716353125 0.21525808750000008 0.575716353125 0.3687500000000001 0.7107003781250001 0.3687500000000001