24 1 0.023437500000000104 0.7390625 0.02343750000000009 0.7390625 0.13750000000000012 1 0.13750000000000012
24 1 0.07500000000000011 0.7171875 0.0750000000000001 0.7171875 0.2000000000000001 1 0.2000000000000001
24 0.99921875 0.1265625000000001 0.7140625 0.12656250000000008 0.7140625 0.23437500000000008 0.99921875 0.23437500000000008
24 0.996875 0.4828125000000001 0.54375 0.4828125 0.54375 0.6187500000000001 0.996875 0.6187500000000001
24 0.99921875 0.4203125000000001 0.5796875 0.4203125 0.5796875 0.5476562500000001 0.99921875 0.5476562500000002
24 0.99921875 0.36406250000000007 0.6109375 0.36406250000000007 0.6109375 0.48906250000000007 0.99921875 0.4890625000000002
24 1 0.3046875000000001 0.6453125 0.3046875000000001 0.6453125 0.4257812500000001 1 0.42578125000000017
24 0.99921875 0.2453125000000001 0.675 0.2453125000000001 0.675 0.3687500000000001 0.99921875 0.3687500000000001
24 0.56484375 0.41875 0.10937500000000004 0.41875 0.10937500000000007 0.553125 0.56484375 0.553125
24 0.60390625 0.35781250000000003 0.14687500000000003 0.3578125 0.14687500000000003 0.484375 0.60390625 0.484375
24 0.63984375 0.30000000000000004 0.19062500000000004 0.3 0.19062500000000004 0.425 0.63984375 0.425
24 0.67421875 0.23906250000000004 0.2171875 0.2390625 0.21718750000000003 0.36406250000000007 0.67421875 0.36406250000000007
24 0.69765625 0.17812500000000006 0.2484375 0.17812500000000003 0.2484375 0.30468750000000006 0.69765625 0.3046875000000001
24 0.27109375 0.15625000000000003 0.11875 0.15625 0.11875000000000002 0.2328125 0.27109375 0.2328125
24 0.24140625 0.2203125 0.08906250000000002 0.2203125 0.08906250000000003 0.296875 0.24140625 0.296875
24 0.21328125 0.2765625 0.06093750000000005 0.2765625 0.06093750000000005 0.353125 0.21328125 0.353125
24 0.18515625000000005 0.3359375 0.015625000000000038 0.3359375 0.01562500000000005 0.44921875 0.18515625000000005 0.44921875
24 0.4593750000000001 0.70625 0.0015625000000000868 0.70625 0.0015625000000000957 0.85546875 0.4593750000000002 0.85546875
24 0.83359375 0.828125 0.4343750000000002 0.828125 0.4343750000000002 0.93359375 0.83359375 0.93359375
24 0.8640625 0.7718750000000001 0.4906250000000002 0.771875 0.4906250000000002 0.896875 0.8640625 0.896875
24 0.8875 0.7250000000000001 0.6359375 0.725 0.6359375 0.8203125 0.8875 0.8203125
24 0.4406250000000001 0.65 0.07968750000000009 0.65 0.07968750000000009 0.7703125 0.44062500000000016 0.7703125
24 0.3640625 0.0015625000000000356 0.221875 0.001562500000000027 0.221875 0.017187500000000036 0.3640625 0.017187500000000043