24 0.5765625 4.487182412500848e-17 0.15625 1.9135106236677395e-17 0.15625 0.057812500000000044 0.5765625 0.057812500000000065
24 0.5640625 0.03281250000000004 0.1375 0.03281250000000002 0.1375 0.11953125000000005 0.5640625 0.11953125000000009
24 0.540625 0.08593750000000004 0.125 0.08593750000000003 0.125 0.15546875000000002 0.540625 0.15546875000000004
24 0.4734375 0.45 0.014062500000000056 0.45 0.014062500000000061 0.54609375 0.4734375 0.54609375
24 0.47890625 0.38750000000000007 0.029687500000000044 0.3875 0.02968750000000005 0.475 0.47890625 0.475
24 0.4859375 0.32656250000000003 0.043750000000000046 0.3265625 0.04375000000000005 0.4109375 0.4859375 0.4109375
24 0.490625 0.26406250000000003 0.048437500000000036 0.2640625 0.048437500000000036 0.34687500000000004 0.490625 0.3468750000000001
24 0.49765625 0.20156250000000003 0.06406250000000002 0.2015625 0.06406250000000004 0.28593750000000007 0.49765625 0.28593750000000007
24 0.91953125 0.47343750000000007 0.4734375 0.4734375 0.4734375 0.5687500000000001 0.91953125 0.5687500000000002
24 0.92578125 0.4093750000000001 0.475 0.409375 0.475 0.4945312500000001 0.92578125 0.4945312500000002
24 0.921875 0.3468750000000001 0.4796875 0.3468750000000001 0.4796875 0.4312500000000001 0.921875 0.4312500000000002
24 0.93203125 0.2843750000000001 0.48125 0.2843750000000001 0.48125 0.3671875000000001 0.93203125 0.3671875000000001
24 0.940625 0.22031250000000008 0.4984375 0.22031250000000008 0.4984375 0.3070312500000001 0.940625 0.3070312500000001
24 1 0.2406250000000001 0.9390625 0.2406250000000001 0.9390625 0.3070312500000001 1 0.3070312500000001
24 0.99921875 0.3062500000000001 0.928125 0.3062500000000001 0.928125 0.3726562500000001 0.99921875 0.3726562500000001
24 0.99921875 0.36406250000000007 0.91875 0.36406250000000007 0.91875 0.4304687500000002 0.99921875 0.4304687500000002
24 1 0.4265625000000002 0.9046875 0.4265625000000002 0.9046875 0.5289062500000001 1 0.5289062500000001
24 0.85703125 0.7671875000000001 0.3968750000000001 0.7671875 0.3968750000000001 0.87421875 0.85703125 0.87421875
24 0.3750000000000001 0.7984375 9.778039286942148e-17 0.7984375 1.020379540070822e-16 0.86796875 0.3750000000000001 0.86796875
24 0.3460937500000001 0.7328125 8.974364825001696e-17 0.7328125 9.562769341779527e-17 0.82890625 0.3460937500000001 0.82890625
24 0.24375000000000008 0.6703125 0.004687500000000082 0.6703125 0.0046875000000000866 0.74453125 0.24375000000000008 0.74453125
24 0.80546875 0.7015625000000001 0.4578125 0.7015625 0.45781250000000007 0.7914062500000001 0.80546875 0.7914062500000002