24 1 0.00026041718750010814 0.765625 0.0002604171875000938 0.765625 0.08281250000000011 1 0.08281250000000014
24 0.9390625 1.0657722638848265e-16 0.8014756937499999 9.815246429453417e-17 0.8014756937499999 0.21250000000000008 0.9390625 0.21250000000000008
24 1 0.07100694531250011 0.7380208328125 0.0710069453125001 0.7380208328125 0.1890625000000001 1 0.18906250000000013
24 0.85 0.3169270843750001 0.6992187484375 0.3169270843750001 0.6992187484375001 0.7671875000000001 0.85 0.7671875000000001
24 0.8640625 0.26250000000000007 0.7231770828124999 0.26250000000000007 0.7231770828124999 0.6734375000000001 0.8640625 0.6734375000000001
24 0.8796875 0.2162326390625001 0.7427951390625 0.2162326390625001 0.7427951390625 0.5921875000000002 0.8796875 0.5921875000000002
24 0.896875 0.16684027656250008 0.7638888890625 0.16684027656250008 0.7638888890625 0.5046875000000002 0.896875 0.5046875000000002
24 0.915625 0.1192708328125001 0.77881944375 0.11927083281250009 0.77881944375 0.4234375000000002 0.915625 0.4234375000000002
24 0.39348958281250007 0.21770833281250007 0.2441840265625 0.21770833281250002 0.24418402656250002 0.7234375 0.3934895828125001 0.7234375
24 0.6140625 0.32812500000000006 0.10781250000000005 0.328125 0.10781250000000005 0.46875 0.6140625 0.46875
24 0.6546875 0.26362847343750007 0.15659722187500005 0.2636284734375 0.15659722187500005 0.4015625 0.6546875 0.4015625
24 0.5078125 0.011892360937500053 0.3703125 0.011892360937500044 0.37031250000000004 0.51875 0.5078125 0.51875
24 0.5390625 5.750630949535046e-17 0.4000868046875 4.8996502474163926e-17 0.4000868046875 0.4484375 0.5390625 0.4484375
24 0.203125 0.06197916718750002 0.11875 0.06197916718750002 0.11875000000000002 0.2296875 0.203125 0.2296875
24 0.2109375 0.17543402812500003 0.04348958437500002 0.175434028125 0.04348958437500003 0.259375 0.2109375 0.259375
24 0.17968750000000006 0.237760415625 0.012065971875000029 0.237760415625 0.012065971875000034 0.321875 0.17968750000000006 0.321875
24 0.13750000000000004 0.2915798609375 0.012500000000000034 0.2915798609375 0.012500000000000044 0.440625 0.13750000000000004 0.440625
24 0.30937500000000007 0.570659721875 0.14427083437500007 0.570659721875 0.1442708343750001 1 0.30937500000000007 1
24 0.70625 0.6879340265625 0.5895833328125 0.6879340265625 0.5895833328125001 1 0.7062500000000002 1
24 0.7656250000000001 0.6500000000000001 0.6282118046875 0.65 0.6282118046875002 1 0.7656250000000002 1
24 0.84375 0.6486979171875003 0.7378472234375 0.6486979171875003 0.7378472234375001 0.928125 0.84375 0.928125
24 0.4328125000000001 0.653125 0.033072915625000074 0.653125 0.03307291562500009 0.7859375 0.43281250000000016 0.7859375