24 1 0.023437500000000104 0.7390625 0.02343750000000009 0.7390625 0.13750000000000012 1 0.13750000000000012
24 0.9203125 1.0509957100495059e-16 0.79609375 9.749336627587133e-17 0.79609375 0.27812500000000007 0.9203125 0.27812500000000007
24 0.909375 0.03828125000000011 0.802734375 0.0382812500000001 0.802734375 0.3234375000000001 0.909375 0.3234375000000001
24 0.8375 0.3242187500000001 0.70234375 0.3242187500000001 0.70234375 0.7765625 0.8375 0.7765625000000002
24 0.9984375 0.42070312500000007 0.579296875 0.420703125 0.579296875 0.5468750000000001 0.9984375 0.5468750000000002
24 0.8671875 0.2328125000000001 0.742578125 0.2328125000000001 0.742578125 0.6203125000000002 0.8671875 0.6203125000000002
24 1 0.3050781250000001 0.6453125 0.3050781250000001 0.6453125 0.4250000000000001 1 0.42500000000000016
24 0.8984375 0.14453125000000008 0.775390625 0.14453125000000008 0.775390625 0.46875000000000017 0.8984375 0.46875000000000017
24 0.5640625 0.41875 0.10898437500000005 0.41875 0.10898437500000006 0.553125 0.5640625 0.553125
24 0.603125 0.35781250000000003 0.14726562500000004 0.3578125 0.14726562500000004 0.484375 0.603125 0.484375
24 0.6390625 0.30000000000000004 0.19101562500000005 0.3 0.19101562500000005 0.425 0.6390625 0.425
24 0.5078125 0.07265625000000006 0.383203125 0.07265625000000005 0.38320312500000003 0.5296875 0.5078125 0.5296875
24 0.696875 0.17812500000000006 0.248828125 0.17812500000000003 0.248828125 0.30468750000000006 0.696875 0.3046875000000001
24 0.2328125 0.11875000000000002 0.156640625 0.11875 0.15664062500000003 0.2703125 0.2328125 0.2703125
24 0.240625 0.2203125 0.08945312500000002 0.2203125 0.08945312500000004 0.296875 0.240625 0.296875
24 0.2125 0.2765625 0.061328125000000046 0.2765625 0.061328125000000046 0.353125 0.2125 0.353125
24 0.18437500000000004 0.336328125 0.015625000000000038 0.336328125 0.01562500000000005 0.4484375 0.18437500000000004 0.4484375
24 0.4593750000000001 0.705859375 0.0015625000000000868 0.705859375 0.0015625000000000957 0.8546875 0.4593750000000002 0.8546875
24 0.6859375000000001 0.680859375 0.581640625 0.680859375 0.5816406250000001 1 0.6859375000000002 1
24 0.8640625 0.7718750000000001 0.4906250000000002 0.771875 0.4906250000000002 0.896875 0.8640625 0.896875
24 0.8875 0.7250000000000001 0.6359375 0.725 0.6359375 0.8203125 0.8875 0.8203125
24 0.4406250000000001 0.65 0.07968750000000009 0.65 0.07968750000000009 0.7703125 0.44062500000000016 0.7703125
24 0.3 3.5830486428178416e-17 0.28515625 3.4921568881936244e-17 0.28515625 0.07968750000000005 0.3 0.07968750000000005