24 0.325 3.835049955210264e-17 0.30131118749999997 3.68999781319163e-17 0.30131118749999997 0.246847684375 0.325 0.246847684375
24 0.3421875 3.624095445314117e-17 0.2496722015625 3.0576026247958844e-17 0.2496722015625 0.284375 0.3421875 0.284375
24 0.5078125 0.05547421406250004 0.043367570312500006 0.055474214062500006 0.043367570312500006 0.13281250000000003 0.5078125 0.13281250000000006
24 0.26875000000000004 0.3 0.16288242968750005 0.3 0.16288242968750005 0.7328125 0.2687500000000001 0.7328125
24 0.4390625 0.39375000000000004 0.00031140625000004824 0.39375 0.00031140625000005415 0.490625 0.4390625 0.490625
24 0.27031250000000007 0.14843750000000003 0.1762947984375 0.1484375 0.17629479843750004 0.5953125 0.27031250000000007 0.5953125
24 0.4515625 0.25523382812500006 0.00016389843750003126 0.255233828125 0.00016389843750003693 0.34789117187500007 0.4515625 0.34789117187500007
24 0.27656250000000004 0.002048732812500028 0.1834243875 0.0020487328125000223 0.18342438750000004 0.4625 0.2765625000000001 0.4625
24 0.9328125 0.4893739062500001 0.433883303125 0.48937390625 0.433883303125 0.5953125000000001 0.9328125 0.5953125000000001
24 0.734375 0.21328671250000011 0.6392318625 0.21328671250000011 0.6392318625 0.7156250000000001 0.734375 0.7156250000000002
24 0.934375 0.3481097031250001 0.4409036265625 0.3481097031250001 0.4409036265625 0.4406250000000001 0.934375 0.44062500000000016
24 0.7390625 0.07207714218750008 0.6480823859375 0.07207714218750008 0.6480823859375 0.5764477718750001 0.7390625 0.5764477718750002
24 0.95625 0.20641389843750008 0.4618607953125 0.20641389843750008 0.4618607953125 0.3031250000000001 0.95625 0.3031250000000001
24 1 0.24337303281250006 0.9403572984374999 0.24337303281250006 0.9403572984374999 0.2875000000000001 1 0.2875000000000001
24 1 0.3022017046875001 0.9423677890625 0.3022017046875001 0.9423677890625 0.3750000000000001 1 0.3750000000000001
24 0.999715909375 0.3675371500000001 0.931534090625 0.3675371500000001 0.931534090625 0.44062500000000016 0.999715909375 0.44062500000000016
24 1 0.45258959843750024 0.90099978125 0.45258959843750024 0.90099978125 0.5359375000000002 1 0.5359375000000002
24 0.8609375 0.8181162593750001 0.3477655156250001 0.8181162593750001 0.3477655156250001 0.9359375 0.8609375 0.9359375
24 0.3218750000000001 0.8530048078125001 1.0446296075448813e-16 0.8530048078125001 1.0915842143135932e-16 0.9296875 0.3218750000000001 0.9296875
24 0.2906250000000001 0.7796055515625 0.00022945781250009552 0.7796055515625 0.00022945781250010202 0.8859375 0.2906250000000001 0.8859375
24 0.1765625000000001 0.709375 8.687338231451536e-17 0.709375 9.194418546723489e-17 0.7921875 0.1765625000000001 0.7921875
24 0.659375 0.600103803125 0.5600196687500001 0.600103803125 0.5600196687500001 0.9890625 0.6593750000000002 0.9890625