24 0.9234375 1.0803362065979963e-16 0.8408854171875 1.0297876346083585e-16 0.8408854171875 0.1578125000000001 0.9234375 0.15781250000000013
24 1 0.013628473437500104 0.741666665625 0.013628473437500089 0.741666665625 0.1515625000000001 1 0.15156250000000013
24 0.928125 1.0639119067592632e-16 0.809375 9.91198503059889e-17 0.809375 0.2609375000000001 0.928125 0.2609375000000001
24 0.99991319375 0.4674479171875001 0.5485243046875 0.4674479171875 0.5485243046875 0.6171875000000001 0.99991319375 0.6171875000000002
24 0.9984375 0.39791666562500005 0.58828125 0.39791666562500005 0.58828125 0.5390625000000001 0.9984375 0.5390625000000002
24 0.8796875 0.2162326390625001 0.7427951390625 0.2162326390625001 0.7427951390625 0.5921875000000002 0.8796875 0.5921875000000002
24 1 0.2695312484375001 0.66171875 0.2695312484375001 0.66171875 0.40312500000000007 1 0.4031250000000002
24 0.915625 0.1192708328125001 0.77881944375 0.11927083281250009 0.77881944375 0.4234375000000002 0.915625 0.4234375000000002
24 0.5717881953124999 0.39565972187500004 0.06571180468750006 0.395659721875 0.06571180468750007 0.5449652781250001 0.5717881953124999 0.5449652781250001
24 0.6140625 0.32812500000000006 0.10746527812500004 0.328125 0.10746527812500004 0.46875 0.6140625 0.46875
24 0.475 0.08342014062500006 0.3361111109375 0.08342014062500006 0.3361111109375 0.58125 0.475 0.58125
24 0.6921875 0.19687500000000008 0.18593750000000003 0.19687500000000005 0.18593750000000003 0.33437500000000003 0.6921875 0.3343750000000001
24 0.71875 0.12812500000000007 0.2207465265625 0.12812500000000004 0.2207465265625 0.26875000000000004 0.71875 0.2687500000000001
24 0.2453125 0.10399305625000002 0.07656250000000002 0.10399305625 0.07656250000000002 0.18750000000000003 0.2453125 0.18750000000000006
24 0.2109375 0.17526041718750002 0.04331597343750002 0.17526041718750002 0.04331597343750003 0.259375 0.2109375 0.259375
24 0.17968750000000006 0.23793402656249998 0.012239582812500033 0.23793402656249998 0.012239582812500038 0.321875 0.17968750000000006 0.321875
24 0.15000000000000005 0.303472221875 3.7164628514935414e-17 0.303472221875 4.487182412500848e-17 0.42934027812500003 0.15000000000000005 0.42934027812500003
24 0.4546875000000001 0.7150173609375 0.00008680468750008756 0.7150173609375 0.00008680468750009764 0.8796875 0.4546875000000002 0.8796875
24 0.8702256937499999 0.85 0.42664930468750023 0.85 0.42664930468750023 0.9671875 0.8702256937499999 0.9671875
24 0.7656250000000001 0.6500000000000001 0.6282118046875 0.65 0.6282118046875002 1 0.7656250000000002 1
24 0.84375 0.6486979171875003 0.7378472234375 0.6486979171875003 0.7378472234375001 0.928125 0.84375 0.928125
24 0.2984375000000001 0.519010415625 0.16657986250000006 0.519010415625 0.1665798625000001 0.9200520828125001 0.2984375000000001 0.9200520828125001