24 0.5765625 4.487182412500848e-17 0.15625 1.9135106236677395e-17 0.15625 0.057812500000000044 0.5765625 0.057812500000000065
24 0.39375 4.2958313501340745e-17 0.3078125 3.769615928625447e-17 0.3078125 0.28906250000000006 0.39375 0.2890625000000001
24 0.3671875 4.070993851853115e-17 0.29765625 3.645237738087043e-17 0.29765625 0.32812500000000006 0.3671875 0.3281250000000001
24 0.29218750000000004 0.268359375 0.19609375000000004 0.268359375 0.19609375000000007 0.7265625 0.2921875000000001 0.7265625
24 0.478125 0.38750000000000007 0.030078125000000046 0.3875 0.03007812500000005 0.475 0.478125 0.475
24 0.4859375 0.32656250000000003 0.043750000000000046 0.3265625 0.04375000000000005 0.4109375 0.4859375 0.4109375
24 0.490625 0.26406250000000003 0.048437500000000036 0.2640625 0.048437500000000036 0.34687500000000004 0.490625 0.3468750000000001
24 0.321875 0.027343750000000038 0.238671875 0.027343750000000035 0.23867187500000003 0.459375 0.3218750000000001 0.459375
24 0.7437500000000001 0.2984375000000001 0.648828125 0.2984375000000001 0.6488281250000001 0.7437500000000001 0.7437500000000001 0.7437500000000001
24 0.7421875 0.2269531250000001 0.6578125 0.2269531250000001 0.6578125 0.6765625000000001 0.7421875 0.6765625000000002
24 0.7421875 0.16796875000000008 0.65859375 0.16796875000000008 0.65859375 0.6093750000000001 0.7421875 0.6093750000000002
24 0.93125 0.2843750000000001 0.481640625 0.2843750000000001 0.481640625 0.3671875000000001 0.93125 0.3671875000000001
24 0.940625 0.22031250000000008 0.4984375 0.22031250000000008 0.4984375 0.3062500000000001 0.940625 0.3062500000000001
24 1 0.2410156250000001 0.9390625 0.2410156250000001 0.9390625 0.3062500000000001 1 0.3062500000000001
24 0.9953125 0.30351562500000007 0.930078125 0.30351562500000007 0.930078125 0.3746093750000001 0.9953125 0.3746093750000001
24 0.9984375 0.3644531250000001 0.919140625 0.3644531250000001 0.919140625 0.42968750000000017 0.9984375 0.42968750000000017
24 1 0.42695312500000016 0.9046875 0.42695312500000016 0.9046875 0.5281250000000002 1 0.5281250000000002
24 0.85625 0.766796875 0.39726562500000007 0.766796875 0.39726562500000007 0.8734375 0.85625 0.8734375
24 0.3750000000000001 0.798828125 9.782823063501316e-17 0.798828125 1.0201403512428636e-16 0.8671875 0.3750000000000001 0.8671875
24 0.22031250000000008 0.608203125 0.1253906250000001 0.608203125 0.12539062500000012 0.953125 0.22031250000000008 0.953125
24 0.24375000000000008 0.670703125 0.004687500000000082 0.670703125 0.0046875000000000866 0.74375 0.24375000000000008 0.74375
24 0.8046875 0.7015625000000001 0.458203125 0.7015625 0.4582031250000001 0.7906250000000001 0.8046875 0.7906250000000001