24 0.3953125 4.487182412500848e-17 0.3375 4.133182947122317e-17 0.3375 0.23906250000000004 0.3953125 0.2390625000000001
24 0.39375 4.2958313501340745e-17 0.3078125 3.769615928625447e-17 0.3078125 0.28906250000000006 0.39375 0.2890625000000001
24 0.540625 0.08554687500000005 0.125 0.08554687500000002 0.125 0.15468750000000003 0.540625 0.15468750000000003
24 0.4734375 0.450390625 0.014062500000000056 0.450390625 0.014062500000000061 0.5453125 0.4734375 0.5453125
24 0.29687500000000006 0.20703125 0.210546875 0.20703125 0.21054687500000005 0.6546875 0.2968750000000001 0.6546875
24 0.4859375 0.32656250000000003 0.043750000000000046 0.3265625 0.04375000000000005 0.4109375 0.4859375 0.4109375
24 0.490625 0.26406250000000003 0.048437500000000036 0.2640625 0.048437500000000036 0.34687500000000004 0.490625 0.3468750000000001
24 0.321875 0.027343750000000038 0.238671875 0.027343750000000035 0.23867187500000003 0.459375 0.3218750000000001 0.459375
24 0.91875 0.47343750000000007 0.473828125 0.4734375 0.473828125 0.5687500000000001 0.91875 0.5687500000000002
24 0.925 0.4093750000000001 0.475 0.409375 0.475 0.4937500000000001 0.925 0.4937500000000002
24 0.921875 0.3468750000000001 0.4796875 0.3468750000000001 0.4796875 0.4312500000000001 0.921875 0.4312500000000002
24 0.746875 0.10078125000000009 0.665234375 0.10078125000000009 0.665234375 0.55 0.746875 0.5500000000000002
24 0.940625 0.22031250000000008 0.4984375 0.22031250000000008 0.4984375 0.3062500000000001 0.940625 0.3062500000000001
24 1 0.2410156250000001 0.9390625 0.2410156250000001 0.9390625 0.3062500000000001 1 0.3062500000000001
24 0.9953125 0.30351562500000007 0.930078125 0.30351562500000007 0.930078125 0.3746093750000001 0.9953125 0.3746093750000001
24 0.991796875 0.3574218750000001 0.925390625 0.3574218750000001 0.925390625 0.43750000000000017 0.991796875 0.43750000000000017
24 1 0.42695312500000016 0.9046875 0.42695312500000016 0.9046875 0.5281250000000002 1 0.5281250000000002
24 0.85625 0.766796875 0.39726562500000007 0.766796875 0.39726562500000007 0.8734375 0.85625 0.8734375
24 0.2218750000000001 0.645703125 0.15234375000000008 0.645703125 0.1523437500000001 1 0.2218750000000001 1
24 0.22031250000000008 0.608203125 0.1253906250000001 0.608203125 0.12539062500000012 0.953125 0.22031250000000008 0.953125
24 0.1609375000000001 0.587890625 0.08750000000000006 0.587890625 0.08750000000000009 0.8265625 0.1609375000000001 0.8265625
24 0.675 0.573046875 0.587109375 0.573046875 0.587109375 0.9203125 0.6750000000000002 0.9203125