24 0.5489510484375 3.843078672652602e-17 0.078671328125 9.634459017295238e-18 0.078671328125 0.02447552500000004 0.5489510484375 0.024475525000000067
24 0.534965034375 3.628979585505497e-17 0.057692307812499996 7.065270009800196e-18 0.05769230781250001 0.09353146875000004 0.534965034375 0.09353146875000007
24 0.508741259375 0.05594405625000003 0.043706293750000014 0.05594405625 0.043706293750000014 0.13374125937500003 0.508741259375 0.13374125937500006
24 0.43356643281249996 0.4632867140625 5.673625914641357e-17 0.4632867140625 6.331980610967346e-17 0.5708041953125 0.43356643281249996 0.5708041953125
24 0.4396853140625 0.39335664375000007 4.817229546917832e-17 0.39335664375 5.416706994756746e-17 0.491258740625 0.4396853140625 0.491258740625
24 0.44755244687499995 0.32517482500000006 3.982243085995507e-17 0.325174825 4.560310636600775e-17 0.41958042031250004 0.44755244687499995 0.41958042031250004
24 0.452797203125 0.2552447546875 3.1258467182719824e-17 0.25524475468749996 3.6932093154766504e-17 0.34790209843750003 0.452797203125 0.3479020984375001
24 0.4606643359375 0.18531468593750003 2.269450369683564e-17 0.1853146859375 2.8475179107212786e-17 0.2797202796875001 0.4606643359375 0.27972027968750013
24 0.9326923078125 0.4895104890625001 0.43356643281249996 0.48951048906250005 0.43356643281249996 0.5961538468750001 0.9326923078125 0.5961538468750002
24 0.9396853140625 0.41783216718750005 0.4353146859375 0.41783216718749994 0.4353146859375 0.5131118875000001 0.9396853140625 0.5131118875000003
24 0.9353146859375 0.3479020984375001 0.44055944062499997 0.3479020984375001 0.44055944062499997 0.4423076921875001 0.9353146859375 0.4423076921875002
24 0.9466783218750001 0.2779720281250001 0.44230769218750005 0.2779720281250001 0.44230769218750005 0.3706293703125001 0.9466783218750001 0.3706293703125001
24 0.95629370625 0.2062937062500001 0.4615384609375 0.2062937062500001 0.4615384609375 0.3033216781250001 0.95629370625 0.3033216781250001
24 1 0.2290209796875001 0.9545454546875 0.2290209796875001 0.9545454546875 0.3033216781250001 1 0.3033216781250001
24 1 0.30244755312500005 0.9423076921875 0.30244755312500005 0.9423076921875 0.3767482515625001 1 0.3767482515625001
24 1 0.3671328671875001 0.93181818125 0.3671328671875001 0.93181818125 0.4414335671875002 1 0.4414335671875002
24 1 0.4370629375000002 0.916083915625 0.4370629375000002 0.916083915625 0.5515734265625002 1 0.5515734265625002
24 0.8627622374999999 0.81818181875 0.3479020984375001 0.81818181875 0.3479020984375001 0.9379370625 0.8627622374999999 0.9379370625
24 0.3234265734375001 0.853146853125 1.0448035628821684e-16 0.853146853125 1.0924406107769924e-16 0.9309440562500001 0.3234265734375001 0.9309440562500001
24 0.2910839156250001 0.7797202796875 9.548819447495758e-17 0.7797202796875 1.0207174153389301e-16 0.8872377625000001 0.2910839156250001 0.8872377625000001
24 0.17657342656250008 0.709790209375 8.692423079772235e-17 0.709790209375 9.200908418922272e-17 0.7928321671874999 0.17657342656250008 0.7928321671874999
24 0.8050699296875001 0.7447552453125 0.41608391562500013 0.7447552453124999 0.41608391562500013 0.8452797203125 0.8050699296875001 0.8452797203125