24 0.9265625 1.0648686620710968e-16 0.8125 9.950255243072244e-17 0.8125 0.21093750000000008 0.9265625 0.21093750000000008
24 1 0.07500000000000011 0.7171875 0.0750000000000001 0.7171875 0.2000000000000001 1 0.2000000000000001
24 0.9984375 0.1265625000000001 0.714453125 0.12656250000000008 0.714453125 0.23437500000000008 0.9984375 0.23437500000000008
24 0.996875 0.4828125000000001 0.54375 0.4828125 0.54375 0.6187500000000001 0.996875 0.6187500000000001
24 0.9984375 0.42070312500000007 0.579296875 0.420703125 0.579296875 0.5468750000000001 0.9984375 0.5468750000000002
24 0.9984375 0.36406250000000007 0.611328125 0.36406250000000007 0.611328125 0.48906250000000007 0.9984375 0.4890625000000002
24 1 0.3046875000000001 0.6453125 0.3046875000000001 0.6453125 0.4250000000000001 1 0.42500000000000016
24 0.8984375 0.1453125000000001 0.775390625 0.1453125000000001 0.775390625 0.46875000000000017 0.8984375 0.46875000000000017
24 0.5640625 0.41875 0.10898437500000005 0.41875 0.10898437500000006 0.553125 0.5640625 0.553125
24 0.603125 0.35781250000000003 0.14687500000000003 0.3578125 0.14687500000000003 0.484375 0.603125 0.484375
24 0.4765625 0.13750000000000004 0.352734375 0.13750000000000004 0.35273437500000004 0.58671875 0.4765625 0.58671875
24 0.5078125 0.07343750000000006 0.383203125 0.07343750000000004 0.38320312500000003 0.5296875 0.5078125 0.5296875
24 0.5359375 0.017187500000000057 0.409765625 0.01718750000000005 0.409765625 0.465625 0.5359375 0.465625
24 0.2328125 0.11796875000000002 0.156640625 0.11796875 0.15664062500000003 0.2703125 0.2328125 0.2703125
24 0.203125 0.18281250000000002 0.12695312500000006 0.1828125 0.12695312500000006 0.334375 0.203125 0.334375
24 0.2125 0.2765625 0.061328125000000046 0.2765625 0.061328125000000046 0.353125 0.2125 0.353125
24 0.18437500000000004 0.335546875 0.01601562500000004 0.335546875 0.016015625000000047 0.4484375 0.18437500000000004 0.4484375
24 0.4593750000000001 0.705859375 0.0015625000000000868 0.705859375 0.0015625000000000957 0.8546875 0.4593750000000002 0.8546875
24 0.8328125 0.827734375 0.4339843750000002 0.827734375 0.4339843750000002 0.9328125 0.8328125 0.9328125
24 0.8640625 0.7718750000000001 0.4906250000000002 0.771875 0.4906250000000002 0.896875 0.8640625 0.896875
24 0.8875 0.7250000000000001 0.6359375 0.725 0.6359375 0.8203125 0.8875 0.8203125
24 0.4406250000000001 0.65 0.07968750000000009 0.65 0.07968750000000009 0.7703125 0.44062500000000016 0.7703125
24 0.3 3.5830486428178416e-17 0.28515625 3.4921568881936244e-17 0.28515625 0.07968750000000005 0.3 0.07968750000000005