24 0.325 3.8382614383601775e-17 0.3018356625 3.696420779491458e-17 0.3018356625 0.246875 0.325 0.246875
24 0.534375 0.00010926562500003627 0.0578125 0.00010926562500000708 0.05781250000000001 0.09218750000000003 0.534375 0.09218750000000006
24 0.5078125 0.05547421406250004 0.043367570312500006 0.055474214062500006 0.043367570312500006 0.13281250000000003 0.5078125 0.13281250000000006
24 0.26875000000000004 0.3 0.16288242968750005 0.3 0.16288242968750005 0.7328125 0.2687500000000001 0.7328125
24 0.4390625 0.39375000000000004 4.8220467716427034e-17 0.39375 5.415235064979703e-17 0.490625 0.4390625 0.490625
24 0.446875 0.32545345156250005 3.985655277274738e-17 0.3254534515625 4.5569318743521393e-17 0.41875 0.446875 0.41875
24 0.27187500000000003 0.07533872343750002 0.18008085625 0.07533872343750002 0.18008085625000003 0.528125 0.2718750000000001 0.528125
24 0.27656250000000004 0.002321896875000028 0.18283435312500002 0.002321896875000022 0.18283435312500004 0.4625 0.2765625000000001 0.4625
24 0.7359375000000001 0.29358610000000007 0.6299442734375 0.29358610000000007 0.6299442734375 0.7921875 0.7359375000000001 0.7921875000000002
24 0.734375 0.21328671250000011 0.6392318625 0.21328671250000011 0.6392318625 0.7156250000000001 0.734375 0.7156250000000002
24 0.934375 0.34769449375000006 0.440215253125 0.34769449375000006 0.440215253125 0.4406250000000001 0.934375 0.44062500000000016
24 0.9453125 0.27812500000000007 0.442345934375 0.27812500000000007 0.442345934375 0.3703125000000001 0.9453125 0.3703125000000001
24 0.95625 0.20641389843750008 0.4618607953125 0.20641389843750008 0.4618607953125 0.3031250000000001 0.95625 0.3031250000000001
24 1 0.24337303281250006 0.9403572984374999 0.24337303281250006 0.9403572984374999 0.2875000000000001 1 0.2875000000000001
24 1 0.3022017046875001 0.9423677890625 0.3022017046875001 0.9423677890625 0.3750000000000001 1 0.3750000000000001
24 1 0.3667285843750001 0.9321022718749999 0.3667285843750001 0.9321022718749999 0.44062500000000016 1 0.44062500000000016
24 1 0.45213068125000017 0.9005736453125 0.45213068125000017 0.9005736453125 0.5359375000000002 1 0.5359375000000002
24 0.8609375 0.8182473781249999 0.3480386796875001 0.8182473781249999 0.3480386796875001 0.9359375 0.8609375 0.9359375
24 0.2000000000000001 0.7303267046874999 0.12295672968750009 0.7303267046874999 0.12295672968750011 1 0.2000000000000001 1
24 0.1984375000000001 0.688166521875 0.09189794531250009 0.688166521875 0.09189794531250009 0.978125 0.19843750000000013 0.978125
24 0.1765625000000001 0.7103201484375 0.000005462500000086989 0.7103201484375 0.000005462500000092002 0.7921875 0.1765625000000001 0.7921875
24 0.659375 0.600103803125 0.5600196687500001 0.600103803125 0.5600196687500001 0.9890625 0.6593750000000002 0.9890625