24 0.9484375 0.7980468750000002 0.873828125 0.7980468750000002 0.873828125 0.9734375 0.9484375 0.9734375
24 0.9984375 0.896875 0.816015625 0.896875 0.816015625 0.965625 0.9984375 0.965625
24 1 0.936328125 0.8234375 0.936328125 0.8234375 0.978125 1 0.978125
24 0.18125000000000005 0.334765625 0.09570312500000004 0.334765625 0.09570312500000004 0.371875 0.18125000000000005 0.371875
24 0.15468750000000003 0.3421875 0.11289062500000005 0.3421875 0.11289062500000005 0.43125 0.15468750000000003 0.43125
24 0.15468750000000003 0.37734375 0.11328125000000004 0.37734375 0.11328125000000004 0.4703125 0.15468750000000003 0.4703125
24 0.19531250000000006 0.437890625 0.09101562500000004 0.437890625 0.09101562500000006 0.4796875 0.19531250000000006 0.4796875
24 0.18085937500000007 0.437109375 0.12070312500000005 0.437109375 0.12070312500000006 0.5640625 0.1808593750000001 0.5640625
24 0.17968750000000006 0.48203125 0.13203125000000004 0.48203125 0.13203125000000007 0.615625 0.17968750000000008 0.615625
24 0.6953125000000002 0.8734375 0.4187500000000002 0.8734375 0.4187500000000002 0.95625 0.6953125000000002 0.95625
24 0.7890625000000002 0.93125 0.3746093750000001 0.93125 0.3746093750000001 1 0.7890625000000002 1
24 0.25468750000000007 0.9140625 0.10312500000000013 0.9140625 0.10312500000000013 0.978125 0.25468750000000007 0.978125
24 0.3453125000000001 0.963671875 0.11367187500000013 0.963671875 0.11367187500000013 0.9984375 0.3453125000000001 0.9984375
24 0.4296875 0.30468750000000006 0.17226562500000003 0.3046875 0.17226562500000003 0.3609375 0.4296875 0.3609375000000001
24 0.33125000000000004 0.236328125 0.271875 0.236328125 0.27187500000000003 0.4953125 0.3312500000000001 0.4953125
24 0.45 0.37031250000000004 0.17343750000000005 0.3703125 0.17343750000000005 0.446875 0.45 0.446875
24 0.4765625 0.428125 0.2171875000000001 0.428125 0.2171875000000001 0.4859375 0.4765625 0.4859375
24 0.4828125 0.4609375 0.2214843750000001 0.4609375 0.2214843750000001 0.5328125 0.4828125 0.5328125
24 0.678125 0.2687500000000001 0.411328125 0.2687500000000001 0.411328125 0.3296875000000001 0.678125 0.3296875000000001
24 0.7 0.3019531250000001 0.428125 0.3019531250000001 0.428125 0.3828125000000001 0.7 0.3828125000000001
24 0.615625 0.2691406250000001 0.548046875 0.2691406250000001 0.548046875 0.5296875 0.615625 0.5296875
24 0.628125 0.3312500000000001 0.578515625 0.3312500000000001 0.578515625 0.56875 0.628125 0.56875
24 0.7390625 0.4562500000000001 0.5 0.45625 0.5 0.5093750000000001 0.7390625 0.5093750000000001
24 0.8578125 0.13281250000000008 0.76875 0.13281250000000008 0.76875 0.4125000000000002 0.8578125 0.4125000000000002
24 0.8609375 0.20312500000000008 0.7875 0.20312500000000008 0.7875 0.4734375000000002 0.8609375 0.4734375000000002
24 0.9640625 0.3578125000000001 0.707421875 0.3578125000000001 0.707421875 0.4140625000000001 0.9640625 0.41406250000000017
24 0.975 0.38750000000000007 0.717578125 0.38750000000000007 0.717578125 0.4453125000000001 0.975 0.44531250000000017
24 0.990625 0.42500000000000016 0.728515625 0.42500000000000016 0.728515625 0.4828125000000002 0.990625 0.4828125000000002
24 0.325 0.07656250000000003 0.262890625 0.07656250000000002 0.262890625 0.3390625 0.325 0.3390625
24 0.44375 0.20976562500000004 0.2 0.209765625 0.2 0.2671875 0.44375 0.2671875000000001