24 0.403125 0.00008389218750003212 0.12125104843750001 0.00008389218750001485 0.12125104843750001 0.02500000000000003 0.403125 0.025000000000000043
24 0.8296875 0.6243445875000002 0.7392302859375001 0.6243445875000002 0.7392302859375001 0.6654519718750002 0.8296875 0.6654519718750002
24 0.8528104015625001 0.5906879187500003 0.7596895984375001 0.5906879187500003 0.7596895984375001 0.6328125000000002 0.8528104015625001 0.6328125000000002
24 0.8732382546874999 0.5547504187500002 0.7767617453125 0.5547504187500002 0.7767617453125 0.5983745796875002 0.8732382546874999 0.5983745796875002
24 0.8900482390625 0.5187552437500002 0.7818267609375 0.5187552437500002 0.7818267609375 0.5625000000000002 0.8900482390625 0.5625000000000002
24 0.878125 0.4340079687500002 0.8174758796875 0.4340079687500002 0.8174758796875 0.5640415265625002 0.878125 0.5640415265625002
24 0.9387741187499999 0.4259542796875002 0.8003513 0.4259542796875002 0.8003513 0.4750000000000002 0.9387741187499999 0.4750000000000002
24 0.7078125 8.258499959151051e-17 0.6409028953125 7.848796793087244e-17 0.6409028953125 0.17631606406250008 0.7078125 0.17631606406250008
24 0.978125 1.1746354653571718e-16 0.94020029375 1.1514132802983388e-16 0.94020029375 0.05937500000000011 0.978125 0.05937500000000011
24 0.64375 0.5049444203125 0.5852348984375 0.5049444203125 0.5852348984375001 0.76875 0.6437500000000002 0.76875
24 0.6634647656250001 0.473112415625 0.59886745 0.473112415625 0.5988674500000001 0.7375 0.6634647656250002 0.7375
24 0.7859375 0.5218750000000001 0.5002936234375001 0.521875 0.5002936234375001 0.6031250000000001 0.7859375 0.6031250000000001
24 0.76875 0.47995490781250005 0.5046875 0.47995490781249994 0.5046875 0.5390625000000001 0.76875 0.5390625000000002
24 0.784375 0.4313601093750001 0.5173343109374999 0.431360109375 0.5173343109374999 0.5062500000000001 0.784375 0.5062500000000002
24 0.4953125 0.5973888421875 0.22179110625000006 0.5973888421875 0.22179110625000006 0.6609375 0.4953125 0.6609375
24 0.403125 0.4430945890625 0.3182518875000001 0.4430945890625 0.3182518875000001 0.721875 0.403125 0.721875
24 0.4125 0.3908819203125001 0.3390939593750001 0.3908819203125 0.3390939593750001 0.6578125 0.4125 0.6578125
24 0.409375 0.34805473906250006 0.35555264375 0.3480547390625 0.35555264375000006 0.5921822578125 0.409375 0.5921822578125
24 0.4109375 0.3159553265625 0.3543886328125 0.3159553265625 0.35438863281250005 0.559375 0.4109375 0.559375
24 0.15781250000000008 0.49714765156249996 0.06643770937500007 0.49714765156249996 0.06643770937500007 0.721875 0.15781250000000008 0.721875
24 0.24375000000000008 0.5051017203125 0.00017302812500006185 0.5051017203125 0.00017302812500006662 0.5828125 0.24375000000000008 0.5828125
24 0.15410025156250007 0.3674496640625 0.09537541875000004 0.3674496640625 0.09537541875000005 0.6171875 0.1541002515625001 0.6171875
24 0.2578125000000001 0.4328125 5.300424427559639e-17 0.4328125 5.663991446056509e-17 0.4921875 0.2578125000000001 0.4921875
24 0.16406250000000006 0.2929320453125 0.10363884375000006 0.2929320453125 0.10363884375000007 0.5609375 0.16406250000000008 0.5609375
24 0.5890625 0.6267197984374999 0.522677221875 0.6267197984374999 0.5226772218750001 0.8953125 0.5890625000000002 0.8953125
24 0.5750000000000001 0.6003775171875 0.512531459375 0.6003775171875 0.5125314593750001 0.85 0.5750000000000002 0.85