24 0.284375 3.040090003352121e-17 0.212109375 2.597590671628956e-17 0.212109375 0.18437500000000004 0.284375 0.18437500000000004
24 0.4125 3.319940932063528e-17 0.1296875 1.5882138176442238e-17 0.1296875 0.04218750000000003 0.4125 0.04218750000000006
24 0.7546875 0.6238281250000001 0.7171875 0.623828125 0.7171875 0.7078125000000001 0.7546875 0.7078125000000002
24 0.775 0.5929687500000002 0.735546875 0.5929687500000002 0.735546875 0.6796875000000002 0.775 0.6796875000000002
24 0.8171875 0.5828125000000002 0.728515625 0.5828125000000002 0.728515625 0.6234375000000002 0.8171875 0.6234375000000002
24 0.8328125 0.5484375000000001 0.732421875 0.5484375000000001 0.732421875 0.5906250000000002 0.8328125 0.5906250000000002
24 0.8234375 0.4695312500000002 0.766015625 0.4695312500000002 0.766015625 0.5906250000000002 0.8234375 0.5906250000000002
24 0.878125 0.4625000000000002 0.750390625 0.4625000000000002 0.750390625 0.5093750000000001 0.878125 0.5093750000000001
24 0.765625 0.047265625000000075 0.5 0.04726562500000007 0.5 0.12812500000000007 0.765625 0.1281250000000001
24 0.834375 0.0015625000000000777 0.4390625 0.0015625000000000534 0.4390625 0.07500000000000008 0.834375 0.07500000000000011
24 0.99375 0.0835937500000001 0.92578125 0.0835937500000001 0.92578125 0.16250000000000014 0.99375 0.16250000000000014
24 0.9984375 0.026953125000000116 0.861328125 0.026953125000000112 0.861328125 0.10156250000000011 0.9984375 0.10156250000000014
24 0.6046875 0.53671875 0.549609375 0.53671875 0.5496093750000001 0.78125 0.6046875000000002 0.78125
24 0.715625 0.600390625 0.469140625 0.600390625 0.469140625 0.659375 0.715625 0.659375
24 0.6421875 0.455859375 0.56640625 0.455859375 0.56640625 0.721875 0.6421875 0.721875
24 0.7203125 0.5125 0.474609375 0.5125 0.474609375 0.56875 0.7203125 0.56875
24 0.7359375 0.46757812500000007 0.4859375 0.467578125 0.4859375 0.5375000000000001 0.7359375 0.5375000000000002
24 0.3687500000000001 0.523828125 0.30937500000000007 0.523828125 0.30937500000000007 0.7796875 0.3687500000000001 0.7796875
24 0.471875 0.56875 0.21093750000000008 0.56875 0.21093750000000008 0.6484375 0.471875 0.6484375
24 0.3890625000000001 0.4296875 0.3203125000000001 0.4296875 0.3203125000000001 0.6796875 0.3890625000000001 0.6796875
24 0.4734375 0.478515625 0.2464843750000001 0.478515625 0.2464843750000001 0.528125 0.4734375 0.528125
24 0.38750000000000007 0.35937500000000006 0.334375 0.359375 0.33437500000000003 0.5875 0.38750000000000007 0.5875
24 0.15000000000000008 0.526953125 0.06367187500000007 0.526953125 0.06367187500000007 0.740625 0.15000000000000008 0.740625
24 0.15312500000000007 0.45625 0.07968750000000006 0.45625 0.07968750000000008 0.6890625 0.1531250000000001 0.6890625
24 0.2375000000000001 0.496875 6.084963783263412e-17 0.496875 6.419828142405267e-17 0.5515625 0.2375000000000001 0.5515625
24 0.2453125000000001 0.469140625 5.745315647562387e-17 0.469140625 6.077788118424657e-17 0.5234375 0.2453125000000001 0.5234375
24 0.25468750000000007 0.434375 0.004687500000000053 0.434375 0.004687500000000056 0.4921875 0.25468750000000007 0.4921875
24 0.6484375000000002 0.74375 0.3968750000000001 0.74375 0.3968750000000001 0.80625 0.6484375000000002 0.80625
24 0.5406250000000001 0.625390625 0.4828125 0.625390625 0.4828125000000001 0.8578125 0.5406250000000001 0.8578125