24 0.9484375 0.7988281250000002 0.873046875 0.7988281250000002 0.873046875 0.9734375 0.9484375 0.9734375
24 0.9984375 0.896875 0.815234375 0.896875 0.815234375 0.965625 0.9984375 0.965625
24 0.9328125 0.869140625 0.890625 0.869140625 0.890625 1 0.9328125 1
24 0.15625000000000006 0.309765625 0.11992187500000004 0.309765625 0.11992187500000004 0.3953125 0.15625000000000006 0.3953125
24 0.15468750000000003 0.3421875 0.11289062500000005 0.3421875 0.11289062500000005 0.43125 0.15468750000000003 0.43125
24 0.18125000000000005 0.403125 0.08750000000000005 0.403125 0.08750000000000005 0.4453125 0.18125000000000005 0.4453125
24 0.16406250000000006 0.405859375 0.12226562500000004 0.405859375 0.12226562500000004 0.5109375 0.16406250000000006 0.5109375
24 0.2140625000000001 0.470703125 0.08789062500000007 0.470703125 0.08789062500000007 0.5296875 0.2140625000000001 0.5296875
24 0.2234375000000001 0.525 0.08906250000000007 0.525 0.08906250000000007 0.5734375 0.2234375000000001 0.5734375
24 0.6953125000000002 0.8734375 0.4187500000000002 0.8734375 0.4187500000000002 0.95625 0.6953125000000002 0.95625
24 0.6156250000000002 0.7578125 0.5480468750000002 0.7578125 0.5480468750000002 1 0.6156250000000002 1
24 0.25468750000000007 0.9140625 0.10312500000000013 0.9140625 0.10312500000000013 0.978125 0.25468750000000007 0.978125
24 0.3453125000000001 0.963671875 0.11367187500000013 0.963671875 0.11367187500000013 0.9984375 0.3453125000000001 0.9984375
24 0.4296875 0.30468750000000006 0.17226562500000003 0.3046875 0.17226562500000003 0.3609375 0.4296875 0.3609375000000001
24 0.33125000000000004 0.236328125 0.27109375 0.236328125 0.27109375 0.4953125 0.3312500000000001 0.4953125
24 0.35000000000000003 0.2703125 0.273828125 0.2703125 0.27382812500000003 0.546875 0.3500000000000001 0.546875
24 0.37500000000000006 0.32734375000000004 0.31796875 0.32734375 0.31796875 0.5859375 0.3750000000000001 0.5859375
24 0.4828125 0.4609375 0.22226562500000008 0.4609375 0.22226562500000008 0.5328125 0.4828125 0.5328125
24 0.575 0.16562500000000008 0.514453125 0.16562500000000005 0.514453125 0.4328125 0.575 0.4328125
24 0.7 0.3019531250000001 0.428125 0.3019531250000001 0.428125 0.3828125000000001 0.7 0.3828125000000001
24 0.7125 0.36601562500000007 0.451953125 0.36601562500000007 0.451953125 0.434375 0.7125 0.434375
24 0.628125 0.3316406250000001 0.578125 0.3316406250000001 0.578125 0.56875 0.628125 0.56875
24 0.6453125 0.3632812500000001 0.59296875 0.3632812500000001 0.59296875 0.6015625 0.6453125 0.6015625
24 0.8578125 0.13281250000000008 0.76875 0.13281250000000008 0.76875 0.4125000000000002 0.8578125 0.4125000000000002
24 0.8609375 0.20312500000000008 0.7875 0.20312500000000008 0.7875 0.4734375000000002 0.8609375 0.4734375000000002
24 0.8640625 0.2570312500000001 0.808203125 0.2570312500000001 0.808203125 0.5140625000000002 0.8640625 0.5140625000000002
24 0.875 0.2875000000000001 0.817578125 0.2875000000000001 0.817578125 0.5453125000000002 0.875 0.5453125000000002
24 0.990625 0.42500000000000016 0.728515625 0.42500000000000016 0.728515625 0.4828125000000002 0.990625 0.4828125000000002
24 0.425 0.1765625 0.1625 0.1765625 0.16250000000000003 0.23906250000000004 0.425 0.2390625000000001
24 0.35078125 0.11679687500000005 0.2921875 0.11679687500000005 0.2921875 0.359375 0.35078125 0.359375