24 0.38046875 0.01562500000000003 0.1171875 0.015625000000000017 0.1171875 0.08906250000000003 0.38046875 0.08906250000000004
24 0.4125 3.319940932063528e-17 0.1296875 1.5882138176442238e-17 0.1296875 0.042968750000000035 0.4125 0.042968750000000056
24 0.778125 0.6468750000000001 0.69375 0.646875 0.69375 0.6851562500000001 0.778125 0.6851562500000001
24 0.79921875 0.6156250000000001 0.7125 0.615625 0.7125 0.6562500000000001 0.79921875 0.6562500000000002
24 0.81796875 0.5828125000000002 0.728125 0.5828125000000002 0.728125 0.6234375000000002 0.81796875 0.6234375000000002
24 0.83359375 0.5484375000000001 0.7328125 0.5484375000000001 0.7328125 0.5906250000000002 0.83359375 0.5906250000000002
24 0.85546875 0.5015625000000001 0.734375 0.5015625000000001 0.734375 0.5593750000000002 0.85546875 0.5593750000000002
24 0.87890625 0.4625000000000002 0.75 0.4625000000000002 0.75 0.5093750000000001 0.87890625 0.5093750000000001
24 0.765625 0.046875000000000076 0.5 0.04687500000000007 0.5 0.12890625000000006 0.765625 0.12890625000000008
24 0.834375 0.0015625000000000777 0.4390625 0.0015625000000000534 0.4390625 0.07500000000000008 0.834375 0.07500000000000011
24 1 0.08906250000000013 0.9203125 0.08906250000000011 0.9203125 0.15781250000000013 1 0.15781250000000013
24 0.99921875 0.02656250000000011 0.8609375 0.0265625000000001 0.8609375 0.10234375000000011 0.99921875 0.10234375000000014
24 0.70078125 0.63125 0.4546875 0.63125 0.4546875 0.6875 0.70078125 0.6875
24 0.71640625 0.6 0.46875 0.6 0.46875 0.66015625 0.71640625 0.66015625
24 0.7375 0.5515625000000001 0.4703125 0.5515625 0.4703125 0.6273437500000001 0.7375 0.6273437500000002
24 0.72109375 0.5125 0.475 0.5125 0.475 0.56875 0.72109375 0.56875
24 0.7359375 0.4671875000000001 0.4859375 0.4671875 0.4859375 0.53828125 0.7359375 0.5382812500000002
24 0.4671875 0.621875 0.21093750000000008 0.621875 0.21093750000000008 0.68203125 0.4671875 0.68203125
24 0.471875 0.56875 0.21093750000000008 0.56875 0.21093750000000008 0.6484375 0.471875 0.6484375
24 0.4796875 0.5203125 0.2296875000000001 0.5203125 0.2296875000000001 0.5890625 0.4796875 0.5890625
24 0.47421875 0.478125 0.2468750000000001 0.478125 0.2468750000000001 0.52890625 0.47421875 0.52890625
24 0.475 0.446875 0.2468750000000001 0.446875 0.2468750000000001 0.5 0.475 0.5
24 0.21484375000000008 0.590625 7.233070157464055e-17 0.590625 7.764069355531852e-17 0.67734375 0.21484375000000008 0.67734375
24 0.2328125000000001 0.5359375 6.563341439180346e-17 0.5359375 7.013016435742265e-17 0.609375 0.2328125000000001 0.609375
24 0.2375000000000001 0.496875 6.084963783263412e-17 0.496875 6.419828142405267e-17 0.5515625 0.2375000000000001 0.5515625
24 0.2453125000000001 0.46875 5.740531871003217e-17 0.46875 6.080180006704242e-17 0.52421875 0.2453125000000001 0.52421875
24 0.25468750000000007 0.434375 0.004687500000000053 0.434375 0.004687500000000056 0.4921875 0.25468750000000007 0.4921875
24 0.6484375000000002 0.74375 0.3968750000000001 0.74375 0.3968750000000001 0.80625 0.6484375000000002 0.80625
24 0.628125 0.7125 0.39531250000000007 0.7125 0.39531250000000007 0.77109375 0.6281250000000002 0.77109375