24 0.2734375 3.203075519098003e-17 0.2496644296875 3.057507446777463e-17 0.2496644296875 0.15312500000000004 0.2734375 0.15312500000000004
24 0.8296875 0.6243445875000002 0.7392302859375001 0.6243445875000002 0.7392302859375001 0.6654519718750002 0.8296875 0.6654519718750002
24 0.8528104015625001 0.5906879187500003 0.7596895984375001 0.5906879187500003 0.7596895984375001 0.6328125000000002 0.8528104015625001 0.6328125000000002
24 0.8462772640624999 0.5290268453125002 0.803125 0.5290268453125002 0.803125 0.6250000000000002 0.8462772640624999 0.6250000000000002
24 0.8900482390625 0.5187552437500002 0.7818267609375 0.5187552437500002 0.7818267609375 0.5625000000000002 0.8900482390625 0.5625000000000002
24 0.878125 0.43428062031250014 0.8175912328124999 0.43428062031250014 0.8175912328124999 0.5640625000000001 0.878125 0.5640625000000001
24 0.89375 0.3821466031250001 0.8445994125 0.3821466031250001 0.8445994125 0.5203125000000002 0.89375 0.5203125000000002
24 0.7078125 8.256798341126295e-17 0.640625 7.845393557037732e-17 0.640625 0.1765625000000001 0.7078125 0.1765625000000001
24 0.978125 1.1744107244911773e-16 0.9398332640625 1.1509637985663498e-16 0.9398332640625 0.05937500000000011 0.978125 0.05937500000000011
24 0.64375 0.50596161875 0.5850671140625 0.50596161875 0.5850671140625001 0.76875 0.6437500000000002 0.76875
24 0.7640625 0.5736996640625001 0.4984375 0.5736996640625 0.4984375 0.6375000000000001 0.7640625 0.6375000000000002
24 0.7859375 0.5218750000000001 0.5002936234375001 0.521875 0.5002936234375001 0.6031250000000001 0.7859375 0.6031250000000001
24 0.6671875 0.3783819218750001 0.6070522234375 0.3783819218750001 0.6070522234375 0.640625 0.6671875 0.640625
24 0.784375 0.4310559984375001 0.516222734375 0.4310559984375 0.516222734375 0.5062500000000001 0.784375 0.5062500000000002
24 0.3906250000000001 0.49234479843749995 0.3266883375000001 0.49234479843749995 0.3266883375000001 0.765625 0.3906250000000001 0.765625
24 0.403125 0.4428114515625 0.31933200468750006 0.4428114515625 0.31933200468750006 0.721875 0.403125 0.721875
24 0.4125 0.3908819203125001 0.3390939593750001 0.3908819203125 0.3390939593750001 0.6578125 0.4125 0.6578125
24 0.5042942546875 0.443639890625 0.26016673593750006 0.443639890625 0.26016673593750006 0.496875 0.5042942546875 0.496875
24 0.504514471875 0.409757759375 0.2595480281250001 0.409757759375 0.2595480281250001 0.465625 0.504514471875 0.465625
24 0.2250000000000001 0.5640625 0.00033557031250006905 0.5640625 0.00033557031250007474 0.65625 0.2250000000000001 0.65625
24 0.24375000000000008 0.5051017203125 0.00017302812500006185 0.5051017203125 0.00017302812500006662 0.5828125 0.24375000000000008 0.5828125
24 0.15410025156250007 0.3674496640625 0.09537541875000004 0.3674496640625 0.09537541875000005 0.6171875 0.1541002515625001 0.6171875
24 0.15781250000000008 0.333761534375 0.09924496718750005 0.333761534375 0.09924496718750006 0.590625 0.15781250000000008 0.590625
24 0.16406250000000006 0.292638421875 0.10273699843750003 0.292638421875 0.10273699843750006 0.5609375 0.16406250000000008 0.5609375
24 0.6890625000000001 0.7281617015624999 0.4211828859375002 0.7281617015624999 0.4211828859375002 0.795275796875 0.6890625000000001 0.795275796875
24 0.6687500000000001 0.6951027671875 0.41875 0.6951027671875 0.41875000000000007 0.75625 0.6687500000000002 0.75625