24 0.40352349062500004 3.2105882966708823e-17 0.12080536875 1.4794390815950322e-17 0.12080536875 0.025167785937500027 0.40352349062500004 0.02516778593750004
24 0.8305369125000001 0.6241610734375002 0.7399328859375001 0.6241610734375002 0.7399328859375001 0.6652684562500002 0.8305369125000001 0.6652684562500002
24 0.85318791875 0.5906040265625002 0.7600671140624999 0.5906040265625002 0.7600671140624999 0.6342281875000002 0.85318791875 0.6342281875000002
24 0.8733221468749999 0.5553691281250002 0.7768456375 0.5553691281250002 0.7768456375 0.5989932890625002 0.8733221468749999 0.5989932890625002
24 0.8901006718750001 0.5184563765625001 0.7818791953125 0.5184563765625001 0.7818791953125 0.5637583890625002 0.8901006718750001 0.5637583890625002
24 0.9135906046875 0.46812080468750017 0.783557046875 0.46812080468750017 0.783557046875 0.5302013421875003 0.9135906046875 0.5302013421875003
24 0.9387583890625001 0.4261744968750002 0.8003355703125001 0.4261744968750002 0.8003355703125001 0.4765100671875002 0.9387583890625001 0.4765100671875002
24 0.8171140937500001 8.260201567608255e-17 0.5318791953125 6.51364154072523e-17 0.5318791953125 0.06795302031250008 0.8171140937500001 0.06795302031250011
24 1 1.1753321630941855e-16 0.9194630874999999 1.1260175270410176e-16 0.9194630874999999 0.03942952968750012 1 0.03942952968750012
24 0.7474832218749999 0.6073825500000001 0.48322147656250003 0.60738255 0.48322147656250003 0.667785234375 0.7474832218749999 0.6677852343750001
24 0.7642617453125 0.573825503125 0.498322146875 0.5738255031249999 0.498322146875 0.6384228187500001 0.7642617453125 0.6384228187500002
24 0.7869127515625001 0.52181208125 0.5 0.52181208125 0.5 0.6031879187500001 0.7869127515625001 0.6031879187500002
24 0.7692953015625 0.4798657718750001 0.5050335578125 0.479865771875 0.5050335578125 0.5402684562500001 0.7692953015625 0.5402684562500002
24 0.7852349000000001 0.4312080531250001 0.5167785234375 0.43120805312500005 0.5167785234375 0.5075503359375001 0.7852349000000001 0.5075503359375002
24 0.4966442953125 0.5973154359375 0.2214765093750001 0.5973154359375 0.2214765093750001 0.6619127515625001 0.4966442953125 0.6619127515625001
24 0.501677853125 0.54026845625 0.2214765093750001 0.54026845625 0.2214765093750001 0.6258389265625001 0.501677853125 0.6258389265625001
24 0.5100671140624999 0.48825503281250004 0.24161073750000012 0.48825503281250004 0.24161073750000012 0.5620805375 0.5100671140624999 0.5620805375
24 0.5041946312500001 0.4429530203125 0.26006711406250005 0.4429530203125 0.26006711406250005 0.49748322187499994 0.5041946312500001 0.49748322187499994
24 0.5050335578125 0.4093959734375 0.26006711406250005 0.4093959734375 0.26006711406250005 0.46644295312499995 0.5050335578125 0.46644295312499995
24 0.2256711406250001 0.5637583890625 6.904049066578588e-17 0.5637583890625 7.474249553119006e-17 0.6568791953125 0.2256711406250001 0.6568791953125
24 0.2449664421875001 0.5050335578125 6.184877300370779e-17 0.5050335578125 6.667749773607603e-17 0.5838926171875001 0.2449664421875001 0.5838926171875001
24 0.2500000000000001 0.4630872484375 5.671183165249395e-17 0.4630872484375 6.030769057920853e-17 0.52181208125 0.2500000000000001 0.52181208125
24 0.25838926250000005 0.43288590625 5.301323394850637e-17 0.43288590625 5.666046221601968e-17 0.49244966406249996 0.25838926250000005 0.49244966406249996
24 0.2684563765625001 0.3959731546875 4.849272564363266e-17 0.3959731546875 5.229406212489324e-17 0.458053690625 0.2684563765625001 0.458053690625
24 0.6912751671875002 0.72818791875 0.42114093906250016 0.72818791875 0.42114093906250016 0.7953020140625 0.6912751671875002 0.7953020140625
24 0.6694630875 0.694630871875 0.41946308749999994 0.694630871875 0.41946308750000005 0.7575503359375 0.6694630875000002 0.7575503359375