24 0.3796875 0.01562500000000003 0.116796875 0.015625000000000017 0.116796875 0.08906250000000003 0.3796875 0.08906250000000004
24 0.2921875 3.315157155504359e-17 0.24921875 3.0520494447500445e-17 0.24921875 0.16250000000000003 0.2921875 0.16250000000000003
24 0.7546875 0.6238281250000001 0.7171875 0.623828125 0.7171875 0.7078125000000001 0.7546875 0.7078125000000002
24 0.7984375 0.6156250000000001 0.712890625 0.615625 0.712890625 0.6562500000000001 0.7984375 0.6562500000000002
24 0.8171875 0.5828125000000002 0.728515625 0.5828125000000002 0.728515625 0.6234375000000002 0.8171875 0.6234375000000002
24 0.8328125 0.5484375000000001 0.732421875 0.5484375000000001 0.732421875 0.5906250000000002 0.8328125 0.5906250000000002
24 0.8546875 0.5015625000000001 0.733984375 0.5015625000000001 0.733984375 0.5593750000000002 0.8546875 0.5593750000000002
24 0.8375 0.42187500000000017 0.791015625 0.42187500000000017 0.791015625 0.5500000000000002 0.8375 0.5500000000000002
24 0.765625 0.046875000000000076 0.5 0.04687500000000007 0.5 0.12812500000000007 0.765625 0.1281250000000001
24 0.834375 0.0015625000000000777 0.4390625 0.0015625000000000534 0.4390625 0.07500000000000008 0.834375 0.07500000000000011
24 0.99375 0.0835937500000001 0.92578125 0.0835937500000001 0.92578125 0.16250000000000014 0.99375 0.16250000000000014
24 0.9671875 1.1382996322543464e-16 0.891796875 1.0921361884583621e-16 0.891796875 0.1328125000000001 0.9671875 0.13281250000000014
24 0.7 0.63125 0.4546875 0.63125 0.4546875 0.6875 0.7 0.6875
24 0.715625 0.6 0.46875 0.6 0.46875 0.659375 0.715625 0.659375
24 0.64140625 0.455859375 0.565625 0.455859375 0.565625 0.721875 0.64140625 0.721875
24 0.625 0.4171875 0.569921875 0.4171875 0.569921875 0.66328125 0.625 0.66328125
24 0.6453125 0.37773437500000007 0.57578125 0.37773437500000007 0.57578125 0.6265625 0.6453125 0.6265625
24 0.4671875 0.621875 0.21093750000000008 0.621875 0.21093750000000008 0.68125 0.4671875 0.68125
24 0.3812500000000001 0.478125 0.30156250000000007 0.478125 0.30156250000000007 0.7390625 0.3812500000000001 0.7390625
24 0.4796875 0.5203125 0.2296875000000001 0.5203125 0.2296875000000001 0.5890625 0.4796875 0.5890625
24 0.4734375 0.478515625 0.2464843750000001 0.478515625 0.2464843750000001 0.528125 0.4734375 0.528125
24 0.475 0.446875 0.2468750000000001 0.446875 0.2468750000000001 0.5 0.475 0.5
24 0.15000000000000008 0.526171875 0.06445312500000007 0.526171875 0.06445312500000008 0.740625 0.15000000000000008 0.740625
24 0.2328125000000001 0.5359375 6.563341439180346e-17 0.5359375 7.013016435742265e-17 0.609375 0.2328125000000001 0.609375
24 0.2375000000000001 0.496875 6.084963783263412e-17 0.496875 6.419828142405267e-17 0.5515625 0.2375000000000001 0.5515625
24 0.2453125000000001 0.469140625 5.745315647562387e-17 0.469140625 6.077788118424657e-17 0.5234375 0.2453125000000001 0.5234375
24 0.25468750000000007 0.434375 0.004687500000000053 0.434375 0.004687500000000056 0.4921875 0.25468750000000007 0.4921875
24 0.6484375000000002 0.74375 0.3968750000000001 0.74375 0.3968750000000001 0.80625 0.6484375000000002 0.80625
24 0.5406250000000001 0.625390625 0.48203125 0.625390625 0.4820312500000001 0.8578125 0.5406250000000001 0.8578125