19 0.6546875 0.1787035031250001 0.58426686875 0.1787035031250001 0.58426686875 0.2140625000000001 0.6546875 0.2140625000000001
19 0.7046875 0.1790846671875001 0.634375 0.1790846671875001 0.634375 0.2171875000000001 0.7046875 0.2171875000000001
19 0.03906250000000002 0.191846884375 2.349446728762361e-17 0.191846884375 2.418505269765211e-17 0.203125 0.03906250000000002 0.203125
19 0.5109375 0.18019301562500006 0.4375405484375 0.18019301562500006 0.4375405484375 0.21875000000000008 0.5109375 0.21875000000000008
19 0.5917874125 0.1666982062500001 0.555455234375 0.1666982062500001 0.555455234375 0.2328125000000001 0.5917874125 0.2328125000000001
19 0.06093750000000002 0.165625 0.018750000000000024 0.165625 0.018750000000000024 0.2328125 0.06093750000000002 0.2328125
19 0.15937500000000002 0.1662656796875 0.11958801875 0.1662656796875 0.11958801875000002 0.2328125 0.15937500000000004 0.2328125
19 0.253125 0.16669820625000004 0.21493566249999999 0.16669820625000004 0.21493566249999999 0.2328125 0.253125 0.2328125
19 0.31875 0.17823853906250003 0.25277086875 0.17823853906250003 0.25277086875 0.2203125 0.31875 0.2203125
19 0.2046875 0.168079584375 0.1689851875 0.16807958437499998 0.16898518750000002 0.2328125 0.2046875 0.2328125
19 0.12187500000000002 0.179968640625 0.054755081250000025 0.179968640625 0.054755081250000025 0.21875 0.12187500000000004 0.21875
19 0.4625 0.18298010312500004 0.39939716718749996 0.18298010312500004 0.39939716718749996 0.2156250000000001 0.4625 0.2156250000000001
19 0.55625 0.18123107656250007 0.491955015625 0.18123107656250004 0.491955015625 0.21875000000000008 0.55625 0.21875000000000008
19 0.3515625 0.16626567968750003 0.31484645312500004 0.16626567968750003 0.31484645312500004 0.2328125 0.3515625 0.2328125
19 0.40153817031249994 0.16626567968750003 0.3600156796875 0.16626567968750003 0.3600156796875 0.23281250000000003 0.40153817031249994 0.2328125000000001
19 0.9966208906249999 0.2867295625000001 0.9568285031249999 0.2867295625000001 0.9568285031249999 0.3312500000000001 0.9966208906249999 0.3312500000000001
19 0.9390625 0.2890625000000001 0.903125 0.2890625000000001 0.903125 0.33281250000000007 0.9390625 0.33281250000000007
19 0.9078125 0.3246458687500001 0.84506109375 0.3246458687500001 0.84506109375 0.3687500000000001 0.9078125 0.3687500000000001
19 0.8562310765625 0.3251676031250001 0.7890625 0.3251676031250001 0.7890625 0.37187500000000007 0.8562310765625 0.37187500000000007
19 0.796875 0.3272842781250001 0.7314878890625 0.3272842781250001 0.7314878890625 0.37187500000000007 0.796875 0.37187500000000007
19 0.9546875 0.3352616796875001 0.9116457609375 0.3352616796875001 0.9116457609375 0.3812500000000001 0.9546875 0.3812500000000001
19 0.9984375 0.3361024000000001 0.9655114625 0.3361024000000001 0.9655114625 0.37968750000000007 0.9984375 0.37968750000000007
19 1 0.40712586406250023 0.9259083046875001 0.40712586406250023 0.9259083046875001 0.4750000000000002 1 0.4750000000000002
19 0.9140625 0.3953422359375001 0.8432796265625001 0.3953422359375001 0.8432796265625001 0.48750000000000016 0.9140625 0.48750000000000016
19 0.4625 0.4078125 0.3721210000000001 0.4078125 0.3721210000000001 0.475 0.4625 0.475
19 0.8171875 0.3964208484375001 0.75 0.3964208484375001 0.75 0.4859375000000002 0.8171875 0.4859375000000002
19 0.6421875 0.4078125 0.5624675609375 0.4078125 0.5624675609375 0.475 0.6421875 0.475
19 0.7265625 0.3966479234375001 0.66069690625 0.3966479234375001 0.66069690625 0.4859375000000001 0.7265625 0.4859375000000002
19 0.5578125 0.4140625 0.46898518593749994 0.4140625 0.46898518593749994 0.475 0.5578125 0.475
19 0.08437500000000006 0.41442203749999995 0.028125000000000056 0.41442203749999995 0.028125000000000056 0.475 0.08437500000000006 0.475
19 0.017187500000000053 0.4187608140625 5.1283409054998057e-17 0.4187608140625 5.4631390476065276e-17 0.4734375 0.017187500000000057 0.4734375
19 0.15781250000000005 0.4160764484375 0.10000000000000005 0.4160764484375 0.10000000000000005 0.4765625 0.15781250000000005 0.4765625
19 0.3671875000000001 0.41821475 0.3113429937500001 0.41821475 0.3113429937500001 0.4734375 0.3671875000000001 0.4734375
19 0.22812500000000008 0.4190257359375 0.17015570937500005 0.4190257359375 0.17015570937500005 0.4765625 0.22812500000000008 0.4765625
19 0.2953125000000001 0.4171875 0.24222264375000008 0.4171875 0.24222264375000008 0.478125 0.2953125000000001 0.478125
19 0.6109375 0.522510271875 0.547694096875 0.522510271875 0.547694096875 0.5578125 0.6109375 0.5578125
19 0.4171875 0.5073015796875 0.3820907218750001 0.5073015796875 0.3820907218750001 0.5734375 0.4171875 0.5734375
19 0.46204314375 0.508334234375 0.42744106875 0.508334234375 0.42744106875 0.571875 0.46204314375 0.571875
19 0.565625 0.5227806015625001 0.5015625 0.5227806015625001 0.5015625 0.5578125 0.565625 0.5578125
19 0.5203125 0.5234375 0.45521734374999995 0.5234375 0.45521734374999995 0.559375 0.5203125 0.559375
19 0.3703125000000001 0.5088830015625 0.3357401609375001 0.5088830015625 0.3357401609375001 0.5734375 0.3703125000000001 0.5734375
19 0.8796875 0.5118782437500002 0.786732265625 0.5118782437500002 0.786732265625 0.5703125000000002 0.8796875 0.5703125000000002
19 0.9671875 0.49883488281250016 0.906723075 0.49883488281250016 0.906723075 0.5859375000000002 0.9671875 0.5859375000000002
19 0.7859375 0.5159845375000001 0.696875 0.5159845375 0.696875 0.5718750000000001 0.7859375 0.5718750000000001
19 0.6765625 0.500267625 0.6202232921874999 0.500267625 0.6202232921874999 0.5875 0.6765625 0.5875
19 0.6953125 0.592595696875 0.67391598125 0.592595696875 0.67391598125 0.6341181890625001 0.6953125 0.6341181890625001
19 0.5 0.59373378125 0.4775492 0.59373378125 0.4775492 0.6328125 0.5 0.6328125
19 0.609375 0.604279303125 0.5678606187499999 0.604279303125 0.5678606187499999 0.6234375 0.609375 0.6234375
19 0.753125 0.6035980750000001 0.7128325046875 0.6035980750000001 0.7128325046875 0.6260894250000001 0.753125 0.6260894250000002
19 0.9421875 0.5938365046875002 0.9197745453125 0.5938365046875002 0.9197745453125 0.6359375000000002 0.9421875 0.6359375000000002
19 0.5515625 0.5937418906249999 0.53126621875 0.5937418906249999 0.53126621875 0.634375 0.5515625 0.634375
19 0.9984375 0.6026330015625001 0.9634704796875001 0.6026330015625001 0.9634704796875001 0.6265625000000001 0.9984375 0.6265625000000001
19 0.6609375 0.6040143812500001 0.619671821875 0.6040143812500001 0.619671821875 0.62650573125 0.6609375 0.62650573125
19 0.8420036765625 0.5930579593750002 0.820377378125 0.5930579593750002 0.820377378125 0.6359375000000002 0.8420036765625 0.6359375000000002
19 0.890625 0.5940122203125002 0.8692528109375001 0.5940122203125002 0.8692528109375001 0.6343750000000001 0.890625 0.6343750000000001
19 0.8015625 0.6040143812500002 0.7612213453125001 0.6040143812500002 0.7612213453125001 0.6265057312500002 0.8015625 0.6265057312500002
19 0.21875000000000008 0.5935850984375 0.17187500000000008 0.5935850984375 0.17187500000000008 0.671875 0.21875000000000008 0.671875
19 0.459375 0.614411225 0.41465992656250006 0.614411225 0.41465992656250006 0.65625 0.459375 0.65625
19 0.3453125000000001 0.6140625 0.3045874781250001 0.6140625 0.3045874781250001 0.65625 0.3453125000000001 0.65625
19 0.40279249687499996 0.6143950046875 0.3612700046875001 0.6143950046875 0.3612700046875001 0.6546875 0.40279249687499996 0.6546875
19 0.2890625000000001 0.6163089312500001 0.24622080468750007 0.6163089312500001 0.24622080468750007 0.6578125 0.2890625000000001 0.6578125
19 0.1437500000000001 0.6125 0.06718750000000007 0.6125 0.06718750000000008 0.659375 0.1437500000000001 0.659375
19 0.05781250000000008 0.6140625 0.00027573437500007827 0.6140625 0.00027573437500008136 0.6640625 0.057812500000000086 0.6640625
19 0.5078125 0.631252703125 0.46854995625000007 0.631252703125 0.46854995625000007 0.653125 0.5078125 0.653125
19 0.6497215609375 0.622099371875 0.6272302125 0.622099371875 0.6272302125 0.665625 0.6497215609375 0.665625
19 0.609375 0.6331504125 0.5678606187499999 0.6331504125 0.5678606187499999 0.6546875 0.609375 0.6546875
19 0.5578125 0.6299551250000001 0.518895978125 0.6299551250000001 0.518895978125 0.65625 0.5578125 0.65625
19 0.9999459343750001 0.6329368515625002 0.9688040656249999 0.6329368515625002 0.9688040656249999 0.6545631484375002 0.9999459343750001 0.6545631484375002
19 0.7953125 0.6250000000000002 0.7753676484375001 0.6250000000000002 0.7753676484375001 0.6625000000000002 0.7953125 0.6625000000000002
19 0.7482023125 0.6233969500000002 0.7257109640625 0.6233969500000002 0.7257109640625 0.6640625000000002 0.7482023125 0.6640625000000002
19 0.8453125 0.6237537843750002 0.82437824375 0.6237537843750002 0.82437824375 0.6671875000000002 0.8453125 0.6671875000000002
19 0.89375 0.6236456531250002 0.8732861156249999 0.6236456531250002 0.8732861156249999 0.6671875000000002 0.89375 0.6671875000000002
19 0.9546064015625 0.6348480750000002 0.9078935984375001 0.6348480750000002 0.9078935984375001 0.6573394250000002 0.9546064015625 0.6573394250000002
19 0.709375 0.636145653125 0.6698637546875 0.636145653125 0.6698637546875 0.656041846875 0.709375 0.656041846875
19 0.8546875 0.7029546921875002 0.7844128453125 0.7029546921875002 0.7844128453125001 0.7531250000000002 0.8546875 0.7531250000000002
19 0.6296875000000001 0.70303849375 0.559412846875 0.70303849375 0.5594128468750001 0.7515625 0.6296875000000002 0.7515625
19 0.7046875000000001 0.70215451875 0.637897384375 0.70215451875 0.6378973843750001 0.75 0.7046875000000001 0.75
19 0.7827746546875001 0.70303849375 0.710975346875 0.70303849375 0.7109753468750001 0.7515625000000001 0.7827746546875002 0.7515625000000001
19 0.9890625 0.6951286765625002 0.943155275 0.6951286765625002 0.943155275 0.7593750000000001 0.9890625 0.7593750000000001
19 0.9308120687500001 0.7053498046875002 0.8598778125000001 0.7053498046875002 0.8598778125000001 0.7500000000000002 0.9308120687500001 0.7500000000000002
19 0.5515625000000001 0.7037035031250001 0.476338128125 0.7037035031250001 0.4763381281250001 0.753125 0.5515625000000002 0.753125
19 0.4171875000000001 0.7110564453125 0.3732401593750001 0.7110564453125 0.3732401593750001 0.7546875 0.41718750000000016 0.7546875
19 0.4718750000000001 0.711042928125 0.4290603375 0.711042928125 0.42906033750000006 0.7546875 0.47187500000000016 0.7546875
19 0.3593750000000001 0.7096615484375 0.3082747640625001 0.7096615484375 0.3082747640625001 0.75625 0.3593750000000001 0.75625
19 0.3031250000000001 0.710364403125 0.2549686421875001 0.710364403125 0.2549686421875001 0.759375 0.3031250000000001 0.759375
19 0.2453125000000001 0.7125810984375 0.1937500000000001 0.7125810984375 0.1937500000000001 0.7592939000000001 0.2453125000000001 0.7592939000000001
19 0.1296875000000001 0.709623703125 0.0823177968750001 0.709623703125 0.0823177968750001 0.759375 0.1296875000000001 0.759375
19 0.19009785937500007 0.7112835203125 0.1364646406250001 0.7112835203125 0.1364646406250001 0.759375 0.19009785937500007 0.759375
19 0.06875000000000009 0.713048765625 0.02409440000000009 0.713048765625 0.024094400000000092 0.760626621875 0.06875000000000009 0.760626621875