19 0.64375 0.1957031250000001 0.6109375 0.1957031250000001 0.6109375 0.2593750000000001 0.64375 0.2593750000000001
19 0.703125 0.21093750000000008 0.640234375 0.21093750000000008 0.640234375 0.24609375000000008 0.703125 0.24609375000000008
19 0.07812500000000003 0.1984375 0.042187500000000024 0.1984375 0.04218750000000003 0.259375 0.07812500000000003 0.259375
19 0.5125 0.19726562500000006 0.478515625 0.19726562500000006 0.478515625 0.26250000000000007 0.5125 0.26250000000000007
19 0.6015625 0.2000000000000001 0.56875 0.2000000000000001 0.56875 0.2609375000000001 0.6015625 0.2609375000000001
19 0.12187500000000004 0.2 0.08476562500000002 0.2 0.08476562500000002 0.2609375 0.12187500000000004 0.2609375
19 0.221875 0.212109375 0.16328125000000004 0.212109375 0.16328125000000004 0.246875 0.221875 0.246875
19 0.3078125 0.2125 0.248046875 0.2125 0.248046875 0.24765625 0.3078125 0.24765625
19 0.34375 0.200390625 0.306640625 0.200390625 0.306640625 0.259375 0.34375 0.259375
19 0.253125 0.201953125 0.2203125 0.201953125 0.2203125 0.259375 0.253125 0.259375
19 0.16562500000000005 0.2 0.12968750000000004 0.2 0.12968750000000004 0.2609375 0.16562500000000005 0.2609375
19 0.471875 0.2015625000000001 0.440625 0.2015625000000001 0.440625 0.2593750000000001 0.471875 0.2593750000000001
19 0.5578125 0.2015625000000001 0.523828125 0.2015625000000001 0.523828125 0.2593750000000001 0.5578125 0.2593750000000001
19 0.3984375 0.21289062500000006 0.339453125 0.212890625 0.339453125 0.24687500000000004 0.3984375 0.2468750000000001
19 0.440625 0.2113281250000001 0.38125 0.2113281250000001 0.38125 0.2484375000000001 0.440625 0.2484375000000001
19 0.9671875 0.30937500000000007 0.93125 0.30937500000000007 0.93125 0.3500000000000001 0.9671875 0.3500000000000001
19 0.91875 0.3144531250000001 0.8796875 0.3144531250000001 0.8796875 0.3468750000000001 0.91875 0.3468750000000001
19 0.8890625 0.3433593750000001 0.83046875 0.3433593750000001 0.83046875 0.3828125000000001 0.8890625 0.3828125000000001
19 0.840625 0.3437500000000001 0.780078125 0.3437500000000001 0.780078125 0.3859375000000001 0.840625 0.3859375000000001
19 0.778125 0.3363281250000001 0.7375 0.3363281250000001 0.7375 0.39531250000000007 0.778125 0.39531250000000007
19 0.93125 0.3539062500000001 0.88984375 0.3539062500000001 0.88984375 0.3937500000000001 0.93125 0.3937500000000001
19 0.9765625 0.3531250000000001 0.9390625 0.3531250000000001 0.9390625 0.3937500000000001 0.9765625 0.3937500000000001
19 0.9765625 0.4046875000000002 0.915234375 0.4046875000000002 0.915234375 0.49140625000000016 0.9765625 0.49140625000000016
19 0.903125 0.41718750000000016 0.81875 0.41718750000000016 0.81875 0.4812500000000002 0.903125 0.4812500000000002
19 0.4859375 0.41875 0.403125 0.41875 0.403125 0.4796875 0.4859375 0.4796875
19 0.8046875 0.4078125000000002 0.744921875 0.4078125000000002 0.744921875 0.4890625000000002 0.8046875 0.4890625000000002
19 0.6421875 0.4125 0.58125 0.4125 0.58125 0.4859375 0.6421875 0.4859375
19 0.7234375 0.408203125 0.6640625 0.408203125 0.6640625 0.4890625 0.7234375 0.4890625
19 0.5578125 0.4109375 0.502734375 0.4109375 0.502734375 0.49140625 0.5578125 0.49140625
19 0.14375000000000004 0.42421875 0.09257812500000004 0.42421875 0.09257812500000005 0.4796875 0.14375000000000004 0.4796875
19 0.08281250000000005 0.428515625 0.025000000000000057 0.428515625 0.025000000000000057 0.478125 0.08281250000000007 0.478125
19 0.2093750000000001 0.42578125 0.15742187500000004 0.42578125 0.15742187500000004 0.48125 0.2093750000000001 0.48125
19 0.3984375000000001 0.428125 0.3488281250000001 0.428125 0.3488281250000001 0.478125 0.3984375000000001 0.478125
19 0.2734375000000001 0.428125 0.22070312500000008 0.428125 0.22070312500000008 0.48125 0.2734375000000001 0.48125
19 0.3375000000000001 0.430078125 0.2832031250000001 0.430078125 0.2832031250000001 0.478125 0.3375000000000001 0.478125
19 0.6203125 0.521875 0.5625 0.521875 0.5625 0.5546875 0.6203125 0.5546875
19 0.459375 0.521484375 0.39921875000000007 0.521484375 0.39921875000000007 0.553125 0.459375 0.553125
19 0.484375 0.509765625 0.453125 0.509765625 0.453125 0.5671875 0.484375 0.5671875
19 0.565625 0.509765625 0.5328125 0.509765625 0.5328125 0.5671875 0.565625 0.5671875
19 0.5375 0.523046875 0.478125 0.523046875 0.478125 0.5546875 0.5375 0.5546875
19 0.415625 0.523046875 0.35625000000000007 0.523046875 0.35625000000000007 0.5546875 0.415625 0.5546875
19 0.8625 0.5125000000000002 0.778125 0.5125000000000002 0.778125 0.5656250000000002 0.8625 0.5656250000000002
19 0.940625 0.5003906250000002 0.886328125 0.5003906250000002 0.886328125 0.5796875000000001 0.940625 0.5796875000000001
19 0.7625 0.5007812500000001 0.711328125 0.50078125 0.711328125 0.58125 0.7625 0.5812500000000002
19 0.678125 0.50078125 0.626953125 0.50078125 0.626953125 0.58125 0.678125 0.58125
19 0.6953125 0.58515625 0.67578125 0.58515625 0.67578125 0.621875 0.6953125 0.621875
19 0.5265625 0.59375 0.490625 0.59375 0.490625 0.6140625 0.5265625 0.6140625
19 0.6171875 0.595703125 0.579296875 0.595703125 0.579296875 0.6125 0.6171875 0.6125
19 0.7484375 0.5953125000000001 0.7109375 0.5953125 0.7109375 0.6156250000000001 0.7484375 0.6156250000000002
19 0.9171875 0.5859375000000002 0.898046875 0.5859375000000002 0.898046875 0.6242187500000002 0.9171875 0.6242187500000002
19 0.565625 0.586328125 0.546875 0.586328125 0.546875 0.6234375 0.565625 0.6234375
19 0.9796875 0.5937500000000002 0.937890625 0.5937500000000002 0.937890625 0.6156250000000002 0.9796875 0.6156250000000002
19 0.6546875 0.58671875 0.63515625 0.58671875 0.63515625 0.6234375 0.6546875 0.6234375
19 0.8375 0.5949218750000002 0.798828125 0.5949218750000002 0.798828125 0.6140625000000002 0.8375 0.6140625000000002
19 0.88125 0.5949218750000002 0.84375 0.5949218750000002 0.84375 0.6140625000000002 0.88125 0.6140625000000002
19 0.7828125 0.5867187500000002 0.76328125 0.5867187500000002 0.76328125 0.6234375000000002 0.7828125 0.6234375000000002
19 0.2796875000000001 0.600390625 0.2078125000000001 0.600390625 0.2078125000000001 0.6421875 0.2796875000000001 0.6421875
19 0.4828125 0.604296875 0.4421875 0.604296875 0.4421875 0.6421875 0.4828125 0.6421875
19 0.37968750000000007 0.604296875 0.3417968750000001 0.604296875 0.3417968750000001 0.6421875 0.37968750000000007 0.6421875
19 0.43125 0.6046875 0.3937500000000001 0.6046875 0.3937500000000001 0.6421875 0.43125 0.6421875
19 0.3281250000000001 0.60625 0.2890625000000001 0.60625 0.2890625000000001 0.64375 0.3281250000000001 0.64375
19 0.1839843750000001 0.589453125 0.1410156250000001 0.589453125 0.1410156250000001 0.6578125 0.1839843750000001 0.6578125
19 0.12031250000000009 0.6046875 0.046875000000000076 0.6046875 0.046875000000000076 0.65 0.12031250000000009 0.65
19 0.51875 0.6125 0.4984375 0.6125 0.4984375 0.6484375 0.51875 0.6484375
19 0.6640625 0.621875 0.6234375 0.621875 0.6234375 0.6421875 0.6640625 0.6421875
19 0.6171875 0.621875 0.579296875 0.621875 0.579296875 0.6421875 0.6171875 0.6421875
19 0.571875 0.618359375 0.5359375 0.618359375 0.5359375 0.6421875 0.571875 0.6421875
19 0.9703125 0.6113281250000002 0.952734375 0.6113281250000002 0.952734375 0.6500000000000001 0.9703125 0.6500000000000001
19 0.79375 0.6218750000000002 0.759375 0.6218750000000002 0.759375 0.6406250000000002 0.79375 0.6406250000000002
19 0.7515625 0.6218750000000001 0.7140625 0.621875 0.7140625 0.6421875000000001 0.7515625 0.6421875000000001
19 0.83125 0.6128906250000001 0.8125 0.6128906250000001 0.8125 0.6531250000000002 0.83125 0.6531250000000002
19 0.884375 0.6238281250000002 0.8453125 0.6238281250000002 0.8453125 0.6421875000000001 0.884375 0.6421875000000001
19 0.91875 0.6125000000000002 0.8984375 0.6125000000000002 0.8984375 0.6546875000000002 0.91875 0.6546875000000002
19 0.709375 0.624609375 0.671875 0.624609375 0.671875 0.6421875 0.709375 0.6421875
19 0.8296875 0.6757812500000002 0.783984375 0.6757812500000002 0.7839843750000001 0.7406250000000002 0.8296875 0.7406250000000002
19 0.6359375 0.684375 0.571484375 0.684375 0.571484375 0.7296875 0.6359375000000002 0.7296875
19 0.7046875000000001 0.684375 0.64375 0.684375 0.64375 0.728125 0.7046875000000001 0.728125
19 0.7640625000000001 0.6742187500000001 0.719140625 0.67421875 0.7191406250000001 0.7390625000000001 0.7640625000000002 0.7390625000000002
19 0.9609375 0.6777343750000002 0.919921875 0.6777343750000002 0.919921875 0.7375000000000002 0.9609375 0.7375000000000002
19 0.9078125 0.6875000000000002 0.84375 0.6875000000000002 0.84375 0.7281250000000001 0.9078125 0.7281250000000001
19 0.565625 0.6859375 0.496875 0.6859375 0.49687500000000007 0.73125 0.5656250000000002 0.73125
19 0.4437500000000001 0.6921875 0.405078125 0.6921875 0.40507812500000007 0.7328125 0.4437500000000002 0.7328125
19 0.4953125000000001 0.6921875 0.4546875 0.6921875 0.4546875000000001 0.7328125 0.49531250000000016 0.7328125
19 0.3906250000000001 0.688671875 0.3476562500000001 0.688671875 0.3476562500000001 0.734375 0.3906250000000001 0.734375
19 0.3414062500000001 0.691796875 0.2968750000000001 0.691796875 0.2968750000000001 0.7359375 0.3414062500000001 0.7359375
19 0.28593750000000007 0.69140625 0.2445312500000001 0.69140625 0.2445312500000001 0.7375 0.28593750000000007 0.7375
19 0.1859375000000001 0.692578125 0.14062500000000008 0.692578125 0.14062500000000008 0.734375 0.1859375000000001 0.734375
19 0.2390625000000001 0.692578125 0.1906250000000001 0.692578125 0.1906250000000001 0.7359375 0.2390625000000001 0.7359375
19 0.1281250000000001 0.69375 0.0886718750000001 0.69375 0.0886718750000001 0.73671875 0.1281250000000001 0.73671875