19 0.659375 0.2113281250000001 0.5953125 0.2113281250000001 0.5953125 0.24375000000000008 0.659375 0.24375000000000008
19 0.6890625 0.19687500000000008 0.655078125 0.19687500000000008 0.655078125 0.2609375000000001 0.6890625 0.2609375000000001
19 0.07812500000000003 0.1984375 0.042187500000000024 0.1984375 0.04218750000000003 0.259375 0.07812500000000003 0.259375
19 0.5125 0.19687500000000005 0.478125 0.19687500000000005 0.478125 0.26250000000000007 0.5125 0.26250000000000007
19 0.615625 0.2140625000000001 0.5546875 0.2140625000000001 0.5546875 0.2468750000000001 0.615625 0.2468750000000001
19 0.13281250000000006 0.2109375 0.07304687500000002 0.2109375 0.07304687500000002 0.2484375 0.13281250000000006 0.2484375
19 0.2109375 0.2 0.17500000000000004 0.2 0.17500000000000004 0.259375 0.2109375 0.259375
19 0.2953125 0.2 0.260546875 0.2 0.260546875 0.2609375 0.2953125 0.2609375
19 0.34375 0.2 0.30625 0.2 0.30625 0.259375 0.34375 0.259375
19 0.253125 0.201953125 0.2203125 0.201953125 0.2203125 0.259375 0.253125 0.259375
19 0.17812500000000003 0.2125 0.11718750000000004 0.2125 0.11718750000000004 0.2484375 0.17812500000000003 0.2484375
19 0.471875 0.2015625000000001 0.440625 0.2015625000000001 0.440625 0.2593750000000001 0.471875 0.2593750000000001
19 0.56875 0.2136718750000001 0.512109375 0.2136718750000001 0.512109375 0.2484375000000001 0.56875 0.2484375000000001
19 0.3859375 0.20000000000000004 0.351953125 0.2 0.351953125 0.259375 0.3859375 0.2593750000000001
19 0.440625 0.2113281250000001 0.38125 0.2113281250000001 0.38125 0.2484375000000001 0.440625 0.2484375000000001
19 0.96875 0.3117187500000001 0.92890625 0.3117187500000001 0.92890625 0.3468750000000001 0.96875 0.3468750000000001
19 0.915625 0.3109375000000001 0.8828125 0.3109375000000001 0.8828125 0.3500000000000001 0.915625 0.3500000000000001
19 0.88828125 0.3433593750000001 0.8296875 0.3433593750000001 0.8296875 0.3828125000000001 0.88828125 0.3828125000000001
19 0.83125 0.3343750000000001 0.789453125 0.3343750000000001 0.789453125 0.39531250000000007 0.83125 0.39531250000000007
19 0.778125 0.3363281250000001 0.7375 0.3363281250000001 0.7375 0.39531250000000007 0.778125 0.39531250000000007
19 0.93125 0.3539062500000001 0.88984375 0.3539062500000001 0.88984375 0.3937500000000001 0.93125 0.3937500000000001
19 0.978125 0.3546875000000001 0.9375 0.3546875000000001 0.9375 0.3921875000000001 0.978125 0.3921875000000001
19 0.9890625 0.41718750000000016 0.902734375 0.41718750000000016 0.902734375 0.47968750000000016 0.9890625 0.47968750000000016
19 0.903125 0.41718750000000016 0.81875 0.41718750000000016 0.81875 0.4812500000000002 0.903125 0.4812500000000002
19 0.4859375 0.41875 0.403125 0.41875 0.403125 0.4796875 0.4859375 0.4796875
19 0.815625 0.4187500000000002 0.734375 0.4187500000000002 0.734375 0.47968750000000016 0.815625 0.47968750000000016
19 0.6484375 0.41875 0.575 0.41875 0.575 0.4796875 0.6484375 0.4796875
19 0.7234375 0.4078125 0.664453125 0.4078125 0.664453125 0.4890625 0.7234375 0.4890625
19 0.5578125 0.4109375 0.502734375 0.4109375 0.502734375 0.49140625 0.5578125 0.49140625
19 0.14531250000000004 0.4265625 0.09101562500000004 0.4265625 0.09101562500000006 0.478125 0.14531250000000004 0.478125
19 0.07812500000000006 0.424609375 0.028125000000000056 0.424609375 0.028125000000000056 0.48125 0.07812500000000007 0.48125
19 0.21093750000000008 0.4265625 0.15585937500000005 0.4265625 0.15585937500000005 0.4796875 0.21093750000000008 0.4796875
19 0.3984375000000001 0.427734375 0.34843750000000007 0.427734375 0.34843750000000007 0.478125 0.3984375000000001 0.478125
19 0.2734375000000001 0.42734375 0.22070312500000008 0.42734375 0.22070312500000008 0.48125 0.2734375000000001 0.48125
19 0.3375000000000001 0.430078125 0.2832031250000001 0.430078125 0.2832031250000001 0.478125 0.3375000000000001 0.478125
19 0.6078125 0.509375 0.575 0.509375 0.575 0.5671875 0.6078125 0.5671875
19 0.45859375 0.521484375 0.3984375000000001 0.521484375 0.3984375000000001 0.553125 0.45859375 0.553125
19 0.484375 0.509765625 0.453125 0.509765625 0.453125 0.5671875 0.484375 0.5671875
19 0.578125 0.522265625 0.51953125 0.522265625 0.51953125 0.5546875 0.578125 0.5546875
19 0.525 0.509375 0.4921875 0.509375 0.4921875 0.56875 0.525 0.56875
19 0.415625 0.523046875 0.35625000000000007 0.523046875 0.35625000000000007 0.5546875 0.415625 0.5546875
19 0.846875 0.49726562500000016 0.79375 0.49726562500000016 0.79375 0.5812500000000002 0.846875 0.5812500000000002
19 0.940625 0.5003906250000002 0.886328125 0.5003906250000002 0.886328125 0.5796875000000001 0.940625 0.5796875000000001
19 0.7625 0.5015625000000001 0.711328125 0.5015625 0.711328125 0.58125 0.7625 0.5812500000000002
19 0.6921875 0.515625 0.612109375 0.515625 0.612109375 0.5671875 0.6921875 0.5671875
19 0.6953125 0.58515625 0.67578125 0.58515625 0.67578125 0.621875 0.6953125 0.621875
19 0.5265625 0.59375 0.490625 0.59375 0.490625 0.6140625 0.5265625 0.6140625
19 0.60625 0.585546875 0.590234375 0.585546875 0.590234375 0.6234375 0.60625 0.6234375
19 0.7390625 0.5867187500000001 0.71953125 0.58671875 0.71953125 0.6234375000000001 0.7390625 0.6234375000000002
19 0.9265625 0.5953125000000001 0.888671875 0.5953125000000001 0.888671875 0.6156250000000002 0.9265625 0.6156250000000002
19 0.565625 0.586328125 0.546875 0.586328125 0.546875 0.6234375 0.565625 0.6234375
19 0.9796875 0.5937500000000002 0.937890625 0.5937500000000002 0.937890625 0.6156250000000002 0.9796875 0.6156250000000002
19 0.6546875 0.58671875 0.63515625 0.58671875 0.63515625 0.6234375 0.6546875 0.6234375
19 0.828125 0.5855468750000001 0.808984375 0.5855468750000001 0.808984375 0.6234375000000002 0.828125 0.6234375000000002
19 0.88125 0.5949218750000002 0.84375 0.5949218750000002 0.84375 0.6140625000000002 0.88125 0.6140625000000002
19 0.7828125 0.5867187500000002 0.76328125 0.5867187500000002 0.76328125 0.6234375000000002 0.7828125 0.6234375000000002
19 0.2648437500000001 0.585546875 0.2218750000000001 0.585546875 0.2218750000000001 0.65625 0.2648437500000001 0.65625
19 0.4828125 0.605078125 0.4421875 0.605078125 0.4421875 0.6421875 0.4828125 0.6421875
19 0.37968750000000007 0.604296875 0.34257812500000007 0.604296875 0.34257812500000007 0.6421875 0.37968750000000007 0.6421875
19 0.43125 0.6046875 0.3937500000000001 0.6046875 0.3937500000000001 0.6421875 0.43125 0.6421875
19 0.3281250000000001 0.606640625 0.2894531250000001 0.606640625 0.2894531250000001 0.64375 0.3281250000000001 0.64375
19 0.19687500000000008 0.602734375 0.12851562500000008 0.602734375 0.12851562500000008 0.6453125 0.19687500000000008 0.6453125
19 0.12031250000000009 0.6046875 0.046875000000000076 0.6046875 0.046875000000000076 0.65 0.12031250000000009 0.65
19 0.5265625 0.6203125 0.490625 0.6203125 0.490625 0.640625 0.5265625 0.640625
19 0.6640625 0.621875 0.6234375 0.621875 0.6234375 0.6421875 0.6640625 0.6421875
19 0.6171875 0.621875 0.580078125 0.621875 0.580078125 0.6421875 0.6171875 0.6421875
19 0.571875 0.618359375 0.5359375 0.618359375 0.5359375 0.6421875 0.571875 0.6421875
19 0.98125 0.6218750000000002 0.9421875 0.6218750000000002 0.9421875 0.6406250000000002 0.98125 0.6406250000000002
19 0.7859375 0.6144531250000002 0.7671875 0.6144531250000002 0.7671875 0.6484375000000002 0.7859375 0.6484375000000002
19 0.7515625 0.6218750000000001 0.7140625 0.621875 0.7140625 0.6421875000000001 0.7515625 0.6421875000000001
19 0.8421875 0.6230468750000002 0.8015625 0.6230468750000002 0.8015625 0.6421875000000001 0.8421875 0.6421875000000001
19 0.874609375 0.6128906250000001 0.855078125 0.6128906250000001 0.855078125 0.6515625000000002 0.874609375 0.6515625000000002
19 0.91875 0.6125000000000002 0.8984375 0.6125000000000002 0.8984375 0.6546875000000002 0.91875 0.6546875000000002
19 0.709375 0.624609375 0.671875 0.624609375 0.671875 0.6421875 0.709375 0.6421875
19 0.8390625 0.6843750000000002 0.774609375 0.6843750000000002 0.774609375 0.7312500000000002 0.8390625 0.7312500000000002
19 0.6265625000000001 0.67421875 0.581640625 0.67421875 0.5816406250000001 0.7390625 0.6265625000000001 0.7390625
19 0.6953125000000001 0.676171875 0.6515625 0.676171875 0.6515625 0.7359375 0.6953125000000002 0.7359375
19 0.7640625000000001 0.6742187500000001 0.719140625 0.67421875 0.7191406250000001 0.7390625000000001 0.7640625000000002 0.7390625000000002
19 0.9609375 0.6777343750000002 0.919921875 0.6777343750000002 0.919921875 0.7375000000000002 0.9609375 0.7375000000000002
19 0.8953125 0.6757812500000002 0.85546875 0.6757812500000002 0.85546875 0.7390625000000002 0.8953125 0.7390625000000002
19 0.5531250000000001 0.67421875 0.50859375 0.67421875 0.5085937500000001 0.7421875 0.5531250000000002 0.7421875
19 0.4437500000000001 0.6921875 0.405078125 0.6921875 0.40507812500000007 0.7328125 0.4437500000000002 0.7328125
19 0.4953125000000001 0.6921875 0.4546875 0.6921875 0.4546875000000001 0.7328125 0.49531250000000016 0.7328125
19 0.3921875000000001 0.690234375 0.3453125000000001 0.690234375 0.3453125000000001 0.7328125 0.3921875000000001 0.7328125
19 0.3421875000000001 0.691796875 0.2968750000000001 0.691796875 0.2968750000000001 0.7359375 0.3421875000000001 0.7359375
19 0.2890625000000001 0.69375 0.24218750000000008 0.69375 0.24218750000000008 0.7359375 0.2890625000000001 0.7359375
19 0.1859375000000001 0.692578125 0.14062500000000008 0.692578125 0.14062500000000008 0.734375 0.1859375000000001 0.734375
19 0.2390625000000001 0.691796875 0.1906250000000001 0.691796875 0.1906250000000001 0.7359375 0.2390625000000001 0.7359375
19 0.1296875000000001 0.6953125 0.08710937500000009 0.6953125 0.08710937500000009 0.7359375 0.1296875000000001 0.7359375