19 0.6384083046875 0.1608996546875001 0.602076125 0.1608996546875001 0.602076125 0.23269896250000008 0.6384083046875 0.23269896250000008
19 0.6894463671875 0.16262975781250008 0.65051903125 0.16262975781250008 0.65051903125 0.23356401406250007 0.6894463671875 0.23356401406250007
19 0.012110726562500024 0.1643598609375 2.0128277760541346e-17 0.1643598609375 2.425987163276624e-17 0.231833909375 0.012110726562500028 0.231833909375
19 0.49394463593750004 0.16262975781250005 0.4550173015625 0.16262975781250005 0.4550173015625 0.2361591703125001 0.49394463593750004 0.2361591703125001
19 0.5916955015625 0.16608996562500009 0.555363321875 0.16608996562500009 0.555363321875 0.23356401406250007 0.5916955015625 0.23356401406250007
19 0.06141868437500002 0.166089965625 0.019031142187500023 0.166089965625 0.019031142187500023 0.2335640140625 0.06141868437500002 0.2335640140625
19 0.15916955000000002 0.166089965625 0.1193771625 0.166089965625 0.11937716250000001 0.2326989625 0.15916955000000005 0.2326989625
19 0.2534602078125 0.16608996562500006 0.214532871875 0.16608996562500006 0.214532871875 0.2335640140625 0.2534602078125 0.2335640140625
19 0.30709342500000003 0.16608996562500006 0.2647058828125 0.16608996562500006 0.2647058828125 0.2326989625 0.30709342500000003 0.2326989625
19 0.20588235312499997 0.16782006875000002 0.1695501734375 0.16782006875 0.16955017343750003 0.2326989625 0.20588235312499997 0.2326989625
19 0.10899653906250002 0.166089965625 0.06920415156250002 0.166089965625 0.06920415156250002 0.2335640140625 0.10899653906250004 0.2335640140625
19 0.4480968859375 0.16782006875000005 0.41349480937500005 0.16782006875000005 0.41349480937500005 0.2318339093750001 0.4480968859375 0.2318339093750001
19 0.544117646875 0.16782006875000005 0.5051903109375 0.16782006875000005 0.5051903109375 0.23269896250000008 0.544117646875 0.23269896250000008
19 0.353806228125 0.16608996562500006 0.3148788921875 0.16608996562500006 0.3148788921875 0.2326989625 0.353806228125 0.2326989625
19 0.4013840828125 0.16608996562500006 0.3598615921875 0.16608996562500006 0.3598615921875 0.23269896250000005 0.4013840828125 0.23269896250000008
19 0.9965397921875001 0.2871972312500001 0.9567474046875001 0.2871972312500001 0.9567474046875001 0.3321799312500001 0.9965397921875001 0.3321799312500001
19 0.9394463671875 0.2889273359375001 0.9031141874999999 0.2889273359375001 0.9031141874999999 0.33304498281250006 0.9394463671875 0.33304498281250006
19 0.8996539796875 0.3148788921875001 0.8546712796874999 0.3148788921875001 0.8546712796874999 0.3797577859375001 0.8996539796875 0.3797577859375001
19 0.8468858125000001 0.3148788921875001 0.7993079578125 0.3148788921875001 0.7993079578125 0.3823529406250001 0.8468858125000001 0.3823529406250001
19 0.78719723125 0.3166089968750001 0.7422145328124999 0.3166089968750001 0.7422145328124999 0.3832179937500001 0.78719723125 0.3832179937500001
19 0.9567474046875001 0.33564013906250006 0.91176470625 0.33564013906250006 0.91176470625 0.3823529406250001 0.9567474046875001 0.3823529406250001
19 1 0.33564013906250006 0.9653979234375001 0.33564013906250006 0.9653979234375001 0.3806228375000001 1 0.3806228375000001
19 1 0.40657439375000015 0.9256055359375001 0.40657439375000015 0.9256055359375001 0.47577854687500015 1 0.47577854687500015
19 0.9256055359375001 0.40657439375000015 0.83217993125 0.40657439375000015 0.83217993125 0.47750865000000015 0.9256055359375001 0.47750865000000015
19 0.46366782031250003 0.40830449843750005 0.3719723187500001 0.40830449843750005 0.3719723187500001 0.475778546875 0.46366782031250003 0.475778546875
19 0.829584775 0.4083044984375002 0.738754325 0.4083044984375002 0.738754325 0.47577854687500015 0.829584775 0.47577854687500015
19 0.643598615625 0.40830449843750005 0.5622837374999999 0.40830449843750005 0.5622837374999999 0.475778546875 0.643598615625 0.475778546875
19 0.7396193765625 0.4083044984375001 0.6487889265625 0.40830449843750005 0.6487889265625 0.4749134953125001 0.7396193765625 0.47491349531250016
19 0.557958478125 0.41349480937500005 0.46885813125000003 0.41349480937500005 0.46885813125000003 0.475778546875 0.557958478125 0.475778546875
19 0.08737024218750006 0.41695501718749994 0.025951557812500053 0.41695501718749994 0.025951557812500053 0.47404844218750003 0.08737024218750007 0.47404844218750003
19 0.017301037500000054 0.418685121875 5.1274139435483826e-17 0.418685121875 5.4717134313058645e-17 0.4749134953125 0.017301037500000054 0.4749134953125
19 0.16003460156250005 0.41695501718749994 0.09861591718750004 0.41695501718749994 0.09861591718750005 0.475778546875 0.16003460156250005 0.475778546875
19 0.3676470593750001 0.418685121875 0.3114186843750001 0.418685121875 0.3114186843750001 0.4749134953125 0.3676470593750001 0.4749134953125
19 0.2292387546875001 0.418685121875 0.16955017343750006 0.418685121875 0.16955017343750006 0.47750865 0.2292387546875001 0.47750865
19 0.3001730109375001 0.420415225 0.23875432500000007 0.420415225 0.23875432500000007 0.4749134953125 0.3001730109375001 0.4749134953125
19 0.5986159171875001 0.50865051875 0.5622837374999999 0.50865051875 0.5622837374999999 0.572664359375 0.5986159171875001 0.572664359375
19 0.418685121875 0.506920415625 0.3823529406250001 0.506920415625 0.3823529406250001 0.5735294125 0.418685121875 0.5735294125
19 0.46193771562499997 0.50865051875 0.42733564062499996 0.50865051875 0.42733564062499996 0.5735294125 0.46193771562499997 0.5735294125
19 0.5519031140624999 0.50865051875 0.515570934375 0.50865051875 0.515570934375 0.5735294125 0.5519031140624999 0.5735294125
19 0.506920415625 0.50865051875 0.4705882359375 0.50865051875 0.4705882359375 0.575259515625 0.506920415625 0.575259515625
19 0.3719723187500001 0.50865051875 0.33564013906250006 0.50865051875 0.33564013906250006 0.575259515625 0.3719723187500001 0.575259515625
19 0.8806228375 0.5121107265625001 0.78719723125 0.5121107265625001 0.78719723125 0.5717993078125001 0.8806228375 0.5717993078125001
19 0.9818339093749999 0.5121107265625001 0.8927335640624999 0.5121107265625001 0.8927335640624999 0.5735294125000002 0.9818339093749999 0.5735294125000002
19 0.7863321796875 0.5155709343750001 0.6972318343749999 0.515570934375 0.6972318343749999 0.5726643593750002 0.7863321796875 0.5726643593750003
19 0.6929065750000001 0.515570934375 0.6038062281250001 0.515570934375 0.6038062281250001 0.572664359375 0.6929065750000001 0.572664359375
19 0.705882353125 0.602076125 0.6643598609375 0.602076125 0.6643598609375 0.6245674734375 0.705882353125 0.6245674734375
19 0.50865051875 0.602076125 0.46885813125000003 0.602076125 0.46885813125000003 0.6245674734375 0.50865051875 0.6245674734375
19 0.6098615921875 0.6038062281250001 0.5674740484374999 0.6038062281250001 0.5674740484374999 0.623702421875 0.6098615921875 0.623702421875
19 0.7543252593750001 0.6038062281250001 0.71280276875 0.6038062281250001 0.71280276875 0.6262975781250001 0.7543252593750001 0.6262975781250002
19 0.9524221453124999 0.6038062281250002 0.9100346015625 0.6038062281250002 0.9100346015625 0.6262975781250002 0.9524221453124999 0.6262975781250002
19 0.5622837374999999 0.6038062281250001 0.5207612453125 0.6038062281250001 0.5207612453125 0.6254325265625 0.5622837374999999 0.6254325265625
19 1 0.6020761250000002 0.9636678203125 0.6020761250000002 0.9636678203125 0.6271626296875001 1 0.6271626296875001
19 0.6608996546875 0.6038062281250001 0.6193771625 0.6038062281250001 0.6193771625 0.626297578125 0.6608996546875 0.626297578125
19 0.853806228125 0.6038062281250002 0.80968858125 0.6038062281250002 0.80968858125 0.6254325265625001 0.853806228125 0.6254325265625001
19 0.9013840828124999 0.6038062281250002 0.8598615921875 0.6038062281250002 0.8598615921875 0.6254325265625001 0.9013840828124999 0.6254325265625001
19 0.802768165625 0.6038062281250002 0.761245675 0.6038062281250002 0.761245675 0.6262975781250002 0.802768165625 0.6262975781250002
19 0.2352941171875001 0.6089965390625001 0.1557093421875001 0.6089965390625001 0.1557093421875001 0.6565743937499999 0.2352941171875001 0.6565743937499999
19 0.4602076125 0.6141868515625 0.4152249140625 0.6141868515625 0.4152249140625 0.6565743937499999 0.4602076125 0.6565743937499999
19 0.3468858125000001 0.6141868515625 0.3044982703125001 0.6141868515625 0.3044982703125001 0.6565743937499999 0.3468858125000001 0.6565743937499999
19 0.40311418750000005 0.6141868515625 0.3615916953125001 0.6141868515625 0.3615916953125001 0.6557093421875 0.40311418750000005 0.6557093421875
19 0.2897923875000001 0.6159169546875 0.24567474062500008 0.6159169546875 0.24567474062500008 0.6583044984375 0.2897923875000001 0.6583044984375
19 0.1444636671875001 0.612456746875 0.06747404843750007 0.612456746875 0.06747404843750007 0.6600346015625 0.1444636671875001 0.6600346015625
19 0.05882352968750008 0.6141868515625 7.521619618444062e-17 0.6141868515625 7.828840695117483e-17 0.6643598609375 0.058823529687500084 0.6643598609375
19 0.50865051875 0.6314878890625 0.46885813125000003 0.6314878890625 0.46885813125000003 0.6539792390625 0.50865051875 0.6539792390625
19 0.6608996546875 0.63321799375 0.6159169546875 0.63321799375 0.6159169546875 0.6557093421875 0.6608996546875 0.6557093421875
19 0.6098615921875 0.63321799375 0.5674740484374999 0.63321799375 0.5674740484374999 0.6557093421875 0.6098615921875 0.6557093421875
19 0.5588235296875 0.6297577859375 0.5190311421875 0.6297577859375 0.5190311421875 0.6565743937499999 0.5588235296875 0.6565743937499999
19 1 0.6332179937500002 0.96885813125 0.6332179937500002 0.96885813125 0.6548442906250002 1 0.6548442906250002
19 0.805363321875 0.6332179937500002 0.7664359859375 0.6332179937500002 0.7664359859375 0.6548442906250002 0.805363321875 0.6548442906250002
19 0.7577854671875001 0.6332179937500001 0.716262975 0.63321799375 0.716262975 0.6557093421875001 0.7577854671875001 0.6557093421875002
19 0.8581314875 0.6349480968750002 0.8131487890625 0.6349480968750002 0.8131487890625 0.6565743937500002 0.8581314875 0.6565743937500002
19 0.9057093421875001 0.6349480968750002 0.8615916953125 0.6349480968750002 0.8615916953125 0.6565743937500002 0.9057093421875001 0.6565743937500002
19 0.9550173015625001 0.6349480968750002 0.9083044984375 0.6349480968750002 0.9083044984375 0.6574394468750002 0.9550173015625001 0.6574394468750002
19 0.7110726640625 0.6366782 0.6695501734375 0.6366782 0.6695501734375 0.6565743937499999 0.7110726640625 0.6565743937499999
19 0.8555363328125001 0.7024221453125001 0.783737025 0.7024221453125001 0.7837370250000001 0.7543252593750002 0.8555363328125001 0.7543252593750002
19 0.6306228375 0.7024221453124999 0.5588235296875 0.7024221453124999 0.5588235296875002 0.7525951562500001 0.6306228375000001 0.7525951562500001
19 0.705882353125 0.7024221453124999 0.6384083046875 0.7024221453124999 0.6384083046875001 0.751730103125 0.7058823531250001 0.751730103125
19 0.7828719718750001 0.7024221453125 0.7110726640625 0.7024221453124999 0.7110726640625 0.7525951562500002 0.7828719718750002 0.7525951562500002
19 1 0.7041522484375002 0.9342560546875 0.7041522484375002 0.9342560546875 0.7517301031250001 1 0.7517301031250001
19 0.9307958484375 0.7058823531250001 0.8598615921875 0.7058823531250001 0.8598615921875 0.7508650515625002 0.9307958484375 0.7508650515625002
19 0.5519031140625 0.7041522484375 0.475778546875 0.7041522484375 0.4757785468750001 0.7543252593750001 0.5519031140625001 0.7543252593750001
19 0.4178200687500001 0.7110726640625 0.3737024218750001 0.7110726640625 0.3737024218750001 0.7560553640625 0.4178200687500002 0.7560553640625
19 0.4740484421875001 0.7110726640625 0.42906574375 0.7110726640625 0.4290657437500001 0.7560553640625 0.4740484421875002 0.7560553640625
19 0.3598615921875001 0.7093425609375 0.3079584781250001 0.7093425609375 0.3079584781250001 0.756920415625 0.3598615921875001 0.756920415625
19 0.3044982703125001 0.7110726640625 0.2543252593750001 0.7110726640625 0.2543252593750001 0.7603806234375 0.3044982703125001 0.7603806234375
19 0.24567474062500008 0.71280276875 0.19377162656250008 0.71280276875 0.19377162656250008 0.7595155703125 0.24567474062500008 0.7595155703125
19 0.13148788906250009 0.7110726640625 0.08131487812500009 0.7110726640625 0.08131487812500009 0.75865051875 0.13148788906250009 0.75865051875
19 0.19031141875000007 0.7110726640625 0.13667820000000008 0.7110726640625 0.13667820000000008 0.7603806234375 0.19031141875000007 0.7603806234375
19 0.07006920468750008 0.714532871875 0.022491350000000087 0.714532871875 0.02249135000000009 0.7595155703125 0.07006920468750008 0.7595155703125