19 0.64375 0.19531250000000008 0.6109375 0.19531250000000008 0.6109375 0.2601562500000001 0.64375 0.2601562500000001
19 0.68984375 0.19687500000000008 0.6546875 0.19687500000000008 0.6546875 0.2609375000000001 0.68984375 0.2609375000000001
19 0.07812500000000003 0.1984375 0.042187500000000024 0.1984375 0.04218750000000003 0.259375 0.07812500000000003 0.259375
19 0.51328125 0.19687500000000005 0.478125 0.19687500000000005 0.478125 0.2632812500000001 0.51328125 0.2632812500000001
19 0.6015625 0.2000000000000001 0.56875 0.2000000000000001 0.56875 0.2609375000000001 0.6015625 0.2609375000000001
19 0.12265625000000005 0.2 0.08437500000000002 0.2 0.08437500000000002 0.2609375 0.12265625000000005 0.2609375
19 0.2109375 0.2 0.17500000000000004 0.2 0.17500000000000004 0.26015625 0.2109375 0.26015625
19 0.29609375 0.2 0.2609375 0.2 0.2609375 0.2609375 0.29609375 0.2609375
19 0.34453125 0.2 0.30625 0.2 0.30625 0.26015625 0.34453125 0.26015625
19 0.253125 0.2015625 0.2203125 0.2015625 0.2203125 0.26015625 0.253125 0.26015625
19 0.16562500000000005 0.2 0.12968750000000004 0.2 0.12968750000000004 0.2609375 0.16562500000000005 0.2609375
19 0.471875 0.2015625000000001 0.440625 0.2015625000000001 0.440625 0.2593750000000001 0.471875 0.2593750000000001
19 0.55859375 0.2015625000000001 0.5234375 0.2015625000000001 0.5234375 0.2601562500000001 0.55859375 0.2601562500000001
19 0.38671875 0.20000000000000004 0.3515625 0.2 0.3515625 0.26015625000000003 0.38671875 0.2601562500000001
19 0.4296875 0.2000000000000001 0.3921875 0.2000000000000001 0.3921875 0.2601562500000001 0.4296875 0.2601562500000001
19 0.9671875 0.30937500000000007 0.93125 0.30937500000000007 0.93125 0.3500000000000001 0.9671875 0.3500000000000001
19 0.915625 0.3109375000000001 0.8828125 0.3109375000000001 0.8828125 0.3507812500000001 0.915625 0.3507812500000001
19 0.8796875 0.3343750000000001 0.8390625 0.3343750000000001 0.8390625 0.3929687500000001 0.8796875 0.3929687500000001
19 0.83203125 0.3343750000000001 0.7890625 0.3343750000000001 0.7890625 0.39531250000000007 0.83203125 0.39531250000000007
19 0.778125 0.3359375000000001 0.7375 0.3359375000000001 0.7375 0.3960937500000001 0.778125 0.3960937500000001
19 0.93125 0.3531250000000001 0.890625 0.3531250000000001 0.890625 0.39531250000000007 0.93125 0.39531250000000007
19 0.9765625 0.3531250000000001 0.9390625 0.3531250000000001 0.9390625 0.3937500000000001 0.9765625 0.3937500000000001
19 0.98984375 0.41718750000000016 0.903125 0.41718750000000016 0.903125 0.47968750000000016 0.98984375 0.47968750000000016
19 0.903125 0.41718750000000016 0.81875 0.41718750000000016 0.81875 0.4812500000000002 0.903125 0.4812500000000002
19 0.4859375 0.41875 0.403125 0.41875 0.403125 0.4796875 0.4859375 0.4796875
19 0.81640625 0.4187500000000002 0.734375 0.4187500000000002 0.734375 0.47968750000000016 0.81640625 0.47968750000000016
19 0.6484375 0.41875 0.575 0.41875 0.575 0.4796875 0.6484375 0.4796875
19 0.73515625 0.41875000000000007 0.653125 0.41875 0.653125 0.4789062500000001 0.73515625 0.4789062500000002
19 0.57109375 0.4234375 0.490625 0.4234375 0.490625 0.4796875 0.57109375 0.4796875
19 0.14609375000000005 0.4265625 0.09062500000000004 0.4265625 0.09062500000000005 0.478125 0.14609375000000005 0.478125
19 0.08281250000000005 0.428125 0.025000000000000057 0.428125 0.025000000000000057 0.47890625 0.08281250000000007 0.47890625
19 0.2117187500000001 0.4265625 0.15625000000000006 0.4265625 0.15625000000000006 0.4796875 0.2117187500000001 0.4796875
19 0.39921875000000007 0.428125 0.34843750000000007 0.428125 0.34843750000000007 0.47890625 0.39921875000000007 0.47890625
19 0.27421875000000007 0.428125 0.22031250000000008 0.428125 0.22031250000000008 0.48125 0.27421875000000007 0.48125
19 0.3382812500000001 0.4296875 0.2828125000000001 0.4296875 0.2828125000000001 0.47890625 0.3382812500000001 0.47890625
19 0.6078125 0.509375 0.575 0.509375 0.575 0.5671875 0.6078125 0.5671875
19 0.4453125 0.5078125 0.4125 0.5078125 0.4125 0.56796875 0.4453125 0.56796875
19 0.484375 0.509375 0.453125 0.509375 0.453125 0.56796875 0.484375 0.56796875
19 0.565625 0.509375 0.5328125 0.509375 0.5328125 0.56796875 0.565625 0.56796875
19 0.525 0.509375 0.4921875 0.509375 0.4921875 0.56953125 0.525 0.56953125
19 0.403125 0.509375 0.3703125000000001 0.509375 0.3703125000000001 0.56953125 0.403125 0.56953125
19 0.8625 0.5125000000000002 0.778125 0.5125000000000002 0.778125 0.5664062500000002 0.8625 0.5664062500000002
19 0.95390625 0.5125000000000002 0.8734375 0.5125000000000002 0.8734375 0.5679687500000001 0.95390625 0.5679687500000001
19 0.77734375 0.5156250000000001 0.696875 0.515625 0.696875 0.5671875000000001 0.77734375 0.5671875000000002
19 0.69296875 0.515625 0.6125 0.515625 0.6125 0.5671875 0.69296875 0.5671875
19 0.7046875 0.59375 0.6671875 0.59375 0.6671875 0.6140625 0.7046875 0.6140625
19 0.5265625 0.59375 0.490625 0.59375 0.490625 0.6140625 0.5265625 0.6140625
19 0.61796875 0.5953125 0.5796875 0.5953125 0.5796875 0.61328125 0.61796875 0.61328125
19 0.7484375 0.5953125000000001 0.7109375 0.5953125 0.7109375 0.6156250000000001 0.7484375 0.6156250000000002
19 0.92734375 0.5953125000000001 0.8890625 0.5953125000000001 0.8890625 0.6156250000000002 0.92734375 0.6156250000000002
19 0.575 0.5953125 0.5375 0.5953125 0.5375 0.61484375 0.575 0.61484375
19 0.98046875 0.5937500000000002 0.9375 0.5937500000000002 0.9375 0.6164062500000002 0.98046875 0.6164062500000002
19 0.6640625 0.5953125 0.6265625 0.5953125 0.6265625 0.615625 0.6640625 0.615625
19 0.83828125 0.5953125000000001 0.7984375 0.5953125000000001 0.7984375 0.6148437500000001 0.83828125 0.6148437500000001
19 0.88125 0.5953125000000001 0.84375 0.5953125000000001 0.84375 0.6148437500000001 0.88125 0.6148437500000001
19 0.7921875 0.5953125000000001 0.7546875 0.5953125000000001 0.7546875 0.6156250000000002 0.7921875 0.6156250000000002
19 0.2796875000000001 0.6 0.2078125000000001 0.6 0.2078125000000001 0.64296875 0.2796875000000001 0.64296875
19 0.4828125 0.6046875 0.4421875 0.6046875 0.4421875 0.64296875 0.4828125 0.64296875
19 0.3804687500000001 0.6046875 0.3421875000000001 0.6046875 0.3421875000000001 0.64296875 0.3804687500000001 0.64296875
19 0.43125 0.6046875 0.3937500000000001 0.6046875 0.3937500000000001 0.6421875 0.43125 0.6421875
19 0.32890625000000007 0.60625 0.2890625000000001 0.60625 0.2890625000000001 0.64453125 0.32890625000000007 0.64453125
19 0.1976562500000001 0.603125 0.1281250000000001 0.603125 0.1281250000000001 0.64609375 0.1976562500000001 0.64609375
19 0.12031250000000009 0.6046875 0.046875000000000076 0.6046875 0.046875000000000076 0.65 0.12031250000000009 0.65
19 0.5265625 0.6203125 0.490625 0.6203125 0.490625 0.640625 0.5265625 0.640625
19 0.6640625 0.621875 0.6234375 0.621875 0.6234375 0.6421875 0.6640625 0.6421875
19 0.61796875 0.621875 0.5796875 0.621875 0.5796875 0.6421875 0.61796875 0.6421875
19 0.571875 0.61875 0.5359375 0.61875 0.5359375 0.64296875 0.571875 0.64296875
19 0.98203125 0.6218750000000002 0.9421875 0.6218750000000002 0.9421875 0.6414062500000002 0.98203125 0.6414062500000002
19 0.79453125 0.6218750000000002 0.759375 0.6218750000000002 0.759375 0.6414062500000002 0.79453125 0.6414062500000002
19 0.7515625 0.6218750000000001 0.7140625 0.621875 0.7140625 0.6421875000000001 0.7515625 0.6421875000000001
19 0.8421875 0.6234375000000002 0.8015625 0.6234375000000002 0.8015625 0.6429687500000002 0.8421875 0.6429687500000002
19 0.88515625 0.6234375000000002 0.8453125 0.6234375000000002 0.8453125 0.6429687500000002 0.88515625 0.6429687500000002
19 0.9296875 0.6234375000000002 0.8875 0.6234375000000002 0.8875 0.6437500000000002 0.9296875 0.6437500000000002
19 0.709375 0.625 0.671875 0.625 0.671875 0.64296875 0.709375 0.64296875
19 0.83984375 0.6843750000000002 0.775 0.6843750000000002 0.7750000000000001 0.7312500000000002 0.83984375 0.7312500000000002
19 0.6367187500000001 0.684375 0.571875 0.684375 0.5718750000000001 0.7296875 0.6367187500000002 0.7296875
19 0.7046875000000001 0.684375 0.64375 0.684375 0.64375 0.72890625 0.7046875000000001 0.72890625
19 0.7742187500000001 0.6843750000000001 0.709375 0.684375 0.7093750000000001 0.7296875 0.7742187500000002 0.7296875000000002
19 0.97109375 0.6859375000000002 0.9109375 0.6859375000000002 0.9109375 0.7289062500000002 0.97109375 0.7289062500000002
19 0.9078125 0.6875000000000002 0.84375 0.6875000000000002 0.84375 0.7281250000000001 0.9078125 0.7281250000000001
19 0.565625 0.6859375 0.496875 0.6859375 0.49687500000000007 0.73125 0.5656250000000002 0.73125
19 0.4445312500000001 0.6921875 0.4046875 0.6921875 0.4046875000000001 0.7328125 0.44453125000000016 0.7328125
19 0.4953125000000001 0.6921875 0.4546875 0.6921875 0.4546875000000001 0.7328125 0.49531250000000016 0.7328125
19 0.3921875000000001 0.690625 0.3453125000000001 0.690625 0.3453125000000001 0.73359375 0.3921875000000001 0.73359375
19 0.3421875000000001 0.6921875 0.2968750000000001 0.6921875 0.2968750000000001 0.73671875 0.3421875000000001 0.73671875
19 0.2890625000000001 0.69375 0.24218750000000008 0.69375 0.24218750000000008 0.7359375 0.2890625000000001 0.7359375
19 0.1859375000000001 0.6921875 0.14062500000000008 0.6921875 0.14062500000000008 0.73515625 0.1859375000000001 0.73515625
19 0.2390625000000001 0.6921875 0.1906250000000001 0.6921875 0.1906250000000001 0.73671875 0.2390625000000001 0.73671875
19 0.13046875000000008 0.6953125 0.08750000000000009 0.6953125 0.08750000000000009 0.7359375 0.13046875000000008 0.7359375