24 0.7546875 0.3296875000000001 0.415625 0.3296875000000001 0.415625 0.4742187500000001 0.7546875 0.4742187500000002
24 0.72109375 0.2750000000000001 0.390625 0.2750000000000001 0.39062500000000006 0.39140625000000007 0.72109375 0.39140625000000007
24 0.7078125 0.46875 0.4671875 0.46875 0.4671875 0.56015625 0.7078125 0.56015625
24 0.40703125 0.33593750000000006 0.07500000000000004 0.3359375 0.07500000000000004 0.45234375 0.40703125 0.45234375
24 0.43671875 0.39062500000000006 0.09062500000000004 0.390625 0.09062500000000005 0.53984375 0.43671875 0.53984375
24 0.46640625 0.4796875 0.15156250000000004 0.4796875 0.15156250000000007 0.59296875 0.46640625 0.59296875
24 0.94453125 0.22812500000000008 0.70625 0.22812500000000008 0.70625 0.3312500000000001 0.94453125 0.3312500000000001
24 0.97109375 0.2828125000000001 0.725 0.2828125000000001 0.725 0.4117187500000001 0.97109375 0.4117187500000002
24 0.98203125 0.3812500000000001 0.7140625 0.3812500000000001 0.7140625 0.5023437500000001 0.98203125 0.5023437500000002
24 0.83984375 0.5625000000000001 0.4921875 0.5625 0.4921875 0.6914062500000001 0.83984375 0.6914062500000002
24 0.88671875 0.6328125000000001 0.525 0.6328125 0.5250000000000001 0.7640625000000001 0.88671875 0.7640625000000002
24 0.86640625 0.7468750000000001 0.5625000000000002 0.746875 0.5625000000000002 0.8671875 0.86640625 0.8671875
24 1 0.6531250000000002 0.8453125 0.6531250000000002 0.8453125 0.7640625000000002 1 0.7640625000000002
24 1 0.5875000000000001 0.8546875 0.5875000000000001 0.8546875 0.6921875000000002 1 0.6921875000000002
24 0.9984375 0.5218750000000002 0.8328125 0.5218750000000002 0.8328125 0.6265625000000001 0.9984375 0.6265625000000001
24 0.5914062500000001 0.8265625 0.24375000000000008 0.8265625 0.24375000000000008 0.96328125 0.5914062500000001 0.96328125
24 0.5695312500000002 0.7734375 0.2296875000000001 0.7734375 0.2296875000000001 0.8890625 0.5695312500000002 0.8890625
24 0.5406250000000001 0.6953125 0.15625000000000008 0.6953125 0.15625000000000008 0.84296875 0.5406250000000001 0.84296875
24 0.5109375 0.6234375 0.13437500000000008 0.6234375 0.13437500000000008 0.7640625 0.5109375000000002 0.7640625