24 0.5875 0.5234375 0.2531250000000001 0.5234375 0.2531250000000001 0.66875 0.5875 0.66875
24 0.6125 0.603125 0.2894531250000001 0.603125 0.2894531250000001 0.721875 0.6125 0.721875
24 0.4625 0.36406250000000007 0.3691406250000001 0.36406250000000007 0.3691406250000001 0.6015625 0.4625 0.6015625
24 0.815625 0.4359375000000001 0.697265625 0.4359375 0.6972656250000001 0.7609375 0.815625 0.7609375000000002
24 0.90625 0.4546875000000001 0.565625 0.4546875 0.565625 0.6046875 0.90625 0.6046875000000002
24 0.7453125 0.3062500000000001 0.630078125 0.3062500000000001 0.630078125 0.6156250000000001 0.7453125 0.6156250000000002
24 0.3031250000000001 0.6671875 0.057812500000000086 0.6671875 0.057812500000000086 0.771875 0.3031250000000001 0.771875
24 0.2218750000000001 0.528125 0.09101562500000007 0.528125 0.09101562500000007 0.78125 0.2218750000000001 0.78125
24 0.2906250000000001 0.498828125 0.026562500000000065 0.498828125 0.026562500000000072 0.61875 0.2906250000000001 0.61875
24 0.39843750000000006 0.20390625000000004 0.269921875 0.20390625 0.26992187500000003 0.5453125 0.3984375000000001 0.5453125
24 0.36054687500000004 0.12539062500000003 0.226953125 0.12539062500000003 0.22695312500000003 0.48125 0.3605468750000001 0.48125
24 0.3421875 0.048828125000000035 0.222265625 0.04882812500000002 0.222265625 0.346875 0.3421875 0.346875
24 0.13437500000000005 0.220703125 0.02226562500000003 0.220703125 0.022265625000000035 0.379296875 0.13437500000000005 0.379296875
24 0.14843750000000006 0.3140625 3.846156353572156e-17 0.3140625 4.4967499656191874e-17 0.4203125 0.14843750000000006 0.4203125
24 0.13906250000000003 0.344140625 0.03359375000000005 0.344140625 0.033593750000000054 0.5171875 0.13906250000000003 0.5171875
24 0.6421875 7.022583988860603e-17 0.5046875 6.180639314446799e-17 0.5046875 0.2765625000000001 0.6421875 0.2765625000000001
24 0.6515625 0.0027343750000000727 0.53515625 0.0027343750000000653 0.53515625 0.3359375000000001 0.6515625 0.3359375000000001
24 0.7171875 0.04023437500000008 0.569921875 0.040234375000000065 0.569921875 0.41875 0.7171875 0.41875
24 0.74375 0.11875000000000009 0.6015625 0.11875000000000009 0.6015625 0.48906250000000007 0.74375 0.4890625000000002