24 0.5875 0.5234375 0.2531250000000001 0.5234375 0.2531250000000001 0.66875 0.5875 0.66875
24 0.61328125 0.603125 0.2890625000000001 0.603125 0.2890625000000001 0.721875 0.61328125 0.721875
24 0.53515625 0.4359375 0.2968750000000001 0.4359375 0.2968750000000001 0.5296875 0.53515625 0.5296875
24 0.91953125 0.5390625000000001 0.59375 0.5390625 0.59375 0.6578125000000001 0.91953125 0.6578125000000001
24 0.90703125 0.4546875000000001 0.565625 0.4546875 0.565625 0.6046875 0.90703125 0.6046875000000002
24 0.84296875 0.40312500000000007 0.5328125 0.403125 0.5328125 0.51875 0.84296875 0.5187500000000002
24 0.3031250000000001 0.6671875 0.057812500000000086 0.6671875 0.057812500000000086 0.77265625 0.3031250000000001 0.77265625
24 0.2835937500000001 0.5890625 0.029687500000000068 0.5890625 0.02968750000000008 0.7203125 0.2835937500000001 0.7203125
24 0.2906250000000001 0.4984375 0.026562500000000055 0.4984375 0.026562500000000065 0.61953125 0.2906250000000001 0.61953125
24 0.50546875 0.30937500000000007 0.16406250000000006 0.309375 0.16406250000000006 0.4390625 0.50546875 0.4390625
24 0.47265625 0.23750000000000004 0.11562500000000005 0.2375 0.11562500000000005 0.37109375000000006 0.47265625 0.3710937500000001
24 0.43203125 0.1375 0.1328125 0.1375 0.13281250000000003 0.25859375000000007 0.43203125 0.25859375000000007
24 0.15859375000000003 0.24375 2.985076572921674e-17 0.24375 3.6787241740012285e-17 0.35703125 0.15859375000000003 0.35703125
24 0.14843750000000006 0.3140625 3.846156353572156e-17 0.3140625 4.4967499656191874e-17 0.4203125 0.14843750000000006 0.4203125
24 0.17343750000000005 0.378125 4.63069570927593e-17 0.378125 5.276505544763791e-17 0.48359375 0.17343750000000005 0.48359375
24 0.74453125 0.03750000000000007 0.403125 0.03750000000000005 0.403125 0.17578125000000006 0.74453125 0.17578125000000008
24 0.7609375 0.11093750000000006 0.4265625 0.11093750000000005 0.4265625 0.2289062500000001 0.7609375 0.2289062500000001
24 0.83359375 0.15468750000000006 0.4546875 0.15468750000000003 0.4546875 0.3039062500000001 0.83359375 0.3039062500000001
24 0.8578125 0.2328125000000001 0.4875 0.2328125000000001 0.4875 0.3750000000000001 0.8578125 0.3750000000000001