24 0.6578125 0.23242187500000008 0.51328125 0.23242187500000008 0.51328125 0.5703125 0.6578125 0.5703125
24 0.6125 0.16757812500000008 0.497265625 0.16757812500000005 0.497265625 0.498046875 0.6125 0.498046875
24 0.7078125 0.469140625 0.4671875 0.469140625 0.4671875 0.559375 0.7078125 0.559375
24 0.2984375 0.228125 0.18242187500000004 0.228125 0.18242187500000007 0.559375 0.2984375000000001 0.559375
24 0.4359375 0.390234375 0.09023437500000005 0.390234375 0.09023437500000006 0.5390625 0.4359375 0.5390625
24 0.465625 0.480078125 0.15156250000000004 0.480078125 0.15156250000000007 0.5921875 0.465625 0.5921875
24 0.8765625 0.1609375000000001 0.773828125 0.1609375000000001 0.773828125 0.3984375000000001 0.8765625 0.3984375000000001
24 0.9703125 0.2824218750000001 0.724609375 0.2824218750000001 0.724609375 0.41093750000000007 0.9703125 0.4109375000000002
24 0.9078125 0.3082031250000001 0.787890625 0.3082031250000001 0.787890625 0.5750000000000002 0.9078125 0.5750000000000002
24 0.8390625 0.5625000000000001 0.492578125 0.5625 0.492578125 0.690625 0.8390625 0.6906250000000002
24 0.8859375 0.6328125000000001 0.524609375 0.6328125 0.524609375 0.7640625000000001 0.8859375 0.7640625000000002
24 0.7734375000000001 0.6546875000000001 0.654296875 0.6546875 0.6542968750000001 0.9578125 0.7734375000000002 0.9578125
24 1 0.6531250000000002 0.8453125 0.6531250000000002 0.8453125 0.7640625000000002 1 0.7640625000000002
24 1 0.5875000000000001 0.8546875 0.5875000000000001 0.8546875 0.6921875000000002 1 0.6921875000000002
24 0.9671875 0.49140625000000016 0.86328125 0.49140625000000016 0.86328125 0.6562500000000002 0.9671875 0.6562500000000002
24 0.5906250000000002 0.826953125 0.24414062500000008 0.826953125 0.24414062500000008 0.9625 0.5906250000000002 0.9625
24 0.4562500000000001 0.66171875 0.3417968750000001 0.66171875 0.3417968750000001 1 0.45625000000000016 1
24 0.5406250000000001 0.694921875 0.15625000000000008 0.694921875 0.15625000000000008 0.8421875 0.5406250000000001 0.8421875
24 0.3921875000000001 0.50546875 0.2523437500000001 0.50546875 0.2523437500000001 0.88125 0.3921875000000001 0.88125