24 0.6578125 0.23242187500000008 0.51328125 0.23242187500000008 0.51328125 0.5703125 0.6578125 0.5703125
24 0.6125 0.16835937500000006 0.498046875 0.16835937500000003 0.498046875 0.4984375 0.6125 0.4984375
24 0.6328125 0.3941406250000001 0.5421875 0.3941406250000001 0.5421875 0.634375 0.6328125 0.634375
24 0.2984375 0.228125 0.18242187500000004 0.228125 0.18242187500000007 0.559375 0.2984375000000001 0.559375
24 0.3375 0.291796875 0.18945312500000006 0.291796875 0.18945312500000006 0.6375 0.3375000000000001 0.6375
24 0.3656250000000001 0.37929687500000003 0.25273437500000007 0.379296875 0.25273437500000007 0.6921875 0.3656250000000001 0.6921875
24 0.8765625 0.1609375000000001 0.773828125 0.1609375000000001 0.773828125 0.3984375000000001 0.8765625 0.3984375000000001
24 0.9703125 0.2832031250000001 0.725390625 0.2832031250000001 0.725390625 0.4109375000000002 0.9703125 0.4109375000000002
24 0.9078125 0.3082031250000001 0.787890625 0.3082031250000001 0.787890625 0.5750000000000002 0.9078125 0.5750000000000002
24 0.8390625 0.5628906250000001 0.491796875 0.562890625 0.491796875 0.690625 0.8390625 0.6906250000000002
24 0.7703125000000001 0.5171875000000001 0.640234375 0.5171875 0.6402343750000001 0.87890625 0.7703125000000002 0.87890625
24 0.7734375000000001 0.65546875 0.654296875 0.65546875 0.6542968750000001 0.9578125 0.7734375000000002 0.9578125
24 0.978125 0.6312500000000002 0.8671875 0.6312500000000002 0.8671875 0.7859375000000002 0.978125 0.7859375000000002
24 0.9796875 0.5671875000000002 0.875 0.5671875000000002 0.875 0.7125000000000001 0.9796875 0.7125000000000001
24 0.9984375 0.5218750000000002 0.8328125 0.5218750000000002 0.8328125 0.6265625000000001 0.9984375 0.6265625000000001
24 0.4843750000000001 0.721484375 0.3488281250000001 0.721484375 0.3488281250000001 1 0.48437500000000017 1
24 0.4562500000000001 0.6609375 0.3417968750000001 0.6609375 0.3417968750000001 1 0.45625000000000016 1
24 0.5406250000000001 0.695703125 0.15625000000000008 0.695703125 0.15625000000000008 0.8421875 0.5406250000000001 0.8421875
24 0.5109375 0.6234375 0.13437500000000008 0.6234375 0.13437500000000008 0.7640625 0.5109375000000002 0.7640625