24 0.4921875000000001 0.42890625 0.3476562500000001 0.42890625 0.3476562500000001 0.7625 0.49218750000000017 0.7625
24 0.6125 0.603125 0.2890625000000001 0.603125 0.2890625000000001 0.721875 0.6125 0.721875
24 0.534375 0.4359375 0.2968750000000001 0.4359375 0.2968750000000001 0.5296875 0.534375 0.5296875
24 0.815625 0.4359375000000001 0.697265625 0.4359375 0.6972656250000001 0.7609375 0.815625 0.7609375000000002
24 0.8109375 0.3593750000000001 0.661328125 0.3593750000000001 0.661328125 0.7000000000000001 0.8109375 0.7000000000000002
24 0.8421875 0.40312500000000007 0.532421875 0.403125 0.532421875 0.51875 0.8421875 0.5187500000000002
24 0.3031250000000001 0.6671875 0.057812500000000086 0.6671875 0.057812500000000086 0.771875 0.3031250000000001 0.771875
24 0.2828125000000001 0.5890625 0.029296875000000066 0.5890625 0.029296875000000076 0.7203125 0.2828125000000001 0.7203125
24 0.2906250000000001 0.498828125 0.026562500000000065 0.498828125 0.026562500000000072 0.61875 0.2906250000000001 0.61875
24 0.39843750000000006 0.20390625000000004 0.269921875 0.20390625 0.26992187500000003 0.5453125 0.3984375000000001 0.5453125
24 0.471875 0.23710937500000004 0.11601562500000004 0.237109375 0.11601562500000004 0.37031250000000004 0.471875 0.3703125000000001
24 0.43125 0.13789062500000002 0.1328125 0.137890625 0.13281250000000003 0.25781250000000006 0.43125 0.2578125000000001
24 0.13437500000000005 0.220703125 0.02226562500000003 0.220703125 0.022265625000000035 0.379296875 0.13437500000000005 0.379296875
24 0.12656250000000005 0.29296875 0.021093750000000033 0.29296875 0.021093750000000043 0.440625 0.12656250000000005 0.440625
24 0.17343750000000005 0.378515625 4.635479485835099e-17 0.378515625 5.2741136564842066e-17 0.4828125 0.17343750000000005 0.4828125
24 0.74375 0.03750000000000007 0.403125 0.03750000000000005 0.403125 0.17500000000000007 0.74375 0.1750000000000001
24 0.6515625 0.0027343750000000727 0.534375 0.0027343750000000653 0.534375 0.3359375000000001 0.6515625 0.3359375000000001
24 0.7171875 0.04023437500000008 0.569921875 0.040234375000000065 0.569921875 0.41875 0.7171875 0.41875
24 0.74375 0.11875000000000009 0.6015625 0.11875000000000009 0.6015625 0.48906250000000007 0.74375 0.4890625000000002