19 0.11093750000000005 0.183984375 2.253158759368763e-17 0.183984375 2.7243607504469437e-17 0.2609375 0.11093750000000005 0.2609375
19 0.19375000000000003 0.18945312500000003 0.06835937500000003 0.189453125 0.06835937500000003 0.2640625 0.19375000000000003 0.2640625
19 0.2515625 0.21484375 0.14921875000000004 0.21484375 0.14921875000000004 0.271875 0.2515625 0.271875
19 0.3109375 0.2140625 0.204296875 0.2140625 0.204296875 0.2734375 0.3109375 0.2734375
19 0.36875 0.21523437500000003 0.2640625 0.215234375 0.2640625 0.27343750000000006 0.36875 0.2734375000000001
19 0.5953125 0.2230468750000001 0.50390625 0.2230468750000001 0.50390625 0.2890625000000001 0.5953125 0.2890625000000001
19 0.6625 0.2218750000000001 0.571484375 0.2218750000000001 0.571484375 0.2914062500000001 0.6625 0.2914062500000001
19 0.4125 0.23984375000000005 0.341015625 0.23984375 0.341015625 0.28437500000000004 0.4125 0.2843750000000001
19 0.8765625 0.2250000000000001 0.812890625 0.2250000000000001 0.812890625 0.3062500000000001 0.8765625 0.3062500000000001
19 0.803125 0.2328125000000001 0.7234375 0.2328125000000001 0.7234375 0.3062500000000001 0.803125 0.3062500000000001
19 0.9546875 0.23828125000000008 0.87578125 0.23828125000000008 0.87578125 0.3000000000000001 0.9546875 0.3000000000000001
19 0.7109375 0.2453125000000001 0.648046875 0.2453125000000001 0.648046875 0.2984375000000001 0.7109375 0.2984375000000001
19 0.9890625 0.27031250000000007 0.949609375 0.27031250000000007 0.949609375 0.3078125000000001 0.9890625 0.3078125000000001
19 0.778125 0.3925781250000001 0.709765625 0.3925781250000001 0.709765625 0.45781250000000007 0.778125 0.4578125000000002
19 0.7125 0.3917968750000001 0.6453125 0.3917968750000001 0.6453125 0.4609375 0.7125 0.4609375
19 0.6375 0.3921875000000001 0.565625 0.3921875000000001 0.565625 0.4609375 0.6375 0.4609375
19 0.4609375 0.3863281250000001 0.3921875000000001 0.3863281250000001 0.3921875000000001 0.4703125 0.4609375 0.4703125
19 0.559375 0.3968750000000001 0.48125 0.3968750000000001 0.48125 0.465625 0.559375 0.465625
19 0.11406250000000004 0.4046875 0.04726562500000005 0.4046875 0.04726562500000005 0.459375 0.11406250000000004 0.459375
19 0.2375000000000001 0.40546875 0.17382812500000006 0.40546875 0.17382812500000006 0.4609375 0.2375000000000001 0.4609375
19 0.3781250000000001 0.39531250000000007 0.29375000000000007 0.3953125 0.29375000000000007 0.4671875 0.3781250000000001 0.4671875
19 0.2945312500000001 0.405859375 0.22812500000000008 0.405859375 0.22812500000000008 0.45625 0.2945312500000001 0.45625
19 0.17343750000000005 0.4 0.11562500000000005 0.4 0.11562500000000005 0.4671875 0.17343750000000005 0.4671875