19 0.4375 0.060682189062500044 0.38594771250000004 0.060682189062500044 0.38594771250000004 0.10625000000000004 0.4375 0.10625000000000004
19 0.4953125 0.05781250000000006 0.447931984375 0.057812500000000044 0.447931984375 0.11076388750000003 0.4953125 0.11076388750000003
19 0.178125 0.05168505000000001 0.062561275 0.051685049999999996 0.06256127500000001 0.129299428125 0.178125 0.129299428125
19 0.265625 0.05403390625000002 0.14856004843749998 0.05403390625000002 0.14856004843749998 0.12812500000000002 0.265625 0.12812500000000004
19 0.3921875 0.08603962343750005 0.3099213640625 0.08603962343750005 0.3099213640625 0.14062500000000006 0.3921875 0.14062500000000006
19 0.915625 0.06093750000000011 0.8405075578125001 0.06093750000000011 0.8405075578125001 0.1593750000000001 0.915625 0.15937500000000013
19 0.3125 0.07043504843750004 0.2502042484375 0.07043504843750002 0.2502042484375 0.15156250000000004 0.3125 0.15156250000000004
19 0.8324857031249999 0.0604779406250001 0.758139296875 0.060477940625000094 0.758139296875 0.1687500000000001 0.8324857031249999 0.1687500000000001
19 0.7640625 0.09387255000000008 0.6870200171875 0.09387255000000008 0.6870200171875 0.15269607812500008 0.7640625 0.15269607812500008
19 0.696875 0.09843750000000008 0.614379084375 0.09843750000000007 0.614379084375 0.1515625000000001 0.696875 0.1515625000000001
19 0.4375 0.11266339843750003 0.3869740609375 0.11266339843750003 0.3869740609375 0.15937500000000004 0.4375 0.15937500000000004
19 0.490625 0.11369485312500005 0.44383680468750003 0.11369485312500005 0.44383680468750003 0.16250000000000003 0.490625 0.16250000000000003
19 0.8546875 0.5749846812500002 0.771875 0.5749846812500002 0.771875 0.6656250000000001 0.8546875 0.6656250000000001
19 0.7578125 0.5786866828125001 0.6628319046875 0.5786866828125 0.6628319046875 0.659375 0.7578125 0.6593750000000002
19 0.66084048125 0.5860498359374999 0.581592115625 0.5860498359374999 0.581592115625 0.66875 0.66084048125 0.66875
19 0.47630718906249997 0.596527778125 0.3986928109375001 0.596527778125 0.3986928109375001 0.6640625 0.47630718906249997 0.6640625
19 0.3812500000000001 0.596420546875 0.3125255312500001 0.596420546875 0.3125255312500001 0.66875 0.3812500000000001 0.66875
19 0.5671875 0.5960171562500001 0.4865808828125 0.5960171562500001 0.4865808828125 0.6703125 0.5671875 0.6703125
19 0.6171875000000002 0.7445414609375 0.5505565765625001 0.7445414609375 0.5505565765625001 0.8203125 0.6171875000000002 0.8203125