19 0.7328125 0.3607332515625001 0.675423815625 0.3607332515625001 0.675423815625 0.3968750000000001 0.7328125 0.3968750000000001
19 0.6921875 0.36003880625000007 0.6350336999999999 0.36003880625000007 0.6350336999999999 0.3968035140625001 0.6921875 0.3968035140625001
19 0.6109375 0.3609987765625001 0.5536917890625 0.3609987765625001 0.5536917890625 0.39531250000000007 0.6109375 0.39531250000000007
19 0.559375 0.35111315312500013 0.52569444375 0.35111315312500013 0.52569444375 0.40625 0.559375 0.40625
19 0.5328125 0.36265829218750006 0.4801776953125 0.36265829218750006 0.4801776953125 0.39531250000000007 0.5328125 0.39531250000000007
19 0.640625 0.35111315312500013 0.60487643125 0.35111315312500013 0.60487643125 0.40625 0.640625 0.40625
19 0.7621323531249999 0.3531250000000001 0.725367646875 0.3531250000000001 0.725367646875 0.40625000000000017 0.7621323531249999 0.40625000000000017
19 0.684375 0.5033139281250001 0.6573018796875 0.5033139281250001 0.6573018796875 0.5703073921875 0.684375 0.5703073921875
19 0.65625 0.5053206703125 0.63125 0.5053206703125 0.63125 0.5671875 0.65625 0.5671875
19 0.8484375 0.5218750000000002 0.78350694375 0.5218750000000002 0.78350694375 0.5492851312500002 0.8484375 0.5492851312500002
19 0.73125 0.5214052281250001 0.668326184375 0.521405228125 0.668326184375 0.5484375000000001 0.73125 0.5484375000000001
19 0.7890625 0.5224826390625001 0.7262816578125 0.5224826390625001 0.7262816578125 0.5468750000000002 0.7890625 0.5468750000000002
19 0.8 0.5032781859375002 0.7734375 0.5032781859375002 0.7734375 0.5686376640625002 0.8 0.5686376640625002
19 0.740625 0.5032935046875001 0.7158343546875 0.5032935046875 0.7158343546875 0.565625 0.740625 0.5656250000000002
19 0.7000000000000001 0.6375 0.6520526953125 0.6375 0.6520526953125001 0.7421875 0.7000000000000002 0.7421875
19 0.7796875 0.6677747140625001 0.6705575984375 0.6677747140625 0.6705575984375 0.7156250000000001 0.7796875 0.7156250000000002
19 0.803125 0.6375051062500001 0.75295649375 0.6375051062500001 0.7529564937500001 0.7484375000000002 0.803125 0.7484375000000002
19 0.85625 0.6438061687500002 0.807485703125 0.6438061687500002 0.807485703125 0.7468750000000002 0.85625 0.7468750000000002
19 0.9375 0.6726664625000002 0.8342064953125 0.6726664625000002 0.8342064953125 0.7233200562500002 0.9375 0.7233200562500002
19 0.5390625000000002 0.8383476312499999 0.4934334140625002 0.8383476312499999 0.4934334140625002 0.952726715625 0.5390625000000002 0.952726715625
19 0.5265625000000002 0.8698937921875001 0.4110243062500002 0.8698937921875001 0.4110243062500002 0.91875 0.5265625000000002 0.91875
19 0.5890625000000002 0.8336754484375 0.5422538796875002 0.8336754484375 0.5422538796875002 0.95 0.5890625000000002 0.95
19 0.6390625000000002 0.8417279421874999 0.5937500000000002 0.8417279421874999 0.5937500000000002 0.95 0.6390625000000002 0.95
19 0.7265625000000002 0.8712826796875 0.6109630312500002 0.8712826796875 0.6109630312500002 0.9203125 0.7265625000000002 0.9203125