19 0.2546875 0.0027343750000000267 0.18125 0.0027343750000000224 0.18125 0.13906250000000003 0.2546875 0.13906250000000003
19 0.3328125 0.001562500000000036 0.25625 0.0015625000000000313 0.25625 0.14218750000000005 0.3328125 0.14218750000000005
19 0.2078125 0.03437500000000002 0.069921875 0.03437500000000001 0.06992187500000001 0.11015625000000002 0.2078125 0.11015625000000004
19 0.440625 0.035937500000000046 0.301953125 0.03593750000000003 0.301953125 0.10937500000000004 0.440625 0.10937500000000004
19 0.665625 0.032031250000000074 0.54765625 0.03203125000000007 0.54765625 0.12656250000000008 0.665625 0.12656250000000008
19 0.7546875 0.021484375000000087 0.652734375 0.021484375000000076 0.652734375 0.1390625000000001 0.7546875 0.1390625000000001
19 0.571875 0.050390625000000064 0.473046875 0.050390625000000064 0.473046875 0.12343750000000006 0.571875 0.12343750000000009
19 0.4828125 0.037500000000000054 0.4109375 0.037500000000000054 0.4109375 0.14218750000000005 0.4828125 0.14218750000000005
19 0.9046875 0.2609375000000001 0.85625 0.2609375000000001 0.85625 0.3609375000000001 0.9046875 0.3609375000000001
19 0.8859375 0.2929687500000001 0.787109375 0.2929687500000001 0.787109375 0.3359375000000001 0.8859375 0.3359375000000001
19 0.8140625 0.2621093750000001 0.771875 0.2621093750000001 0.771875 0.36406250000000007 0.8140625 0.36406250000000007
19 0.27812500000000007 0.2671875 0.225 0.2671875 0.22500000000000003 0.3671875 0.27812500000000007 0.3671875
19 0.3375 0.2671875 0.2796875 0.2671875 0.27968750000000003 0.3671875 0.3375000000000001 0.3671875
19 0.65625 0.30351562500000007 0.58984375 0.30351562500000007 0.58984375 0.3593750000000001 0.65625 0.3593750000000001
19 0.7078125 0.3000000000000001 0.654296875 0.3000000000000001 0.654296875 0.3671875000000001 0.7078125 0.3671875000000001
19 0.5953125 0.2984375000000001 0.5390625 0.2984375000000001 0.5390625 0.3671875000000001 0.5953125 0.3671875000000001
19 0.4890625 0.2968750000000001 0.4421875 0.2968750000000001 0.4421875 0.3656250000000001 0.4890625 0.3656250000000001
19 0.4390625 0.2964843750000001 0.39375 0.2964843750000001 0.39375000000000004 0.3671875000000001 0.4390625 0.3671875000000001
19 0.36406250000000007 0.4953125 0.2894531250000001 0.4953125 0.2894531250000001 0.5625 0.36406250000000007 0.5625
19 0.2796875000000001 0.49296875 0.2136718750000001 0.49296875 0.2136718750000001 0.5671875 0.2796875000000001 0.5671875
19 0.20468750000000008 0.497265625 0.12812500000000004 0.497265625 0.12812500000000007 0.5671875 0.20468750000000008 0.5671875