19 0.9296875 0.2675781250000001 0.854296875 0.2675781250000001 0.854296875 0.3375000000000001 0.9296875 0.3375000000000001
19 0.3921875 0.28320312500000006 0.31875 0.283203125 0.31875 0.33437500000000003 0.3921875 0.3343750000000001
19 0.33125 0.284765625 0.2578125 0.284765625 0.2578125 0.3359375 0.33125 0.3359375
19 0.265625 0.2828125 0.19257812500000004 0.2828125 0.19257812500000004 0.3375 0.265625 0.3375
19 0.5015625 0.2953125000000001 0.4484375 0.2953125000000001 0.4484375 0.3421875000000001 0.5015625 0.3421875000000001
19 0.4453125 0.2960937500000001 0.39296875 0.2960937500000001 0.39296875 0.3437500000000001 0.4453125 0.3437500000000001
19 0.5140625 0.412890625 0.45625 0.412890625 0.45625 0.4796875 0.5140625 0.4796875
19 0.18437500000000004 0.425390625 0.11093750000000005 0.425390625 0.11093750000000005 0.4796875 0.18437500000000004 0.4796875
19 0.2734375000000001 0.4265625 0.19687500000000005 0.4265625 0.19687500000000005 0.48125 0.2734375000000001 0.48125
19 0.4375 0.43046875 0.3964843750000001 0.43046875 0.3964843750000001 0.48125 0.4375 0.48125
19 0.3859375000000001 0.4375 0.3375000000000001 0.4375 0.3375000000000001 0.4796875 0.3859375000000001 0.4796875
19 0.3281250000000001 0.452734375 0.2785156250000001 0.452734375 0.2785156250000001 0.4765625 0.3281250000000001 0.4765625
19 0.3593750000000001 0.501953125 0.3046875000000001 0.501953125 0.3046875000000001 0.58125 0.3593750000000001 0.58125
19 0.18750000000000006 0.501171875 0.13359375000000004 0.501171875 0.13359375000000007 0.5875 0.18750000000000008 0.5875
19 0.09687500000000007 0.50078125 0.044531250000000064 0.50078125 0.044531250000000064 0.5890625 0.09687500000000007 0.5890625
19 0.28593750000000007 0.521875 0.2062500000000001 0.521875 0.2062500000000001 0.575 0.28593750000000007 0.575
19 0.2078125000000001 0.625 0.1390625000000001 0.625 0.1390625000000001 0.665625 0.2078125000000001 0.665625
19 0.2890625000000001 0.6265625 0.22460937500000008 0.6265625 0.22460937500000008 0.66875 0.2890625000000001 0.66875
19 0.10781250000000009 0.6140625 0.07148437500000007 0.6140625 0.07148437500000007 0.684375 0.10781250000000009 0.684375
19 0.1546875000000001 0.704296875 0.09023437500000009 0.704296875 0.09023437500000009 0.7421875 0.1546875000000001 0.7421875
19 0.3734375000000001 0.69375 0.3375000000000001 0.69375 0.3375000000000001 0.7578125 0.3734375000000001 0.7578125
19 0.22031250000000008 0.69453125 0.1882812500000001 0.69453125 0.1882812500000001 0.75625 0.22031250000000008 0.75625
19 0.44218750000000007 0.691015625 0.41328125 0.691015625 0.4132812500000001 0.759375 0.4421875000000002 0.759375
19 0.3125000000000001 0.709375 0.2484375000000001 0.709375 0.2484375000000001 0.7421875 0.3125000000000001 0.7421875