19 0.5078125 0.2636718750000001 0.480859375 0.2636718750000001 0.480859375 0.2750000000000001 0.5078125 0.2750000000000001
19 0.51875 0.2562500000000001 0.5046875 0.2562500000000001 0.5046875 0.2828125000000001 0.51875 0.2828125000000001
19 0.5578125 0.2578125000000001 0.540625 0.2578125000000001 0.540625 0.2828125000000001 0.5578125 0.2828125000000001
19 0.5390625 0.2578125000000001 0.5234375 0.2578125000000001 0.5234375 0.2843750000000001 0.5390625 0.2843750000000001
19 0.5796875 0.26250000000000007 0.5625 0.26250000000000007 0.5625 0.2890625000000001 0.5796875 0.2890625000000001
19 0.62109375 0.26835937500000007 0.59375 0.26835937500000007 0.59375 0.2828125000000001 0.62109375 0.2828125000000001
19 0.6328125 0.2621093750000001 0.6171875 0.2621093750000001 0.6171875 0.2890625000000001 0.6328125 0.2890625000000001
19 0.596875 0.2628906250000001 0.5828125 0.2628906250000001 0.5828125 0.2890625000000001 0.596875 0.2890625000000001
19 0.653125 0.26445312500000007 0.6375 0.26445312500000007 0.6375 0.2906250000000001 0.653125 0.2906250000000001
19 0.6875 0.2640625000000001 0.6734375 0.2640625000000001 0.6734375 0.2906250000000001 0.6875 0.2906250000000001
19 0.709375 0.26445312500000007 0.69375 0.26445312500000007 0.69375 0.2906250000000001 0.709375 0.2906250000000001
19 0.6703125 0.2640625000000001 0.65625 0.2640625000000001 0.65625 0.2906250000000001 0.6703125 0.2906250000000001
19 0.484375 0.2730468750000001 0.43359375 0.2730468750000001 0.43359375 0.28593750000000007 0.484375 0.28593750000000007
19 0.484375 0.2578125000000001 0.46875 0.2578125000000001 0.46875 0.3046875000000001 0.484375 0.3046875000000001
19 0.840625 0.27226562500000007 0.8109375 0.27226562500000007 0.8109375 0.30937500000000007 0.840625 0.30937500000000007
19 0.8703125 0.2707031250000001 0.843359375 0.2707031250000001 0.843359375 0.3125000000000001 0.8703125 0.3125000000000001
19 0.9125 0.2773437500000001 0.87265625 0.2773437500000001 0.87265625 0.3062500000000001 0.9125 0.3062500000000001
19 0.8109375 0.2785156250000001 0.773046875 0.2785156250000001 0.773046875 0.3062500000000001 0.8109375 0.3062500000000001
19 0.24218750000000008 0.409375 0.19687500000000005 0.409375 0.19687500000000005 0.4421875 0.24218750000000008 0.4421875
19 0.2718750000000001 0.403125 0.24218750000000008 0.403125 0.24218750000000008 0.4484375 0.2718750000000001 0.4484375
19 0.3656250000000001 0.4078125 0.34062500000000007 0.4078125 0.34062500000000007 0.45 0.3656250000000001 0.45
19 0.6796875 0.3996093750000001 0.657421875 0.3996093750000001 0.657421875 0.4578125 0.6796875 0.4578125
19 0.73125 0.4000000000000001 0.709375 0.4 0.709375 0.4593750000000001 0.73125 0.4593750000000002
19 0.8328125 0.40156250000000016 0.809765625 0.40156250000000016 0.809765625 0.4593750000000002 0.8328125 0.4593750000000002
19 0.7734375 0.4175781250000001 0.715234375 0.417578125 0.715234375 0.4406250000000001 0.7734375 0.44062500000000016
19 0.3031250000000001 0.408203125 0.2734375000000001 0.408203125 0.2734375000000001 0.45 0.3031250000000001 0.45
19 0.7078125 0.401953125 0.683984375 0.401953125 0.683984375 0.459375 0.7078125 0.459375
19 0.821875 0.4195312500000002 0.766796875 0.4195312500000002 0.766796875 0.4421875000000002 0.821875 0.4421875000000002
19 0.9 0.4183593750000002 0.8421875 0.4183593750000002 0.8421875 0.4421875000000002 0.9 0.4421875000000002
19 0.7828125 0.40156250000000016 0.7609375 0.40156250000000016 0.7609375 0.4593750000000002 0.7828125 0.4593750000000002
19 0.85625 0.4031250000000002 0.8359375 0.4031250000000002 0.8359375 0.46093750000000017 0.85625 0.46093750000000017
19 0.34062500000000007 0.41953125 0.3039062500000001 0.41953125 0.3039062500000001 0.4484375 0.34062500000000007 0.4484375
19 0.4078125 0.416796875 0.3664062500000001 0.416796875 0.3664062500000001 0.446875 0.4078125 0.446875
19 0.575 0.412890625 0.556640625 0.412890625 0.556640625 0.45625 0.575 0.45625
19 0.65 0.4265625 0.603515625 0.4265625 0.603515625 0.4453125 0.65 0.4453125
19 0.65625 0.4140625 0.637890625 0.4140625 0.637890625 0.459375 0.65625 0.459375
19 0.6296875 0.428125 0.583984375 0.428125 0.583984375 0.4453125 0.6296875 0.4453125
19 0.59375 0.416015625 0.575390625 0.416015625 0.575390625 0.459375 0.59375 0.459375
19 0.6250000000000001 0.690625 0.590625 0.690625 0.5906250000000001 0.759375 0.6250000000000002 0.759375
19 0.8109375 0.7074218750000002 0.737109375 0.7074218750000002 0.7371093750000001 0.7406250000000002 0.8109375 0.7406250000000002
19 0.7742187500000001 0.7089843750000001 0.7078125 0.708984375 0.7078125000000001 0.7406250000000001 0.7742187500000002 0.7406250000000002
19 0.7250000000000001 0.690234375 0.691015625 0.690234375 0.6910156250000001 0.7609375 0.7250000000000002 0.7609375
19 0.6781250000000001 0.708984375 0.61171875 0.708984375 0.6117187500000001 0.740625 0.6781250000000002 0.740625
19 0.7109375000000001 0.7140625 0.64375 0.7140625 0.64375 0.74375 0.7109375000000002 0.74375
19 0.5937500000000002 0.891796875 0.5660156250000001 0.891796875 0.5660156250000001 0.9578125 0.5937500000000002 0.9578125
19 0.6265625000000001 0.894140625 0.5988281250000002 0.894140625 0.5988281250000002 0.9578125 0.6265625000000001 0.9578125
19 0.7640625000000002 0.894921875 0.7328125000000002 0.894921875 0.7328125000000002 0.9609375 0.7640625000000002 0.9609375
19 0.6937500000000002 0.896875 0.6675781250000001 0.896875 0.6675781250000001 0.9609375 0.6937500000000002 0.9609375
19 0.7453125000000002 0.915625 0.6824218750000002 0.915625 0.6824218750000002 0.94375 0.7453125000000002 0.94375
19 0.6781250000000002 0.91640625 0.6152343750000002 0.91640625 0.6152343750000002 0.9453125 0.6781250000000002 0.9453125
19 0.8 0.896875 0.7671875000000001 0.896875 0.7671875000000001 0.9640625 0.8 0.9640625
19 0.8828125 0.915234375 0.81640625 0.915234375 0.81640625 0.946875 0.8828125 0.946875
19 0.8296875 0.898046875 0.801171875 0.898046875 0.801171875 0.9640625 0.8296875 0.9640625
19 0.915625 0.92109375 0.85390625 0.92109375 0.85390625 0.953125 0.915625 0.953125