19 0.28593750000000007 0.669140625 0.2332031250000001 0.669140625 0.2332031250000001 0.728125 0.28593750000000007 0.728125
19 0.3531250000000001 0.671875 0.2984375000000001 0.671875 0.2984375000000001 0.725 0.3531250000000001 0.725
19 0.5515625000000001 0.668359375 0.4921875 0.668359375 0.4921875000000001 0.728125 0.5515625000000002 0.728125
19 0.4296875000000001 0.673828125 0.3609375000000001 0.673828125 0.3609375000000001 0.728125 0.42968750000000017 0.728125
19 0.21875000000000008 0.68125 0.15039062500000008 0.68125 0.15039062500000008 0.7296875 0.21875000000000008 0.7296875
19 0.4843750000000001 0.68046875 0.43203125 0.68046875 0.4320312500000001 0.73125 0.48437500000000017 0.73125
19 0.5093750000000001 0.8 0.47070312500000017 0.8 0.47070312500000017 0.825 0.5093750000000001 0.825
19 0.5875000000000001 0.8015625 0.5562500000000001 0.8015625 0.5562500000000001 0.8265625 0.5875000000000001 0.8265625
19 0.5453125000000002 0.798828125 0.5218750000000002 0.798828125 0.5218750000000002 0.828125 0.5453125000000002 0.828125
19 0.5828125000000002 0.83828125 0.5589843750000002 0.83828125 0.5589843750000002 0.8765625 0.5828125000000002 0.8765625
19 0.5453125000000002 0.84375 0.5175781250000002 0.84375 0.5175781250000002 0.8734375 0.5453125000000002 0.8734375
19 0.5078125000000002 0.842578125 0.4742187500000002 0.842578125 0.4742187500000002 0.878125 0.5078125000000002 0.878125
19 0.6437500000000002 0.8671875 0.5843750000000002 0.8671875 0.5843750000000002 0.925 0.6437500000000002 0.925
19 0.7109375000000002 0.869140625 0.6531250000000002 0.869140625 0.6531250000000002 0.9296875 0.7109375000000002 0.9296875
19 0.7828125000000001 0.870703125 0.7203125000000001 0.870703125 0.7203125000000001 0.928125 0.7828125000000001 0.928125
19 0.5046875000000002 0.89375 0.4734375000000002 0.89375 0.4734375000000002 0.921875 0.5046875000000002 0.921875
19 0.5421875000000002 0.891796875 0.5152343750000001 0.891796875 0.5152343750000001 0.925 0.5421875000000002 0.925
19 0.5812500000000002 0.892578125 0.5531250000000002 0.892578125 0.5531250000000002 0.9234375 0.5812500000000002 0.9234375
19 0.09531250000000005 0.376953125 0.05820312500000004 0.376953125 0.05820312500000006 0.4578125 0.09531250000000006 0.4578125
19 0.2593750000000001 0.3859375 0.2078125000000001 0.3859375 0.2078125000000001 0.4625 0.2593750000000001 0.4625
19 0.3203125000000001 0.3875 0.2652343750000001 0.3875 0.2652343750000001 0.4640625 0.3203125000000001 0.4640625
19 0.5046875 0.38750000000000007 0.4515625 0.38750000000000007 0.4515625 0.4640625 0.5046875 0.4640625
19 0.5734375 0.3960937500000001 0.497265625 0.3960937500000001 0.497265625 0.4546875 0.5734375 0.4546875
19 0.37968750000000007 0.38750000000000007 0.3281250000000001 0.3875 0.3281250000000001 0.465625 0.37968750000000007 0.465625
19 0.6203125 0.38750000000000007 0.569921875 0.38750000000000007 0.569921875 0.465625 0.6203125 0.465625
19 0.453125 0.4 0.3750000000000001 0.4 0.3750000000000001 0.453125 0.453125 0.453125
19 0.19531250000000006 0.4046875 0.16289062500000004 0.4046875 0.16289062500000004 0.4609375 0.19531250000000006 0.4609375
19 0.15937500000000004 0.416015625 0.09921875000000005 0.416015625 0.09921875000000005 0.453125 0.15937500000000004 0.453125
19 0.428125 0.509375 0.3550781250000001 0.509375 0.3550781250000001 0.5984375 0.428125 0.5984375
19 0.5140625 0.5171875 0.4421875 0.5171875 0.4421875 0.596875 0.5140625 0.596875
19 0.5953125 0.51875 0.5171875 0.51875 0.5171875 0.5984375 0.5953125 0.5984375
19 0.17187500000000006 0.533203125 0.10273437500000004 0.533203125 0.10273437500000007 0.5828125 0.17187500000000008 0.5828125
19 0.23437500000000008 0.53515625 0.16289062500000004 0.53515625 0.16289062500000007 0.5859375 0.23437500000000008 0.5859375
19 0.10781250000000006 0.5265625 0.056250000000000064 0.5265625 0.056250000000000064 0.5953125 0.10781250000000009 0.5953125
19 0.27031250000000007 0.5421875 0.2296875000000001 0.5421875 0.2296875000000001 0.596875 0.27031250000000007 0.596875