19 0.6734375 0.3375000000000001 0.621875 0.3375000000000001 0.621875 0.3750000000000001 0.6734375 0.3750000000000001
19 0.72578125 0.3359375000000001 0.675 0.3359375000000001 0.675 0.37578125000000007 0.72578125 0.37578125000000007
19 0.7765625 0.3375000000000001 0.728125 0.3375000000000001 0.728125 0.3750000000000001 0.7765625 0.3750000000000001
19 0.93359375 0.3390625000000001 0.890625 0.3390625000000001 0.890625 0.3742187500000001 0.93359375 0.3742187500000001
19 0.88046875 0.3390625000000001 0.8375 0.3390625000000001 0.8375 0.3765625000000001 0.88046875 0.3765625000000001
19 0.8296875 0.34062500000000007 0.7875 0.34062500000000007 0.7875 0.37578125000000007 0.8296875 0.37578125000000007
19 0.9921875 0.34062500000000007 0.94375 0.34062500000000007 0.94375 0.3781250000000001 0.9921875 0.3781250000000001
19 0.33046875000000003 0.3453125 0.25625 0.3453125 0.25625000000000003 0.4140625 0.3304687500000001 0.4140625
19 0.4125 0.3453125 0.3328125 0.3453125 0.33281250000000007 0.4140625 0.4125 0.4140625
19 0.25703125000000004 0.346875 0.17187500000000006 0.346875 0.17187500000000006 0.415625 0.2570312500000001 0.415625
19 0.09062500000000004 0.3453125 0.014062500000000044 0.3453125 0.014062500000000047 0.41640625 0.09062500000000004 0.41640625
19 0.17031250000000003 0.346875 0.09218750000000005 0.346875 0.09218750000000005 0.415625 0.17031250000000003 0.415625
19 0.48515625 0.3625000000000001 0.415625 0.3625000000000001 0.415625 0.415625 0.48515625 0.415625
19 0.6203125 0.3625000000000001 0.55625 0.3625000000000001 0.55625 0.415625 0.6203125 0.415625
19 0.55 0.3609375000000001 0.4859375 0.3609375000000001 0.4859375 0.41640625 0.55 0.41640625
19 0.6734375 0.3750000000000001 0.621875 0.3750000000000001 0.621875 0.41484375 0.6734375 0.41484375
19 0.73203125 0.3781250000000001 0.678125 0.3781250000000001 0.678125 0.4156250000000001 0.73203125 0.4156250000000002
19 0.8390625 0.37968750000000007 0.7921875 0.37968750000000007 0.7921875 0.4148437500000002 0.8390625 0.4148437500000002
19 0.88984375 0.3781250000000001 0.846875 0.3781250000000001 0.846875 0.4164062500000002 0.88984375 0.4164062500000002
19 0.78359375 0.37968750000000007 0.7296875 0.37968750000000007 0.7296875 0.4148437500000002 0.78359375 0.4148437500000002
19 0.95 0.3781250000000001 0.903125 0.3781250000000001 0.903125 0.4156250000000002 0.95 0.4156250000000002
19 0.99453125 0.37968750000000007 0.95625 0.37968750000000007 0.95625 0.4148437500000002 0.99453125 0.4148437500000002
19 0.2593750000000001 0.465625 0.18125000000000005 0.465625 0.18125000000000005 0.52109375 0.2593750000000001 0.52109375
19 0.08671875000000007 0.465625 0.004687500000000057 0.465625 0.0046875000000000605 0.52109375 0.08671875000000007 0.52109375
19 0.17343750000000005 0.465625 0.09687500000000007 0.465625 0.09687500000000007 0.52109375 0.17343750000000005 0.52109375
19 0.3460937500000001 0.465625 0.2640625000000001 0.465625 0.2640625000000001 0.521875 0.3460937500000001 0.521875
19 0.43828125 0.465625 0.35625000000000007 0.465625 0.35625000000000007 0.52421875 0.43828125 0.52421875
19 0.5984375 0.4765625 0.51875 0.4765625 0.51875 0.5234375 0.5984375 0.5234375
19 0.515625 0.4765625 0.4359375 0.4765625 0.4359375 0.52578125 0.515625 0.52578125
19 0.8234375 0.4828125000000002 0.759375 0.4828125000000002 0.759375 0.5257812500000002 0.8234375 0.5257812500000002
19 0.88984375 0.4828125000000002 0.83125 0.4828125000000002 0.83125 0.5257812500000002 0.88984375 0.5257812500000002
19 0.671875 0.484375 0.6078125 0.484375 0.6078125 0.525 0.671875 0.525
19 0.7515625 0.4859375000000001 0.684375 0.4859375 0.684375 0.5257812500000001 0.7515625 0.5257812500000002
19 0.921875 0.6703125000000002 0.8453125 0.6703125000000002 0.8453125 0.7234375000000002 0.921875 0.7234375000000002
19 0.83671875 0.6750000000000002 0.765625 0.6750000000000002 0.7656250000000001 0.7265625000000002 0.83671875 0.7265625000000002
19 0.6757812500000001 0.6734375 0.6015625 0.6734375 0.6015625000000001 0.72734375 0.6757812500000002 0.72734375
19 0.7593750000000001 0.6765625000000001 0.6828125 0.6765625 0.6828125 0.7273437500000001 0.7593750000000001 0.7273437500000002
19 0.4289062500000001 0.675 0.3546875000000001 0.675 0.3546875000000001 0.73046875 0.42890625000000016 0.73046875
19 0.2648437500000001 0.675 0.1906250000000001 0.675 0.1906250000000001 0.73125 0.2648437500000001 0.73125
19 0.10390625000000009 0.675 0.03437500000000008 0.675 0.034375000000000086 0.7328125 0.10390625000000009 0.7328125
19 0.34843750000000007 0.675 0.2750000000000001 0.675 0.2750000000000001 0.73125 0.34843750000000007 0.73125
19 0.5953125000000001 0.678125 0.515625 0.678125 0.5156250000000001 0.73125 0.5953125000000001 0.73125
19 0.5132812500000001 0.6765625 0.43125 0.6765625 0.4312500000000001 0.73203125 0.5132812500000001 0.73203125
19 0.1859375000000001 0.6765625 0.11250000000000009 0.6765625 0.11250000000000009 0.73515625 0.1859375000000001 0.73515625
19 0.91015625 0.7453125000000002 0.8359375 0.7453125000000002 0.8359375 0.7921875000000002 0.91015625 0.7921875000000002
19 1 0.7406250000000002 0.9375 0.7406250000000002 0.9375 0.7960937500000002 1 0.7960937500000002
19 0.8265625 0.7453125000000002 0.7531250000000002 0.7453125000000002 0.7531250000000002 0.7937500000000002 0.8265625 0.7937500000000002
19 0.7507812500000002 0.7453125 0.6765625000000002 0.7453125 0.6765625000000002 0.7945312500000001 0.7507812500000002 0.7945312500000001
19 0.6710937500000002 0.746875 0.6000000000000002 0.746875 0.6000000000000002 0.79375 0.6710937500000002 0.79375
19 0.5203125000000002 0.7453125 0.44062500000000016 0.7453125 0.44062500000000016 0.7984375 0.5203125000000002 0.7984375
19 0.5929687500000002 0.746875 0.5218750000000002 0.746875 0.5218750000000002 0.79765625 0.5929687500000002 0.79765625
19 0.4390625000000002 0.746875 0.3656250000000001 0.746875 0.3656250000000001 0.7984375 0.4390625000000002 0.7984375
19 0.3585937500000001 0.746875 0.2875000000000001 0.746875 0.2875000000000001 0.79765625 0.3585937500000001 0.79765625
19 0.2804687500000001 0.746875 0.2093750000000001 0.746875 0.2093750000000001 0.8 0.2804687500000001 0.8
19 0.2039062500000001 0.7484375 0.1296875000000001 0.7484375 0.1296875000000001 0.79921875 0.2039062500000001 0.79921875
19 0.12265625000000009 0.7515625 0.05312500000000009 0.7515625 0.05312500000000009 0.803125 0.12265625000000009 0.803125