19 0.1937500000000001 0.6046875 0.1625000000000001 0.6046875 0.1625000000000001 0.65 0.1937500000000001 0.65
19 0.2671875000000001 0.6046875 0.23593750000000008 0.6046875 0.23593750000000008 0.6515625 0.2671875000000001 0.6515625
19 0.3031250000000001 0.6046875 0.2718750000000001 0.6046875 0.2718750000000001 0.6515625 0.3031250000000001 0.6515625
19 0.2312500000000001 0.6046875 0.19882812500000008 0.6046875 0.19882812500000008 0.6515625 0.2312500000000001 0.6515625
19 0.7796875 0.6136718750000002 0.7375 0.6136718750000002 0.7375 0.6437500000000002 0.7796875 0.6437500000000002
19 0.8578125 0.6140625000000002 0.815625 0.6140625000000002 0.815625 0.6468750000000002 0.8578125 0.6468750000000002
19 0.81875 0.6148437500000001 0.77734375 0.6148437500000001 0.77734375 0.6453125000000002 0.81875 0.6453125000000002
19 0.7421875 0.6132812500000001 0.700390625 0.61328125 0.700390625 0.6484375000000001 0.7421875 0.6484375000000002
19 0.4796875 0.69375 0.4484375 0.69375 0.4484375 0.7203125 0.4796875 0.7203125
19 0.27812500000000007 0.69609375 0.2628906250000001 0.69609375 0.2628906250000001 0.7234375 0.27812500000000007 0.7234375
19 0.3156250000000001 0.69296875 0.2910156250000001 0.69296875 0.2910156250000001 0.71875 0.3156250000000001 0.71875
19 0.3828125000000001 0.694921875 0.3531250000000001 0.694921875 0.3531250000000001 0.7171875 0.3828125000000001 0.7171875
19 0.4453125 0.693359375 0.415625 0.693359375 0.415625 0.7203125 0.4453125 0.7203125
19 0.4171875 0.6953125 0.3859375000000001 0.6953125 0.3859375000000001 0.7203125 0.4171875 0.7203125
19 0.3500000000000001 0.6953125 0.3203125000000001 0.6953125 0.3203125000000001 0.71875 0.3500000000000001 0.71875
19 0.7906250000000001 0.6875000000000002 0.733203125 0.6875000000000002 0.7332031250000001 0.7593750000000001 0.7906250000000001 0.7593750000000001
19 0.8546875 0.6925781250000002 0.794921875 0.6925781250000002 0.7949218750000001 0.7562500000000002 0.8546875 0.7562500000000002
19 0.37968750000000007 0.726953125 0.3519531250000001 0.726953125 0.3519531250000001 0.75 0.37968750000000007 0.75
19 0.47968750000000016 0.728515625 0.4468750000000002 0.728515625 0.4468750000000002 0.75 0.47968750000000016 0.75
19 0.31718750000000007 0.725 0.28593750000000007 0.725 0.28593750000000007 0.75 0.31718750000000007 0.75
19 0.4125000000000001 0.720703125 0.3902343750000001 0.720703125 0.3902343750000001 0.754296875 0.4125000000000002 0.754296875
19 0.2843750000000001 0.7234375 0.2515625000000001 0.7234375 0.2515625000000001 0.746875 0.2843750000000001 0.746875
19 0.44531250000000017 0.7265625 0.4187500000000002 0.7265625 0.4187500000000002 0.7515625 0.44531250000000017 0.7515625
19 0.3500000000000001 0.725 0.3187500000000001 0.725 0.3187500000000001 0.75 0.3500000000000001 0.75
19 0.815625 0.846484375 0.7570312500000002 0.846484375 0.7570312500000002 0.90625 0.815625 0.90625
19 0.8828125 0.84609375 0.82578125 0.84609375 0.82578125 0.9078125 0.8828125 0.9078125
19 0.6781250000000002 0.844140625 0.6128906250000001 0.844140625 0.6128906250000001 0.909375 0.6781250000000002 0.909375
19 0.7484375000000002 0.84375 0.6847656250000002 0.84375 0.6847656250000002 0.91328125 0.7484375000000002 0.91328125
19 0.6078125000000002 0.851171875 0.5437500000000002 0.851171875 0.5437500000000002 0.9109375 0.6078125000000002 0.9109375
19 0.8359375 0.3804687500000001 0.752734375 0.3804687500000001 0.752734375 0.42500000000000016 0.8359375 0.42500000000000016
19 0.8875 0.3804687500000001 0.805859375 0.3804687500000001 0.805859375 0.4234375000000002 0.8875 0.4234375000000002
19 0.2093750000000001 0.371875 0.16054687500000003 0.371875 0.16054687500000003 0.4390625 0.2093750000000001 0.4390625
19 0.2593750000000001 0.371875 0.2140625000000001 0.371875 0.2140625000000001 0.4390625 0.2593750000000001 0.4390625
19 0.7296875 0.3730468750000001 0.696875 0.3730468750000001 0.696875 0.44218750000000007 0.7296875 0.4421875000000002
19 0.784375 0.3921875000000001 0.716796875 0.3921875000000001 0.716796875 0.42656250000000007 0.784375 0.4265625000000002
19 0.678125 0.50625 0.6296875 0.50625 0.6296875 0.5640625 0.678125 0.5640625
19 0.73125 0.5136718750000001 0.673046875 0.513671875 0.673046875 0.5562500000000001 0.73125 0.5562500000000001
19 0.81875 0.5062500000000002 0.776171875 0.5062500000000002 0.776171875 0.5671875000000002 0.81875 0.5671875000000002
19 0.7796875 0.5156250000000001 0.71875 0.515625 0.71875 0.5578125 0.7796875 0.5578125000000002
19 0.875 0.5164062500000002 0.81484375 0.5164062500000002 0.81484375 0.5562500000000001 0.875 0.5562500000000001
19 0.5515625 0.52109375 0.506640625 0.52109375 0.506640625 0.5546875 0.5515625 0.5546875
19 0.627734375 0.5171875 0.594140625 0.5171875 0.594140625 0.5625 0.627734375 0.5625
19 0.5890625 0.5140625 0.553125 0.5140625 0.553125 0.5625 0.5890625 0.5625