19 0.7265625000000002 0.803125 0.6425781250000002 0.803125 0.6425781250000002 0.89375 0.7265625000000002 0.89375
19 0.83125 0.8046875 0.7359375000000001 0.8046875 0.7359375000000001 0.896875 0.83125 0.896875
19 0.934375 0.803125 0.8421875 0.803125 0.8421875 0.8953125 0.934375 0.8953125
19 0.6312500000000002 0.8046875 0.5468750000000002 0.8046875 0.5468750000000002 0.8921875 0.6312500000000002 0.8921875
19 0.1437500000000001 0.8171875 0.07656250000000012 0.8171875 0.07656250000000012 0.890625 0.1437500000000001 0.890625
19 0.21875000000000008 0.819921875 0.1488281250000001 0.819921875 0.1488281250000001 0.8890625 0.21875000000000008 0.8890625
19 0.2953125000000001 0.815625 0.22460937500000008 0.815625 0.22460937500000008 0.8953125 0.2953125000000001 0.8953125
19 0.3671875000000001 0.8234375 0.3046875000000001 0.8234375 0.3046875000000001 0.8921875 0.3671875000000001 0.8921875
19 0.4496093750000002 0.821484375 0.3800781250000001 0.821484375 0.3800781250000001 0.8953125 0.4496093750000002 0.8953125
19 0.5328125000000001 0.821484375 0.4636718750000002 0.821484375 0.4636718750000002 0.8921875 0.5328125000000001 0.8921875
19 0.38750000000000007 0.6125 0.35820312500000007 0.6125 0.35820312500000007 0.6515625 0.38750000000000007 0.6515625
19 0.440625 0.615625 0.403515625 0.615625 0.403515625 0.6484375 0.440625 0.6484375
19 0.946875 0.5906250000000002 0.872265625 0.5906250000000002 0.872265625 0.6750000000000002 0.946875 0.6750000000000002
19 0.49375 0.616015625 0.456640625 0.616015625 0.456640625 0.65 0.49375 0.65
19 0.3515625000000001 0.61875 0.3031250000000001 0.61875 0.3031250000000001 0.65 0.3515625000000001 0.65
19 0.7953125 0.6109375000000001 0.731640625 0.6109375000000001 0.731640625 0.6906250000000002 0.7953125 0.6906250000000002
19 0.8671875 0.6128906250000001 0.801953125 0.6128906250000001 0.801953125 0.6859375000000002 0.8671875 0.6859375000000002
19 0.7234375 0.6328125 0.667578125 0.6328125 0.667578125 0.6859375 0.7234375 0.6859375
19 0.65625 0.6296875 0.6078125 0.6296875 0.6078125 0.6875 0.65625 0.6875
19 0.54375 0.6359375 0.483203125 0.6359375 0.483203125 0.684375 0.54375 0.684375
19 0.5953125 0.6296875 0.551953125 0.6296875 0.551953125 0.6875 0.5953125 0.6875
19 0.3312500000000001 0.65625 0.2906250000000001 0.65625 0.2906250000000001 0.6859375 0.3312500000000001 0.6859375
19 0.3734375000000001 0.6515625 0.3468750000000001 0.6515625 0.3468750000000001 0.69375 0.3734375000000001 0.69375
19 0.4234375 0.65 0.3984375000000001 0.65 0.3984375000000001 0.696875 0.4234375 0.696875
19 0.471875 0.65546875 0.44765625 0.65546875 0.44765625 0.696875 0.471875 0.696875