19 0.6734375 0.3375000000000001 0.621875 0.3375000000000001 0.621875 0.3750000000000001 0.6734375 0.3750000000000001
19 0.71875 0.33085937500000007 0.680078125 0.33085937500000007 0.680078125 0.37968750000000007 0.71875 0.37968750000000007
19 0.7703125 0.3320312500000001 0.73359375 0.3320312500000001 0.73359375 0.37968750000000007 0.7703125 0.37968750000000007
19 0.9328125 0.3394531250000001 0.891015625 0.3394531250000001 0.891015625 0.3734375000000001 0.9328125 0.3734375000000001
19 0.8765625 0.33671875000000007 0.840234375 0.33671875000000007 0.840234375 0.37968750000000007 0.8765625 0.37968750000000007
19 0.825 0.3371093750000001 0.79140625 0.3371093750000001 0.79140625 0.3781250000000001 0.825 0.3781250000000001
19 0.9859375 0.3351562500000001 0.94921875 0.3351562500000001 0.94921875 0.3828125000000001 0.9859375 0.3828125000000001
19 0.32656250000000003 0.34296875 0.258984375 0.34296875 0.25898437500000004 0.4171875 0.3265625000000001 0.4171875
19 0.40625 0.33984375000000006 0.33828125 0.33984375 0.33828125000000003 0.41875 0.40625 0.41875
19 0.25625000000000003 0.346875 0.17187500000000006 0.346875 0.17187500000000006 0.415625 0.2562500000000001 0.415625
19 0.08750000000000005 0.342578125 0.017187500000000043 0.342578125 0.017187500000000046 0.41875 0.08750000000000005 0.41875
19 0.16562500000000005 0.3421875 0.09687500000000004 0.3421875 0.09687500000000004 0.4203125 0.16562500000000005 0.4203125
19 0.484375 0.3625000000000001 0.416015625 0.3625000000000001 0.416015625 0.415625 0.484375 0.415625
19 0.6140625 0.3570312500000001 0.56171875 0.3570312500000001 0.56171875 0.4203125 0.6140625 0.4203125
19 0.5453125 0.3566406250000001 0.490625 0.3566406250000001 0.490625 0.4203125 0.5453125 0.4203125
19 0.6734375 0.3753906250000001 0.621875 0.3753906250000001 0.621875 0.4140625 0.6734375 0.4140625
19 0.73125 0.3781250000000001 0.678515625 0.3781250000000001 0.678515625 0.4156250000000001 0.73125 0.4156250000000002
19 0.8390625 0.3800781250000001 0.7921875 0.3800781250000001 0.7921875 0.41406250000000017 0.8390625 0.41406250000000017
19 0.8859375 0.3753906250000001 0.848828125 0.3753906250000001 0.848828125 0.4183593750000002 0.8859375 0.4183593750000002
19 0.7734375 0.36992187500000007 0.739453125 0.36992187500000007 0.739453125 0.4234375000000002 0.7734375 0.4234375000000002
19 0.9453125 0.3734375000000001 0.9078125 0.3734375000000001 0.9078125 0.4203125000000002 0.9453125 0.4203125000000002
19 0.9921875 0.3785156250000001 0.958203125 0.3785156250000001 0.958203125 0.4156250000000002 0.9921875 0.4156250000000002
19 0.2593750000000001 0.466015625 0.18125000000000005 0.466015625 0.18125000000000005 0.5203125 0.2593750000000001 0.5203125
19 0.07304687500000005 0.452734375 0.017578125000000056 0.452734375 0.017578125000000062 0.534375 0.07304687500000007 0.534375
19 0.17343750000000005 0.465234375 0.09687500000000007 0.465234375 0.09687500000000007 0.5203125 0.17343750000000005 0.5203125
19 0.3453125000000001 0.465625 0.2636718750000001 0.465625 0.2636718750000001 0.521875 0.3453125000000001 0.521875
19 0.4375 0.466015625 0.35625000000000007 0.466015625 0.35625000000000007 0.5234375 0.4375 0.5234375
19 0.58125 0.46015625 0.53515625 0.46015625 0.53515625 0.5390625 0.58125 0.5390625
19 0.5 0.461328125 0.4515625 0.461328125 0.4515625 0.540625 0.5 0.540625
19 0.8125 0.4722656250000002 0.7703125 0.4722656250000002 0.7703125 0.5359375000000002 0.8125 0.5359375000000002
19 0.8890625 0.4832031250000002 0.830859375 0.4832031250000002 0.830859375 0.5250000000000001 0.8890625 0.5250000000000001
19 0.659375 0.47265625 0.61953125 0.47265625 0.61953125 0.5359375 0.659375 0.5359375
19 0.7515625 0.4859375000000001 0.684375 0.4859375 0.684375 0.5250000000000001 0.7515625 0.5250000000000001
19 0.921875 0.6703125000000002 0.8453125 0.6703125000000002 0.8453125 0.7234375000000002 0.921875 0.7234375000000002
19 0.8359375 0.6750000000000002 0.765234375 0.6750000000000002 0.7652343750000001 0.7265625000000002 0.8359375 0.7265625000000002
19 0.675 0.673046875 0.601953125 0.673046875 0.6019531250000001 0.7265625 0.6750000000000002 0.7265625
19 0.7593750000000001 0.676953125 0.6828125 0.676953125 0.6828125 0.7265625000000001 0.7593750000000001 0.7265625000000002
19 0.4281250000000001 0.674609375 0.3550781250000001 0.674609375 0.3550781250000001 0.7296875 0.4281250000000002 0.7296875
19 0.25468750000000007 0.66640625 0.1996093750000001 0.66640625 0.1996093750000001 0.740625 0.25468750000000007 0.740625
19 0.09687500000000009 0.66875 0.04023437500000008 0.66875 0.040234375000000086 0.7375 0.09687500000000009 0.7375
19 0.34843750000000007 0.675 0.2750000000000001 0.675 0.2750000000000001 0.73125 0.34843750000000007 0.73125
19 0.5953125000000001 0.678125 0.515625 0.678125 0.5156250000000001 0.73125 0.5953125000000001 0.73125
19 0.4984375000000001 0.662890625 0.444921875 0.662890625 0.4449218750000001 0.74375 0.4984375000000002 0.74375
19 0.1859375000000001 0.6765625 0.11250000000000009 0.6765625 0.11250000000000009 0.734375 0.1859375000000001 0.734375
19 0.909375 0.7453125000000002 0.836328125 0.7453125000000002 0.836328125 0.7921875000000002 0.909375 0.7921875000000002
19 1 0.7402343750000002 0.9375 0.7402343750000002 0.9375 0.7953125000000002 1 0.7953125000000002
19 0.8265625 0.7453125000000002 0.7531250000000002 0.7453125000000002 0.7531250000000002 0.7937500000000002 0.8265625 0.7937500000000002
19 0.7375000000000002 0.7332031250000001 0.6890625000000001 0.733203125 0.6890625000000001 0.80625 0.7375000000000002 0.80625
19 0.6703125000000002 0.746875 0.6003906250000002 0.746875 0.6003906250000002 0.79375 0.6703125000000002 0.79375
19 0.5062500000000002 0.73203125 0.4539062500000002 0.73203125 0.4539062500000002 0.8109375 0.5062500000000002 0.8109375
19 0.5921875000000002 0.747265625 0.5214843750000002 0.747265625 0.5214843750000002 0.796875 0.5921875000000002 0.796875
19 0.4390625000000002 0.746875 0.3656250000000001 0.746875 0.3656250000000001 0.7984375 0.4390625000000002 0.7984375
19 0.3468750000000001 0.736328125 0.2972656250000001 0.736328125 0.2972656250000001 0.807421875 0.3468750000000001 0.807421875
19 0.27031250000000007 0.7375 0.21835937500000008 0.7375 0.21835937500000008 0.80859375 0.27031250000000007 0.80859375
19 0.1917968750000001 0.736328125 0.1410156250000001 0.736328125 0.1410156250000001 0.809375 0.1917968750000001 0.809375
19 0.11250000000000009 0.74296875 0.06210937500000009 0.74296875 0.06210937500000009 0.8109375 0.11250000000000009 0.8109375