19 0.93125 0.26468650156250006 0.8602136578125 0.26468650156250006 0.8602136578125 0.34062500000000007 0.93125 0.34062500000000007
19 0.384375 0.2828125 0.309634584375 0.2828125 0.309634584375 0.33529352968750004 0.384375 0.3352935296875001
19 0.321875 0.28475688906249996 0.247369209375 0.28475688906249996 0.247369209375 0.3359375 0.321875 0.3359375
19 0.2453125 0.2729283140625 0.18979632656250006 0.2729283140625 0.18979632656250006 0.346875 0.2453125 0.346875
19 0.49349291093750003 0.2923747015625001 0.4455695890625 0.2923747015625001 0.4455695890625 0.3453125000000001 0.49349291093750003 0.3453125000000001
19 0.4390625 0.2967651750000001 0.3857902359375 0.2967651750000001 0.3857902359375 0.3453125000000001 0.4390625 0.3453125000000001
19 0.509375 0.415625 0.4501597453125 0.415625 0.4501597453125 0.4840804703125 0.509375 0.4840804703125
19 0.17187500000000006 0.428125 0.09687500000000004 0.428125 0.09687500000000006 0.484375 0.17187500000000006 0.484375
19 0.26250000000000007 0.4296875 0.18586262031250006 0.4296875 0.18586262031250006 0.4859375 0.26250000000000007 0.4859375
19 0.4326178109375 0.43331169999999997 0.3894868218750001 0.43331169999999997 0.3894868218750001 0.484375 0.4326178109375 0.484375
19 0.3750000000000001 0.437627296875 0.3323083062500001 0.437627296875 0.3323083062500001 0.4859375 0.3750000000000001 0.4859375
19 0.3187500000000001 0.4573682109375 0.2681684296875001 0.4573682109375 0.2681684296875001 0.48125 0.3187500000000001 0.48125
19 0.36406250000000007 0.519037040625 0.28241064218750006 0.519037040625 0.28241064218750006 0.575 0.36406250000000007 0.575
19 0.19316593437500007 0.5224266171874999 0.10370906562500004 0.5224266171874999 0.10370906562500007 0.578125 0.1931659343750001 0.578125
19 0.10156250000000007 0.524298621875 0.011641375000000063 0.524298621875 0.011641375000000068 0.578125 0.10156250000000008 0.578125
19 0.2750000000000001 0.5271315890625 0.19520267500000005 0.5271315890625 0.19520267500000005 0.582243409375 0.2750000000000001 0.582243409375
19 0.18125000000000008 0.617833965625 0.14062500000000008 0.617833965625 0.14062500000000008 0.6875 0.18125000000000008 0.6875
19 0.2796875000000001 0.634375 0.2140625000000001 0.634375 0.2140625000000001 0.6765625 0.2796875000000001 0.6765625
19 0.09375000000000008 0.6220896578125 0.05744309062500007 0.6220896578125 0.05744309062500008 0.69375 0.09375000000000008 0.69375
19 0.14218750000000008 0.7140899562499999 0.07634534687500008 0.7140899562499999 0.07634534687500008 0.753125 0.14218750000000008 0.753125
19 0.3656250000000001 0.703444490625 0.3293879796875001 0.703444490625 0.3293879796875001 0.7671875 0.3656250000000001 0.7671875
19 0.2250000000000001 0.7185353437499999 0.1616638390625001 0.7185353437499999 0.1616638390625001 0.7515625 0.2250000000000001 0.7515625
19 0.45623751875000007 0.7203798921875 0.38594998125000013 0.7203798921875 0.38594998125000013 0.7499326078124999 0.4562375187500002 0.7499326078124999
19 0.2875000000000001 0.702548421875 0.2547074671875001 0.702548421875 0.2547074671875001 0.76875 0.2875000000000001 0.76875