19 0.40921926875 0.27389690468750005 0.31875 0.2738969046875 0.31875000000000003 0.37500000000000006 0.40921926875 0.3750000000000001
19 0.30781250000000004 0.32528031562500004 0.24255865937499999 0.32528031562500004 0.24255865937500004 0.368469684375 0.3078125000000001 0.368469684375
19 0.6484375 0.43306166875 0.584938228125 0.43306166875 0.584938228125 0.4796875 0.6484375 0.4796875
19 0.53125 0.434375 0.46985569062500004 0.434375 0.46985569062500004 0.48125 0.53125 0.48125
19 0.5796875 0.4271542765625 0.5339649078125001 0.4271542765625 0.5339649078125001 0.4890625 0.5796875 0.4890625
19 0.2171875000000001 0.4390625 0.18071532343750005 0.4390625 0.18071532343750005 0.4859375 0.2171875000000001 0.4859375
19 0.17749948125000004 0.44465323906250004 0.12656250000000005 0.44465323906250004 0.12656250000000005 0.48125 0.17749948125000004 0.48125
19 0.12343750000000005 0.4565095515625 0.08756229218750007 0.4565095515625 0.08756229218750007 0.48724044843750003 0.12343750000000005 0.48724044843750003
19 0.1984375000000001 0.5563408437499999 0.1734297140625001 0.5563408437499999 0.1734297140625001 0.5795966578125 0.1984375000000001 0.5795966578125
19 0.1687500000000001 0.558375725 0.1366927953125001 0.558375725 0.1366927953125001 0.58125 0.1687500000000001 0.58125
19 0.1244237953125001 0.5595151578124999 0.09120120468750006 0.5595151578124999 0.09120120468750006 0.5811098421875001 0.1244237953125001 0.5811098421875001
19 0.5859375 0.5512951625 0.5387795875 0.5512951625 0.5387795875 0.5984375 0.5859375 0.5984375
19 0.5296875 0.5552611093750001 0.48515106093749993 0.5552611093750001 0.48515106093749993 0.5984375 0.5296875 0.5984375
19 0.6421875 0.550882475 0.599818315625 0.550882475 0.599818315625 0.6 0.6421875 0.6
19 0.475 0.5523774921875 0.4304479875 0.5523774921875 0.4304479875 0.5984375 0.475 0.5984375
19 0.7015625 0.558092815625 0.65320805625 0.558092815625 0.65320805625 0.601282184375 0.7015625 0.601282184375
19 0.3312500000000001 0.5676183546875 0.2938616062500001 0.5676183546875 0.2938616062500001 0.5984375 0.3312500000000001 0.5984375
19 0.4234375 0.5676183546875 0.3830045687500001 0.5676183546875 0.3830045687500001 0.5984375 0.4234375 0.5984375
19 0.2828125000000001 0.56859426875 0.2485491078125001 0.56859426875 0.2485491078125001 0.5984375 0.2828125000000001 0.5984375
19 0.2375000000000001 0.566429609375 0.2081291546875001 0.566429609375 0.2081291546875001 0.6 0.2375000000000001 0.6
19 0.3765625000000001 0.5676183546875 0.3390625000000001 0.5676183546875 0.3390625000000001 0.5984375 0.3765625000000001 0.5984375
19 0.2855715328125001 0.63663569375 0.2406250000000001 0.63663569375 0.2406250000000001 0.684375 0.2855715328125001 0.684375
19 0.22812500000000008 0.6375 0.1813823718750001 0.6375 0.1813823718750001 0.6828125 0.22812500000000008 0.6828125
19 0.34062500000000007 0.6415360265625 0.29462209218750013 0.6415360265625 0.29462209218750013 0.6859375 0.34062500000000007 0.6859375
19 0.53125 0.6468386625 0.475 0.6468386625 0.475 0.6859375 0.53125 0.6859375
19 0.5859375 0.6379620015625 0.547121575 0.6379620015625 0.547121575 0.696875 0.5859375 0.696875
19 0.6823920265625001 0.6500622921875 0.6176079734375 0.6500622921875 0.6176079734375 0.6859375 0.6823920265625001 0.6859375
19 0.17343750000000008 0.6513081406250001 0.1375622921875001 0.6513081406250001 0.1375622921875001 0.684375 0.17343750000000008 0.684375
19 0.12500000000000008 0.6481000828125 0.09192275781250009 0.6481000828125 0.09192275781250009 0.6875 0.12500000000000008 0.6875
19 0.740625 0.6387692078125001 0.703125 0.6387692078125 0.703125 0.7015625000000001 0.740625 0.7015625000000002
19 0.6328125000000002 0.734375 0.5412868562500002 0.734375 0.5412868562500002 0.81875 0.6328125000000002 0.81875
19 0.5218750000000002 0.729664140625 0.4385226328125002 0.729664140625 0.4385226328125002 0.8234375 0.5218750000000002 0.8234375
19 0.7328125000000002 0.7394544234375001 0.6421849046875001 0.7394544234375 0.6421849046875001 0.8171875 0.7328125000000002 0.8171875
19 0.865625 0.7595748546875002 0.8026655937499999 0.7595748546875002 0.8026655937499999 0.815625 0.865625 0.815625
19 0.9328125 0.7552740859375001 0.8765625 0.7552740859375001 0.8765625 0.8171875 0.9328125 0.8171875
19 0.7968750000000002 0.7579163203125001 0.7453125000000002 0.7579163203125001 0.7453125000000002 0.81875 0.7968750000000002 0.81875
19 0.41718750000000016 0.75768531875 0.36371210625000006 0.75768531875 0.36371210625000006 0.8171875 0.41718750000000016 0.8171875
19 0.3453125000000001 0.7562681671875 0.2886965328125001 0.7562681671875 0.2886965328125001 0.81875 0.3453125000000001 0.81875
19 0.11718750000000008 0.7560086171875 0.05156250000000009 0.7560086171875 0.0515625000000001 0.828125 0.11718750000000008 0.828125
19 0.19687500000000008 0.759232246875 0.1239773671875001 0.759232246875 0.1239773671875001 0.828125 0.19687500000000008 0.828125
19 0.2734375000000001 0.7660454734375 0.2062500000000001 0.7660454734375 0.2062500000000001 0.8296875 0.2734375000000001 0.8296875