19 0.771875 0.6075520843750001 0.6961805562500001 0.607552084375 0.6961805562500001 0.6796875000000001 0.771875 0.6796875000000002
19 0.846875 0.6110243046875002 0.7711805546875 0.6110243046875002 0.7711805546875 0.6843750000000002 0.846875 0.6843750000000002
19 0.9104166671874999 0.6282986109375002 0.8505208328125 0.6282986109375002 0.8505208328125 0.6875000000000002 0.9104166671874999 0.6875000000000002
19 0.715625 0.041666665625000085 0.5960069453125 0.04166666562500008 0.5960069453125 0.1468750000000001 0.715625 0.1468750000000001
19 0.8484375 0.0811631937500001 0.759895834375 0.08116319375000008 0.759895834375 0.1359375000000001 0.8484375 0.1359375000000001
19 0.765625 0.06432291562500009 0.7151909734374999 0.06432291562500009 0.7151909734374999 0.15625000000000008 0.765625 0.15625000000000008
19 0.596875 0.09704861093750007 0.5398437515625 0.09704861093750007 0.5398437515625 0.14843750000000006 0.596875 0.14843750000000008
19 0.5296875 0.09756944531250007 0.48237847343749995 0.09756944531250007 0.48237847343749995 0.15468750000000003 0.5296875 0.15468750000000003
19 0.7296875 0.19687500000000008 0.62118055625 0.19687500000000008 0.62118055625 0.2953125000000001 0.7296875 0.2953125000000001
19 0.8015625 0.22274305468750008 0.7328125 0.22274305468750008 0.7328125 0.2953125000000001 0.8015625 0.2953125000000001
19 0.8625 0.2361111109375001 0.8096354171875 0.2361111109375001 0.8096354171875 0.3062500000000001 0.8625 0.3062500000000001
19 0.18593750000000003 0.34913194375 0.09921875000000005 0.34913194375 0.09921875000000005 0.4046875 0.18593750000000003 0.4046875
19 0.10746527812500004 0.33289930624999997 0.06753472187500005 0.33289930624999997 0.06753472187500005 0.41710069531249994 0.10746527812500004 0.41710069531249994
19 0.24375000000000005 0.3484375 0.15972222343750003 0.3484375 0.15972222343750003 0.4015625 0.24375000000000008 0.4015625
19 0.30312500000000003 0.35538194375 0.217708334375 0.35538194375 0.21770833437500006 0.4046875 0.3031250000000001 0.4046875
19 0.3453125 0.337934028125 0.2953125 0.337934028125 0.29531250000000003 0.421875 0.3453125000000001 0.421875
19 0.5296875 0.35963541562500007 0.49375 0.35963541562500007 0.49375 0.4265625 0.5296875 0.4265625
19 0.503125 0.3711805546875001 0.43125 0.3711805546875001 0.43125 0.4125 0.503125 0.4125
19 0.75625 0.3663194437500001 0.7071180546875 0.3663194437500001 0.7071180546875 0.43055555625000014 0.75625 0.4305555562500002
19 0.8167534734374999 0.3786458343750001 0.7578125 0.3786458343750001 0.7578125 0.42187500000000017 0.8167534734374999 0.42187500000000017
19 0.571875 0.3843750000000001 0.54053819375 0.3843750000000001 0.54053819375 0.428125 0.571875 0.428125
19 0.9015625 0.3853298609375001 0.8650173593750001 0.3853298609375001 0.8650173593750001 0.4312500000000002 0.9015625 0.4312500000000002
19 0.8578125 0.3890625000000001 0.8135416671875 0.3890625000000001 0.8135416671875 0.43281250000000016 0.8578125 0.43281250000000016
19 0.9390625 0.40894097031250015 0.9140625 0.40894097031250015 0.9140625 0.4359375000000002 0.9390625 0.4359375000000002
19 0.978125 0.40625000000000017 0.953559028125 0.40625000000000017 0.953559028125 0.43750000000000017 0.978125 0.43750000000000017
19 0.42317708437499996 0.48020833281249997 0.3437500000000001 0.48020833281249997 0.3437500000000001 0.5421875 0.42317708437499996 0.5421875
19 0.4921875 0.486371528125 0.4078993046875 0.486371528125 0.4078993046875 0.5421875 0.4921875 0.5421875
19 0.621875 0.48428819375 0.5400173609375 0.48428819375 0.5400173609375 0.5453125 0.621875 0.5453125
19 0.55625 0.4856770828125 0.47491319374999996 0.4856770828125 0.47491319374999996 0.546875 0.55625 0.546875
19 0.6890625 0.4861111109375 0.608159721875 0.4861111109375 0.608159721875 0.55 0.6890625 0.55
19 0.740625 0.5046875000000001 0.677083334375 0.5046875 0.677083334375 0.5484375000000001 0.740625 0.5484375000000001
19 0.788802084375 0.49522569531250016 0.7393229171875 0.49522569531250016 0.7393229171875 0.5578125000000002 0.788802084375 0.5578125000000002
19 0.8515625 0.5072048609375002 0.7915798609375 0.5072048609375002 0.7915798609375 0.5531250000000002 0.8515625 0.5531250000000002
19 0.9375 0.5174479156250003 0.9004340281250001 0.5174479156250003 0.9004340281250001 0.5625000000000002 0.9375 0.5625000000000002
19 0.8890625 0.5172743046875002 0.8560763890624999 0.5172743046875002 0.8560763890624999 0.5624131937500001 0.8890625 0.5624131937500001
19 0.9890625 0.5203125000000002 0.95 0.5203125000000002 0.95 0.5671875000000002 0.9890625 0.5671875000000002