19 0.2421875 0.15000000000000005 0.2056862125 0.15000000000000005 0.2056862125 0.18750000000000006 0.2421875 0.18750000000000006
19 0.9046875 0.13345682968750008 0.8296257515625 0.13345682968750008 0.8296257515625 0.2234375000000001 0.9046875 0.2234375000000001
19 0.8265625 0.1391537796875001 0.7544646703125 0.1391537796875001 0.7544646703125 0.22334621875000008 0.8265625 0.22334621875000008
19 0.68125 0.14449097812500009 0.599170425 0.14449097812500009 0.599170425 0.2156250000000001 0.68125 0.2156250000000001
19 0.7515625 0.14062500000000008 0.6798942218749999 0.14062500000000008 0.6798942218749999 0.2218750000000001 0.7515625 0.2218750000000001
19 0.6010819374999999 0.14278618906250007 0.5254805625000001 0.14278618906250004 0.5254805625000001 0.2234375000000001 0.6010819374999999 0.2234375000000001
19 0.5296875 0.16057237968750004 0.4546875 0.16057237968750004 0.4546875 0.21250000000000008 0.5296875 0.21250000000000008
19 0.4734375 0.16121939375000005 0.39884020468750003 0.16121939375000005 0.39884020468750003 0.21250000000000008 0.4734375 0.21250000000000008
19 0.3171875 0.16250000000000003 0.24845629374999997 0.16250000000000003 0.24845629374999997 0.2203125 0.3171875 0.2203125
19 0.4109375 0.17740281406250005 0.355965421875 0.17740281406250005 0.355965421875 0.21250000000000005 0.4109375 0.21250000000000008
19 0.35625 0.16637135000000006 0.318505690625 0.16637135000000006 0.318505690625 0.221875 0.35625 0.221875
19 0.2421875 0.19070822656250003 0.207310459375 0.19070822656250003 0.207310459375 0.22335427343749997 0.2421875 0.22335427343749997
19 0.21983462187499997 0.26454037812500003 0.16141537812500004 0.26454037812500003 0.16141537812500004 0.322959621875 0.21983462187499997 0.322959621875
19 0.8953125 0.3094313781250001 0.8350273843749999 0.3094313781250001 0.8350273843749999 0.3453125000000001 0.8953125 0.3453125000000001
19 0.840625 0.2976562515625001 0.8055063375 0.2976562515625001 0.8055063375 0.3578125000000001 0.840625 0.3578125000000001
19 0.809375 0.3094045328125001 0.74911673125 0.3094045328125001 0.74911673125 0.3453125000000001 0.809375 0.3453125000000001
19 0.757729275 0.2968750000000001 0.7250832265625 0.2968750000000001 0.7250832265625 0.3578125000000001 0.757729275 0.3578125000000001
19 0.20781250000000004 0.32167633125 0.16370543437500004 0.32167633125 0.16370543437500004 0.3859375 0.2078125000000001 0.3859375
19 0.2171875000000001 0.39524269843750004 0.15778296875000003 0.39524269843750004 0.15778296875000003 0.446875 0.2171875000000001 0.446875
19 0.7296875 0.4092273421875001 0.6436050265625 0.4092273421875 0.6436050265625 0.48125000000000007 0.7296875 0.4812500000000002
19 0.7953125 0.4059895828125001 0.7244254734375 0.40598958281249997 0.7244254734375 0.4875000000000001 0.7953125 0.48750000000000016
19 0.8796875 0.40543653281250014 0.806945340625 0.40543653281250014 0.806945340625 0.48750000000000016 0.8796875 0.48750000000000016
19 0.65 0.41361683749999995 0.5739771250000001 0.41361683749999995 0.5739771250000001 0.48406357343749995 0.65 0.48406357343749995
19 0.57648464375 0.420948775 0.509474334375 0.420948775 0.509474334375 0.484375 0.57648464375 0.484375
19 0.45625 0.4369845375 0.41781840625 0.4369845375 0.41781840625 0.4890625 0.45625 0.4890625
19 0.501361146875 0.43465689375 0.46270135312500005 0.43465689375 0.46270135312500005 0.48878060625 0.501361146875 0.48878060625
19 0.21250000000000008 0.4546821296875 0.15995489687500003 0.4546821296875 0.15995489687500003 0.5125 0.21250000000000008 0.5125
19 0.2156250000000001 0.5223958328125 0.15668492343750004 0.5223958328125 0.15668492343750007 0.575 0.2156250000000001 0.575
19 0.2156250000000001 0.613044996875 0.1601643031250001 0.613044996875 0.1601643031250001 0.6703125 0.2156250000000001 0.6703125