19 0.7688679250000001 0.672955975 0.7083333328125 0.672955975 0.7083333328125001 0.7272012578125 0.7688679250000001 0.7272012578125001
19 0.6996855343750001 0.672955975 0.643867925 0.672955975 0.6438679250000001 0.7272012578125 0.6996855343750001 0.7272012578125
19 0.5047169812500001 0.6698113203125 0.44339622656250005 0.6698113203125 0.4433962265625001 0.7303459125 0.5047169812500002 0.7303459125
19 0.6367924531250001 0.6745283015625 0.5676100625 0.6745283015625 0.5676100625000001 0.7303459125 0.6367924531250002 0.7303459125
19 0.849056603125 0.6823899375000002 0.77908805 0.6823899375000002 0.7790880500000001 0.7311320750000002 0.849056603125 0.7311320750000002
19 0.5644654093750001 0.680817609375 0.5125786156250001 0.680817609375 0.5125786156250001 0.7342767296875 0.5644654093750001 0.7342767296875
19 0.5267295593750002 0.8018867921874999 0.4866352203125002 0.8018867921874999 0.4866352203125002 0.827044025 0.5267295593750002 0.827044025
19 0.4402515718750002 0.80345911875 0.4088050312500002 0.80345911875 0.4088050312500002 0.8286163515625 0.4402515718750002 0.8286163515625
19 0.47798742187500015 0.80345911875 0.4481132078125002 0.80345911875 0.4481132078125002 0.8278301890625 0.47798742187500015 0.8278301890625
19 0.44496855312500017 0.8474842765625 0.40487421406250024 0.8474842765625 0.40487421406250024 0.872641509375 0.44496855312500017 0.872641509375
19 0.4795597484375002 0.84591195 0.45047169843750023 0.84591195 0.45047169843750023 0.8757861640625 0.4795597484375002 0.8757861640625
19 0.5235849062500002 0.84591195 0.48742138437500016 0.84591195 0.48742138437500016 0.87971698125 0.5235849062500002 0.87971698125
19 0.4119496859375002 0.8694968546874999 0.35141509375000013 0.8694968546874999 0.35141509375000013 0.92845911875 0.4119496859375002 0.92845911875
19 0.34433962187500006 0.872641509375 0.2830188671875001 0.872641509375 0.2830188671875001 0.9316037734375 0.34433962187500006 0.9316037734375
19 0.2751572328125001 0.872641509375 0.21226415156250006 0.872641509375 0.21226415156250006 0.9316037734375 0.2751572328125001 0.9316037734375
19 0.5235849062500002 0.896226415625 0.49213836406250017 0.896226415625 0.49213836406250017 0.9253144656250001 0.5235849062500002 0.9253144656250001
19 0.48427672968750024 0.896226415625 0.45047169843750023 0.896226415625 0.45047169843750023 0.9253144656250001 0.48427672968750024 0.9253144656250001
19 0.44496855312500017 0.896226415625 0.4135220125000002 0.896226415625 0.4135220125000002 0.9253144656250001 0.44496855312500017 0.9253144656250001
19 0.9418238999999999 0.3757861640625001 0.9033018875 0.3757861640625001 0.9033018875 0.45833333281250016 0.9418238999999999 0.45833333281250016
19 0.790880503125 0.3852201265625001 0.7389937109375 0.3852201265625001 0.7389937109375 0.4622641515625002 0.790880503125 0.4622641515625002
19 0.732704403125 0.3867924531250001 0.6768867921874999 0.3867924531250001 0.6768867921874999 0.46383647812500006 0.732704403125 0.4638364781250002
19 0.545597484375 0.3867924531250001 0.4921383640625 0.3867924531250001 0.4921383640625 0.463836478125 0.545597484375 0.463836478125
19 0.4905660375 0.3867924531250001 0.43160377343749995 0.3867924531250001 0.43160377343749995 0.463836478125 0.4905660375 0.463836478125
19 0.6698113203125 0.3867924531250001 0.617924528125 0.3867924531250001 0.617924528125 0.46540880468749996 0.6698113203125 0.46540880468749996
19 0.4261006296875 0.3867924531250001 0.3750000000000001 0.3867924531250001 0.3750000000000001 0.46540880468749996 0.4261006296875 0.46540880468749996
19 0.61006289375 0.3867924531250001 0.5566037734375 0.3867924531250001 0.5566037734375 0.46540880468749996 0.61006289375 0.46540880468749996
19 0.8364779875 0.4040880500000002 0.80267295625 0.4040880500000002 0.80267295625 0.46069182343750015 0.8364779875 0.46069182343750015
19 0.8883647796874999 0.4040880500000002 0.8506289312499999 0.4040880500000002 0.8506289312499999 0.4646226421875002 0.8883647796874999 0.4646226421875002
19 0.6430817609374999 0.5094339625 0.5683962265625 0.5094339625 0.5683962265625 0.599056603125 0.6430817609374999 0.599056603125
19 0.555031446875 0.517295596875 0.48270440312499996 0.517295596875 0.48270440312499996 0.5974842765624999 0.555031446875 0.5974842765624999
19 0.47955974843750004 0.518867925 0.40094339687499997 0.518867925 0.40094339687499997 0.599056603125 0.47955974843750004 0.599056603125
19 0.8867924531250001 0.5235849062500002 0.8356918234374999 0.5235849062500002 0.8356918234374999 0.5951257859375001 0.8867924531250001 0.5951257859375001
19 0.8254716984374999 0.5251572328125003 0.7743710687500001 0.5251572328125003 0.7743710687500001 0.5974842765625001 0.8254716984374999 0.5974842765625001
19 0.9433962265625 0.5267295593750002 0.8915094343750001 0.5267295593750002 0.8915094343750001 0.5959119500000002 0.9433962265625 0.5959119500000002
19 0.768867925 0.5424528296875002 0.727987421875 0.5424528296875002 0.727987421875 0.5982704406250001 0.768867925 0.5982704406250001