19 0.6608294015625 0.2750000000000001 0.5704205984375 0.2750000000000001 0.5704205984375 0.3468750000000001 0.6608294015625 0.3468750000000001
19 0.8640084515625001 0.27514740625000006 0.7657380109374999 0.27514740625000006 0.7657380109374999 0.3453125000000001 0.8640084515625001 0.3453125000000001
19 0.75 0.2659001578125001 0.6804196140625 0.2659001578125001 0.6804196140625 0.3593750000000001 0.75 0.3593750000000001
19 0.9453125 0.2662834109375001 0.8769654093750001 0.2662834109375001 0.8769654093750001 0.35905070937500005 0.9453125 0.35905070937500005
19 0.946875 0.3609375000000001 0.9129913515625001 0.3609375000000001 0.9129913515625001 0.4312500000000002 0.946875 0.4312500000000002
19 0.8703125 0.36060338125000013 0.8328125 0.36060338125000013 0.8328125 0.4312500000000002 0.8703125 0.4312500000000002
19 0.7921875 0.35982212968750005 0.7553557390625001 0.35982212968750005 0.7553557390625001 0.4359375000000002 0.7921875 0.4359375000000002
19 0.65 0.3798693015625001 0.5864386796875001 0.3798693015625001 0.5864386796875001 0.415625 0.65 0.415625
19 0.73125 0.3823113218750001 0.6591440640624999 0.3823113218750001 0.6591440640624999 0.4156250000000001 0.73125 0.4156250000000002
19 0.4484375 0.3812500000000001 0.4278989765625 0.3812500000000001 0.4278989765625 0.4203125 0.4484375 0.4203125
19 0.4125 0.3893180031250001 0.37314268750000007 0.3893180031250001 0.37314268750000007 0.4109375 0.4125 0.4109375
19 0.5640625 0.3707743718750001 0.528125 0.3707743718750001 0.528125 0.4296875 0.5640625 0.4296875
19 0.35625000000000007 0.3796875 0.33507272031250007 0.3796875 0.33507272031250007 0.42156544843750005 0.35625000000000007 0.42156544843750005
19 0.50625 0.3893180031250001 0.466509434375 0.3893180031250001 0.466509434375 0.4109375 0.50625 0.4109375
19 0.41187107031250003 0.4120233890625 0.3631289296875001 0.4120233890625 0.3631289296875001 0.4375 0.41187107031250003 0.4375
19 0.3591194968750001 0.4120233890625 0.3158805031250001 0.4120233890625 0.3158805031250001 0.4375 0.3591194968750001 0.4375
19 0.446875 0.3993858109375001 0.421319771875 0.3993858109375001 0.421319771875 0.453125 0.446875 0.453125
19 0.4953125 0.40714426093749995 0.47490172968750005 0.40714426093749995 0.47490172968750005 0.446875 0.4953125 0.446875
19 0.565625 0.407512775 0.5219880109374999 0.407512775 0.5219880109374999 0.4734375 0.565625 0.4734375
19 0.9640625 0.41703518125000016 0.891956565625 0.41703518125000016 0.891956565625 0.46406250000000016 0.9640625 0.46406250000000016
19 0.8828125 0.4178803078125002 0.8158805031249999 0.4178803078125002 0.8158805031249999 0.4656250000000002 0.8828125 0.4656250000000002
19 0.640625 0.40884433906249995 0.5955532625 0.40884433906249995 0.5955532625 0.47645440156249996 0.640625 0.47645440156249996
19 0.8 0.40661851406250016 0.754284590625 0.40661851406250016 0.754284590625 0.47968750000000016 0.8 0.47968750000000016
19 0.7328125 0.4210347890625001 0.6600481515625 0.4210347890625 0.6600481515625 0.46562500000000007 0.7328125 0.4656250000000002
19 0.19531250000000006 0.4257665109375 0.13784886093750004 0.4257665109375 0.13784886093750004 0.465625 0.19531250000000006 0.465625
19 0.2531250000000001 0.425 0.19638856250000006 0.425 0.19638856250000006 0.4671875 0.2531250000000001 0.4671875
19 0.30937500000000007 0.42577142500000004 0.2580729171875001 0.42577142500000004 0.2580729171875001 0.4671875 0.30937500000000007 0.4671875
19 0.12968750000000004 0.4199095921875 0.08906250000000004 0.4199095921875 0.08906250000000006 0.475 0.12968750000000004 0.475
19 0.4015625 0.4332645453125 0.3768573093750001 0.4332645453125 0.3768573093750001 0.475 0.4015625 0.475
19 0.4609375 0.4421875 0.41944280625 0.4421875 0.41944280625 0.465625 0.4609375 0.465625
19 0.3606819968750001 0.4421088828125 0.31744300312500007 0.4421088828125 0.31744300312500007 0.465625 0.3606819968750001 0.465625
19 0.50625 0.44375 0.468086675 0.44375 0.468086675 0.4671875 0.50625 0.4671875