19 0.10000000000000005 0.198387096875 0.05806451562500002 0.198387096875 0.05806451562500002 0.2556451609375 0.10000000000000005 0.2556451609375
19 0.14516129062500005 0.2 0.10322580625000004 0.2 0.10322580625000004 0.258064515625 0.14516129062500005 0.258064515625
19 0.6435483875 0.3048387093750001 0.5903225812499999 0.3048387093750001 0.5903225812499999 0.4 0.6435483875 0.4
19 0.6967741937499999 0.3048387093750001 0.648387096875 0.3048387093750001 0.648387096875 0.4 0.6967741937499999 0.4
19 0.7588709671875 0.3403225812500001 0.698387096875 0.3403225812500001 0.698387096875 0.39838709687500007 0.7588709671875 0.39838709687500007
19 0.8258064515625 0.3419354843750001 0.7629032265625 0.3419354843750001 0.7629032265625 0.3967741937500001 0.8258064515625 0.3967741937500001
19 0.895161290625 0.3419354843750001 0.8290322578125 0.3419354843750001 0.8290322578125 0.4016129031250002 0.895161290625 0.4016129031250002
19 0.2500000000000001 0.42580645156249997 0.17580645156250005 0.42580645156249997 0.17580645156250005 0.511290321875 0.2500000000000001 0.511290321875
19 0.32661290312500013 0.4274193546875 0.2548387093750001 0.4274193546875 0.2548387093750001 0.5104838703125 0.32661290312500013 0.5104838703125
19 0.17016129062500004 0.43709677343750003 0.09838709687500005 0.43709677343750003 0.09838709687500005 0.508064515625 0.17016129062500004 0.508064515625
19 0.4040322578125 0.43225806406249995 0.3322580640625001 0.43225806406249995 0.3322580640625001 0.5145161296875 0.4040322578125 0.5145161296875
19 0.658064515625 0.451612903125 0.604838709375 0.451612903125 0.604838709375 0.520161290625 0.658064515625 0.520161290625
19 0.711290321875 0.451612903125 0.6629032265625 0.451612903125 0.6629032265625 0.520161290625 0.711290321875 0.520161290625
19 0.75967741875 0.45161290312500013 0.7129032265624999 0.451612903125 0.7129032265624999 0.5209677421875001 0.75967741875 0.5209677421875002
19 0.8129032265625 0.4532258062500002 0.7629032265625 0.4532258062500002 0.7629032265625 0.5225806453125001 0.8129032265625 0.5225806453125001
19 0.8645161296874999 0.45483870937500015 0.8161290328125 0.45483870937500015 0.8161290328125 0.5217741937500001 0.8645161296874999 0.5217741937500001
19 0.466935484375 0.4629032265625 0.4209677421875 0.4629032265625 0.4209677421875 0.51532258125 0.466935484375 0.51532258125
19 0.5088709671875 0.4645161296875 0.4645161296875 0.4645161296875 0.4645161296875 0.51532258125 0.5088709671875 0.51532258125
19 0.6008064515625 0.4645161296875 0.554838709375 0.4645161296875 0.554838709375 0.5177419359375001 0.6008064515625 0.5177419359375001
19 0.5524193546875 0.4645161296875 0.508064515625 0.4645161296875 0.508064515625 0.516935484375 0.5524193546875 0.516935484375
19 0.8145161296874999 0.7016129031250002 0.7822580640625 0.7016129031250002 0.7822580640625001 0.7322580640625002 0.8145161296874999 0.7322580640625002
19 0.84677419375 0.7032258062500002 0.8145161296874999 0.7032258062500002 0.8145161296874999 0.7306451609375002 0.84677419375 0.7306451609375002
19 0.845161290625 0.7322580640625002 0.8129032265625 0.7322580640625002 0.8129032265625 0.7596774187500002 0.845161290625 0.7596774187500002
19 0.80967741875 0.7338709671875001 0.7774193546875001 0.7338709671875001 0.7774193546875001 0.7612903218750001 0.80967741875 0.7612903218750001
19 0.8491935484375001 0.84677419375 0.7919354843750002 0.84677419375 0.7919354843750002 0.9088709671874999 0.8491935484375001 0.9088709671874999
19 0.7879032265625001 0.848387096875 0.7370967734375002 0.848387096875 0.7370967734375002 0.9064516125000001 0.7879032265625001 0.9064516125000001