19 0.7828125 0.1140625000000001 0.711328125 0.1140625000000001 0.711328125 0.16406250000000008 0.7828125 0.16406250000000008
19 0.834375 0.1062500000000001 0.781640625 0.1062500000000001 0.781640625 0.1750000000000001 0.834375 0.1750000000000001
19 0.7125 0.11093750000000009 0.6484375 0.11093750000000009 0.6484375 0.1781250000000001 0.7125 0.1781250000000001
19 0.8921875 0.11875000000000009 0.8296875 0.11875000000000009 0.8296875 0.17187500000000008 0.8921875 0.17187500000000008
19 0.7234375 0.2312500000000001 0.685546875 0.2312500000000001 0.685546875 0.3140625000000001 0.7234375 0.3140625000000001
19 0.6796875 0.23242187500000008 0.641796875 0.23242187500000008 0.641796875 0.31718750000000007 0.6796875 0.31718750000000007
19 0.9515625 0.25468750000000007 0.921875 0.25468750000000007 0.921875 0.31718750000000007 0.9515625 0.31718750000000007
19 0.8640625 0.25468750000000007 0.828125 0.25468750000000007 0.828125 0.31718750000000007 0.8640625 0.31718750000000007
19 0.90625 0.2562500000000001 0.872265625 0.2562500000000001 0.872265625 0.3187500000000001 0.90625 0.3187500000000001
19 0.71875 0.3781250000000001 0.690234375 0.3781250000000001 0.690234375 0.4125 0.71875 0.4125
19 0.7671875 0.3812500000000001 0.727734375 0.3812500000000001 0.727734375 0.4125000000000002 0.7671875 0.4125000000000002
19 0.6828125 0.3839843750000001 0.649609375 0.3839843750000001 0.649609375 0.4109375 0.6828125 0.4109375
19 0.17500000000000004 0.375 0.07695312500000004 0.375 0.07695312500000004 0.4390625 0.17500000000000004 0.4390625
19 0.22812500000000005 0.358203125 0.16406250000000006 0.358203125 0.16406250000000006 0.4578125 0.22812500000000008 0.4578125
19 0.09062500000000005 0.358203125 0.025000000000000043 0.358203125 0.02500000000000005 0.4578125 0.09062500000000007 0.4578125
19 0.5265625 0.3898437500000001 0.45390625 0.3898437500000001 0.45390625 0.4421875 0.5265625 0.4421875
19 0.471875 0.3921875000000001 0.39531250000000007 0.3921875000000001 0.39531250000000007 0.44375 0.471875 0.44375
19 0.4140625 0.39140625000000007 0.3382812500000001 0.39140625 0.3382812500000001 0.44375 0.4140625 0.44375
19 0.3578125000000001 0.391015625 0.28203125000000007 0.391015625 0.28203125000000007 0.44375 0.3578125000000001 0.44375
19 0.2984375000000001 0.390625 0.2230468750000001 0.390625 0.2230468750000001 0.44375 0.2984375000000001 0.44375
19 0.6546875 0.3968750000000001 0.610546875 0.3968750000000001 0.610546875 0.453125 0.6546875 0.453125
19 0.56875 0.403125 0.5125 0.403125 0.5125 0.45 0.56875 0.45
19 0.615625 0.4046875 0.558984375 0.4046875 0.558984375 0.4484375 0.615625 0.4484375
19 0.775 0.41601562500000017 0.7375 0.41601562500000017 0.7375 0.44843750000000016 0.775 0.44843750000000016
19 0.690625 0.412890625 0.657421875 0.412890625 0.657421875 0.4515625 0.690625 0.4515625
19 0.7359375 0.4156250000000001 0.697265625 0.415625 0.697265625 0.4515625000000001 0.7359375 0.4515625000000002
19 0.684375 0.4828125 0.634375 0.4828125 0.634375 0.5546875 0.684375 0.5546875
19 0.3468750000000001 0.48125 0.27031250000000007 0.48125 0.27031250000000007 0.5546875 0.3468750000000001 0.5546875
19 0.2671875000000001 0.4828125 0.19843750000000004 0.4828125 0.19843750000000007 0.55625 0.2671875000000001 0.55625
19 0.74375 0.4843750000000001 0.6921875 0.484375 0.6921875 0.5531250000000001 0.74375 0.5531250000000002
19 0.6296875 0.484375 0.58125 0.484375 0.58125 0.55625 0.6296875 0.55625
19 0.19375000000000006 0.482421875 0.11406250000000004 0.482421875 0.11406250000000007 0.5578125 0.1937500000000001 0.5578125
19 0.796875 0.5039062500000002 0.74140625 0.5039062500000002 0.74140625 0.5453125000000002 0.796875 0.5453125000000002
19 0.10937500000000007 0.489453125 0.03632812500000006 0.489453125 0.03632812500000006 0.559375 0.10937500000000008 0.559375
19 0.896875 0.5062500000000002 0.839453125 0.5062500000000002 0.839453125 0.5453125000000002 0.896875 0.5453125000000002
19 0.9359375 0.4968750000000002 0.8953125 0.4968750000000002 0.8953125 0.5531250000000002 0.9359375 0.5531250000000002
19 0.403125 0.4953125 0.35039062500000007 0.4953125 0.35039062500000007 0.5578125 0.403125 0.5578125
19 0.84375 0.5058593750000002 0.78984375 0.5058593750000002 0.78984375 0.5453125000000002 0.84375 0.5453125000000002
19 0.459375 0.4984375 0.40625 0.4984375 0.40625 0.55625 0.459375 0.55625