19 0.7447933312500001 0.8147414124999999 0.6515625000000002 0.8147414124999999 0.6515625000000002 0.9015625 0.7447933312500001 0.9015625
19 0.846875 0.813166434375 0.7503194890625002 0.813166434375 0.7503194890625002 0.907415634375 0.846875 0.907415634375
19 0.953125 0.8115340453125001 0.8597244421875001 0.8115340453125001 0.8597244421875001 0.905783246875 0.953125 0.905783246875
19 0.6453125000000002 0.8148212859375 0.5563248812500002 0.8148212859375 0.5563248812500002 0.9015625 0.6453125000000002 0.9015625
19 0.14472344218750008 0.8257937296875 0.07656250000000012 0.8257937296875 0.07656250000000012 0.9 0.14472344218750008 0.9
19 0.22031250000000008 0.8284919125 0.15073132968750008 0.8284919125 0.15073132968750008 0.9 0.22031250000000008 0.9
19 0.3000000000000001 0.82461311875 0.2286266968750001 0.82461311875 0.2286266968750001 0.90625 0.3000000000000001 0.90625
19 0.3765625000000001 0.83591004375 0.3072658750000001 0.83591004375 0.3072658750000001 0.8984375 0.3765625000000001 0.8984375
19 0.4578125000000002 0.8296051312499999 0.38750000000000007 0.8296051312499999 0.38750000000000007 0.9046875 0.4578125000000002 0.9046875
19 0.5437500000000002 0.8312624796874999 0.47221944843750013 0.8312624796874999 0.47221944843750013 0.9015625 0.5437500000000002 0.9015625
19 0.3937500000000001 0.616318890625 0.36475389375000006 0.616318890625 0.36475389375000006 0.65625 0.3937500000000001 0.65625
19 0.4453125 0.6166558515625 0.4134759375 0.6166558515625 0.4134759375 0.6546875 0.4453125 0.6546875
19 0.9717651765624999 0.5990315500000002 0.8855031953125 0.5990315500000002 0.8855031953125 0.6750000000000002 0.9717651765624999 0.6750000000000002
19 0.5015625 0.6189421921875 0.46595197656250004 0.6189421921875 0.46595197656250004 0.65625 0.5015625 0.65625
19 0.3578125000000001 0.62291833125 0.30856130156250006 0.62291833125 0.30856130156250006 0.653125 0.3578125000000001 0.653125
19 0.81875 0.6223567296875002 0.7379193296875 0.6223567296875002 0.7379193296875 0.6886506593750001 0.81875 0.6886506593750001
19 0.8859375 0.6164786343750002 0.8181659328125 0.6164786343750002 0.8181659328125 0.6906250000000002 0.8859375 0.6906250000000002
19 0.7375 0.6374725437500002 0.680603534375 0.6374725437500001 0.680603534375 0.690625 0.7375 0.6906250000000002
19 0.6734375 0.63933955625 0.61469149375 0.63933955625 0.61469149375 0.6875 0.6734375 0.6875
19 0.5546875 0.6403005187499999 0.492701678125 0.6403005187499999 0.492701678125 0.6890625 0.5546875 0.6890625
19 0.6140625 0.6412814484375 0.5550369421875 0.6412814484375 0.5550369421875 0.6859375 0.6140625 0.6859375
19 0.3312500000000001 0.6558631187499999 0.3010732828125001 0.6558631187499999 0.3010732828125001 0.696875 0.3312500000000001 0.696875
19 0.38750000000000007 0.66452675625 0.3453125000000001 0.66452675625 0.3453125000000001 0.690625 0.38750000000000007 0.690625
19 0.43125 0.6551717265625 0.4057582875 0.6551717265625 0.4057582875 0.7015625 0.43125 0.7015625
19 0.48125 0.660443290625 0.4561476640625 0.660443290625 0.4561476640625 0.703125 0.48125 0.703125