19 0.5934426234375 0.1737704921875001 0.5532786890625 0.1737704921875001 0.5532786890625 0.2245901640625001 0.5934426234375 0.2245901640625001
19 0.550819671875 0.17213114687500006 0.5131147546875 0.17213114687500003 0.5131147546875 0.22540983593750008 0.550819671875 0.22540983593750008
19 0.6344262296875 0.1754098359375001 0.5950819671875001 0.1754098359375001 0.5950819671875001 0.2221311468750001 0.6344262296875 0.2221311468750001
19 0.6770491796875 0.1737704921875001 0.6393442625 0.1737704921875001 0.6393442625 0.2245901640625001 0.6770491796875 0.2245901640625001
19 0.470491803125 0.2163934421875001 0.43770491875 0.2163934421875001 0.43770491875 0.2450819671875001 0.470491803125 0.2450819671875001
19 0.43278688593750003 0.21967213125000007 0.4 0.21967213125000007 0.4 0.2434426234375001 0.43278688593750003 0.2434426234375001
19 0.5065573765625 0.2180327875000001 0.4737704921875 0.2180327875000001 0.4737704921875 0.24672131093750008 0.5065573765625 0.24672131093750008
19 0.5934426234375 0.22786885312500008 0.55901639375 0.22786885312500008 0.55901639375 0.2745901640625001 0.5934426234375 0.2745901640625001
19 0.5540983609375 0.22950819687500007 0.5163934421875 0.22950819687500007 0.5163934421875 0.2770491796875001 0.5540983609375 0.2770491796875001
19 0.678688525 0.22622950781250012 0.6409836062500001 0.22622950781250012 0.6409836062500001 0.2778688531250001 0.678688525 0.2778688531250001
19 0.63770491875 0.22786885312500008 0.59836065625 0.22786885312500008 0.59836065625 0.2786885250000001 0.63770491875 0.2786885250000001
19 0.4737704921875 0.2459016390625001 0.438524590625 0.2459016390625001 0.438524590625 0.2762295078125001 0.4737704921875 0.2762295078125001
19 0.5131147546875 0.2475409843750001 0.47786885312500005 0.2475409843750001 0.47786885312500005 0.2778688531250001 0.5131147546875 0.2778688531250001
19 0.4360655734375 0.2491803281250001 0.4057377046875 0.2491803281250001 0.4057377046875 0.2770491796875001 0.4360655734375 0.2770491796875001
19 0.450819671875 0.3901639343750001 0.3918032781250001 0.3901639343750001 0.3918032781250001 0.44098360625 0.450819671875 0.44098360625
19 0.5868852453125 0.3918032781250001 0.5237704921875 0.3918032781250001 0.5237704921875 0.4426229515625 0.5868852453125 0.4426229515625
19 0.521311475 0.3901639343750001 0.458196721875 0.3901639343750001 0.458196721875 0.44344262343749996 0.521311475 0.44344262343749996
19 0.3868852453125001 0.39180327812500004 0.32540983593750006 0.391803278125 0.32540983593750006 0.44344262343749996 0.3868852453125001 0.44344262343749996
19 0.44098360625 0.4672131140625 0.3934426234375001 0.4672131140625 0.3934426234375001 0.528688525 0.44098360625 0.528688525
19 0.3868852453125001 0.4655737703125 0.3393442625000001 0.4655737703125 0.3393442625000001 0.5311475406249999 0.3868852453125001 0.5311475406249999
19 0.6557377046874999 0.5147540984375001 0.6106557375 0.5147540984375001 0.6106557375 0.599180328125 0.6557377046874999 0.599180328125
19 0.49344262343749995 0.521311475 0.4344262296875 0.521311475 0.4344262296875 0.6049180328125 0.49344262343749995 0.6049180328125
19 0.6065573765625001 0.529508196875 0.56967213125 0.529508196875 0.56967213125 0.6049180328125 0.6065573765625001 0.6049180328125
19 0.3819672125000001 0.53770491875 0.3327868859375001 0.53770491875 0.3327868859375001 0.6049180328125 0.3819672125000001 0.6049180328125
19 0.43278688593750003 0.53770491875 0.38770491875000007 0.53770491875 0.38770491875000007 0.6057377046875 0.43278688593750003 0.6057377046875
19 0.3327868859375001 0.5393442625 0.2836065578125001 0.5393442625 0.2836065578125001 0.6065573765625001 0.3327868859375001 0.6065573765625001
19 0.5229508203125001 0.550819671875 0.491803278125 0.550819671875 0.491803278125 0.6040983609375 0.5229508203125001 0.6040983609375
19 0.4606557375000001 0.6836065578125 0.39672131093750007 0.6836065578125 0.39672131093750007 0.7639344265625 0.4606557375000002 0.7639344265625
19 0.5901639343750001 0.6868852453125001 0.528688525 0.6868852453125001 0.5286885250000001 0.759836065625 0.5901639343750003 0.759836065625
19 0.5229508203125002 0.6868852453125001 0.46393442656249995 0.6868852453125001 0.46393442656250006 0.759836065625 0.5229508203125002 0.759836065625
19 0.3836065578125001 0.6885245906249999 0.3221311468750001 0.6885245906249999 0.3221311468750001 0.7663934421875 0.3836065578125001 0.7663934421875