19 0.2546875 0.003125000000000026 0.18125 0.0031250000000000223 0.18125 0.13984375000000002 0.2546875 0.13984375000000004
19 0.3328125 0.001562500000000036 0.25625 0.0015625000000000313 0.25625 0.14218750000000005 0.3328125 0.14218750000000005
19 0.17734375 0.0031250000000000175 0.1015625 0.0031250000000000123 0.1015625 0.1421875 0.17734375 0.1421875
19 0.40859375 0.0031250000000000457 0.334375 0.003125000000000042 0.334375 0.14218750000000005 0.40859375 0.14218750000000005
19 0.6546875 0.020312500000000074 0.559375 0.020312500000000067 0.559375 0.1390625000000001 0.6546875 0.1390625000000001
19 0.75546875 0.021875000000000085 0.653125 0.02187500000000008 0.653125 0.1398437500000001 0.75546875 0.1398437500000001
19 0.56015625 0.03750000000000006 0.4859375 0.037500000000000054 0.4859375 0.13828125000000008 0.56015625 0.13828125000000008
19 0.4828125 0.037500000000000054 0.4109375 0.037500000000000054 0.4109375 0.14218750000000005 0.4828125 0.14218750000000005
19 0.9046875 0.2609375000000001 0.85625 0.2609375000000001 0.85625 0.3609375000000001 0.9046875 0.3609375000000001
19 0.85859375 0.2640625000000001 0.815625 0.2640625000000001 0.815625 0.36406250000000007 0.85859375 0.36406250000000007
19 0.8140625 0.26250000000000007 0.771875 0.26250000000000007 0.771875 0.3648437500000001 0.8140625 0.3648437500000001
19 0.27812500000000007 0.2671875 0.225 0.2671875 0.22500000000000003 0.3671875 0.27812500000000007 0.3671875
19 0.3375 0.2671875 0.2796875 0.2671875 0.27968750000000003 0.3671875 0.3375000000000001 0.3671875
19 0.6515625 0.2984375000000001 0.5953125 0.2984375000000001 0.5953125 0.3648437500000001 0.6515625 0.3648437500000001
19 0.70859375 0.3000000000000001 0.6546875 0.3000000000000001 0.6546875 0.3671875000000001 0.70859375 0.3671875000000001
19 0.5953125 0.2984375000000001 0.5390625 0.2984375000000001 0.5390625 0.3671875000000001 0.5953125 0.3671875000000001
19 0.4890625 0.2968750000000001 0.4421875 0.2968750000000001 0.4421875 0.3664062500000001 0.4890625 0.3664062500000001
19 0.4390625 0.2968750000000001 0.39375 0.2968750000000001 0.39375000000000004 0.36796875000000007 0.4390625 0.36796875000000007
19 0.3648437500000001 0.4953125 0.2890625000000001 0.4953125 0.2890625000000001 0.5625 0.3648437500000001 0.5625
19 0.2851562500000001 0.496875 0.2093750000000001 0.496875 0.2093750000000001 0.5640625 0.2851562500000001 0.5640625
19 0.20468750000000008 0.496875 0.12812500000000004 0.496875 0.12812500000000007 0.56796875 0.20468750000000008 0.56796875