19 0.8296875 0.3609375000000001 0.776953125 0.3609375000000001 0.776953125 0.4359375000000002 0.8296875 0.4359375000000002
19 0.6796875 0.37187500000000007 0.603125 0.37187500000000007 0.603125 0.425 0.6796875 0.425
19 0.99375 0.3675781250000001 0.94296875 0.3675781250000001 0.94296875 0.42968750000000017 0.99375 0.42968750000000017
19 0.93125 0.3750000000000001 0.8546875 0.3750000000000001 0.8546875 0.42500000000000016 0.93125 0.42500000000000016
19 0.5734375 0.3570312500000001 0.52890625 0.3570312500000001 0.52890625 0.44375 0.5734375 0.44375
19 0.7625 0.3781250000000001 0.678515625 0.3781250000000001 0.678515625 0.42656250000000007 0.7625 0.4265625000000002
19 0.2296875000000001 0.464453125 0.17226562500000003 0.464453125 0.17226562500000003 0.515234375 0.2296875000000001 0.515234375
19 0.28593750000000007 0.465625 0.22812500000000008 0.465625 0.22812500000000008 0.5171875 0.28593750000000007 0.5171875
19 0.06875000000000006 0.478125 0.028125000000000056 0.478125 0.02812500000000006 0.51875 0.06875000000000006 0.51875
19 0.11796875000000004 0.477734375 0.07812500000000007 0.477734375 0.07812500000000007 0.5171875 0.11796875000000004 0.5171875
19 0.17031250000000003 0.478125 0.13320312500000003 0.478125 0.13320312500000003 0.51875 0.17031250000000003 0.51875
19 0.8515625 0.47382812500000016 0.775 0.47382812500000016 0.775 0.5218750000000002 0.8515625 0.5218750000000002
19 0.9390625 0.4734375000000002 0.8625 0.4734375000000002 0.8625 0.5218750000000002 0.9390625 0.5218750000000002
19 0.7703125 0.4781250000000001 0.6859375 0.478125 0.6859375 0.5250000000000001 0.7703125 0.5250000000000001