19 0.11562500000000002 0.078515625 0.03281250000000001 0.078515625 0.032812500000000015 0.1890625 0.11562500000000005 0.1890625
19 0.2015625 0.08437500000000002 0.11875 0.08437500000000002 0.11875000000000002 0.18906250000000002 0.2015625 0.18906250000000005
19 0.578125 0.08945312500000006 0.5140625 0.08945312500000006 0.5140625 0.19375000000000006 0.578125 0.1937500000000001
19 0.6484375 0.09023437500000007 0.579296875 0.09023437500000006 0.579296875 0.19531250000000008 0.6484375 0.19531250000000008
19 0.7765625 0.10312500000000009 0.7046875 0.10312500000000009 0.7046875 0.19687500000000008 0.7765625 0.19687500000000008
19 0.509375 0.12500000000000006 0.4375 0.12500000000000006 0.4375 0.19375000000000003 0.509375 0.19375000000000003
19 0.4421875 0.13867187500000006 0.37890625 0.13867187500000006 0.37890625 0.18437500000000004 0.4421875 0.18437500000000004
19 0.396875 0.13906250000000003 0.3296875 0.13906250000000003 0.3296875 0.18750000000000006 0.396875 0.18750000000000006
19 0.54375 0.465625 0.475 0.465625 0.475 0.5234375 0.54375 0.5234375
19 0.47421875 0.463671875 0.4140625 0.463671875 0.4140625 0.5234375 0.47421875 0.5234375
19 0.6078125 0.466015625 0.548046875 0.466015625 0.548046875 0.525 0.6078125 0.525
19 0.3687500000000001 0.4671875 0.3253906250000001 0.4671875 0.3253906250000001 0.525 0.3687500000000001 0.525
19 0.421875 0.4765625 0.3644531250000001 0.4765625 0.3644531250000001 0.515625 0.421875 0.515625
19 0.14531250000000004 0.490234375 0.11367187500000005 0.490234375 0.11367187500000005 0.528125 0.14531250000000004 0.528125
19 0.10937500000000004 0.490625 0.07187500000000006 0.490625 0.07187500000000006 0.5234375 0.10937500000000004 0.5234375