19 0.65859375 0.2750000000000001 0.56875 0.2750000000000001 0.56875 0.3468750000000001 0.65859375 0.3468750000000001
19 0.86015625 0.2750000000000001 0.7625 0.2750000000000001 0.7625 0.3460937500000001 0.86015625 0.3460937500000001
19 0.759375 0.27812500000000007 0.665625 0.27812500000000007 0.665625 0.3476562500000001 0.759375 0.3476562500000001
19 0.953125 0.27812500000000007 0.8609375 0.27812500000000007 0.8609375 0.3468750000000001 0.953125 0.3468750000000001
19 0.96171875 0.3781250000000001 0.890625 0.3781250000000001 0.890625 0.41328125000000016 0.96171875 0.41328125000000016
19 0.88359375 0.3765625000000001 0.8125 0.3765625000000001 0.8125 0.4148437500000002 0.88359375 0.4148437500000002
19 0.809375 0.3781250000000001 0.7328125 0.3781250000000001 0.7328125 0.4164062500000002 0.809375 0.4164062500000002
19 0.6484375 0.37968750000000007 0.584375 0.37968750000000007 0.584375 0.415625 0.6484375 0.415625
19 0.7296875 0.3812500000000001 0.65625 0.3812500000000001 0.65625 0.4164062500000001 0.7296875 0.4164062500000002
19 0.45703125 0.3890625000000001 0.4171875 0.3890625000000001 0.4171875 0.4109375 0.45703125 0.4109375
19 0.41171875 0.3890625000000001 0.37187500000000007 0.3890625000000001 0.37187500000000007 0.4109375 0.41171875 0.4109375
19 0.57421875 0.3812500000000001 0.515625 0.3812500000000001 0.515625 0.4171875 0.57421875 0.4171875
19 0.3671875000000001 0.38906250000000003 0.32500000000000007 0.3890625 0.32500000000000007 0.4109375 0.3671875000000001 0.4109375
19 0.50546875 0.3890625000000001 0.465625 0.3890625000000001 0.465625 0.4109375 0.50546875 0.4109375
19 0.4109375 0.4109375 0.3625000000000001 0.4109375 0.3625000000000001 0.43828125 0.4109375 0.43828125
19 0.3585937500000001 0.4109375 0.3156250000000001 0.4109375 0.3156250000000001 0.43828125 0.3585937500000001 0.43828125
19 0.46171875 0.4125 0.40625 0.4125 0.40625 0.43984375 0.46171875 0.43984375
19 0.50390625 0.415625 0.4640625 0.415625 0.4640625 0.4375 0.50390625 0.4375
19 0.57578125 0.4171875 0.509375 0.4171875 0.509375 0.4625 0.57578125 0.4625
19 0.9609375 0.4156250000000002 0.8875 0.4156250000000002 0.8875 0.46406250000000016 0.9609375 0.46406250000000016
19 0.8796875 0.41718750000000016 0.8125 0.41718750000000016 0.8125 0.4656250000000002 0.8796875 0.4656250000000002
19 0.65 0.41875 0.5828125 0.41875 0.5828125 0.4640625 0.65 0.4640625
19 0.8109375 0.4187500000000002 0.7375 0.4187500000000002 0.7375 0.4656250000000002 0.8109375 0.4656250000000002
19 0.73125 0.4203125000000001 0.6578125 0.4203125 0.6578125 0.46562500000000007 0.73125 0.4656250000000002
19 0.19687500000000005 0.425 0.13906250000000003 0.425 0.13906250000000003 0.465625 0.19687500000000005 0.465625
19 0.25468750000000007 0.4234375 0.19687500000000005 0.4234375 0.19687500000000005 0.46640625 0.25468750000000007 0.46640625
19 0.30937500000000007 0.425 0.2578125000000001 0.425 0.2578125000000001 0.4671875 0.30937500000000007 0.4671875
19 0.13828125000000005 0.4265625 0.08281250000000004 0.4265625 0.08281250000000005 0.4671875 0.13828125000000005 0.4671875
19 0.409375 0.440625 0.3671875000000001 0.440625 0.3671875000000001 0.465625 0.409375 0.465625
19 0.4609375 0.440625 0.41875 0.440625 0.41875 0.46484375 0.4609375 0.46484375
19 0.36015625000000007 0.440625 0.31718750000000007 0.440625 0.31718750000000007 0.465625 0.36015625000000007 0.465625
19 0.50546875 0.4421875 0.4671875 0.4421875 0.4671875 0.46640625 0.50546875 0.46640625