19 0.8375 0.6046875000000002 0.80625 0.6046875000000002 0.80625 0.6500000000000001 0.8375 0.6500000000000001
19 0.7640625 0.6046875000000002 0.7328125 0.6046875000000002 0.7328125 0.6515625000000002 0.7640625 0.6515625000000002
19 0.728125 0.6046875 0.696875 0.6046875 0.696875 0.6515625 0.728125 0.6515625000000002
19 0.80078125 0.6046875000000002 0.7671875 0.6046875000000002 0.7671875 0.6515625000000002 0.80078125 0.6515625000000002
19 0.2562500000000001 0.6078125 0.2250000000000001 0.6078125 0.2250000000000001 0.65078125 0.2562500000000001 0.65078125
19 0.17968750000000008 0.609375 0.1468750000000001 0.609375 0.1468750000000001 0.6515625 0.17968750000000008 0.6515625
19 0.2171875000000001 0.609375 0.1859375000000001 0.609375 0.1859375000000001 0.6515625 0.2171875000000001 0.6515625
19 0.2960937500000001 0.609375 0.2609375000000001 0.609375 0.2609375000000001 0.6515625 0.2960937500000001 0.6515625
19 0.5515625 0.69375 0.5203125 0.69375 0.5203125 0.7203125 0.5515625 0.7203125
19 0.74296875 0.7015625000000001 0.715625 0.7015625 0.715625 0.7171875000000001 0.74296875 0.7171875000000002
19 0.71015625 0.69375 0.6828125 0.69375 0.6828125 0.71875 0.71015625 0.71875
19 0.646875 0.6953125 0.6171875 0.6953125 0.6171875 0.71796875 0.646875 0.71796875
19 0.584375 0.69375 0.5546875 0.69375 0.5546875 0.72109375 0.584375 0.72109375
19 0.6140625 0.6953125 0.5828125 0.6953125 0.5828125 0.7203125 0.6140625 0.7203125
19 0.6796875 0.6953125 0.65 0.6953125 0.65 0.71953125 0.6796875 0.71953125
19 0.26640625000000007 0.6875 0.2078125000000001 0.6875 0.2078125000000001 0.759375 0.26640625000000007 0.759375
19 0.2054687500000001 0.6921875 0.1453125000000001 0.6921875 0.1453125000000001 0.75703125 0.2054687500000001 0.75703125
19 0.6476562500000002 0.7265625 0.6187500000000001 0.7265625 0.6187500000000001 0.75078125 0.6476562500000002 0.75078125
19 0.5531250000000002 0.728125 0.5203125000000002 0.728125 0.5203125000000002 0.75078125 0.5531250000000002 0.75078125
19 0.7140625 0.725 0.6828125 0.725 0.6828125 0.75 0.7140625000000002 0.75
19 0.6148437500000001 0.7265625 0.5812500000000002 0.7265625 0.5812500000000002 0.74921875 0.6148437500000001 0.74921875
19 0.7484375000000001 0.7234375000000001 0.715625 0.7234375 0.7156250000000001 0.7476562500000001 0.7484375000000002 0.7476562500000001
19 0.5812500000000002 0.7265625 0.5546875000000002 0.7265625 0.5546875000000002 0.7515625 0.5812500000000002 0.7515625
19 0.6812500000000001 0.725 0.65 0.725 0.6500000000000001 0.75 0.6812500000000001 0.75
19 0.24375000000000008 0.846875 0.1828125000000001 0.846875 0.1828125000000001 0.90703125 0.24375000000000008 0.90703125
19 0.1765625000000001 0.8484375 0.1140625000000001 0.8484375 0.1140625000000001 0.90625 0.1765625000000001 0.90625
19 0.3867187500000001 0.84375 0.3203125000000001 0.84375 0.3203125000000001 0.91015625 0.3867187500000001 0.91015625
19 0.3179687500000001 0.846875 0.2484375000000001 0.846875 0.2484375000000001 0.9109375 0.3179687500000001 0.9109375
19 0.45625000000000016 0.8515625 0.3921875000000001 0.8515625 0.3921875000000001 0.91171875 0.45625000000000016 0.91171875
19 0.22734375000000004 0.3609375 0.18281250000000004 0.3609375 0.18281250000000004 0.4453125 0.2273437500000001 0.4453125
19 0.17421875000000003 0.3609375 0.13125000000000003 0.3609375 0.13125000000000003 0.44375 0.17421875000000003 0.44375
19 0.83984375 0.37187500000000007 0.790625 0.37187500000000007 0.790625 0.4390625000000002 0.83984375 0.4390625000000002
19 0.7859375 0.37187500000000007 0.740625 0.37187500000000007 0.740625 0.4390625000000002 0.7859375 0.4390625000000002
19 0.3031250000000001 0.3734375 0.27031250000000007 0.3734375 0.27031250000000007 0.44296875 0.3031250000000001 0.44296875
19 0.26640625000000007 0.375 0.2312500000000001 0.375 0.2312500000000001 0.44375 0.26640625000000007 0.44375
19 0.3703125000000001 0.50625 0.3218750000000001 0.50625 0.3218750000000001 0.5640625 0.3703125000000001 0.5640625
19 0.3195312500000001 0.50625 0.2750000000000001 0.50625 0.2750000000000001 0.56484375 0.3195312500000001 0.56484375
19 0.22421875000000008 0.50625 0.18125000000000005 0.50625 0.18125000000000008 0.5671875 0.22421875000000008 0.5671875
19 0.2718750000000001 0.50625 0.2296875000000001 0.50625 0.2296875000000001 0.5671875 0.2718750000000001 0.5671875
19 0.17500000000000007 0.50625 0.13437500000000005 0.50625 0.13437500000000008 0.5671875 0.1750000000000001 0.5671875
19 0.48828125 0.515625 0.453125 0.515625 0.453125 0.5609375 0.48828125 0.5609375
19 0.40546875 0.5171875 0.37187500000000007 0.5171875 0.37187500000000007 0.5625 0.40546875 0.5625
19 0.446875 0.5140625 0.4109375 0.5140625 0.4109375 0.5625 0.446875 0.5625