19 0.9984375 0.13585499062500012 0.9169270828125 0.13585499062500012 0.9169270828125 0.2843750000000001 0.9984375 0.2843750000000001
19 0.928125 0.1690903468750001 0.7891888406249999 0.16909034687500007 0.7891888406249999 0.2562500000000001 0.928125 0.2562500000000001
19 0.8296875 0.17265367187500008 0.6930538359375 0.17265367187500008 0.6930538359375 0.2656250000000001 0.8296875 0.2656250000000001
19 0.7389774124999999 0.17968750000000008 0.6003635515625 0.17968750000000008 0.6003635515625 0.2656250000000001 0.7389774124999999 0.2656250000000001
19 0.54375 0.40523669375000004 0.5028387999999999 0.40523669375000004 0.5028387999999999 0.446875 0.54375 0.446875
19 0.4046875 0.40900886875 0.3708384890625001 0.40900886875 0.3708384890625001 0.4484375 0.4046875 0.4484375
19 0.4953125 0.4074025375 0.46173164218749996 0.4074025375 0.46173164218749996 0.4515625 0.4953125 0.4515625
19 0.45 0.40946524218749997 0.41500360937499997 0.40946524218749997 0.41500360937499997 0.4515625 0.45 0.4515625
19 0.05625000000000006 0.433152846875 0.002926464062500053 0.433152846875 0.0029264640625000548 0.465625 0.056250000000000064 0.465625
19 0.09687500000000006 0.435086634375 0.04133663281250006 0.435086634375 0.04133663281250006 0.4656146875 0.09687500000000007 0.4656146875
19 0.13750000000000004 0.43354476093749994 0.08428475781250004 0.43354476093749994 0.08428475781250006 0.4671875 0.13750000000000004 0.4671875
19 0.865625 0.40160117500000014 0.7875 0.40160117500000014 0.7875 0.5015625000000001 0.865625 0.5015625000000001
19 0.22031250000000008 0.4238345703125 0.18616697500000004 0.4238345703125 0.18616697500000004 0.48241542812500005 0.22031250000000008 0.48241542812500005
19 0.2765625000000001 0.4328125 0.2138949046875001 0.4328125 0.2138949046875001 0.471875 0.2765625000000001 0.471875
19 0.3609375000000001 0.42085911718749996 0.3259668937500001 0.42085911718749996 0.3259668937500001 0.4875 0.3609375000000001 0.4875
19 0.17500000000000004 0.4243502484375 0.13789191406250006 0.4243502484375 0.13789191406250006 0.4828125 0.17500000000000004 0.4828125
19 0.3109375000000001 0.42090295 0.2751856437500001 0.42090295 0.2751856437500001 0.4859375 0.3109375000000001 0.4859375
19 0.6515625 0.427477825 0.60576010625 0.427477825 0.60576010625 0.49375 0.6515625 0.49375
19 0.5953125 0.427307653125 0.5540815796875 0.427307653125 0.5540815796875 0.49375 0.5953125 0.49375
19 0.790625 0.43760055781250007 0.7190129953125 0.43760055781249996 0.7190129953125 0.4887556734375001 0.790625 0.48875567343750015
19 0.71875 0.4277588703125 0.6671875 0.4277588703125 0.6671875 0.4984375 0.71875 0.4984375
19 0.40625 0.45743605625 0.3732982671875001 0.45743605625 0.3732982671875001 0.484375 0.40625 0.484375
19 0.546875 0.456017946875 0.5030966375 0.456017946875 0.5030966375 0.4921875 0.546875 0.4921875
19 0.49375 0.456974525 0.45953743906250005 0.456974525 0.45953743906250005 0.4921875 0.49375 0.4921875
19 0.4484375 0.459375 0.41622060625 0.459375 0.41622060625 0.49375 0.4484375 0.49375
19 0.7530450703125 0.5715836421875001 0.652385003125 0.5715836421875 0.652385003125 0.6562500000000001 0.7530450703125 0.6562500000000002
19 0.8515625 0.5772277218750002 0.7473494234375 0.5772277218750002 0.7473494234375 0.6671617156250002 0.8515625 0.6671617156250002
19 0.9546875 0.5680254734375001 0.8518254953125 0.5680254734375001 0.8518254953125 0.6812500000000001 0.9546875 0.6812500000000001
19 0.1625000000000001 0.6835370265625 0.08617471093750009 0.6835370265625 0.08617471093750009 0.74375 0.1625000000000001 0.74375
19 0.21250000000000008 0.6729888609375 0.15382116406250007 0.6729888609375 0.15382116406250007 0.75625 0.21250000000000008 0.75625
19 0.2890625000000001 0.6945879749999999 0.20561056093750008 0.6945879749999999 0.20561056093750008 0.7546875 0.2890625000000001 0.7546875
19 0.3450469281250001 0.690042284375 0.2790403265625001 0.690042284375 0.2790403265625001 0.7765625 0.3450469281250001 0.7765625
19 0.4218750000000001 0.7 0.35399649218750007 0.7 0.35399649218750007 0.7859375 0.42187500000000017 0.7859375
19 0.5078125000000001 0.7127372109375 0.42367986718750006 0.7127372109375 0.4236798671875001 0.7875 0.5078125000000002 0.7875
19 0.5828125000000001 0.7184792703125 0.5037360765625001 0.7184792703125 0.5037360765625001 0.80625 0.5828125000000002 0.80625
19 0.6734375000000001 0.72130775625 0.5887144171875 0.72130775625 0.5887144171875001 0.8140625 0.6734375000000001 0.8140625
19 0.7604604984375002 0.7331141703125 0.6754770015625001 0.7331141703124999 0.6754770015625001 0.8234375 0.7604604984375002 0.8234375
19 0.859375 0.7359761750000001 0.7698329203125002 0.7359761750000001 0.7698329203125002 0.8359375 0.859375 0.8359375
19 0.965625 0.7506523312500002 0.862234428125 0.7506523312500002 0.862234428125 0.8390625 0.965625 0.8390625
19 0.6593750000000002 0.8843363234374999 0.5873272484375002 0.8843363234374999 0.5873272484375002 0.946875 0.6593750000000002 0.946875
19 0.7531250000000002 0.89829053125 0.6692270000000001 0.89829053125 0.6692270000000001 0.9609375 0.7531250000000002 0.9609375
19 0.840625 0.9021271640625 0.7729579203125001 0.9021271640625 0.7729579203125001 0.984375 0.840625 0.984375
19 0.9390625 0.9206812093750001 0.86155115625 0.9206812093750001 0.86155115625 0.9859375 0.9390625 0.9859375