19 0.3640625 0.01914062500000004 0.278515625 0.019140625000000033 0.278515625 0.11406250000000004 0.3640625 0.11406250000000004
19 0.725 0.025390625000000083 0.6609375 0.025390625000000076 0.6609375 0.1140625000000001 0.725 0.1140625000000001
19 0.6484375 0.026562500000000072 0.582421875 0.026562500000000065 0.582421875 0.1140625000000001 0.6484375 0.1140625000000001
19 0.4640625 0.02968750000000005 0.384375 0.029687500000000044 0.384375 0.11875000000000005 0.4640625 0.11875000000000005
19 0.5640625 0.03007812500000006 0.491015625 0.030078125000000056 0.491015625 0.12148437500000006 0.5640625 0.12148437500000009
19 0.7921875 0.053906250000000086 0.73203125 0.053906250000000086 0.73203125 0.10000000000000009 0.7921875 0.10000000000000009
19 0.852734375 0.0511718750000001 0.794140625 0.05117187500000009 0.794140625 0.10156250000000008 0.852734375 0.10156250000000008
19 0.95625 0.0640625000000001 0.9203125 0.0640625000000001 0.9203125 0.11562500000000013 0.95625 0.11562500000000013
19 0.9 0.06640625000000011 0.86328125 0.06640625000000011 0.86328125 0.1140625000000001 0.9 0.1140625000000001
19 0.3890625 0.22187500000000004 0.328125 0.221875 0.328125 0.32656250000000003 0.3890625 0.3265625000000001
19 0.4640625 0.2214843750000001 0.4 0.2214843750000001 0.4 0.3265625000000001 0.4640625 0.3265625000000001
19 0.5828125 0.2386718750000001 0.532421875 0.2386718750000001 0.532421875 0.3234375000000001 0.5828125 0.3234375000000001
19 0.54375 0.2601562500000001 0.45546875 0.2601562500000001 0.45546875 0.3062500000000001 0.54375 0.3062500000000001
19 0.8046875 0.24375000000000008 0.745703125 0.24375000000000008 0.745703125 0.32500000000000007 0.8046875 0.32500000000000007
19 0.684375 0.26445312500000007 0.64375 0.26445312500000007 0.64375 0.3218750000000001 0.684375 0.3218750000000001
19 0.740625 0.2730468750000001 0.6828125 0.2730468750000001 0.6828125 0.3125000000000001 0.740625 0.3125000000000001
19 0.6328125 0.2628906250000001 0.590625 0.2628906250000001 0.590625 0.3218750000000001 0.6328125 0.3218750000000001
19 0.86875 0.2640625000000001 0.815625 0.2640625000000001 0.815625 0.3218750000000001 0.86875 0.3218750000000001
19 0.93125 0.2667968750000001 0.87265625 0.2667968750000001 0.87265625 0.31718750000000007 0.93125 0.31718750000000007
19 0.5328125 0.37187500000000007 0.444140625 0.37187500000000007 0.444140625 0.4625 0.5328125 0.4625
19 0.63125 0.37187500000000007 0.54375 0.37187500000000007 0.54375 0.465625 0.63125 0.465625
19 0.815625 0.3968750000000001 0.730078125 0.3968750000000001 0.730078125 0.46406250000000016 0.815625 0.46406250000000016
19 0.715625 0.3902343750000001 0.651171875 0.3902343750000001 0.651171875 0.4765625 0.715625 0.4765625