19 0.37187500000000007 0.8109375 0.3003906250000001 0.8109375 0.3003906250000001 0.8640625 0.37187500000000007 0.8640625
19 0.30156250000000007 0.816015625 0.2597656250000001 0.816015625 0.2597656250000001 0.8734375 0.30156250000000007 0.8734375
19 0.42187500000000017 0.81875 0.3687500000000001 0.81875 0.3687500000000001 0.875 0.42187500000000017 0.875
19 0.2484375000000001 0.8171875 0.20664062500000008 0.8171875 0.20664062500000008 0.875 0.2484375000000001 0.875
19 0.2015625000000001 0.817578125 0.1609375000000001 0.817578125 0.1609375000000001 0.8765625 0.2015625000000001 0.8765625
19 0.1593750000000001 0.83046875 0.1023437500000001 0.83046875 0.1023437500000001 0.8703125 0.1593750000000001 0.8703125
19 0.2765625 0.234375 0.201953125 0.234375 0.201953125 0.315625 0.2765625 0.315625
19 0.3625 0.2359375 0.283203125 0.2359375 0.283203125 0.31875 0.3625 0.31875
19 0.19531250000000006 0.240625 0.11562500000000005 0.240625 0.11562500000000005 0.3140625 0.19531250000000006 0.3140625
19 0.4375 0.24414062500000008 0.364453125 0.24414062500000008 0.364453125 0.3136718750000001 0.4375 0.3136718750000001
19 0.11718750000000004 0.24453125 0.04023437500000003 0.24453125 0.04023437500000003 0.3171875 0.11718750000000004 0.3171875
19 0.2812500000000001 0.540625 0.22031250000000008 0.540625 0.22031250000000008 0.596875 0.2812500000000001 0.596875
19 0.15000000000000008 0.541015625 0.08750000000000006 0.541015625 0.08750000000000006 0.5984375 0.15000000000000008 0.5984375
19 0.21093750000000008 0.546875 0.1605468750000001 0.546875 0.1605468750000001 0.6 0.21093750000000008 0.6
19 0.40312500000000007 0.6828125 0.3468750000000001 0.6828125 0.3468750000000001 0.7375 0.4031250000000002 0.7375
19 0.3375000000000001 0.6859375 0.27812500000000007 0.6859375 0.27812500000000007 0.7390625 0.3375000000000001 0.7390625