19 0.07031250000000003 0.1399205953125 0.005532785937500017 0.1399205953125 0.00553278593750002 0.1841828890625 0.07031250000000003 0.1841828890625
19 0.66875 0.2503073765625001 0.613101946875 0.2503073765625001 0.613101946875 0.3593750000000001 0.66875 0.3593750000000001
19 0.759375 0.2810066609375001 0.65043545 0.2810066609375001 0.65043545 0.3343750000000001 0.759375 0.3343750000000001
19 0.8138575828124999 0.29533811562500006 0.7392674171875 0.29533811562500006 0.7392674171875 0.3593750000000001 0.8138575828124999 0.3593750000000001
19 0.89375 0.2982197750000001 0.8242699796874999 0.2982197750000001 0.8242699796874999 0.3609375000000001 0.89375 0.3609375000000001
19 0.9765625 0.3017418031250001 0.9046875 0.3017418031250001 0.9046875 0.3593750000000001 0.9765625 0.3593750000000001
19 0.2843750000000001 0.3919313515625 0.19673411875000005 0.3919313515625 0.19673411875000005 0.484375 0.2843750000000001 0.484375
19 0.18906250000000005 0.3919313515625 0.10343237656250004 0.3919313515625 0.10343237656250004 0.484375 0.18906250000000005 0.484375
19 0.09062500000000005 0.40242059374999994 0.00794057343750005 0.40242059374999994 0.007940573437500055 0.490625 0.09062500000000007 0.490625
19 0.3812500000000001 0.39843750000000006 0.2936091187500001 0.3984375 0.2936091187500001 0.49375 0.3812500000000001 0.49375
19 0.69375 0.43203125 0.6176357578125 0.43203125 0.6176357578125 0.4859375 0.69375 0.4859375
19 0.75625 0.4328125000000001 0.6828125 0.4328125 0.6828125 0.4875000000000001 0.75625 0.48750000000000016
19 0.8227458999999999 0.4347848375000002 0.7453125 0.4347848375000002 0.7453125 0.48750000000000016 0.8227458999999999 0.48750000000000016
19 0.871875 0.4243852468750002 0.8178406765625 0.4243852468750002 0.8178406765625 0.4984375000000002 0.871875 0.4984375000000002
19 0.9484375 0.43638575781250016 0.871875 0.43638575781250016 0.871875 0.49218750000000017 0.9484375 0.49218750000000017
19 0.453125 0.4359375 0.4099001015625 0.4359375 0.4099001015625 0.4921875 0.453125 0.4921875
19 0.5546875 0.4376536890625 0.5152151640625 0.4376536890625 0.5152151640625 0.4921875 0.5546875 0.4921875
19 0.6140625 0.4363857578125 0.5709272546874999 0.4363857578125 0.5709272546874999 0.49375 0.6140625 0.49375
19 0.5046875 0.438101946875 0.4573130109375 0.438101946875 0.4573130109375 0.4953125 0.5046875 0.4953125
19 0.9203125 0.7079661890625002 0.8877049171875001 0.7079661890625002 0.8877049171875001 0.7421875000000002 0.9203125 0.7421875000000002
19 0.878125 0.7051613718750002 0.8459400609375001 0.7051613718750002 0.8459400609375001 0.7468750000000002 0.878125 0.7468750000000002
19 0.8703125 0.7453253062500002 0.8298796109375 0.7453253062500002 0.8298796109375 0.7781121937500002 0.8703125 0.7781121937500002
19 0.9245901640625 0.7464779718750002 0.8754098359375 0.7464779718750002 0.8754098359375 0.7781250000000002 0.9245901640625 0.7781250000000002
19 0.9249871921875 0.8753586062500001 0.8553150609375001 0.8753586062500001 0.8553150609375001 0.940625 0.9249871921875 0.940625
19 0.85 0.8817238734374999 0.7859631156250002 0.8817238734374999 0.7859631156250002 0.9448386265625001 0.85 0.9448386265625001