19 0.95390625 0.5953125000000001 0.8796875 0.5953125000000001 0.8796875 0.6562500000000002 0.95390625 0.6562500000000002
19 0.79765625 0.596875 0.7234375 0.596875 0.7234375 0.6570312500000001 0.79765625 0.6570312500000002
19 0.875 0.5968750000000002 0.8015625 0.5968750000000002 0.8015625 0.6578125000000001 0.875 0.6578125000000001
19 0.72109375 0.5953125 0.6515625 0.5953125 0.6515625 0.659375 0.72109375 0.659375
19 0.64609375 0.6125 0.5921875 0.6125 0.5921875 0.6578125 0.64609375 0.6578125
19 0.3375000000000001 0.6140625 0.2890625000000001 0.6140625 0.2890625000000001 0.659375 0.3375000000000001 0.659375
19 0.46328125 0.6125 0.409375 0.6125 0.409375 0.65703125 0.46328125 0.65703125
19 0.521875 0.6140625 0.4703125 0.6140625 0.4703125 0.659375 0.521875 0.659375
19 0.39921875000000007 0.6140625 0.3453125000000001 0.6140625 0.3453125000000001 0.659375 0.39921875000000007 0.659375
19 0.58515625 0.6125 0.5296875 0.6125 0.5296875 0.6578125 0.58515625 0.6578125
19 0.1320312500000001 0.63125 0.08125000000000007 0.63125 0.08125000000000007 0.6578125 0.1320312500000001 0.6578125
19 0.18125000000000008 0.63125 0.1359375000000001 0.63125 0.1359375000000001 0.6578125 0.18125000000000008 0.6578125
19 0.2312500000000001 0.63125 0.1859375000000001 0.63125 0.1859375000000001 0.65859375 0.2312500000000001 0.65859375
19 0.2796875000000001 0.63125 0.23437500000000008 0.63125 0.23437500000000008 0.65859375 0.2796875000000001 0.65859375