19 0.8390625 0.5906250000000002 0.7875 0.5906250000000002 0.7875 0.6406250000000002 0.8390625 0.6406250000000002
19 0.778125 0.6074218750000002 0.730078125 0.6074218750000002 0.730078125 0.6453125000000002 0.778125 0.6453125000000002
19 0.603125 0.6046875 0.5359375 0.6046875 0.5359375 0.646875 0.603125 0.646875
19 0.546875 0.60625 0.5171875 0.60625 0.5171875 0.6625 0.546875 0.6625
19 0.69375 0.616796875 0.6640625 0.616796875 0.6640625 0.6515625 0.69375 0.6515625
19 0.630859375 0.622265625 0.592578125 0.622265625 0.592578125 0.6484375 0.630859375 0.6484375
19 0.471875 0.6171875 0.417578125 0.6171875 0.417578125 0.665625 0.471875 0.665625
19 0.653125 0.633203125 0.628125 0.633203125 0.628125 0.6515625 0.653125 0.6515625
19 0.509375 0.6265625 0.475 0.6265625 0.475 0.6640625 0.509375 0.6640625
19 0.415625 0.621875 0.3578125000000001 0.621875 0.3578125000000001 0.6734375 0.415625 0.6734375
19 0.16562500000000008 0.60078125 0.08632812500000006 0.60078125 0.08632812500000007 0.696875 0.16562500000000008 0.696875
19 0.2531250000000001 0.610546875 0.18359375000000008 0.610546875 0.18359375000000008 0.6921875 0.2531250000000001 0.6921875