19 0.9375 0.5029153359375002 0.8355031953125 0.5029153359375002 0.8355031953125 0.5703125000000002 0.9375 0.5703125000000002
19 0.996875 0.4859375000000002 0.9297174515625001 0.4859375000000002 0.9297174515625001 0.5875000000000001 0.996875 0.5875000000000001
19 0.70625 0.494022065625 0.6119483828125001 0.494022065625 0.6119483828125001 0.5890625 0.70625 0.5890625
19 0.6109375 0.49747404062499995 0.5182258390625 0.49747404062499995 0.5182258390625 0.5869309109375 0.6109375 0.5869309109375
19 0.5140625 0.49594149375 0.41945637031249994 0.49594149375 0.41945637031249994 0.5859375 0.5140625 0.5859375
19 0.7681809109375 0.5160193687500001 0.7130690890625 0.51601936875 0.7130690890625 0.5859375000000001 0.7681809109375 0.5859375000000002
19 0.8453125 0.5241788140625002 0.77672973125 0.5241788140625002 0.77672973125 0.5812500000000002 0.8453125 0.5812500000000002
19 0.20312500000000008 0.5017072687499999 0.12742362343750005 0.5017072687499999 0.12742362343750008 0.6015625 0.20312500000000008 0.6015625
19 0.3046875000000001 0.5035742812499999 0.2324006593750001 0.5035742812499999 0.2324006593750001 0.6 0.3046875000000001 0.6
19 0.4046875 0.5006240015625 0.32913588281250006 0.5006240015625 0.32913588281250006 0.6 0.4046875 0.6
19 0.040625000000000064 0.5455995406249999 0.0008935703125000669 0.5455995406249999 0.0008935703125000693 0.5871330875 0.040625000000000064 0.5871330875
19 0.10468750000000009 0.5484000609375 0.057812500000000065 0.5484000609375 0.057812500000000065 0.5859375 0.10468750000000009 0.5859375
19 0.521875 0.6195537140625 0.40209914218750004 0.6195537140625 0.40209914218750004 0.7125 0.521875 0.7125
19 1 0.6407797515625002 0.926772165625 0.6407797515625002 0.926772165625 0.6921875000000002 1 0.6921875000000002
19 0.8234375 0.6184130390625 0.7219199281249999 0.6184130390625 0.7219199281249999 0.7187500000000001 0.8234375 0.7187500000000002
19 0.934375 0.6144443890625002 0.8360822671875001 0.6144443890625002 0.8360822671875001 0.7218750000000002 0.934375 0.7218750000000002
19 0.6203125 0.627493509375 0.5300843640624999 0.627493509375 0.5300843640624999 0.715625 0.6203125 0.715625
19 0.7140625 0.6279278140625 0.626365315625 0.6279278140625 0.626365315625 0.715625 0.7140625 0.715625
19 0.3984375000000001 0.64339556875 0.28885533125000007 0.64339556875 0.28885533125000007 0.7140625 0.3984375000000001 0.7140625