19 1 0.2521114859375001 0.876752534375 0.2521114859375001 0.876752534375 0.3734375000000001 1 0.3734375000000001
19 0.8796875 0.2551309125000001 0.76875 0.2551309125000001 0.76875 0.3716849671875001 0.8796875 0.3716849671875001
19 0.16718750000000004 0.2828125 0.07132601406250004 0.2828125 0.07132601406250004 0.35 0.16718750000000004 0.35
19 0.05109797343750004 0.3130489875 3.833744405181948e-17 0.3130489875 4.0025987823888096e-17 0.340625 0.05109797343750004 0.340625
19 0.753125 0.2903082765625001 0.6523859796875 0.2903082765625001 0.6523859796875 0.3687500000000001 0.753125 0.3687500000000001
19 0.646875 0.2956503375000001 0.5887668921875 0.2956503375000001 0.5887668921875 0.3687500000000001 0.646875 0.3687500000000001
19 0.584375 0.2973184109375001 0.5273015203125 0.2973184109375001 0.5273015203125 0.3699535468750001 0.584375 0.3699535468750001
19 0.08593750000000004 0.3235853046875 0.04586148750000004 0.3235853046875 0.04586148750000004 0.36875 0.08593750000000004 0.36875
19 0.7828125 0.43194678906250006 0.6875 0.4319467890625 0.6875 0.49191300625000006 0.7828125 0.4919130062500002
19 0.715625 0.434733953125 0.6228040546875 0.434733953125 0.6228040546875 0.4890625 0.715625 0.4890625
19 0.646875 0.45141469531249995 0.582010134375 0.45141469531249995 0.582010134375 0.4984375 0.646875 0.4984375
19 0.5875 0.44375 0.5421875 0.44375 0.5421875 0.509375 0.5875 0.509375
19 0.2500000000000001 0.53944256875 0.16243665468750004 0.53944256875 0.16243665468750007 0.6015625 0.2500000000000001 0.6015625
19 0.2953125000000001 0.549028715625 0.2400337843750001 0.549028715625 0.2400337843750001 0.615625 0.2953125000000001 0.615625
19 0.35625000000000007 0.5572423984375 0.2945523656250001 0.5572423984375 0.2945523656250001 0.6140625 0.35625000000000007 0.6140625
19 0.4171875 0.5653505062499999 0.3550253390625001 0.5653505062499999 0.3550253390625001 0.61875 0.4171875 0.61875
19 0.4765625 0.5626266890625 0.41545608125 0.5626266890625 0.41545608125 0.628125 0.4765625 0.628125
19 0.54375 0.56836993125 0.477090371875 0.56836993125 0.477090371875 0.6265625 0.54375 0.6265625