19 0.259375 0.09570312500000003 0.2 0.09570312500000003 0.2 0.17031250000000003 0.259375 0.17031250000000003
19 0.3328125 0.10781250000000005 0.265625 0.10781250000000005 0.265625 0.16875000000000004 0.3328125 0.16875000000000004
19 0.5953125 0.11250000000000007 0.5265625 0.11250000000000004 0.5265625 0.16875000000000007 0.5953125 0.1687500000000001
19 0.65 0.11523437500000008 0.591796875 0.11523437500000008 0.591796875 0.1671875000000001 0.65 0.1671875000000001
19 0.3875 0.12109375000000004 0.323828125 0.12109375000000004 0.323828125 0.16406250000000006 0.3875 0.16406250000000006
19 0.4296875 0.12265625000000005 0.36953125 0.12265625000000005 0.36953125 0.16250000000000003 0.4296875 0.16250000000000003
19 0.7640625 0.11757812500000009 0.705859375 0.11757812500000009 0.705859375 0.17148437500000008 0.7640625 0.17148437500000008
19 0.815625 0.11875000000000009 0.7640625 0.11875000000000009 0.7640625 0.1750000000000001 0.815625 0.1750000000000001
19 0.703125 0.12031250000000009 0.65 0.12031250000000009 0.65 0.1750000000000001 0.703125 0.1750000000000001
19 0.2609375 0.209375 0.234765625 0.209375 0.234765625 0.2734375 0.2609375 0.2734375
19 0.2921875 0.209375 0.2609375 0.209375 0.2609375 0.2734375 0.2921875 0.2734375
19 0.2046875 0.209375 0.17812500000000003 0.209375 0.17812500000000003 0.275 0.2046875 0.275
19 0.3640625 0.22812500000000005 0.303125 0.228125 0.303125 0.25781250000000006 0.3640625 0.2578125000000001
19 0.6625 0.21640625000000008 0.594921875 0.21640625000000008 0.594921875 0.27031250000000007 0.6625 0.27031250000000007
19 0.6046875 0.2156250000000001 0.537109375 0.2156250000000001 0.537109375 0.2710937500000001 0.6046875 0.2710937500000001
19 0.234375 0.210546875 0.2078125 0.210546875 0.2078125 0.2765625 0.234375 0.2765625
19 0.31875 0.212109375 0.292578125 0.212109375 0.292578125 0.2765625 0.31875 0.2765625
19 0.3984375 0.22343750000000004 0.340234375 0.2234375 0.340234375 0.26562500000000006 0.3984375 0.2656250000000001
19 0.4375 0.2171875000000001 0.39375 0.2171875000000001 0.39375 0.2750000000000001 0.4375 0.2750000000000001
19 0.759375 0.2234375000000001 0.703515625 0.2234375000000001 0.703515625 0.2734375000000001 0.759375 0.2734375000000001
19 0.709375 0.2250000000000001 0.653125 0.2250000000000001 0.653125 0.2718750000000001 0.709375 0.2718750000000001
19 0.8140625 0.22265625000000008 0.75859375 0.22265625000000008 0.75859375 0.2734375000000001 0.8140625 0.2734375000000001
19 0.871875 0.2238281250000001 0.8171875 0.2238281250000001 0.8171875 0.2750000000000001 0.871875 0.2750000000000001
19 0.478125 0.2386718750000001 0.433984375 0.2386718750000001 0.433984375 0.27031250000000007 0.478125 0.27031250000000007
19 0.5421875 0.2375000000000001 0.501953125 0.2375000000000001 0.501953125 0.2718750000000001 0.5421875 0.2718750000000001
19 0.50625 0.23437500000000008 0.475 0.23437500000000008 0.475 0.2765625000000001 0.50625 0.2765625000000001
19 0.8203125 0.30937500000000007 0.776171875 0.30937500000000007 0.776171875 0.36015625000000007 0.8203125 0.36015625000000007
19 0.703125 0.3226562500000001 0.679296875 0.3226562500000001 0.679296875 0.3500000000000001 0.703125 0.3500000000000001
19 0.646875 0.3242187500000001 0.62265625 0.3242187500000001 0.62265625 0.3500000000000001 0.646875 0.3500000000000001
19 0.675 0.32500000000000007 0.65 0.32500000000000007 0.65 0.3500000000000001 0.675 0.3500000000000001
19 0.21718750000000003 0.3140625 0.18320312500000005 0.3140625 0.18320312500000005 0.3671875 0.2171875000000001 0.3671875
19 0.25468750000000007 0.3140625 0.21875 0.3140625 0.21875000000000006 0.36875 0.25468750000000007 0.36875
19 0.39375000000000004 0.32031250000000006 0.3515625 0.3203125 0.35156250000000006 0.37187500000000007 0.3937500000000001 0.37187500000000007
19 0.4375 0.3203125000000001 0.3953125 0.3203125000000001 0.39531250000000007 0.3734375000000001 0.4375 0.3734375000000001
19 0.4875 0.3261718750000001 0.43359375 0.3261718750000001 0.43359375 0.3671875000000001 0.4875 0.3671875000000001
19 0.521875 0.3199218750000001 0.480078125 0.3199218750000001 0.480078125 0.3734375000000001 0.521875 0.3734375000000001
19 0.28437500000000004 0.330859375 0.253125 0.330859375 0.25312500000000004 0.3703125 0.2843750000000001 0.3703125
19 0.34687500000000004 0.3328125 0.3140625 0.3328125 0.3140625 0.371875 0.3468750000000001 0.371875
19 0.32031250000000006 0.336328125 0.28203125 0.336328125 0.28203125000000007 0.3671875 0.3203125000000001 0.3671875
19 0.765625 0.3312500000000001 0.7171875 0.3312500000000001 0.7171875 0.3765625000000001 0.765625 0.3765625000000001
19 0.559375 0.3355468750000001 0.525390625 0.3355468750000001 0.525390625 0.3734375000000001 0.559375 0.3734375000000001
19 0.6234375 0.3343750000000001 0.5921875 0.3343750000000001 0.5921875 0.3750000000000001 0.6234375 0.3750000000000001
19 0.871875 0.3285156250000001 0.82734375 0.3285156250000001 0.82734375 0.3812500000000001 0.871875 0.3812500000000001
19 0.5953125 0.3398437500000001 0.55546875 0.3398437500000001 0.55546875 0.37187500000000007 0.5953125 0.37187500000000007
19 0.653125 0.3492187500000001 0.62890625 0.3492187500000001 0.62890625 0.3750000000000001 0.653125 0.3750000000000001
19 0.6828125 0.3515625000000001 0.65625 0.3515625000000001 0.65625 0.3750000000000001 0.6828125 0.3750000000000001
19 0.7125 0.3515625000000001 0.6859375 0.3515625000000001 0.6859375 0.3750000000000001 0.7125 0.3750000000000001