19 0.08593750000000003 0.159765625 0.007812500000000019 0.159765625 0.007812500000000028 0.2859375 0.08593750000000004 0.2859375
19 0.16875 0.1640625 0.09375000000000003 0.1640625 0.09375000000000003 0.290625 0.16875000000000004 0.290625
19 0.2515625 0.21484375 0.14921875000000004 0.21484375 0.14921875000000004 0.271875 0.2515625 0.271875
19 0.3109375 0.2140625 0.204296875 0.2140625 0.204296875 0.2734375 0.3109375 0.2734375
19 0.36875 0.21601562500000004 0.264453125 0.216015625 0.264453125 0.27343750000000006 0.36875 0.2734375000000001
19 0.59453125 0.2230468750000001 0.503125 0.2230468750000001 0.503125 0.2890625000000001 0.59453125 0.2890625000000001
19 0.6515625 0.21093750000000008 0.582421875 0.21093750000000008 0.582421875 0.3031250000000001 0.6515625 0.3031250000000001
19 0.4125 0.24062500000000003 0.341015625 0.240625 0.341015625 0.28437500000000004 0.4125 0.2843750000000001
19 0.8765625 0.2253906250000001 0.812109375 0.2253906250000001 0.812109375 0.3062500000000001 0.8765625 0.3062500000000001
19 0.8 0.2296875000000001 0.7265625 0.2296875000000001 0.7265625 0.30937500000000007 0.8 0.30937500000000007
19 0.946875 0.2296875000000001 0.884375 0.2296875000000001 0.884375 0.30937500000000007 0.946875 0.30937500000000007
19 0.7109375 0.2453125000000001 0.648046875 0.2453125000000001 0.648046875 0.2984375000000001 0.7109375 0.2984375000000001
19 0.9890625 0.27031250000000007 0.949609375 0.27031250000000007 0.949609375 0.3078125000000001 0.9890625 0.3078125000000001
19 0.778125 0.3917968750000001 0.709375 0.3917968750000001 0.709375 0.45781250000000007 0.778125 0.4578125000000002
19 0.71328125 0.39335937500000007 0.64375 0.39335937500000007 0.64375 0.459375 0.71328125 0.459375
19 0.6375 0.3921875000000001 0.565625 0.3921875000000001 0.565625 0.4609375 0.6375 0.4609375
19 0.46875 0.3937500000000001 0.3843750000000001 0.3937500000000001 0.3843750000000001 0.4625 0.46875 0.4625
19 0.559375 0.3968750000000001 0.48125 0.3968750000000001 0.48125 0.465625 0.559375 0.465625
19 0.10781250000000005 0.3984375 0.053515625000000046 0.3984375 0.05351562500000005 0.465625 0.10781250000000005 0.465625
19 0.2375000000000001 0.40546875 0.17382812500000006 0.40546875 0.17382812500000006 0.4609375 0.2375000000000001 0.4609375
19 0.3781250000000001 0.39531250000000007 0.2941406250000001 0.3953125 0.2941406250000001 0.4671875 0.3781250000000001 0.4671875
19 0.2945312500000001 0.405859375 0.22812500000000008 0.405859375 0.22812500000000008 0.45625 0.2945312500000001 0.45625
19 0.17343750000000005 0.4 0.11562500000000005 0.4 0.11562500000000005 0.4671875 0.17343750000000005 0.4671875