19 0.88032786875 0.2327868859375001 0.840163934375 0.2327868859375001 0.840163934375 0.29180327812500007 0.88032786875 0.29180327812500007
19 0.9229508203125001 0.2327868859375001 0.88032786875 0.2327868859375001 0.88032786875 0.29180327812500007 0.9229508203125001 0.29180327812500007
19 0.31967213125000005 0.3360655734375 0.272131146875 0.3360655734375 0.27213114687500006 0.4344262296875 0.31967213125000005 0.4344262296875
19 0.37868852500000005 0.3344262296875001 0.3270491796875 0.3344262296875 0.3270491796875 0.43114754062499994 0.3786885250000001 0.43114754062499994
19 0.2704918031250001 0.37213114687500004 0.2032786890625001 0.37213114687500004 0.2032786890625001 0.4336065578125 0.2704918031250001 0.4336065578125
19 0.19508196718750004 0.37213114687500004 0.13196721250000004 0.37213114687500004 0.13196721250000004 0.4336065578125 0.19508196718750004 0.4336065578125
19 0.12131147500000003 0.37213114687500004 0.059836065625000046 0.37213114687500004 0.059836065625000046 0.4360655734375 0.12131147500000003 0.4360655734375
19 0.8065573765625 0.4606557375000002 0.7319672125000001 0.4606557375000002 0.7319672125000001 0.5475409843750001 0.8065573765625 0.5475409843750001
19 0.7245901640625 0.46065573750000005 0.6524590156250001 0.46065573750000005 0.6524590156250001 0.55 0.7245901640625 0.55
19 0.647540984375 0.46065573750000005 0.572131146875 0.46065573750000005 0.572131146875 0.55163934375 0.647540984375 0.55163934375
19 0.8901639343750001 0.47213114687500013 0.8147540984375 0.47213114687500013 0.8147540984375 0.5475409843750001 0.8901639343750001 0.5475409843750001
19 0.36557377031250005 0.48524590156249997 0.3122950812500001 0.48524590156249997 0.3122950812500001 0.5557377046875 0.36557377031250005 0.5557377046875
19 0.3049180328125001 0.48524590156249997 0.2573770484375001 0.48524590156249997 0.2573770484375001 0.5549180328125 0.3049180328125001 0.5549180328125
19 0.2508196718750001 0.4868852453125 0.2032786890625001 0.4868852453125 0.2032786890625001 0.5573770484375 0.2508196718750001 0.5573770484375
19 0.19508196718750007 0.48524590156249997 0.14180327812500004 0.48524590156249997 0.14180327812500007 0.558196721875 0.1950819671875001 0.558196721875
19 0.5540983609375 0.5 0.511475409375 0.5 0.511475409375 0.5532786890625 0.5540983609375 0.5532786890625
19 0.5049180328125 0.50163934375 0.46967213125 0.50163934375 0.46967213125 0.5532786890625 0.5049180328125 0.5532786890625
19 0.4131147546875 0.5 0.3737704921875001 0.5 0.3737704921875001 0.5532786890625 0.4131147546875 0.5532786890625
19 0.46229508125 0.50163934375 0.42295082031250003 0.50163934375 0.42295082031250003 0.5557377046875 0.46229508125 0.5557377046875
19 0.2803278687500001 0.7475409843749999 0.2459016390625001 0.7475409843749999 0.2459016390625001 0.778688525 0.2803278687500001 0.778688525
19 0.2393442625000001 0.7475409843749999 0.21065573750000008 0.7475409843749999 0.21065573750000008 0.778688525 0.2393442625000001 0.778688525
19 0.2016393437500001 0.7540983609375 0.1508196718750001 0.7540983609375 0.1508196718750001 0.8122950812499999 0.2016393437500001 0.8122950812499999
19 0.2786885250000001 0.7819672125 0.2500000000000001 0.7819672125 0.2500000000000001 0.8106557375 0.2786885250000001 0.8106557375
19 0.24426229531250007 0.7819672125 0.20901639375000008 0.7819672125 0.20901639375000008 0.8106557375 0.24426229531250007 0.8106557375