19 0.6140625000000002 0.825159859375 0.5615150562500002 0.825159859375 0.5615150562500002 0.971875 0.6140625000000002 0.971875
19 0.5965062906250002 0.8752036921874999 0.45541718281250015 0.8752036921874999 0.45541718281250015 0.93125 0.5965062906250002 0.93125
19 0.4906250000000002 0.863384384375 0.4471354156250002 0.863384384375 0.4471354156250002 0.9734375 0.4906250000000002 0.9734375
19 0.4468750000000002 0.865122215625 0.3965630171875001 0.865122215625 0.3965630171875001 0.975 0.4468750000000002 0.975
19 0.1750000000000001 0.8978908828125001 0.05172235937500012 0.8978908828125001 0.05172235937500012 0.946875 0.17500000000000013 0.946875
19 0.42500000000000016 0.89432755625 0.31281714218750006 0.89432755625 0.31281714218750006 0.946875 0.42500000000000016 0.946875
19 0.08281250000000011 0.8631729578125 0.03299040781250011 0.8631729578125 0.032990407812500115 0.995186159375 0.08281250000000011 0.995186159375
19 0.3625000000000001 0.9175845718750001 0.2806904906250001 0.9175845718750001 0.2806904906250001 0.95625 0.3625000000000001 0.95625
19 0.3187500000000001 0.9193017734375 0.23329207812500008 0.9193017734375 0.23329207812500008 0.95625 0.3187500000000001 0.95625
19 0.27812500000000007 0.9204594671875 0.19364428750000012 0.9204594671875 0.19364428750000012 0.955938015625 0.27812500000000007 0.955938015625
19 0.05937500000000011 0.9370049500000001 1.1475001128027258e-16 0.9370049500000001 1.162154573179193e-16 0.9609375 0.05937500000000011 0.9609375
19 0.2140625000000001 0.9240099 0.18125000000000013 0.9240099 0.18125000000000013 0.9759901 0.2140625000000001 0.9759901
19 0.17656250000000012 0.9296875 0.14012995156250013 0.9296875 0.14012995156250013 0.984375 0.17656250000000012 0.984375
19 0.4796875 0.35459725625000005 0.4128171421875 0.35459725625000005 0.4128171421875 0.5046875 0.4796875 0.5046875
19 0.24687500000000004 0.3550536296875 0.17689511093750004 0.3550536296875 0.17689511093750004 0.5078125 0.2468750000000001 0.5078125
19 0.44375 0.39836530625000005 0.29660426875000007 0.39836530625 0.29660426875000007 0.46875 0.44375 0.46875
19 0.32500000000000007 0.3626366546875 0.2500000000000001 0.3626366546875 0.2500000000000001 0.504550846875 0.32500000000000007 0.504550846875
19 0.9625 0.4522999171875002 0.8795534234375 0.4522999171875002 0.8795534234375 0.4859375000000002 0.9625 0.4859375000000002
19 0.9203125 0.45665738437500014 0.8428939765625 0.45665738437500014 0.8428939765625 0.4859375000000002 0.9203125 0.4859375000000002
19 1 0.46372215312500015 0.9526299500000001 0.46372215312500015 0.9526299500000001 0.4781250000000002 1 0.4781250000000002
19 0.9953125 0.46332508125000016 0.9284034640625001 0.46332508125000016 0.9284034640625001 0.4968750000000002 0.9953125 0.4968750000000002
19 0.3062500000000001 0.5781559406250001 0.2299711218750001 0.5781559406250001 0.2299711218750001 0.634375 0.3062500000000001 0.634375
19 0.6640625000000001 0.6816496484375001 0.57999175 0.6816496484375001 0.5799917500000001 0.7421875 0.6640625000000002 0.7421875
19 0.5278594265625001 0.670333128125 0.4643280734375 0.670333128125 0.46432807343750004 0.75625 0.5278594265625002 0.75625
19 0.6000000000000001 0.6847875421875 0.5178295171875 0.6847875421875 0.5178295171875 0.74375 0.6000000000000002 0.74375
19 0.2765625000000001 0.670157796875 0.21250000000000008 0.670157796875 0.21250000000000008 0.7625 0.2765625000000001 0.7625
19 0.1375000000000001 0.662306621875 0.0681234531250001 0.662306621875 0.0681234531250001 0.771875 0.1375000000000001 0.771875
19 0.2062500000000001 0.6699076953125 0.1401376859375001 0.6699076953125 0.1401376859375001 0.7671875 0.2062500000000001 0.7671875