19 0.6785714281249999 0.3295454546875001 0.625 0.3295454546875001 0.625 0.3685064937500001 0.6785714281249999 0.3685064937500001
19 0.7329545453125 0.32792207812500007 0.6801948046875 0.32792207812500007 0.6801948046875 0.3693181812500001 0.7329545453125 0.3693181812500001
19 0.7857142859375 0.3295454546875001 0.7353896109375 0.3295454546875001 0.7353896109375 0.3685064937500001 0.7857142859375 0.3685064937500001
19 0.9488636359375 0.3311688312500001 0.9042207796874999 0.3311688312500001 0.9042207796874999 0.3676948046875001 0.9488636359375 0.3676948046875001
19 0.89366883125 0.3311688312500001 0.8490259734375 0.3311688312500001 0.8490259734375 0.3701298703125001 0.89366883125 0.3701298703125001
19 0.8409090906250001 0.3327922078125001 0.7970779218749999 0.3327922078125001 0.7970779218749999 0.3693181812500001 0.8409090906250001 0.3693181812500001
19 1 0.3327922078125001 0.9594155843750001 0.3327922078125001 0.9594155843750001 0.3717532468750001 1 0.3717532468750001
19 0.32224025937500006 0.33766233749999996 0.2451298703125 0.33766233749999996 0.24512987031250005 0.409090909375 0.3222402593750001 0.409090909375
19 0.40746753281250003 0.3376623375 0.32467532499999996 0.33766233749999996 0.324675325 0.409090909375 0.40746753281250003 0.409090909375
19 0.24594155781250002 0.33928571406249997 0.15746753281250006 0.33928571406249997 0.15746753281250006 0.41071428593750003 0.24594155781250007 0.41071428593750003
19 0.07305194843750004 0.33766233749999996 4.135171008119883e-17 0.33766233749999996 4.5874553347411074e-17 0.41152597343749997 0.07305194843750004 0.41152597343749997
19 0.15584415625000006 0.33928571406249997 0.07467532500000004 0.33928571406249997 0.07467532500000004 0.41071428593750003 0.15584415625000006 0.41071428593750003
19 0.48295454531250004 0.3555194812500001 0.41071428593750003 0.3555194812500001 0.41071428593750003 0.41071428593750003 0.48295454531250004 0.41071428593750003
19 0.6233766234375 0.3555194812500001 0.5568181812499999 0.3555194812500001 0.5568181812499999 0.41071428593750003 0.6233766234375 0.41071428593750003
19 0.5503246749999999 0.3538961031250001 0.483766234375 0.3538961031250001 0.483766234375 0.41152597343749997 0.5503246749999999 0.41152597343749997
19 0.6785714281249999 0.3685064937500001 0.625 0.3685064937500001 0.625 0.409902596875 0.6785714281249999 0.409902596875
19 0.7394480515625 0.3717532468750001 0.6834415578125 0.3717532468750001 0.6834415578125 0.4107142859375001 0.7394480515625 0.4107142859375002
19 0.85064935 0.3733766234375001 0.8019480515625 0.3733766234375001 0.8019480515625 0.4099025968750002 0.85064935 0.4099025968750002
19 0.9034090906250001 0.3717532468750001 0.8587662343750001 0.3717532468750001 0.8587662343750001 0.4115259734375002 0.9034090906250001 0.4115259734375002
19 0.79301948125 0.3733766234375001 0.7370129875 0.3733766234375001 0.7370129875 0.4099025968750002 0.79301948125 0.4099025968750002
19 0.9659090906250001 0.3717532468750001 0.9172077921874999 0.3717532468750001 0.9172077921874999 0.4107142859375002 0.9659090906250001 0.4107142859375002
19 1 0.3733766234375001 0.9724025968750001 0.3733766234375001 0.9724025968750001 0.4099025968750002 1 0.4099025968750002
19 0.24837662343750008 0.4626623375 0.16720779218750004 0.4626623375 0.16720779218750004 0.5202922078125 0.24837662343750008 0.5202922078125
19 0.06899350625000007 0.4626623375 5.665979507054075e-17 0.4626623375 6.018860688121476e-17 0.5202922078125 0.06899350625000007 0.5202922078125
19 0.15909090937500003 0.4626623375 0.07954545468750006 0.4626623375 0.07954545468750006 0.5202922078125 0.15909090937500003 0.5202922078125
19 0.3384740265625001 0.4626623375 0.2532467531250001 0.4626623375 0.2532467531250001 0.5211038968749999 0.3384740265625001 0.5211038968749999
19 0.434253246875 0.4626623375 0.3490259734375001 0.4626623375 0.3490259734375001 0.5235389609375 0.434253246875 0.5235389609375
19 0.6006493500000001 0.47402597343749997 0.5178571421875 0.47402597343749997 0.5178571421875 0.5227272734375 0.6006493500000001 0.5227272734375
19 0.5146103890625 0.47402597343749997 0.43181818125 0.47402597343749997 0.43181818125 0.5251623375000001 0.5146103890625 0.5251623375000001
19 0.8344155843750001 0.48051948125000016 0.7678571421875 0.48051948125000016 0.7678571421875 0.5251623375000002 0.8344155843750001 0.5251623375000002
19 0.9034090906250001 0.48051948125000016 0.8425324671875 0.48051948125000016 0.8425324671875 0.5251623375000002 0.9034090906250001 0.5251623375000002
19 0.6769480515625 0.48214285781250005 0.6103896109375 0.48214285781250005 0.6103896109375 0.5243506499999999 0.6769480515625 0.5243506499999999
19 0.759740259375 0.4837662343750001 0.6899350656250001 0.483766234375 0.6899350656250001 0.5251623375000001 0.759740259375 0.5251623375000002
19 0.9366883109374999 0.6753246750000002 0.8571428578125 0.6753246750000002 0.8571428578125 0.7305194812500002 0.9366883109374999 0.7305194812500002
19 0.8482142859374999 0.6801948046875002 0.7743506499999999 0.6801948046875002 0.77435065 0.7337662343750002 0.8482142859374999 0.7337662343750002
19 0.6810064937500001 0.6785714281249999 0.6038961031250001 0.6785714281249999 0.6038961031250001 0.7345779218749999 0.6810064937500002 0.7345779218749999
19 0.7678571421875 0.68181818125 0.6883116890625 0.6818181812499999 0.6883116890625001 0.734577921875 0.7678571421875001 0.7345779218750002
19 0.4245129875000001 0.6801948046875 0.3474025968750001 0.6801948046875 0.3474025968750001 0.7378246749999999 0.42451298750000016 0.7378246749999999
19 0.2540584421875001 0.6801948046875 0.1769480515625001 0.6801948046875 0.1769480515625001 0.7386363640625 0.2540584421875001 0.7386363640625
19 0.08685065000000008 0.6801948046875 0.014610389062500085 0.6801948046875 0.014610389062500086 0.740259740625 0.08685065000000008 0.740259740625
19 0.3409090906250001 0.6801948046875 0.2646103890625001 0.6801948046875 0.2646103890625001 0.7386363640625 0.3409090906250001 0.7386363640625
19 0.5974025968750001 0.6834415578125 0.5146103890625 0.6834415578125 0.5146103890625 0.7386363640625 0.5974025968750002 0.7386363640625
19 0.5121753250000001 0.6818181812499999 0.42694805156250004 0.6818181812499999 0.4269480515625001 0.7394480515625 0.5121753250000002 0.7394480515625
19 0.1720779218750001 0.6818181812499999 0.0957792203125001 0.6818181812499999 0.0957792203125001 0.7426948046875 0.1720779218750001 0.7426948046875
19 0.9245129875 0.7532467531250002 0.8474025968750001 0.7532467531250002 0.8474025968750001 0.8019480515625 0.9245129875 0.8019480515625
19 1 0.7483766234375002 0.9529220781250001 0.7483766234375002 0.9529220781250001 0.80600649375 1 0.80600649375
19 0.8376623375 0.7532467531250002 0.7613636359375001 0.7532467531250002 0.7613636359375001 0.8035714281249999 0.8376623375 0.8035714281249999
19 0.7589285718750002 0.7532467531250001 0.6818181812500002 0.753246753125 0.6818181812500002 0.8043831171875 0.7589285718750002 0.8043831171875
19 0.6761363640625002 0.7548701296875 0.6022727265625002 0.7548701296875 0.6022727265625002 0.8035714281249999 0.6761363640625002 0.8035714281249999
19 0.5194805187500002 0.753246753125 0.4366883109375002 0.753246753125 0.4366883109375002 0.8084415578125 0.5194805187500002 0.8084415578125
19 0.5949675328125001 0.7548701296875 0.5211038968750001 0.7548701296875 0.5211038968750001 0.8076298703125 0.5949675328125001 0.8076298703125
19 0.43506493437500016 0.7548701296875 0.3587662343750001 0.7548701296875 0.3587662343750001 0.8084415578125 0.43506493437500016 0.8084415578125
19 0.3514610390625001 0.7548701296875 0.2775974031250001 0.7548701296875 0.2775974031250001 0.8076298703125 0.3514610390625001 0.8076298703125
19 0.2702922078125001 0.7548701296875 0.1964285718750001 0.7548701296875 0.1964285718750001 0.8100649343749999 0.2702922078125001 0.8100649343749999
19 0.19074675312500008 0.75649350625 0.11363636406250008 0.75649350625 0.11363636406250008 0.8092532468750001 0.19074675312500008 0.8092532468750001
19 0.10633116875000008 0.759740259375 0.03409090937500009 0.759740259375 0.034090909375000096 0.8133116890625001 0.10633116875000008 0.8133116890625001