19 0.45 0.26054687500000007 0.416015625 0.26054687500000007 0.416015625 0.3109375000000001 0.45 0.3109375000000001
19 0.7625 0.45234375000000016 0.73671875 0.45234375000000016 0.73671875 0.4890625000000002 0.7625 0.4890625000000002
19 0.434375 0.456640625 0.3863281250000001 0.456640625 0.3863281250000001 0.5203125 0.434375 0.5203125
19 0.5015625 0.454296875 0.45859375 0.454296875 0.45859375 0.525 0.5015625 0.525
19 0.7703125 0.4878906250000002 0.7296875 0.4878906250000002 0.7296875 0.5109375000000002 0.7703125 0.5109375000000002
19 0.5890625 0.52265625 0.529296875 0.52265625 0.529296875 0.596875 0.5890625 0.596875
19 0.7515625 0.534375 0.702734375 0.534375 0.702734375 0.5875000000000001 0.7515625 0.5875000000000001
19 0.6484375 0.540625 0.591796875 0.540625 0.591796875 0.58515625 0.6484375 0.58515625
19 0.696875 0.534375 0.6484375 0.534375 0.6484375 0.590625 0.696875 0.590625
19 0.3343750000000001 0.54140625 0.2773437500000001 0.54140625 0.2773437500000001 0.5875 0.3343750000000001 0.5875
19 0.2656250000000001 0.528125 0.2058593750000001 0.528125 0.2058593750000001 0.60390625 0.2656250000000001 0.60390625
19 0.3750000000000001 0.55078125 0.3335937500000001 0.55078125 0.3335937500000001 0.5875 0.3750000000000001 0.5875
19 0.5125 0.55 0.471484375 0.55 0.471484375 0.58828125 0.5125 0.58828125
19 0.425 0.549609375 0.3828125000000001 0.549609375 0.3828125000000001 0.5890625 0.425 0.5890625
19 0.4703125 0.5484375 0.4328125 0.5484375 0.4328125 0.590625 0.4703125 0.590625
19 0.15000000000000008 0.550390625 0.10937500000000008 0.550390625 0.10937500000000008 0.5921875 0.15000000000000008 0.5921875
19 0.19687500000000008 0.55234375 0.15234375000000008 0.55234375 0.15234375000000008 0.5921875 0.19687500000000008 0.5921875
19 0.7875 0.6234375000000001 0.71875 0.6234375 0.71875 0.6703125000000001 0.7875 0.6703125000000002