19 0.34843750000000007 0.846875 0.31718750000000007 0.846875 0.31718750000000007 0.8828125 0.34843750000000007 0.8828125
19 0.2812500000000001 0.85234375 0.24023437500000008 0.85234375 0.24023437500000008 0.8796875 0.2812500000000001 0.8796875
19 0.3125000000000001 0.850390625 0.2796875000000001 0.850390625 0.2796875000000001 0.8828125 0.3125000000000001 0.8828125
19 0.24218750000000008 0.842578125 0.2160156250000001 0.842578125 0.2160156250000001 0.8921875 0.24218750000000008 0.8921875
19 0.4031250000000002 0.8390625 0.3687500000000001 0.8390625 0.3687500000000001 0.896875 0.4031250000000002 0.896875
19 0.10781250000000009 0.853125 0.08085937500000011 0.853125 0.08085937500000011 0.89375 0.10781250000000009 0.89375
19 0.1859375000000001 0.857421875 0.1429687500000001 0.857421875 0.1429687500000001 0.8921875 0.1859375000000001 0.8921875
19 0.1453125000000001 0.85625 0.11132812500000008 0.85625 0.11132812500000008 0.896875 0.1453125000000001 0.896875
19 0.125 0.05781250000000001 0.086328125 0.0578125 0.086328125 0.134375 0.125 0.134375
19 0.2046875 0.057812500000000024 0.1671875 0.057812500000000024 0.1671875 0.13437500000000002 0.2046875 0.13437500000000005
19 0.08593750000000001 0.057421875 0.04648437500000001 0.057421875 0.04648437500000001 0.1328125 0.08593750000000003 0.1328125
19 0.2421875 0.05898437500000002 0.204296875 0.05898437500000002 0.204296875 0.13281250000000006 0.2421875 0.13281250000000006
19 0.1828125 0.07734375000000002 0.11015625 0.07734375000000002 0.11015625 0.11406250000000002 0.1828125 0.11406250000000004
19 0.28125 0.06289062500000003 0.24375 0.06289062500000002 0.24375 0.13281250000000006 0.28125 0.13281250000000006
19 0.3359375 0.08242187500000003 0.26796875 0.08242187500000002 0.26796875 0.11718750000000004 0.3359375 0.11718750000000004
19 0.3984375 0.06562500000000004 0.3609375 0.06562500000000004 0.3609375 0.13437500000000005 0.3984375 0.13437500000000005
19 0.4375 0.06562500000000004 0.3984375 0.06562500000000004 0.3984375 0.13437500000000005 0.4375 0.13437500000000005
19 0.3578125 0.07031250000000004 0.320703125 0.07031250000000004 0.320703125 0.13437500000000005 0.3578125 0.13437500000000005
19 0.237109375 0.304296875 0.15039062500000006 0.304296875 0.15039062500000006 0.3265625 0.237109375 0.3265625
19 0.08437500000000003 0.271875 0.059375000000000025 0.271875 0.05937500000000003 0.359375 0.08437500000000005 0.359375
19 0.14531250000000004 0.303125 0.057812500000000044 0.303125 0.057812500000000044 0.328125 0.14531250000000004 0.328125
19 0.20625 0.301953125 0.12187500000000004 0.301953125 0.12187500000000004 0.3265625 0.20625 0.3265625
19 0.17500000000000004 0.30390625 0.08867187500000004 0.30390625 0.08867187500000004 0.3265625 0.17500000000000004 0.3265625
19 0.384375 0.30390625000000004 0.318359375 0.30390625 0.318359375 0.34218750000000003 0.384375 0.3421875000000001
19 0.346875 0.304296875 0.27890625 0.304296875 0.27890625 0.3390625 0.346875 0.3390625
19 0.25625 0.291015625 0.215625 0.291015625 0.215625 0.35625 0.25625 0.35625
19 0.303125 0.309375 0.243359375 0.309375 0.243359375 0.34375 0.303125 0.34375
19 0.18125000000000005 0.484375 0.10781250000000005 0.484375 0.10781250000000005 0.5046875 0.18125000000000005 0.5046875
19 0.08125000000000007 0.4578125 0.05937500000000007 0.4578125 0.05937500000000007 0.53125 0.08125000000000007 0.53125
19 0.10625000000000004 0.4578125 0.08437500000000006 0.4578125 0.08437500000000006 0.53125 0.10625000000000004 0.53125
19 0.15742187500000004 0.481640625 0.08320312500000007 0.481640625 0.08320312500000007 0.503125 0.15742187500000004 0.503125
19 0.3703125000000001 0.4625 0.3441406250000001 0.4625 0.3441406250000001 0.5296875 0.3703125000000001 0.5296875
19 0.33281250000000007 0.48203125 0.2648437500000001 0.48203125 0.2648437500000001 0.5078125 0.33281250000000007 0.5078125
19 0.2828125000000001 0.4609375 0.2542968750000001 0.4609375 0.2542968750000001 0.5296875 0.2828125000000001 0.5296875
19 0.3984375000000001 0.4625 0.37187500000000007 0.4625 0.37187500000000007 0.528125 0.3984375000000001 0.528125
19 0.3593750000000001 0.483984375 0.2953125000000001 0.483984375 0.2953125000000001 0.5078125 0.3593750000000001 0.5078125
19 0.2390625000000001 0.483203125 0.17500000000000004 0.483203125 0.17500000000000004 0.509375 0.2390625000000001 0.509375
19 0.18593750000000003 0.4625 0.15976562500000005 0.4625 0.15976562500000005 0.528125 0.18593750000000003 0.528125
19 0.2695312500000001 0.483984375 0.20312500000000008 0.483984375 0.20312500000000008 0.509375 0.2695312500000001 0.509375
19 0.3531250000000001 0.658984375 0.3050781250000001 0.658984375 0.3050781250000001 0.6796875 0.3531250000000001 0.6796875
19 0.2906250000000001 0.646875 0.2671875000000001 0.646875 0.2671875000000001 0.6953125 0.2906250000000001 0.6953125
19 0.3281250000000001 0.66015625 0.2804687500000001 0.66015625 0.2804687500000001 0.68125 0.3281250000000001 0.68125
19 0.27812500000000007 0.66015625 0.2308593750000001 0.66015625 0.2308593750000001 0.68125 0.27812500000000007 0.68125
19 0.24375000000000008 0.6484375 0.2218750000000001 0.6484375 0.2218750000000001 0.696875 0.24375000000000008 0.696875
19 0.1843750000000001 0.665625 0.13281250000000008 0.665625 0.13281250000000008 0.6828125 0.1843750000000001 0.6828125
19 0.2328125000000001 0.662890625 0.1843750000000001 0.662890625 0.1843750000000001 0.6828125 0.2328125000000001 0.6828125
19 0.1437500000000001 0.648046875 0.12695312500000008 0.648046875 0.12695312500000008 0.6984375 0.1437500000000001 0.6984375
19 0.13867187500000008 0.664453125 0.08789062500000008 0.664453125 0.08789062500000008 0.68125 0.13867187500000008 0.68125
19 0.0984375000000001 0.665625 0.046875000000000076 0.665625 0.04687500000000008 0.6828125 0.0984375000000001 0.6828125
19 0.2093750000000001 0.6640625 0.15625000000000008 0.6640625 0.15625000000000008 0.6859375 0.2093750000000001 0.6859375
19 0.11718750000000008 0.664453125 0.06679687500000009 0.664453125 0.06679687500000009 0.6828125 0.11718750000000008 0.6828125
19 0.41328125 0.669921875 0.3843750000000001 0.669921875 0.3843750000000001 0.6859375 0.41328125 0.6859375
19 0.36406250000000007 0.664453125 0.3472656250000001 0.664453125 0.3472656250000001 0.6921875 0.36406250000000007 0.6921875
19 0.428125 0.664453125 0.409375 0.664453125 0.409375 0.6921875 0.428125 0.6921875
19 0.46875 0.6640625 0.4515625 0.6640625 0.4515625 0.6953125 0.46875 0.6953125
19 0.45 0.665234375 0.4328125 0.665234375 0.4328125 0.6921875 0.45 0.6921875
19 0.3937500000000001 0.6703125 0.3644531250000001 0.6703125 0.3644531250000001 0.6875 0.3937500000000001 0.6875