19 0.7273437500000002 0.803125 0.6421875000000001 0.803125 0.6421875000000001 0.89453125 0.7273437500000002 0.89453125
19 0.83125 0.8046875 0.7359375000000001 0.8046875 0.7359375000000001 0.896875 0.83125 0.896875
19 0.934375 0.803125 0.8421875 0.803125 0.8421875 0.8953125 0.934375 0.8953125
19 0.6320312500000002 0.8046875 0.5468750000000002 0.8046875 0.5468750000000002 0.8921875 0.6320312500000002 0.8921875
19 0.1468750000000001 0.8203125 0.07343750000000011 0.8203125 0.07343750000000011 0.8875 0.1468750000000001 0.8875
19 0.2195312500000001 0.8203125 0.14843750000000008 0.8203125 0.14843750000000008 0.88984375 0.2195312500000001 0.88984375
19 0.3007812500000001 0.8203125 0.22031250000000008 0.8203125 0.22031250000000008 0.8921875 0.3007812500000001 0.8921875
19 0.3671875000000001 0.8234375 0.3046875000000001 0.8234375 0.3046875000000001 0.8921875 0.3671875000000001 0.8921875
19 0.45234375000000016 0.8234375 0.3781250000000001 0.8234375 0.3781250000000001 0.89296875 0.45234375000000016 0.89296875
19 0.5335937500000002 0.821875 0.46406250000000016 0.821875 0.46406250000000016 0.89296875 0.5335937500000002 0.89296875
19 0.3929687500000001 0.6171875 0.3531250000000001 0.6171875 0.3531250000000001 0.646875 0.3929687500000001 0.646875
19 0.44140625 0.615625 0.403125 0.615625 0.403125 0.6484375 0.44140625 0.6484375
19 0.94765625 0.5906250000000002 0.871875 0.5906250000000002 0.871875 0.6750000000000002 0.94765625 0.6750000000000002
19 0.49453125 0.615625 0.45625 0.615625 0.45625 0.65078125 0.49453125 0.65078125
19 0.3515625000000001 0.61875 0.3031250000000001 0.61875 0.3031250000000001 0.65 0.3515625000000001 0.65
19 0.79609375 0.6109375000000001 0.73125 0.6109375000000001 0.73125 0.6906250000000002 0.79609375 0.6906250000000002
19 0.86796875 0.6125000000000002 0.8015625 0.6125000000000002 0.8015625 0.6867187500000002 0.86796875 0.6867187500000002
19 0.72265625 0.63125 0.66875 0.63125 0.66875 0.6875 0.72265625 0.6875
19 0.65625 0.6296875 0.6078125 0.6296875 0.6078125 0.68828125 0.65625 0.68828125
19 0.53828125 0.6296875 0.4890625 0.6296875 0.4890625 0.690625 0.53828125 0.690625
19 0.59609375 0.6296875 0.5515625 0.6296875 0.5515625 0.68828125 0.59609375 0.68828125
19 0.3312500000000001 0.65625 0.2906250000000001 0.65625 0.2906250000000001 0.6859375 0.3312500000000001 0.6859375
19 0.3812500000000001 0.659375 0.3390625000000001 0.659375 0.3390625000000001 0.6859375 0.3812500000000001 0.6859375
19 0.434375 0.6609375 0.38750000000000007 0.6609375 0.38750000000000007 0.6859375 0.434375 0.6859375
19 0.48125 0.6640625 0.4390625 0.6640625 0.4390625 0.6890625 0.48125 0.6890625