19 0.340625 0.061271618750000034 0.2672169796875 0.06127161875000002 0.2672169796875 0.08878734218750003 0.340625 0.08878734218750003
19 0.2875 0.039229559375000035 0.259674725 0.039229559375000035 0.259674725 0.11077043906250003 0.2875 0.11077043906250003
19 0.3703125 0.06406250000000005 0.29765625 0.06406250000000005 0.29765625 0.09062500000000004 0.3703125 0.09062500000000004
19 0.3625000000000001 0.8143671375 0.33281250000000007 0.8143671375 0.33281250000000007 0.8418828609375 0.3625000000000001 0.8418828609375
19 0.21875000000000008 0.8140625 0.1906250000000001 0.8140625 0.1906250000000001 0.84375 0.21875000000000008 0.84375
19 0.4234375000000002 0.8149616749999999 0.3960593562500001 0.8149616749999999 0.3960593562500001 0.84375 0.4234375000000002 0.84375
19 0.32500000000000007 0.813689071875 0.2964966593750001 0.813689071875 0.2964966593750001 0.846875 0.32500000000000007 0.846875
19 0.3937500000000001 0.8160131671874999 0.36489288437500006 0.8160131671874999 0.36489288437500006 0.84510121875 0.3937500000000001 0.84510121875
19 0.2906250000000001 0.815924725 0.2565300703125001 0.815924725 0.2565300703125001 0.845012775 0.2906250000000001 0.845012775
19 0.25468750000000007 0.8181259828125 0.2247838046875001 0.8181259828125 0.2247838046875001 0.846875 0.25468750000000007 0.846875
19 0.3046875000000001 0.853409984375 0.2718750000000001 0.853409984375 0.2718750000000001 0.8872150156249999 0.3046875000000001 0.8872150156249999
19 0.3390625000000001 0.8546875 0.30421088906250005 0.8546875 0.30421088906250005 0.884375 0.3390625000000001 0.884375
19 0.4281250000000002 0.8553213453125 0.40080581875000015 0.8553213453125 0.40080581875000015 0.8859375 0.4281250000000002 0.8859375
19 0.2747395828125001 0.8545204406250001 0.23700373437500008 0.8545204406250001 0.23700373437500008 0.8875 0.2747395828125001 0.8875
19 0.3671875000000001 0.854137184375 0.3371167453125001 0.854137184375 0.3371167453125001 0.8875 0.3671875000000001 0.8875
19 0.2062500000000001 0.8521766906250001 0.1781250000000001 0.8521766906250001 0.1781250000000001 0.8890625 0.2062500000000001 0.8890625
19 0.40134630468750015 0.8569772 0.3683274375000001 0.8569772 0.3683274375000001 0.8890625 0.40134630468750015 0.8890625
19 0.2406250000000001 0.8582547171874999 0.2083235062500001 0.8582547171874999 0.2083235062500001 0.8890625 0.2406250000000001 0.8890625
19 0.4281250000000002 0.9035819578125001 0.3925265328125001 0.9035819578125001 0.3925265328125001 0.9328125 0.4281250000000002 0.9328125
19 0.38750000000000007 0.90555228125 0.35886890625000006 0.90555228125 0.35886890625000006 0.9328125 0.38750000000000007 0.9328125
19 0.3500000000000001 0.90315448125 0.3218750000000001 0.90315448125 0.3218750000000001 0.9359375 0.3500000000000001 0.9359375
19 0.2750000000000001 0.90597975625 0.2484375000000001 0.90597975625 0.2484375000000001 0.934375 0.2750000000000001 0.934375
19 0.1984375000000001 0.90625 0.1742236640625001 0.90625 0.17422366406250012 0.9390625 0.19843750000000013 0.9390625
19 0.3125000000000001 0.907330975 0.2812500000000001 0.907330975 0.2812500000000001 0.934375 0.3125000000000001 0.934375
19 0.2390625000000001 0.9069919421874999 0.21099646093750007 0.9069919421874999 0.21099646093750007 0.9390625 0.2390625000000001 0.9390625
19 0.803125 0.1625000000000001 0.778125 0.1625000000000001 0.778125 0.21250000000000008 0.803125 0.21250000000000008
19 0.78125 0.19352397812500008 0.7484375 0.19352397812500008 0.7484375 0.2640625000000001 0.78125 0.2640625000000001
19 0.759375 0.21477496250000008 0.6909198109375 0.21477496250000008 0.6909198109375 0.2468750000000001 0.759375 0.2468750000000001
19 0.703125 0.19643278437500009 0.6725727203125 0.19643278437500009 0.6725727203125 0.2671875000000001 0.703125 0.2671875000000001
19 0.821875 0.22474940937500007 0.7724695359375 0.22474940937500007 0.7724695359375 0.2531250000000001 0.821875 0.2531250000000001
19 0.5545057 0.3051444578125001 0.48125 0.3051444578125001 0.48125 0.3625000000000001 0.5545057 0.3625000000000001
19 0.496875 0.3080286937500001 0.4234866359375 0.3080286937500001 0.4234866359375 0.3609375000000001 0.496875 0.3609375000000001
19 0.4015625 0.3168681218750001 0.3342669015625 0.316868121875 0.3342669015625 0.35468750000000004 0.4015625 0.3546875000000001
19 0.6046875 0.3036065234375001 0.55237814375 0.3036065234375001 0.55237814375 0.3687500000000001 0.6046875 0.3687500000000001
19 0.315625 0.3162342765625 0.2466145828125 0.3162342765625 0.2466145828125 0.35625 0.315625 0.35625
19 0.359375 0.316902515625 0.290335103125 0.316902515625 0.290335103125 0.35625 0.359375 0.35625
19 0.21406250000000004 0.3024272796875 0.17260711406250004 0.3024272796875 0.17260711406250004 0.3703125 0.2140625000000001 0.3703125
19 0.4296875 0.3032969718750001 0.39167158125 0.3032969718750001 0.39167158125000007 0.3732655281250001 0.4296875 0.3732655281250001
19 0.25625000000000003 0.305586675 0.21808667499999998 0.305586675 0.21808667500000004 0.371875 0.2562500000000001 0.371875
19 0.4921875 0.428125 0.42727004687500003 0.428125 0.42727004687500003 0.4498329390625 0.4921875 0.4498329390625
19 0.4421875 0.40917354531249994 0.42180621093750004 0.40917354531249994 0.42180621093750004 0.471875 0.4421875 0.471875
19 0.496875 0.41001375624999997 0.4763364765625 0.41001375624999997 0.4763364765625 0.471875 0.496875 0.471875
19 0.6728233109375 0.4125 0.6193641890625 0.4125 0.6193641890625 0.471875 0.6728233109375 0.471875
19 0.43125 0.4267246453125 0.3675756687500001 0.4267246453125 0.3675756687500001 0.4609375 0.43125 0.4609375
19 0.571875 0.4321246078125 0.5110505109375 0.4321246078125 0.5110505109375 0.45625 0.571875 0.45625
19 0.7265625 0.4140625000000001 0.6742236625 0.4140625 0.6742236625 0.4718750000000001 0.7265625 0.47187500000000016
19 0.6171875 0.4187942203125 0.5600972875 0.4187942203125 0.5600972875 0.46875 0.6171875 0.46875
19 0.3843750000000001 0.4238698890625 0.3227692609375001 0.4238698890625 0.3227692609375001 0.465625 0.3843750000000001 0.465625
19 0.5421875 0.43208529687499997 0.484375 0.43208529687499997 0.484375 0.45625 0.5421875 0.45625
19 0.34062500000000007 0.42647897031250004 0.2782478375000001 0.42647897031250004 0.2782478375000001 0.4640625 0.34062500000000007 0.4640625
19 0.34062500000000007 0.516902515625 0.2835544421875001 0.516902515625 0.2835544421875001 0.5625 0.34062500000000007 0.5625
19 0.28593750000000007 0.515005896875 0.2343995671875001 0.515005896875 0.2343995671875001 0.5703125 0.28593750000000007 0.5703125
19 0.3687500000000001 0.5207104953125 0.3371216578125001 0.5207104953125 0.3371216578125001 0.565625 0.3687500000000001 0.565625
19 0.4025894265625 0.5207104953125 0.37114288593750006 0.5207104953125 0.37114288593750006 0.565625 0.4025894265625 0.565625
19 0.5046875 0.5237028296874999 0.47646914218749997 0.5237028296874999 0.47646914218749997 0.5625 0.5046875 0.5625
19 0.4375 0.5207104953125 0.40556702187499993 0.5207104953125 0.40556702187499993 0.565625 0.4375 0.565625
19 0.22812500000000008 0.51875 0.17343750000000005 0.51875 0.17343750000000008 0.571875 0.22812500000000008 0.571875
19 0.471875 0.523476809375 0.4431358109375 0.523476809375 0.4431358109375 0.565625 0.471875 0.565625
19 0.428125 0.61938384375 0.3983392296875001 0.61938384375 0.3983392296875001 0.66655365625 0.428125 0.66655365625
19 0.4640625 0.621192021875 0.4320705578125 0.621192021875 0.4320705578125 0.6683618328125001 0.4640625 0.6683618328125001
19 0.4 0.6281593953125 0.3544418234375001 0.6281593953125 0.3544418234375001 0.659375 0.4 0.659375
19 0.33241941718750007 0.63008058125 0.2836772796875001 0.63008058125 0.2836772796875001 0.6609375 0.33241941718750007 0.6609375
19 0.3590900156250001 0.62094143125 0.3252849843750001 0.62094143125 0.3252849843750001 0.66968356875 0.3590900156250001 0.66968356875
19 0.2968750000000001 0.6322277921875 0.2522061703125001 0.6322277921875 0.2522061703125001 0.6640625 0.2968750000000001 0.6640625
19 0.2515625000000001 0.6264200078125 0.2202093156250001 0.6264200078125 0.2202093156250001 0.6703125 0.2515625000000001 0.6703125
19 0.2234375000000001 0.634375 0.1794860453125001 0.634375 0.1794860453125001 0.6625 0.2234375000000001 0.6625
19 0.5281250000000001 0.721875 0.4859375 0.721875 0.4859375000000001 0.778125 0.5281250000000002 0.778125
19 0.4812500000000002 0.730065840625 0.42884237343750015 0.730065840625 0.42884237343750015 0.771875 0.4812500000000002 0.771875
19 0.24530267343750006 0.7301641109375 0.1863404093750001 0.7301641109375 0.1863404093750001 0.775 0.24530267343750006 0.775
19 0.2890625000000001 0.7328125 0.2328125000000001 0.7328125 0.2328125000000001 0.7734375 0.2890625000000001 0.7734375
19 0.4343750000000002 0.7301592 0.38009040937500005 0.7301592 0.38009040937500005 0.7734375 0.4343750000000002 0.7734375
19 0.3359375000000001 0.7330876578125001 0.2841686328125001 0.7330876578125001 0.2841686328125001 0.7763266515625 0.3359375000000001 0.7763266515625
19 0.3843750000000001 0.7331957546875 0.3337608093750001 0.7331957546875 0.3337608093750001 0.7764347500000001 0.3843750000000001 0.7764347500000001
19 0.375 0.03623231093750005 0.350555228125 0.03623231093750005 0.350555228125 0.11091784531250004 0.375 0.11091784531250004
19 0.2546875 0.03750000000000003 0.231171384375 0.03750000000000003 0.231171384375 0.10937500000000004 0.2546875 0.10937500000000004
19 0.21875 0.05972877343750003 0.149297365625 0.05972877343750003 0.149297365625 0.08750000000000002 0.21875 0.08750000000000002
19 0.2265625 0.039386793750000024 0.201036753125 0.039386793750000024 0.201036753125 0.11092767343750005 0.2265625 0.11092767343750005