19 0.1296875 0.09257812500000001 0.01875000000000001 0.092578125 0.018750000000000017 0.175 0.1296875 0.175
19 0.2015625 0.08437500000000002 0.11875 0.08437500000000002 0.11875000000000002 0.18906250000000002 0.2015625 0.18906250000000005
19 0.5984375 0.10976562500000006 0.49375 0.10976562500000005 0.49375 0.17343750000000008 0.5984375 0.17343750000000008
19 0.6671875 0.1082031250000001 0.562109375 0.1082031250000001 0.562109375 0.17773437500000008 0.6671875 0.17773437500000008
19 0.7765625 0.10312500000000009 0.7046875 0.10312500000000009 0.7046875 0.19687500000000008 0.7765625 0.19687500000000008
19 0.509375 0.12500000000000006 0.4375 0.12500000000000006 0.4375 0.19375000000000003 0.509375 0.19375000000000003
19 0.4421875 0.13867187500000006 0.37890625 0.13867187500000006 0.37890625 0.18437500000000004 0.4421875 0.18437500000000004
19 0.3875 0.12968750000000004 0.3390625 0.12968750000000004 0.3390625 0.19687500000000005 0.3875 0.19687500000000005
19 0.54375 0.465625 0.475 0.465625 0.475 0.5234375 0.54375 0.5234375
19 0.47421875 0.463671875 0.4140625 0.463671875 0.4140625 0.5234375 0.47421875 0.5234375
19 0.6078125 0.466015625 0.548828125 0.466015625 0.548828125 0.525 0.6078125 0.525
19 0.3687500000000001 0.4671875 0.32500000000000007 0.4671875 0.32500000000000007 0.525 0.3687500000000001 0.525
19 0.4125 0.4671875 0.3734375000000001 0.4671875 0.3734375000000001 0.525 0.4125 0.525
19 0.14843750000000006 0.4921875 0.11132812500000004 0.4921875 0.11132812500000004 0.525 0.14843750000000006 0.525
19 0.10625000000000004 0.48828125 0.07421875000000007 0.48828125 0.07421875000000007 0.525 0.10625000000000004 0.525