19 0.7375 0.43731398750000006 0.562524803125 0.43731398749999995 0.562524803125 0.4843750000000001 0.7375 0.48437500000000017
19 0.8311755953125 0.42500000000000016 0.7906994046875 0.42500000000000016 0.7906994046875 0.5453125000000002 0.8311755953125 0.5453125000000002
19 0.784375 0.42595485937500016 0.7466889890624999 0.42595485937500016 0.7466889890624999 0.5453125000000002 0.784375 0.5453125000000002
19 0.34062500000000007 0.6273809515625001 0.2919146812500001 0.6273809515625001 0.2919146812500001 0.8234375 0.34062500000000007 0.8234375
19 0.9984375 0.6348958328125002 0.9248015875 0.6348958328125002 0.9248015875 0.8182291671874999 0.9984375 0.8182291671874999
19 0.9171875 0.6510912703125002 0.8278025796874999 0.6510912703125002 0.8278025796874999 0.809375 0.9171875 0.809375
19 0.4921875000000001 0.6517981171875 0.4099578390625 0.6517981171875 0.4099578390625001 0.821875 0.49218750000000017 0.821875
19 0.8484375 0.7128100203125001 0.7154017859375 0.7128100203125001 0.7154017859375001 0.7953125000000001 0.8484375 0.7953125000000002
19 0.2734375000000001 0.7240823421875 0.10942460312500009 0.7240823421875 0.10942460312500009 0.7859375 0.2734375000000001 0.7859375
19 0.4093750000000001 0.6890625 0.3437500000000001 0.6890625 0.3437500000000001 0.8296875 0.40937500000000016 0.8296875
19 0.7390625000000001 0.7029885906250001 0.6875124015625 0.702988590625 0.6875124015625002 0.821875 0.7390625000000002 0.821875
19 0.2793154765625001 0.7142981140625 0.22693452343750006 0.7142981140625 0.22693452343750006 0.8328125 0.2793154765625001 0.8328125
19 0.1593750000000001 0.7550347234375 0.1192956359375001 0.7550347234375 0.1192956359375001 0.8265625 0.1593750000000001 0.8265625