19 0.403125 0.6109375 0.3300781250000001 0.6109375 0.3300781250000001 0.7125 0.403125 0.7125
19 0.30156250000000007 0.60859375 0.2257812500000001 0.60859375 0.2257812500000001 0.7078125 0.30156250000000007 0.7078125
19 0.09218750000000007 0.603125 0.013671875000000073 0.603125 0.013671875000000078 0.70078125 0.09218750000000009 0.70078125
19 0.21250000000000008 0.6171875 0.10781250000000009 0.6171875 0.10781250000000009 0.69375 0.21250000000000008 0.69375
19 0.525 0.61640625 0.462109375 0.61640625 0.462109375 0.721875 0.525 0.721875
19 0.8890625 0.6363281250000001 0.7859375 0.6363281250000001 0.7859375 0.7000000000000002 0.8890625 0.7000000000000002
19 0.66875 0.643359375 0.5640625 0.643359375 0.5640625 0.7015625 0.66875 0.7015625
19 0.775 0.64375 0.669140625 0.64375 0.669140625 0.7046875000000001 0.775 0.7046875000000001
19 0.984375 0.6210937500000002 0.917578125 0.6210937500000002 0.917578125 0.7171875000000002 0.984375 0.7171875000000002
19 0.2171875000000001 0.7359375 0.12070312500000009 0.7359375 0.12070312500000009 0.8 0.2171875000000001 0.8
19 0.0984375000000001 0.71875 0.03593750000000009 0.71875 0.035937500000000094 0.81875 0.09843750000000011 0.81875
19 0.3046875000000001 0.71875 0.2433593750000001 0.71875 0.2433593750000001 0.8203125 0.3046875000000001 0.8203125
19 0.4140625000000001 0.721484375 0.35039062500000007 0.721484375 0.35039062500000007 0.8234375 0.41406250000000017 0.8234375
19 0.5062500000000002 0.735546875 0.4460937500000002 0.735546875 0.4460937500000002 0.8078125 0.5062500000000002 0.8078125
19 0.5843750000000002 0.73984375 0.5277343750000002 0.73984375 0.5277343750000002 0.8140625 0.5843750000000002 0.8140625
19 0.6718750000000002 0.7375 0.6144531250000002 0.7375 0.6144531250000002 0.8171875 0.6718750000000002 0.8171875
19 0.7609375000000002 0.7375 0.7035156250000002 0.7375 0.7035156250000002 0.8171875 0.7609375000000002 0.8171875
19 0.86875 0.7562500000000002 0.7875000000000002 0.7562500000000002 0.7875000000000002 0.809375 0.86875 0.809375
19 0.9625 0.2531250000000001 0.894140625 0.2531250000000001 0.894140625 0.3281250000000001 0.9625 0.3281250000000001
19 0.8734375 0.2578125000000001 0.798828125 0.2578125000000001 0.798828125 0.32500000000000007 0.8734375 0.32500000000000007
19 0.259375 0.25 0.17968750000000006 0.25 0.17968750000000006 0.334375 0.259375 0.334375
19 0.16718750000000004 0.251171875 0.09062500000000002 0.251171875 0.09062500000000004 0.3328125 0.16718750000000004 0.3328125
19 0.07968750000000004 0.251171875 3.075968327545891e-17 0.251171875 3.5758729779790885e-17 0.3328125 0.07968750000000005 0.3328125
19 0.78125 0.2597656250000001 0.7125 0.2597656250000001 0.7125 0.32500000000000007 0.78125 0.32500000000000007
19 0.6921875 0.2578125000000001 0.624609375 0.2578125000000001 0.624609375 0.3320312500000001 0.6921875 0.3320312500000001
19 0.3953125 0.26445312500000007 0.32421875 0.264453125 0.32421875 0.32500000000000007 0.3953125 0.32500000000000007
19 0.3171875 0.2609375 0.264453125 0.2609375 0.264453125 0.33125 0.3171875 0.33125
19 0.5984375 0.26054687500000007 0.53515625 0.26054687500000007 0.53515625 0.3312500000000001 0.5984375 0.3312500000000001
19 0.4484375 0.2843750000000001 0.4 0.2843750000000001 0.4 0.3281250000000001 0.4484375 0.3281250000000001
19 0.509375 0.2828125000000001 0.4640625 0.2828125000000001 0.4640625 0.3296875000000001 0.509375 0.3296875000000001
19 1 0.3890625000000001 0.9515625 0.3890625000000001 0.9515625 0.4156250000000002 1 0.4156250000000002
19 0.7890625 0.38750000000000007 0.7203125 0.38750000000000007 0.7203125 0.4593750000000001 0.7890625 0.4593750000000002
19 0.8625 0.40351562500000016 0.8125 0.40351562500000016 0.8125 0.4593750000000002 0.8625 0.4593750000000002
19 0.6953125 0.3960937500000001 0.643359375 0.3960937500000001 0.643359375 0.46875 0.6953125 0.46875
19 0.9359375 0.4031250000000002 0.888671875 0.4031250000000002 0.888671875 0.4632812500000002 0.9359375 0.4632812500000002
19 0.434375 0.3968750000000001 0.38750000000000007 0.3968750000000001 0.38750000000000007 0.46875 0.434375 0.46875
19 0.5234375 0.3964843750000001 0.473046875 0.3964843750000001 0.473046875 0.46875 0.5234375 0.46875
19 0.3609375000000001 0.4109375 0.2792968750000001 0.4109375 0.2792968750000001 0.459375 0.3609375000000001 0.459375
19 0.60625 0.3976562500000001 0.56015625 0.3976562500000001 0.56015625 0.4734375 0.60625 0.4734375
19 0.2515625000000001 0.409375 0.2121093750000001 0.409375 0.2121093750000001 0.46796875 0.2515625000000001 0.46796875
19 0.18437500000000004 0.41875 0.12812500000000004 0.41875 0.12812500000000004 0.459375 0.18437500000000004 0.459375
19 0.05000000000000006 0.415234375 0.005468750000000052 0.415234375 0.005468750000000054 0.4625 0.050000000000000065 0.4625
19 0.11406250000000004 0.417578125 0.06093750000000005 0.417578125 0.060937500000000054 0.4609375 0.11406250000000004 0.4609375
19 1 0.4285156250000002 0.946875 0.4285156250000002 0.946875 0.4546875000000002 1 0.4546875000000002
19 0.6703125 0.502734375 0.565234375 0.502734375 0.565234375 0.5765625 0.6703125 0.5765625
19 0.896875 0.4828125000000002 0.824609375 0.4828125000000002 0.824609375 0.5960937500000002 0.896875 0.5960937500000002
19 0.18750000000000006 0.484375 0.11054687500000004 0.484375 0.11054687500000007 0.58984375 0.18750000000000008 0.58984375
19 0.10781250000000006 0.5015625 0.004687500000000061 0.5015625 0.004687500000000066 0.5734375 0.10781250000000009 0.5734375
19 0.9984375 0.5062500000000002 0.923828125 0.5062500000000002 0.923828125 0.5781250000000002 0.9984375 0.5781250000000002
19 0.773046875 0.4847656250000001 0.698828125 0.484765625 0.698828125 0.6000000000000001 0.773046875 0.6000000000000002
19 0.2968750000000001 0.48359375 0.2214843750000001 0.48359375 0.2214843750000001 0.5890625 0.2968750000000001 0.5890625
19 0.528125 0.5 0.423828125 0.5 0.423828125 0.5765625 0.528125 0.5765625
19 0.4203125 0.5 0.3144531250000001 0.5 0.3144531250000001 0.575 0.4203125 0.575