19 0.10062893125000005 0.35062893125 0.007861635937500042 0.35062893125 0.00786163593750005 0.46462264218750005 0.10062893125000005 0.46462264218750005
19 0.16902515781250005 0.377358490625 0.10220125781250004 0.377358490625 0.10220125781250004 0.46698113281250003 0.16902515781250005 0.46698113281250003
19 0.4323899375 0.38679245312500005 0.3584905656250001 0.386792453125 0.3584905656250001 0.48506289375 0.4323899375 0.48506289375
19 0.22327044062500007 0.40408805000000003 0.17138364843750004 0.40408805000000003 0.17138364843750004 0.47169811250000004 0.22327044062500007 0.47169811250000004
19 0.5062893078124999 0.3899371062500001 0.43710691874999996 0.3899371062500001 0.43710691874999996 0.49135220156250003 0.5062893078124999 0.49135220156250003
19 0.2806603781250001 0.40408805000000003 0.2264150937500001 0.40408805000000003 0.2264150937500001 0.478773584375 0.2806603781250001 0.478773584375
19 0.9213836484375 0.3977987421875001 0.84119496875 0.3977987421875001 0.84119496875 0.5165094343750002 0.9213836484375 0.5165094343750002
19 0.61006289375 0.4166666671875 0.50471698125 0.4166666671875 0.50471698125 0.497641509375 0.61006289375 0.497641509375
19 0.9984276734374999 0.40094339687500014 0.9245283015625001 0.40094339687500014 0.9245283015625001 0.5227987421875002 0.9984276734374999 0.5227987421875002
19 0.35062893125000005 0.4386792453125 0.2893081765625001 0.4386792453125 0.2893081765625001 0.481132075 0.35062893125000005 0.481132075
19 0.7130503140625 0.41823899375 0.6210691828125 0.41823899375 0.6210691828125 0.5055031453125001 0.7130503140625 0.5055031453125001
19 0.8254716984374999 0.42452830156250004 0.7216981125 0.4245283015625 0.7216981125 0.51415094375 0.8254716984374999 0.5141509437500001
19 0.70676100625 0.5377358484375 0.6242138359375 0.5377358484375 0.6242138359375 0.6430817609374999 0.70676100625 0.6430817609374999
19 0.6116352203125001 0.56289308125 0.522012578125 0.56289308125 0.522012578125 0.6344339625 0.6116352203125001 0.6344339625
19 0.7893081765625001 0.5613207546875001 0.7169811328125 0.5613207546875 0.7169811328125 0.6493710687500001 0.7893081765625001 0.6493710687500002
19 0.8718553453125001 0.5660377359375002 0.790880503125 0.5660377359375002 0.790880503125 0.6580188671875001 0.8718553453125001 0.6580188671875001