19 0.7703125 0.6054687515625001 0.6975694453125 0.6054687515625 0.6975694453125 0.6812500000000001 0.7703125 0.6812500000000001
19 0.846875 0.6111979156250003 0.7704861109375 0.6111979156250003 0.7704861109375 0.6843750000000002 0.846875 0.6843750000000002
19 0.9104166671874999 0.6282986109375002 0.8505208328125 0.6282986109375002 0.8505208328125 0.6875000000000002 0.9104166671874999 0.6875000000000002
19 0.7078125 0.034809028125000085 0.6019965296875001 0.03480902812500008 0.6019965296875001 0.1546006953125001 0.7078125 0.1546006953125001
19 0.83125 0.0645833328125001 0.775607640625 0.06458333281250009 0.775607640625 0.1531250000000001 0.83125 0.1531250000000001
19 0.7859375 0.08437500000000009 0.69539930625 0.08437500000000009 0.69539930625 0.1359375000000001 0.7859375 0.1359375000000001
19 0.596875 0.09704861093750007 0.5398437515625 0.09704861093750007 0.5398437515625 0.14843750000000006 0.596875 0.14843750000000008
19 0.534375 0.10225694531250004 0.4773437515625 0.10225694531250004 0.4773437515625 0.15000000000000005 0.534375 0.15000000000000005
19 0.725 0.19175347187500008 0.6265625 0.19175347187500008 0.6265625 0.3000000000000001 0.725 0.3000000000000001
19 0.8015625 0.22274305468750008 0.7328125 0.22274305468750008 0.7328125 0.2953125000000001 0.8015625 0.2953125000000001
19 0.8625 0.23524305625000008 0.809375 0.23524305625000008 0.809375 0.3062500000000001 0.8625 0.3062500000000001
19 0.17031250000000003 0.333159721875 0.11406250000000004 0.333159721875 0.11406250000000004 0.419965278125 0.17031250000000003 0.419965278125
19 0.10781250000000005 0.3337673609375 0.06788194375000003 0.3337673609375 0.06788194375000003 0.4171875 0.10781250000000005 0.4171875
19 0.24375000000000005 0.3484375 0.15972222343750003 0.3484375 0.15972222343750003 0.4015625 0.24375000000000008 0.4015625
19 0.30312500000000003 0.35538194375 0.217708334375 0.35538194375 0.21770833437500006 0.4046875 0.3031250000000001 0.4046875
19 0.3453125 0.3391493046875 0.2953125 0.3391493046875 0.29531250000000003 0.421875 0.3453125000000001 0.421875
19 0.5296875 0.3593750000000001 0.49375 0.3593750000000001 0.49375 0.4265625 0.5296875 0.4265625
19 0.4875 0.3556423625000001 0.4456597234375 0.3556423625000001 0.4456597234375 0.4265625 0.4875 0.4265625
19 0.75625 0.3663194437500001 0.7071180546875 0.3663194437500001 0.7071180546875 0.43055555625000014 0.75625 0.4305555562500002
19 0.809375 0.3720486109375001 0.765625 0.3720486109375001 0.765625 0.42968750000000017 0.809375 0.42968750000000017
19 0.571875 0.3843750000000001 0.54053819375 0.3843750000000001 0.54053819375 0.428125 0.571875 0.428125
19 0.9015625 0.3853298609375001 0.8650173593750001 0.3853298609375001 0.8650173593750001 0.4312500000000002 0.9015625 0.4312500000000002
19 0.8578125 0.3891493046875001 0.8140625 0.3891493046875001 0.8140625 0.43281250000000016 0.8578125 0.43281250000000016
19 0.9390625 0.40789930468750024 0.9149305546875001 0.40789930468750024 0.9149305546875001 0.43567708281250017 0.9390625 0.43567708281250017
19 0.98125 0.40937500000000016 0.95 0.40937500000000016 0.95 0.4343750000000002 0.98125 0.4343750000000002
19 0.4140625 0.471875 0.3531250000000001 0.471875 0.3531250000000001 0.5515625 0.4140625 0.5515625
19 0.4921875 0.48585069531249997 0.40807291562500003 0.48585069531249997 0.40807291562500003 0.5421875 0.4921875 0.5421875
19 0.621875 0.48359375 0.5407118046875 0.48359375 0.5407118046875 0.5453125 0.621875 0.5453125
19 0.55625 0.4856770828125 0.47491319374999996 0.4856770828125 0.47491319374999996 0.546875 0.55625 0.546875
19 0.6890625 0.4861111109375 0.608159721875 0.4861111109375 0.608159721875 0.55 0.6890625 0.55
19 0.73125 0.49522569531250005 0.6875 0.49522569531249994 0.6875 0.5578125 0.73125 0.5578125000000002
19 0.788802084375 0.49522569531250016 0.7393229171875 0.49522569531250016 0.7393229171875 0.5578125000000002 0.788802084375 0.5578125000000002
19 0.8515625 0.5075520828125002 0.7908854171875 0.5075520828125002 0.7908854171875 0.5531250000000002 0.8515625 0.5531250000000002
19 0.9375 0.5172743046875002 0.9016493046875 0.5172743046875002 0.9016493046875 0.5624131937500001 0.9375 0.5624131937500001
19 0.8890625 0.5174479156250003 0.8557291671874999 0.5174479156250003 0.8557291671874999 0.5625000000000002 0.8890625 0.5625000000000002
19 0.9890625 0.5213541656250003 0.95 0.5213541656250003 0.95 0.5671875000000002 0.9890625 0.5671875000000002