19 0.6889830515625001 0.30508474531250007 0.6508474578125 0.30508474531250007 0.6508474578125 0.3262711859375001 0.6889830515625001 0.3262711859375001
19 0.8135593218749999 0.3067796609375001 0.774576271875 0.3067796609375001 0.774576271875 0.3338983046875001 0.8135593218749999 0.3338983046875001
19 0.724576271875 0.3067796609375001 0.6932203390625 0.3067796609375001 0.6932203390625 0.3364406781250001 0.724576271875 0.3364406781250001
19 0.7677966109375001 0.3067796609375001 0.7355932203125 0.3067796609375001 0.7355932203125 0.3381355937500001 0.7677966109375001 0.3381355937500001
19 0.37203389843750007 0.28813559375000003 0.2949152546875 0.28813559375 0.2949152546875001 0.39406779687500004 0.3720338984375001 0.3940677968750001
19 0.28305084687500004 0.28813559375 0.19152542343750006 0.28813559375 0.19152542343750006 0.3974576265625 0.2830508468750001 0.3974576265625
19 0.5220338984375 0.3135593218750001 0.46101694843749996 0.3135593218750001 0.46101694843749996 0.38813559375000006 0.5220338984375 0.38813559375000006
19 0.4525423734375 0.3135593218750001 0.383050846875 0.3135593218750001 0.3830508468750001 0.39067796562500007 0.4525423734375 0.39067796562500007
19 0.678813559375 0.32881355937500006 0.640677965625 0.32881355937500006 0.640677965625 0.38135593281250013 0.678813559375 0.38135593281250013
19 0.6322033890625 0.32881355937500006 0.58813559375 0.32881355937500006 0.58813559375 0.38135593281250013 0.6322033890625 0.38135593281250013
19 0.57711864375 0.32881355937500006 0.530508475 0.32881355937500006 0.530508475 0.3838983046875001 0.57711864375 0.3838983046875001
19 0.8449152546875001 0.3457627125000001 0.8135593218749999 0.3457627125000001 0.8135593218749999 0.3720338984375001 0.8449152546875001 0.3720338984375001
19 0.805932203125 0.3474576265625001 0.7762711859375 0.3474576265625001 0.7762711859375 0.3762711859375001 0.805932203125 0.3762711859375001
19 0.7703389828125 0.3508474578125001 0.7322033890624999 0.3508474578125001 0.7322033890624999 0.3779661015625001 0.7703389828125 0.3779661015625001
19 0.7262711859375 0.3491525421875001 0.68813559375 0.3491525421875001 0.68813559375 0.3779661015625001 0.7262711859375 0.3779661015625001
19 0.80338983125 0.4338983046875001 0.7457627125 0.4338983046875001 0.7457627125 0.5186440671875002 0.80338983125 0.5186440671875002
19 0.73813559375 0.4457627125000001 0.6610169484374999 0.4457627125 0.6610169484374999 0.5203389828125001 0.73813559375 0.5203389828125002
19 0.65762711875 0.47118644062500004 0.5966101687500001 0.47118644062500004 0.5966101687500001 0.5262711859375 0.65762711875 0.5262711859375
19 0.37881355937500005 0.4508474578125 0.3084745765625001 0.4508474578125 0.3084745765625001 0.5542372875 0.37881355937500005 0.5542372875
19 0.5855932203124999 0.474576271875 0.52711864375 0.474576271875 0.52711864375 0.5355932203125 0.5855932203124999 0.5355932203125
19 0.5186440671875 0.4813559328125 0.46101694843749996 0.4813559328125 0.46101694843749996 0.54237288125 0.5186440671875 0.54237288125
19 0.45 0.48474576249999995 0.3864406781250001 0.48474576249999995 0.3864406781250001 0.5474576265625 0.45 0.5474576265625
19 0.3000000000000001 0.5067796609374999 0.21525423750000008 0.5067796609374999 0.21525423750000008 0.5652542375 0.3000000000000001 0.5652542375
19 0.20338983125000007 0.5135593218750001 0.11186440625000005 0.5135593218750001 0.11186440625000008 0.5737288140625 0.20338983125000007 0.5737288140625
19 0.09661016875000007 0.516949153125 6.330801256964663e-17 0.516949153125 6.756314125260253e-17 0.586440678125 0.09661016875000007 0.586440678125
19 0.3415254234375001 0.60338983125 0.29491525468750013 0.60338983125 0.29491525468750013 0.655932203125 0.3415254234375001 0.655932203125
19 0.2788135593750001 0.6084745765624999 0.2372881359375001 0.6084745765624999 0.2372881359375001 0.66186440625 0.2788135593750001 0.66186440625
19 0.22542372812500008 0.6135593218750001 0.1813559328125001 0.6135593218750001 0.1813559328125001 0.669491525 0.22542372812500008 0.669491525
19 0.3474576265625001 0.6627118640624999 0.30169491562500006 0.6627118640624999 0.30169491562500006 0.709322034375 0.3474576265625001 0.709322034375
19 0.17457627187500008 0.6389830515625 0.10000000000000009 0.6389830515625 0.10000000000000009 0.7364406781249999 0.17457627187500008 0.7364406781249999
19 0.2881355937500001 0.669491525 0.24237288125000006 0.669491525 0.24237288125000006 0.7186440671875001 0.2881355937500001 0.7186440671875001
19 0.2330508468750001 0.6762711859375 0.1864406781250001 0.6762711859375 0.1864406781250001 0.72711864375 0.2330508468750001 0.72711864375