19 0.13125000000000003 0.02343750000000001 0.0578125 0.023437500000000007 0.05781250000000001 0.23125 0.13125000000000003 0.23125
19 0.5875 0.09101562500000006 0.3921875 0.09101562500000004 0.3921875 0.17031250000000006 0.5875 0.1703125000000001
19 0.2203125 0.028515625000000017 0.133984375 0.02851562500000001 0.13398437500000002 0.234375 0.2203125 0.234375
19 0.496875 0.09609375000000006 0.305859375 0.09609375000000005 0.305859375 0.17812500000000003 0.496875 0.17812500000000003
19 0.4015625 0.12851562500000005 0.259375 0.12851562500000005 0.259375 0.19218750000000004 0.4015625 0.19218750000000004
19 0.2921875 0.08906250000000003 0.226171875 0.08906250000000002 0.226171875 0.234375 0.2921875 0.234375
19 0.590625 0.09218750000000006 0.531640625 0.09218750000000006 0.531640625 0.2328125000000001 0.590625 0.2328125000000001
19 0.6640625 0.1644531250000001 0.590625 0.1644531250000001 0.590625 0.21250000000000008 0.6640625 0.21250000000000008
19 0.728125 0.1667968750000001 0.646875 0.1667968750000001 0.646875 0.2140625000000001 0.728125 0.2140625000000001
19 0.4703125 0.3750000000000001 0.36992187500000007 0.3750000000000001 0.36992187500000007 0.5265625 0.4703125 0.5265625
19 0.5796875 0.3843750000000001 0.483203125 0.3843750000000001 0.483203125 0.528125 0.5796875 0.528125
19 0.709375 0.4140625 0.5578125 0.4140625 0.5578125 0.503125 0.709375 0.503125
19 0.38750000000000007 0.413671875 0.2453125000000001 0.413671875 0.2453125000000001 0.50625 0.38750000000000007 0.50625
19 0.2765625000000001 0.644921875 0.1671875000000001 0.644921875 0.1671875000000001 0.8359375 0.2765625000000001 0.8359375
19 0.4203125000000001 0.706640625 0.2613281250000001 0.706640625 0.2613281250000001 0.796875 0.4203125000000002 0.796875