19 0.50546875 0.60625 0.4765625 0.60625 0.4765625 0.64609375 0.50546875 0.64609375
19 0.54140625 0.60625 0.5125 0.60625 0.5125 0.646875 0.54140625 0.646875
19 0.28984375000000007 0.7515625 0.2453125000000001 0.7515625 0.2453125000000001 0.80703125 0.28984375000000007 0.80703125
19 0.3335937500000001 0.8484375 0.29375000000000007 0.8484375 0.29375000000000007 0.89765625 0.3335937500000001 0.89765625
19 0.2890625000000001 0.85625 0.2515625000000001 0.85625 0.2515625000000001 0.8984375 0.2890625000000001 0.8984375
19 0.3781250000000001 0.8578125 0.3375000000000001 0.8578125 0.3375000000000001 0.90234375 0.3781250000000001 0.90234375
19 0.5757812500000001 0.8734375 0.5531250000000002 0.8734375 0.5531250000000002 0.90859375 0.5757812500000001 0.90859375
19 0.5164062500000002 0.875 0.4937500000000002 0.875 0.4937500000000002 0.91015625 0.5164062500000002 0.91015625
19 0.5476562500000002 0.890625 0.5250000000000001 0.890625 0.5250000000000001 0.90859375 0.5476562500000002 0.90859375
19 0.3320312500000001 0.4015625 0.2812500000000001 0.4015625 0.2812500000000001 0.465625 0.3320312500000001 0.465625
19 0.3898437500000001 0.403125 0.3343750000000001 0.403125 0.3343750000000001 0.4640625 0.3898437500000001 0.4640625
19 0.2789062500000001 0.403125 0.22812500000000008 0.403125 0.22812500000000008 0.46328125 0.2789062500000001 0.46328125
19 0.2718750000000001 0.4921875 0.23437500000000008 0.4921875 0.23437500000000008 0.559375 0.2718750000000001 0.559375
19 0.3140625000000001 0.4921875 0.2765625000000001 0.4921875 0.2765625000000001 0.56171875 0.3140625000000001 0.56171875
19 0.3687500000000001 0.4984375 0.3156250000000001 0.4984375 0.3156250000000001 0.55859375 0.3687500000000001 0.55859375
19 0.4234375 0.4984375 0.37187500000000007 0.4984375 0.37187500000000007 0.55859375 0.4234375 0.55859375
19 0.48125 0.4984375 0.428125 0.4984375 0.428125 0.55859375 0.48125 0.55859375
19 0.5375 0.5015625 0.4859375 0.5015625 0.4859375 0.559375 0.5375 0.559375
19 0.28203125000000007 0.5890625 0.2531250000000001 0.5890625 0.2531250000000001 0.64296875 0.28203125000000007 0.64296875
19 0.3117187500000001 0.5890625 0.2843750000000001 0.5890625 0.2843750000000001 0.64296875 0.3117187500000001 0.64296875
19 0.3515625000000001 0.59375 0.3187500000000001 0.59375 0.3187500000000001 0.64296875 0.3515625000000001 0.64296875
19 0.43125 0.59375 0.39531250000000007 0.59375 0.39531250000000007 0.6453125 0.43125 0.6453125
19 0.3898437500000001 0.59375 0.35625000000000007 0.59375 0.35625000000000007 0.64453125 0.3898437500000001 0.64453125
19 0.4734375 0.5953125 0.4375 0.5953125 0.4375 0.646875 0.4734375 0.646875