19 0.9671875 0.12031250000000013 0.921875 0.12031250000000013 0.921875 0.20078125000000008 0.9671875 0.20078125000000008
19 0.30234375 0.259375 0.2328125 0.259375 0.2328125 0.3625 0.30234375 0.3625
19 0.8640625 0.2953125000000001 0.828125 0.2953125000000001 0.828125 0.3281250000000001 0.8640625 0.3281250000000001
19 0.37421875 0.259375 0.303125 0.259375 0.303125 0.36250000000000004 0.37421875 0.3625000000000001
19 0.90390625 0.2953125000000001 0.8640625 0.2953125000000001 0.8640625 0.3281250000000001 0.90390625 0.3281250000000001
19 0.82734375 0.2953125000000001 0.79375 0.2953125000000001 0.79375 0.3304687500000001 0.82734375 0.3304687500000001
19 0.4453125 0.2609375000000001 0.3765625 0.2609375000000001 0.3765625 0.3632812500000001 0.4453125 0.3632812500000001
19 0.9453125 0.2953125000000001 0.9046875 0.2953125000000001 0.9046875 0.3304687500000001 0.9453125 0.3304687500000001
19 0.50234375 0.2843750000000001 0.44375 0.2843750000000001 0.44375 0.36406250000000007 0.50234375 0.36406250000000007
19 0.55859375 0.2843750000000001 0.503125 0.2843750000000001 0.503125 0.3664062500000001 0.55859375 0.3664062500000001
19 0.6203125 0.28593750000000007 0.559375 0.28593750000000007 0.559375 0.36796875000000007 0.6203125 0.36796875000000007
19 0.6796875 0.28593750000000007 0.621875 0.28593750000000007 0.621875 0.36796875000000007 0.6796875 0.36796875000000007
19 0.79453125 0.2890625000000001 0.7390625 0.2890625000000001 0.7390625 0.3687500000000001 0.79453125 0.3687500000000001
19 0.73671875 0.2906250000000001 0.68125 0.2906250000000001 0.68125 0.3703125000000001 0.73671875 0.3703125000000001
19 0.8375 0.3343750000000001 0.796875 0.3343750000000001 0.796875 0.36796875000000007 0.8375 0.36796875000000007
19 0.87734375 0.3343750000000001 0.8390625 0.3343750000000001 0.8390625 0.3695312500000001 0.87734375 0.3695312500000001
19 0.9171875 0.3375000000000001 0.8796875 0.3375000000000001 0.8796875 0.3703125000000001 0.9171875 0.3703125000000001
19 0.9546875 0.3375000000000001 0.91875 0.3375000000000001 0.91875 0.3703125000000001 0.9546875 0.3703125000000001
19 0.55078125 0.3968750000000001 0.515625 0.3968750000000001 0.515625 0.43515625 0.55078125 0.43515625
19 0.64140625 0.4 0.60625 0.4 0.60625 0.4359375 0.64140625 0.4359375
19 0.50859375 0.3984375000000001 0.46875 0.3984375000000001 0.46875 0.4359375 0.50859375 0.4359375
19 0.5953125 0.4 0.5578125 0.4 0.5578125 0.4359375 0.5953125 0.4359375
19 0.73359375 0.4000000000000001 0.6953125 0.4 0.6953125 0.4375000000000001 0.73359375 0.43750000000000017
19 0.871875 0.3984375000000001 0.834375 0.3984375000000001 0.834375 0.4382812500000002 0.871875 0.4382812500000002
19 0.6890625 0.4 0.6515625 0.4 0.6515625 0.4375 0.6890625 0.4375
19 0.784375 0.3984375000000001 0.74375 0.3984375000000001 0.74375 0.43671875000000016 0.784375 0.43671875000000016
19 0.82734375 0.3984375000000001 0.7890625 0.3984375000000001 0.7890625 0.4390625000000002 0.82734375 0.4390625000000002
19 0.91796875 0.4000000000000002 0.878125 0.4000000000000002 0.878125 0.44062500000000016 0.91796875 0.44062500000000016
19 0.04687500000000005 0.4078125 0.01562500000000005 0.4078125 0.015625000000000056 0.4859375 0.046875000000000056 0.4859375
19 0.12421875000000004 0.4125 0.09062500000000004 0.4125 0.09062500000000005 0.4890625 0.12421875000000004 0.4890625
19 0.08671875000000005 0.4125 0.05312500000000005 0.4125 0.053125000000000054 0.490625 0.08671875000000007 0.490625
19 0.16250000000000003 0.4140625 0.12500000000000006 0.4140625 0.12500000000000006 0.490625 0.16250000000000003 0.490625
19 0.19765625000000003 0.4125 0.16875000000000004 0.4125 0.16875000000000004 0.490625 0.19765625000000003 0.490625
19 0.23984375000000008 0.4140625 0.2062500000000001 0.4140625 0.2062500000000001 0.49375 0.23984375000000008 0.49375
19 0.2765625000000001 0.4140625 0.24375000000000008 0.4140625 0.24375000000000008 0.49453125 0.2765625000000001 0.49453125
19 0.3140625000000001 0.415625 0.27812500000000007 0.415625 0.27812500000000007 0.49375 0.3140625000000001 0.49375
19 0.3906250000000001 0.4171875 0.3531250000000001 0.4171875 0.3531250000000001 0.4953125 0.3906250000000001 0.4953125
19 0.4203125 0.4171875 0.39531250000000007 0.4171875 0.39531250000000007 0.4953125 0.4203125 0.4953125
19 0.3500000000000001 0.415625 0.31718750000000007 0.415625 0.31718750000000007 0.4953125 0.3500000000000001 0.4953125
19 0.459375 0.4171875 0.428125 0.4171875 0.428125 0.4953125 0.459375 0.4953125
19 0.5046875 0.4421875 0.46875 0.4421875 0.46875 0.49296875 0.5046875 0.49296875
19 0.553125 0.44375 0.5109375 0.44375 0.5109375 0.4953125 0.553125 0.4953125
19 0.596875 0.4453125 0.5546875 0.4453125 0.5546875 0.49609375 0.596875 0.49609375
19 0.646875 0.4453125 0.6015625 0.4453125 0.6015625 0.496875 0.646875 0.496875
19 0.6921875 0.446875 0.65 0.446875 0.65 0.49609375 0.6921875 0.49609375
19 0.740625 0.4468750000000001 0.6984375 0.446875 0.6984375 0.5000000000000001 0.740625 0.5000000000000002
19 0.7890625 0.44843750000000016 0.7484375 0.44843750000000016 0.7484375 0.4968750000000002 0.7890625 0.4968750000000002
19 0.83359375 0.4468750000000002 0.79375 0.4468750000000002 0.79375 0.5000000000000002 0.83359375 0.5000000000000002
19 0.92734375 0.44843750000000016 0.8890625 0.44843750000000016 0.8890625 0.5000000000000002 0.92734375 0.5000000000000002
19 0.88046875 0.4468750000000002 0.8421875 0.4468750000000002 0.8421875 0.5000000000000002 0.88046875 0.5000000000000002
19 0.1648437500000001 0.5609375 0.09531250000000006 0.5609375 0.09531250000000006 0.628125 0.1648437500000001 0.628125
19 0.2335937500000001 0.5609375 0.1687500000000001 0.5609375 0.1687500000000001 0.634375 0.2335937500000001 0.634375
19 0.61328125 0.5609375 0.5546875 0.5609375 0.5546875 0.6328125 0.61328125 0.6328125
19 0.55078125 0.5625 0.484375 0.5625 0.484375 0.634375 0.55078125 0.634375
19 0.3046875000000001 0.565625 0.2406250000000001 0.565625 0.2406250000000001 0.63046875 0.3046875000000001 0.63046875
19 0.09453125000000007 0.5625 0.025000000000000067 0.5625 0.02500000000000007 0.634375 0.09453125000000007 0.634375
19 0.3648437500000001 0.571875 0.3062500000000001 0.571875 0.3062500000000001 0.634375 0.3648437500000001 0.634375
19 0.67421875 0.571875 0.615625 0.571875 0.615625 0.6359375 0.67421875 0.6359375
19 0.425 0.575 0.3687500000000001 0.575 0.3687500000000001 0.63515625 0.425 0.63515625
19 0.48046875 0.5765625 0.4265625 0.5765625 0.4265625 0.634375 0.48046875 0.634375
19 0.79296875 0.5765625000000002 0.734375 0.5765625000000002 0.734375 0.6390625000000002 0.79296875 0.6390625000000002
19 0.73046875 0.5765625000000001 0.675 0.5765625 0.675 0.6390625000000001 0.73046875 0.6390625000000002
19 0.853125 0.5750000000000002 0.7953125 0.5750000000000002 0.7953125 0.6398437500000002 0.853125 0.6398437500000002
19 0.91328125 0.5765625000000002 0.8546875 0.5765625000000002 0.8546875 0.6390625000000002 0.91328125 0.6390625000000002