19 0.5828125 0.14570312500000007 0.486328125 0.14570312500000004 0.486328125 0.2515625000000001 0.5828125 0.2515625000000001
19 0.446875 0.15156250000000004 0.352734375 0.15156250000000004 0.352734375 0.24687500000000004 0.446875 0.2468750000000001
19 0.3375 0.15312500000000004 0.235546875 0.15312500000000004 0.235546875 0.2484375 0.3375 0.2484375
19 0.225 0.15273437500000003 0.1203125 0.152734375 0.12031250000000002 0.2484375 0.225 0.2484375
19 0.10937500000000003 0.15625 0.00468750000000002 0.15625 0.004687500000000025 0.2515625 0.10937500000000004 0.2515625
19 0.11406250000000004 0.340625 0.05820312500000004 0.340625 0.05820312500000004 0.41171875 0.11406250000000004 0.41171875
19 0.4328125 0.6046875 0.3531250000000001 0.6046875 0.3531250000000001 0.7 0.4328125 0.7
19 0.528125 0.605078125 0.448046875 0.605078125 0.448046875 0.7 0.528125 0.7
19 0.3433593750000001 0.643359375 0.2847656250000001 0.643359375 0.2847656250000001 0.7015625 0.3433593750000001 0.7015625
19 0.14218750000000008 0.645703125 0.08906250000000009 0.645703125 0.08906250000000009 0.7015625 0.14218750000000008 0.7015625
19 0.2015625000000001 0.644921875 0.14804687500000008 0.644921875 0.14804687500000008 0.7 0.2015625000000001 0.7
19 0.27031250000000007 0.641015625 0.2156250000000001 0.641015625 0.2156250000000001 0.7046875 0.27031250000000007 0.7046875