19 0.11562500000000005 0.19140625 2.3440505139929808e-17 0.19140625 2.8941848182974554e-17 0.28125 0.11562500000000005 0.28125
19 0.2109375 0.198046875 0.07890625000000002 0.198046875 0.07890625000000004 0.2796875 0.2109375 0.2796875
19 0.3015625 0.2015625 0.17187500000000006 0.2015625 0.17187500000000006 0.290625 0.3015625 0.290625
19 0.3640625 0.18281250000000004 0.282421875 0.18281250000000004 0.282421875 0.3140625 0.3640625 0.3140625000000001
19 0.48125 0.421484375 0.442578125 0.421484375 0.442578125 0.4609375 0.48125 0.4609375
19 0.60625 0.425 0.5734375 0.425 0.5734375 0.4625 0.60625 0.4625
19 0.5203125 0.423828125 0.4875 0.423828125 0.4875 0.465625 0.5203125 0.465625
19 0.5671875 0.428125 0.526953125 0.428125 0.526953125 0.4625 0.5671875 0.4625
19 0.9796875 0.4359375000000002 0.953125 0.4359375000000002 0.953125 0.4890625000000002 0.9796875 0.4890625000000002
19 0.9453125 0.43750000000000017 0.9140625 0.43750000000000017 0.9140625 0.4890625000000002 0.9453125 0.4890625000000002
19 0.91875 0.4500000000000002 0.866015625 0.4500000000000002 0.866015625 0.4781250000000002 0.91875 0.4781250000000002
19 0.878125 0.44843750000000016 0.826953125 0.44843750000000016 0.826953125 0.4812500000000002 0.878125 0.4812500000000002
19 0.21093750000000008 0.417578125 0.13710937500000003 0.417578125 0.13710937500000003 0.5125 0.21093750000000008 0.5125
19 0.7921875 0.4500000000000002 0.737890625 0.4500000000000002 0.737890625 0.4828125000000002 0.7921875 0.4828125000000002
19 0.7546875 0.4472656250000001 0.69453125 0.447265625 0.69453125 0.4843750000000001 0.7546875 0.48437500000000017
19 0.6484375 0.4359375 0.613671875 0.4359375 0.613671875 0.5 0.6484375 0.5
19 0.8265625 0.4390625000000002 0.792578125 0.4390625000000002 0.792578125 0.4937500000000002 0.8265625 0.4937500000000002
19 0.696875 0.4359375 0.662890625 0.4359375 0.662890625 0.4984375 0.696875 0.4984375
19 0.3843750000000001 0.4421875 0.3390625000000001 0.4421875 0.3390625000000001 0.50625 0.3843750000000001 0.50625
19 0.4453125 0.455078125 0.38164062500000007 0.455078125 0.38164062500000007 0.49375 0.4453125 0.49375
19 0.2765625000000001 0.45234375 0.20859375000000008 0.45234375 0.20859375000000008 0.5 0.2765625000000001 0.5
19 0.32500000000000007 0.4421875 0.2769531250000001 0.4421875 0.2769531250000001 0.5109375 0.32500000000000007 0.5109375
19 0.6046875 0.470703125 0.571875 0.470703125 0.571875 0.496875 0.6046875 0.496875
19 0.48125 0.46875 0.4390625 0.46875 0.4390625 0.503125 0.48125 0.503125
19 0.5234375 0.471484375 0.488671875 0.471484375 0.488671875 0.503125 0.5234375 0.503125
19 0.5640625 0.4734375 0.53125 0.4734375 0.53125 0.5046875 0.5640625 0.5046875
19 0.33281250000000007 0.571875 0.2511718750000001 0.571875 0.2511718750000001 0.6671875 0.33281250000000007 0.6671875
19 0.24218750000000008 0.5765625 0.15820312500000008 0.5765625 0.15820312500000008 0.6765625 0.24218750000000008 0.6765625
19 0.15625000000000008 0.5796875 0.048437500000000064 0.5796875 0.04843750000000007 0.678125 0.15625000000000008 0.678125
19 0.86875 0.6765625000000002 0.8109375 0.6765625000000002 0.8109375 0.7500000000000002 0.86875 0.7500000000000002
19 0.8125 0.6750000000000002 0.75625 0.6750000000000002 0.7562500000000001 0.7546875000000002 0.8125 0.7546875000000002
19 0.7515625000000001 0.6843750000000001 0.693359375 0.684375 0.6933593750000001 0.7640625000000001 0.7515625000000001 0.7640625000000002
19 0.7031250000000001 0.700390625 0.621875 0.700390625 0.6218750000000001 0.7625 0.7031250000000002 0.7625
19 0.6296875000000001 0.7078125 0.548828125 0.7078125 0.5488281250000001 0.7734375 0.6296875000000002 0.7734375
19 0.5515625000000001 0.7078125 0.481640625 0.7078125 0.4816406250000001 0.7875 0.5515625000000002 0.7875
19 0.4796875000000001 0.7171875 0.405078125 0.7171875 0.40507812500000007 0.8015625 0.47968750000000016 0.8015625
19 0.4000000000000001 0.720703125 0.31914062500000007 0.720703125 0.31914062500000007 0.809375 0.4000000000000002 0.809375
19 0.31718750000000007 0.730859375 0.2371093750000001 0.730859375 0.2371093750000001 0.8171875 0.31718750000000007 0.8171875
19 0.22812500000000008 0.734765625 0.14218750000000008 0.734765625 0.14218750000000008 0.8296875 0.22812500000000008 0.8296875
19 0.14062500000000008 0.74765625 0.04296875000000009 0.74765625 0.0429687500000001 0.83125 0.14062500000000008 0.83125
19 0.40156250000000016 0.875 0.3332031250000001 0.875 0.3332031250000001 0.934375 0.40156250000000016 0.934375
19 0.3234375000000001 0.8875 0.24414062500000008 0.8875 0.24414062500000008 0.9484375 0.3234375000000001 0.9484375
19 0.2250000000000001 0.891796875 0.16171875000000008 0.891796875 0.1617187500000001 0.96875 0.2250000000000001 0.96875
19 0.1359375000000001 0.90390625 0.07421875000000011 0.90390625 0.07421875000000011 0.9765625 0.13593750000000013 0.9765625