19 0.3632812500000001 0.8015625 0.30937500000000007 0.8015625 0.30937500000000007 0.8734375 0.3632812500000001 0.8734375
19 0.3023437500000001 0.815625 0.2593750000000001 0.815625 0.2593750000000001 0.87421875 0.3023437500000001 0.87421875
19 0.4226562500000002 0.81875 0.3687500000000001 0.81875 0.3687500000000001 0.875 0.4226562500000002 0.875
19 0.2492187500000001 0.8171875 0.2062500000000001 0.8171875 0.2062500000000001 0.875 0.2492187500000001 0.875
19 0.2015625000000001 0.8171875 0.1609375000000001 0.8171875 0.1609375000000001 0.87734375 0.2015625000000001 0.87734375
19 0.1515625000000001 0.821875 0.11093750000000009 0.821875 0.11093750000000009 0.8796875 0.1515625000000001 0.8796875
19 0.27734375 0.234375 0.2015625 0.234375 0.2015625 0.31640625 0.27734375 0.31640625
19 0.36328125 0.23593750000000005 0.2828125 0.2359375 0.2828125 0.31875000000000003 0.36328125 0.3187500000000001
19 0.19218750000000004 0.2375 0.11875000000000005 0.2375 0.11875000000000005 0.3171875 0.19218750000000004 0.3171875
19 0.43671875 0.24218750000000008 0.3671875 0.24218750000000008 0.3671875 0.3164062500000001 0.43671875 0.3164062500000001
19 0.11640625000000004 0.2421875 0.04218750000000003 0.2421875 0.04218750000000004 0.3203125 0.11640625000000004 0.3203125
19 0.2812500000000001 0.540625 0.22031250000000008 0.540625 0.22031250000000008 0.596875 0.2812500000000001 0.596875
19 0.15000000000000008 0.540625 0.08750000000000006 0.540625 0.08750000000000006 0.59921875 0.15000000000000008 0.59921875
19 0.2132812500000001 0.5484375 0.1593750000000001 0.5484375 0.1593750000000001 0.6 0.2132812500000001 0.6
19 0.40312500000000007 0.6828125 0.3468750000000001 0.6828125 0.3468750000000001 0.73828125 0.4031250000000002 0.73828125
19 0.3382812500000001 0.6859375 0.27812500000000007 0.6859375 0.27812500000000007 0.7390625 0.3382812500000001 0.7390625