19 0.4234375 0.08281250000000004 0.379296875 0.08281250000000004 0.379296875 0.13359375000000004 0.4234375 0.13359375000000004
19 0.4828125 0.08437500000000006 0.436328125 0.08437500000000005 0.436328125 0.13437500000000005 0.4828125 0.13437500000000005
19 0.159375 0.05937500000000001 0.086328125 0.059375 0.086328125 0.1703125 0.159375 0.1703125
19 0.2421875 0.059375000000000025 0.1703125 0.059375000000000025 0.1703125 0.17187500000000003 0.2421875 0.17187500000000006
19 0.3703125 0.09687500000000004 0.3171875 0.09687500000000004 0.3171875 0.17656250000000004 0.3703125 0.17656250000000004
19 0.8953125 0.0968750000000001 0.8 0.09687500000000009 0.8 0.1703125000000001 0.8953125 0.1703125000000001
19 0.30625 0.09531250000000004 0.246875 0.09531250000000002 0.246875 0.17343750000000005 0.30625 0.17343750000000005
19 0.803125 0.08593750000000008 0.7328125 0.08593750000000008 0.7328125 0.1906250000000001 0.803125 0.1906250000000001
19 0.7390625 0.11835937500000009 0.66484375 0.11835937500000009 0.66484375 0.17343750000000008 0.7390625 0.17343750000000008
19 0.675 0.1218750000000001 0.5953125 0.1218750000000001 0.5953125 0.17343750000000008 0.675 0.17343750000000008
19 0.425 0.13437500000000005 0.3796875 0.13437500000000005 0.3796875 0.18281250000000004 0.425 0.18281250000000004
19 0.4765625 0.13671875000000006 0.43203125 0.13671875000000006 0.43203125 0.18281250000000004 0.4765625 0.18281250000000004
19 0.825 0.5781250000000002 0.745703125 0.5781250000000002 0.745703125 0.6656250000000001 0.825 0.6656250000000001
19 0.7328125 0.5816406250000001 0.6421875 0.581640625 0.6421875 0.659375 0.7328125 0.6593750000000002
19 0.6390625 0.588671875 0.56484375 0.588671875 0.56484375 0.6671875 0.6390625 0.6671875
19 0.4625 0.598046875 0.38945312500000007 0.598046875 0.38945312500000007 0.6640625 0.4625 0.6640625
19 0.3750000000000001 0.600390625 0.3046875000000001 0.600390625 0.3046875000000001 0.6671875 0.3750000000000001 0.6671875
19 0.5484375 0.5953125 0.4765625 0.5953125 0.4765625 0.6734375 0.5484375 0.6734375
19 0.6031250000000001 0.7453125 0.5296875000000002 0.7453125 0.5296875000000002 0.809375 0.6031250000000001 0.809375