19 0.84375 0.6117187500000002 0.79921875 0.6117187500000002 0.79921875 0.6421875000000001 0.84375 0.6421875000000001
19 0.771875 0.6125 0.725 0.6125 0.725 0.64375 0.771875 0.6437500000000002
19 0.7359375 0.6125 0.6890625 0.6125 0.6890625 0.64375 0.7359375 0.6437500000000002
19 0.8 0.6046875000000002 0.7671875 0.6046875000000002 0.7671875 0.6515625000000002 0.8 0.6515625000000002
19 0.2562500000000001 0.6078125 0.2250000000000001 0.6078125 0.2250000000000001 0.65 0.2562500000000001 0.65
19 0.17968750000000008 0.609375 0.1468750000000001 0.609375 0.1468750000000001 0.6515625 0.17968750000000008 0.6515625
19 0.2171875000000001 0.609375 0.1859375000000001 0.609375 0.1859375000000001 0.6515625 0.2171875000000001 0.6515625
19 0.2953125000000001 0.609375 0.26054687500000007 0.609375 0.26054687500000007 0.6515625 0.2953125000000001 0.6515625
19 0.5484375 0.69140625 0.52265625 0.69140625 0.52265625 0.721875 0.5484375 0.721875
19 0.7359375 0.6960937500000001 0.721484375 0.69609375 0.721484375 0.7234375000000001 0.7359375 0.7234375000000002
19 0.7078125 0.6921875 0.683984375 0.6921875 0.683984375 0.71875 0.7078125 0.71875
19 0.646875 0.695703125 0.6171875 0.695703125 0.6171875 0.7171875 0.646875 0.7171875
19 0.5828125 0.692578125 0.55625 0.692578125 0.55625 0.721875 0.5828125 0.721875
19 0.6140625 0.6953125 0.5828125 0.6953125 0.5828125 0.7203125 0.6140625 0.7203125
19 0.6765625 0.692578125 0.653125 0.692578125 0.653125 0.721875 0.6765625 0.721875
19 0.2656250000000001 0.6875 0.2078125000000001 0.6875 0.2078125000000001 0.759375 0.2656250000000001 0.759375
19 0.2062500000000001 0.694921875 0.1433593750000001 0.694921875 0.1433593750000001 0.7546875 0.2062500000000001 0.7546875
19 0.64375 0.723828125 0.621484375 0.723828125 0.6214843750000001 0.7515625 0.6437500000000002 0.7515625
19 0.5468750000000001 0.723046875 0.52578125 0.723046875 0.5257812500000001 0.7546875 0.5468750000000002 0.7546875
19 0.7109375000000001 0.721875 0.6859375 0.721875 0.6859375000000001 0.753125 0.7109375000000002 0.753125
19 0.6140625000000002 0.726953125 0.5816406250000001 0.726953125 0.5816406250000001 0.7484375 0.6140625000000002 0.7484375
19 0.7437500000000001 0.7191406250000001 0.7203125 0.719140625 0.7203125000000001 0.7515625000000001 0.7437500000000001 0.7515625000000001
19 0.5812500000000002 0.7265625 0.5546875000000002 0.7265625 0.5546875000000002 0.7515625 0.5812500000000002 0.7515625
19 0.6812500000000001 0.725 0.65 0.725 0.6500000000000001 0.75 0.6812500000000001 0.75
19 0.24375000000000008 0.846875 0.1828125000000001 0.846875 0.1828125000000001 0.90625 0.24375000000000008 0.90625
19 0.1734375000000001 0.84609375 0.11640625000000009 0.84609375 0.11640625000000011 0.9078125 0.17343750000000013 0.9078125
19 0.3859375000000001 0.844140625 0.3199218750000001 0.844140625 0.3199218750000001 0.909375 0.3859375000000001 0.909375
19 0.31718750000000007 0.846875 0.24804687500000008 0.846875 0.24804687500000008 0.9109375 0.31718750000000007 0.9109375
19 0.4546875000000002 0.849609375 0.3945312500000001 0.849609375 0.3945312500000001 0.9125 0.4546875000000002 0.9125
19 0.22656250000000006 0.3609375 0.18320312500000005 0.3609375 0.18320312500000005 0.4453125 0.22656250000000008 0.4453125
19 0.17343750000000005 0.3609375 0.13164062500000004 0.3609375 0.13164062500000004 0.44375 0.17343750000000005 0.44375
19 0.8390625 0.37187500000000007 0.790234375 0.37187500000000007 0.790234375 0.4390625000000002 0.8390625 0.4390625000000002
19 0.7859375 0.37187500000000007 0.740625 0.37187500000000007 0.740625 0.4390625000000002 0.7859375 0.4390625000000002
19 0.3031250000000001 0.373828125 0.27031250000000007 0.373828125 0.27031250000000007 0.4421875 0.3031250000000001 0.4421875
19 0.2828125000000001 0.3921875 0.21445312500000008 0.3921875 0.21445312500000008 0.4265625 0.2828125000000001 0.4265625
19 0.3750000000000001 0.5109375 0.31718750000000007 0.5109375 0.31718750000000007 0.559375 0.3750000000000001 0.559375
19 0.3187500000000001 0.505859375 0.2753906250000001 0.505859375 0.2753906250000001 0.5640625 0.3187500000000001 0.5640625
19 0.2328125000000001 0.51484375 0.17226562500000003 0.51484375 0.17226562500000006 0.5578125 0.2328125000000001 0.5578125
19 0.2718750000000001 0.50625 0.2296875000000001 0.50625 0.2296875000000001 0.5671875 0.2718750000000001 0.5671875
19 0.18437500000000007 0.51640625 0.12421875000000004 0.51640625 0.12421875000000007 0.55625 0.1843750000000001 0.55625
19 0.4875 0.515625 0.453515625 0.515625 0.453515625 0.5609375 0.4875 0.5609375
19 0.4109375 0.52265625 0.36601562500000007 0.52265625 0.36601562500000007 0.55625 0.4109375 0.55625
19 0.453125 0.5203125 0.4046875 0.5203125 0.4046875 0.55625 0.453125 0.55625