19 0.13593750000000002 0.148828125 0.09375000000000003 0.148828125 0.09375000000000003 0.2171875 0.13593750000000004 0.2171875
19 0.17968750000000003 0.150390625 0.1375 0.150390625 0.1375 0.2140625 0.17968750000000006 0.2140625
19 0.228125 0.16406250000000003 0.168359375 0.1640625 0.16835937500000003 0.20234375 0.228125 0.20234375
19 0.2796875 0.16562500000000005 0.211328125 0.16562500000000005 0.211328125 0.203125 0.2796875 0.203125
19 0.19375000000000003 0.233984375 0.13007812500000004 0.233984375 0.13007812500000004 0.2703125 0.19375000000000003 0.2703125
19 0.284375 0.233203125 0.21875 0.233203125 0.21875 0.2703125 0.284375 0.2703125
19 0.225 0.221484375 0.18437500000000004 0.221484375 0.18437500000000004 0.2859375 0.225 0.2859375
19 0.13750000000000004 0.219921875 0.10039062500000004 0.219921875 0.10039062500000004 0.2859375 0.13750000000000004 0.2859375
19 0.5609375 0.3207031250000001 0.51015625 0.3207031250000001 0.51015625 0.3578125000000001 0.5609375 0.3578125000000001
19 0.5125 0.32109375000000007 0.46484375 0.32109375000000007 0.46484375 0.3609375000000001 0.5125 0.3609375000000001
19 0.60625 0.3156250000000001 0.5640625 0.3156250000000001 0.5640625 0.3687500000000001 0.60625 0.3687500000000001
19 0.528125 0.0035156250000000612 0.458984375 0.003515625000000057 0.458984375 0.06875000000000006 0.528125 0.06875000000000006
19 0.453125 0.0062500000000000515 0.382421875 0.006250000000000047 0.382421875 0.06406250000000005 0.453125 0.06406250000000005
19 0.7578125 0.3472656250000001 0.661328125 0.3472656250000001 0.661328125 0.4062500000000001 0.7578125 0.40625000000000017
19 0.17968750000000006 0.3296875 0.10312500000000005 0.3296875 0.10312500000000005 0.425 0.17968750000000006 0.425
19 0.26250000000000007 0.33125 0.18437500000000004 0.33125 0.18437500000000004 0.425 0.26250000000000007 0.425
19 0.6953125 0.3468750000000001 0.596875 0.3468750000000001 0.596875 0.4109375 0.6953125 0.4109375
19 0.3375 0.332421875 0.262890625 0.332421875 0.26289062500000004 0.4234375 0.3375000000000001 0.4234375
19 0.825 0.3460937500000001 0.727734375 0.3460937500000001 0.727734375 0.4109375000000002 0.825 0.4109375000000002
19 0.40703125 0.358984375 0.3375 0.358984375 0.3375 0.41875 0.40703125 0.41875
19 0.47421875 0.3605468750000001 0.403125 0.3605468750000001 0.403125 0.421875 0.47421875 0.421875
19 0.3859375 0.007812500000000045 0.3390625 0.007812500000000042 0.3390625 0.07187500000000005 0.3859375 0.07187500000000005
19 0.5125 0.37187500000000007 0.475 0.37187500000000007 0.475 0.4234375 0.5125 0.4234375
19 0.603125 0.3683593750000001 0.561328125 0.3683593750000001 0.561328125 0.4234375 0.603125 0.4234375
19 0.5625 0.3769531250000001 0.5078125 0.3769531250000001 0.5078125 0.41875 0.5625 0.41875
19 0.5765625 0.4484375 0.5453125 0.4484375 0.5453125 0.4859375 0.5765625 0.4859375
19 0.4859375 0.4515625 0.458984375 0.4515625 0.458984375 0.4828125 0.4859375 0.4828125
19 0.534375 0.455078125 0.4984375 0.455078125 0.4984375 0.48125 0.534375 0.48125
19 0.6203125 0.4546875 0.5828125 0.4546875 0.5828125 0.484375 0.6203125 0.484375
19 0.40625 0.45078125 0.37578125000000007 0.45078125 0.37578125000000007 0.4859375 0.40625 0.4859375
19 0.453125 0.45625 0.415625 0.45625 0.415625 0.4828125 0.453125 0.4828125
19 0.284375 0.026562500000000034 0.2421875 0.026562500000000034 0.2421875 0.07187500000000004 0.284375 0.07187500000000005
19 0.7 0.476171875 0.6765625 0.476171875 0.6765625 0.50625 0.7 0.50625
19 0.7359375 0.4777343750000001 0.71171875 0.477734375 0.71171875 0.5078125000000001 0.7359375 0.5078125000000002
19 0.7765625 0.4828125000000002 0.750390625 0.4828125000000002 0.750390625 0.5093750000000001 0.7765625 0.5093750000000001
19 0.3296875 0.03125000000000004 0.287890625 0.031250000000000035 0.287890625 0.07187500000000005 0.3296875 0.07187500000000005
19 0.17500000000000007 0.484375 0.12343750000000005 0.484375 0.12343750000000006 0.55 0.1750000000000001 0.55
19 0.2406250000000001 0.492578125 0.17617187500000003 0.492578125 0.17617187500000003 0.540625 0.2406250000000001 0.540625
19 0.2875000000000001 0.484375 0.2390625000000001 0.484375 0.2390625000000001 0.55 0.2875000000000001 0.55
19 0.3500000000000001 0.49375 0.2832031250000001 0.49375 0.2832031250000001 0.5421875 0.3500000000000001 0.5421875
19 0.484375 0.496484375 0.44375 0.496484375 0.44375 0.5515625 0.484375 0.5515625
19 0.39531250000000007 0.496484375 0.3574218750000001 0.496484375 0.3574218750000001 0.5515625 0.39531250000000007 0.5515625
19 0.4390625 0.498046875 0.4015625 0.498046875 0.4015625 0.5515625 0.4390625 0.5515625
19 0.5296875 0.5 0.491796875 0.5 0.491796875 0.553125 0.5296875 0.553125
19 0.6734375 0.505078125 0.618359375 0.505078125 0.618359375 0.543359375 0.6734375 0.543359375
19 0.6265625 0.505078125 0.572265625 0.505078125 0.572265625 0.54375 0.6265625 0.54375
19 0.5796875 0.50859375 0.52890625 0.50859375 0.52890625 0.5453125 0.5796875 0.5453125
19 0.7015625 0.520703125 0.66875 0.520703125 0.66875 0.546875 0.7015625 0.546875
19 0.7375 0.51875 0.709765625 0.51875 0.709765625 0.5531250000000001 0.7375 0.5531250000000002
19 0.7796875 0.5238281250000002 0.7484375 0.5238281250000002 0.7484375 0.5515625000000002 0.7796875 0.5515625000000002
19 0.61875 0.5828125 0.55625 0.5828125 0.55625 0.665625 0.61875 0.665625
19 0.484375 0.5890625 0.402734375 0.5890625 0.402734375 0.6578125 0.484375 0.6578125
19 0.4109375 0.587890625 0.3304687500000001 0.587890625 0.3304687500000001 0.6609375 0.4109375 0.6609375
19 0.546875 0.5859375 0.4890625 0.5859375 0.4890625 0.665625 0.546875 0.665625
19 0.2609375000000001 0.584375 0.20273437500000008 0.584375 0.20273437500000008 0.66875 0.2609375000000001 0.66875
19 0.1937500000000001 0.5859375 0.1375000000000001 0.5859375 0.1375000000000001 0.6703125 0.1937500000000001 0.6703125
19 0.3218750000000001 0.5859375 0.2671875000000001 0.5859375 0.2671875000000001 0.66875 0.3218750000000001 0.66875
19 0.737109375 0.6082031250000001 0.672265625 0.608203125 0.672265625 0.6609375000000001 0.737109375 0.6609375000000002
19 0.796875 0.6066406250000002 0.7328125 0.6066406250000002 0.7328125 0.6640625000000002 0.796875 0.6640625000000002
19 0.678125 0.6 0.621875 0.6 0.621875 0.6734375 0.678125 0.6734375
19 0.6625000000000001 0.717578125 0.6 0.717578125 0.6000000000000001 0.78125 0.6625000000000002 0.78125
19 0.7500000000000001 0.7175781250000001 0.6890625 0.717578125 0.6890625000000001 0.7812500000000001 0.7500000000000002 0.7812500000000002