19 0.3828125 0.06601562500000005 0.303125 0.06601562500000005 0.303125 0.12343750000000005 0.3828125 0.12343750000000005
19 0.3078125 0.08945312500000004 0.259375 0.08945312500000002 0.259375 0.13281250000000006 0.3078125 0.13281250000000006
19 0.253125 0.09062500000000002 0.2046875 0.09062500000000002 0.2046875 0.13750000000000004 0.253125 0.13750000000000004
19 0.515625 0.2347656250000001 0.403125 0.2347656250000001 0.403125 0.3281250000000001 0.515625 0.3281250000000001
19 0.603125 0.2371093750000001 0.512890625 0.2371093750000001 0.512890625 0.3390625000000001 0.603125 0.3390625000000001
19 0.7125 0.2414062500000001 0.61015625 0.2414062500000001 0.61015625 0.3359375000000001 0.7125 0.3359375000000001
19 0.7640625 0.02187500000000009 0.6921875 0.021875000000000082 0.6921875 0.13281250000000008 0.7640625 0.13281250000000008
19 0.5234375 0.02500000000000006 0.453515625 0.025000000000000057 0.453515625 0.13593750000000004 0.5234375 0.13593750000000004
19 0.6828125 0.026562500000000083 0.614453125 0.02656250000000008 0.614453125 0.13437500000000008 0.6828125 0.13437500000000008
19 0.4484375 0.02460937500000005 0.3765625 0.024609375000000044 0.3765625 0.13593750000000004 0.4484375 0.13593750000000004
19 0.4593750000000002 0.776171875 0.3937500000000001 0.776171875 0.3937500000000001 0.8390625 0.4593750000000002 0.8390625
19 0.603125 0.026171875000000074 0.534765625 0.026171875000000067 0.534765625 0.13281250000000006 0.603125 0.13281250000000008
19 0.5375000000000002 0.781640625 0.46406250000000016 0.781640625 0.46406250000000016 0.846875 0.5375000000000002 0.846875