19 0.11406250000000004 0.2359375 0.027734375000000033 0.2359375 0.027734375000000033 0.31640625 0.11406250000000004 0.31640625
19 0.19218750000000004 0.245703125 0.11875000000000005 0.245703125 0.11875000000000005 0.325 0.19218750000000004 0.325
19 0.2796875 0.253515625 0.205859375 0.253515625 0.205859375 0.321875 0.2796875 0.321875
19 0.33046875 0.276171875 0.2765625 0.276171875 0.2765625 0.3171875 0.33046875 0.3171875
19 0.8703125 0.2871093750000001 0.810546875 0.2871093750000001 0.810546875 0.3453125000000001 0.8703125 0.3453125000000001
19 0.8109375 0.3003906250000001 0.761328125 0.3003906250000001 0.761328125 0.3375000000000001 0.8109375 0.3375000000000001
19 0.7578125 0.3136718750000001 0.721875 0.3136718750000001 0.721875 0.3421875000000001 0.7578125 0.3421875000000001
19 0.14843750000000006 0.374609375 0.10898437500000005 0.374609375 0.10898437500000005 0.4328125 0.14843750000000006 0.4328125
19 0.10625000000000004 0.375 0.06875000000000005 0.375 0.06875000000000005 0.4328125 0.10625000000000004 0.4328125
19 0.6078125 0.37187500000000007 0.5546875 0.37187500000000007 0.5546875 0.4453125 0.6078125 0.4453125
19 0.6625 0.3734375000000001 0.609765625 0.3734375000000001 0.609765625 0.4453125 0.6625 0.4453125
19 0.7234375 0.3832031250000001 0.653515625 0.3832031250000001 0.653515625 0.433984375 0.7234375 0.433984375
19 0.5203125 0.4765625 0.461328125 0.4765625 0.461328125 0.5640625 0.5203125 0.5640625
19 0.5984375 0.489453125 0.509375 0.489453125 0.509375 0.55 0.5984375 0.55