19 0.75703125 0.1546875000000001 0.7234375 0.1546875000000001 0.7234375 0.1898437500000001 0.75703125 0.1898437500000001
19 0.18906250000000002 0.14062500000000003 0.1203125 0.140625 0.12031250000000002 0.22265625 0.18906250000000005 0.22265625
19 0.2578125 0.14531250000000004 0.190625 0.14531250000000004 0.19062500000000002 0.221875 0.2578125 0.221875
19 0.39453125 0.14531250000000004 0.328125 0.14531250000000004 0.328125 0.22109375000000003 0.39453125 0.2210937500000001
19 0.32578125 0.14687500000000003 0.259375 0.14687500000000003 0.259375 0.22109375 0.32578125 0.22109375
19 0.465625 0.14843750000000006 0.396875 0.14843750000000006 0.396875 0.22265625000000008 0.465625 0.22265625000000008
19 0.5203125 0.15468750000000003 0.471875 0.15468750000000003 0.471875 0.2234375000000001 0.5203125 0.2234375000000001
19 0.5703125 0.15468750000000006 0.5234375 0.15468750000000003 0.5234375 0.2234375000000001 0.5703125 0.2234375000000001
19 0.7125 0.1609375000000001 0.659375 0.1609375000000001 0.659375 0.2250000000000001 0.7125 0.2250000000000001
19 0.6109375 0.1703125000000001 0.578125 0.1703125000000001 0.578125 0.2218750000000001 0.6109375 0.2218750000000001
19 0.65390625 0.1703125000000001 0.61875 0.1703125000000001 0.61875 0.2218750000000001 0.65390625 0.2218750000000001
19 0.75546875 0.1921875000000001 0.721875 0.1921875000000001 0.721875 0.2218750000000001 0.75546875 0.2218750000000001
19 0.796875 0.2593750000000001 0.74375 0.2593750000000001 0.74375 0.3125000000000001 0.796875 0.3125000000000001
19 0.17343750000000005 0.2890625 0.14062500000000006 0.2890625 0.14062500000000006 0.34453125 0.17343750000000005 0.34453125
19 0.2109375 0.2890625 0.17812500000000003 0.2890625 0.17812500000000003 0.34453125 0.2109375 0.34453125
19 0.2515625 0.2890625 0.21875 0.2890625 0.21875 0.34453125 0.2515625 0.34453125
19 0.284375 0.2890625 0.2546875 0.2890625 0.2546875 0.34453125 0.284375 0.34453125
19 0.80390625 0.3203125000000001 0.7453125 0.3203125000000001 0.7453125 0.3609375000000001 0.80390625 0.3609375000000001
19 0.80078125 0.3781250000000001 0.7453125 0.3781250000000001 0.7453125 0.4265625000000002 0.80078125 0.4265625000000002
19 0.35234375000000007 0.384375 0.28593750000000007 0.384375 0.28593750000000007 0.4640625 0.35234375000000007 0.4640625
19 0.2851562500000001 0.3875 0.21875000000000008 0.3875 0.21875000000000008 0.46328125 0.2851562500000001 0.46328125
19 0.2101562500000001 0.3875 0.14375000000000004 0.3875 0.14375000000000004 0.4640625 0.2101562500000001 0.4640625
19 0.41875 0.3921875 0.3546875000000001 0.3921875 0.3546875000000001 0.46171875 0.41875 0.46171875
19 0.47890625 0.4 0.4203125 0.4 0.4203125 0.4609375 0.47890625 0.4609375
19 0.56328125 0.415625 0.528125 0.415625 0.528125 0.4640625 0.56328125 0.4640625
19 0.52265625 0.4140625 0.4875 0.4140625 0.4875 0.46328125 0.52265625 0.46328125
19 0.8 0.4343750000000002 0.746875 0.4343750000000002 0.746875 0.4828125000000002 0.8 0.4828125000000002
19 0.7984375 0.4906250000000002 0.75 0.4906250000000002 0.75 0.5445312500000001 0.7984375 0.5445312500000001
19 0.79765625 0.5765625000000002 0.746875 0.5765625000000002 0.746875 0.6296875000000002 0.79765625 0.6296875000000002