19 0.74765625 0.1140625000000001 0.6921875 0.1140625000000001 0.6921875 0.2015625000000001 0.74765625 0.2015625000000001
19 0.65 0.2375000000000001 0.6046875 0.2375000000000001 0.6046875 0.3226562500000001 0.65 0.3226562500000001
19 0.69921875 0.2375000000000001 0.65625 0.2375000000000001 0.65625 0.3242187500000001 0.69921875 0.3242187500000001
19 0.59609375 0.2375000000000001 0.5515625 0.2375000000000001 0.5515625 0.3242187500000001 0.59609375 0.3242187500000001
19 0.5453125 0.2406250000000001 0.496875 0.2406250000000001 0.496875 0.3281250000000001 0.5453125 0.3281250000000001
19 0.88515625 0.27031250000000007 0.85625 0.27031250000000007 0.85625 0.32109375000000007 0.88515625 0.32109375000000007
19 0.8515625 0.27031250000000007 0.8203125 0.27031250000000007 0.8203125 0.32109375000000007 0.8515625 0.32109375000000007
19 0.81171875 0.27031250000000007 0.784375 0.27031250000000007 0.784375 0.3195312500000001 0.81171875 0.3195312500000001
19 0.7390625 0.2734375000000001 0.7078125 0.2734375000000001 0.7078125 0.3226562500000001 0.7390625 0.3226562500000001
19 0.778125 0.2734375000000001 0.746875 0.2734375000000001 0.746875 0.3242187500000001 0.778125 0.3242187500000001
19 0.27812500000000007 0.4734375 0.2140625000000001 0.4734375 0.2140625000000001 0.53984375 0.27812500000000007 0.53984375
19 0.4203125 0.475 0.3593750000000001 0.475 0.3593750000000001 0.54453125 0.4203125 0.54453125
19 0.7875 0.47968750000000016 0.746875 0.47968750000000016 0.746875 0.5398437500000002 0.7875 0.5398437500000002
19 0.8359375 0.47968750000000016 0.7984375 0.47968750000000016 0.7984375 0.5398437500000002 0.8359375 0.5398437500000002
19 0.7375 0.4796875000000001 0.6953125 0.4796875 0.6953125 0.5437500000000001 0.7375 0.5437500000000002
19 0.64140625 0.48125 0.596875 0.48125 0.596875 0.54140625 0.64140625 0.54140625
19 0.2132812500000001 0.4796875 0.14843750000000006 0.4796875 0.14843750000000006 0.54375 0.2132812500000001 0.54375
19 0.5921875 0.48125 0.5515625 0.48125 0.5515625 0.54140625 0.5921875 0.54140625
19 0.14375000000000007 0.478125 0.07968750000000006 0.478125 0.07968750000000006 0.54453125 0.1437500000000001 0.54453125
19 0.68984375 0.4796875 0.6453125 0.4796875 0.6453125 0.5421875 0.68984375 0.5421875
19 0.3515625000000001 0.48125 0.2890625000000001 0.48125 0.2890625000000001 0.54140625 0.3515625000000001 0.54140625
19 0.48046875 0.49375 0.4265625 0.49375 0.4265625 0.5421875 0.48046875 0.5421875
19 0.5453125 0.49375 0.4921875 0.49375 0.4921875 0.5421875 0.5453125 0.5421875