19 0.37812500000000004 0.3375 0.2515625 0.3375 0.2515625 0.38281250000000006 0.3781250000000001 0.3828125000000001
19 0.2515625 0.361328125 0.16601562500000006 0.361328125 0.16601562500000006 0.4 0.2515625000000001 0.4
19 0.71875 0.468359375 0.6625 0.468359375 0.6625 0.6109375 0.71875 0.6109375
19 0.56875 0.481640625 0.4890625 0.481640625 0.4890625 0.6078125 0.56875 0.6078125
19 0.8453125 0.4988281250000002 0.784375 0.4988281250000002 0.784375 0.6000000000000002 0.8453125 0.6000000000000002
19 0.7921875 0.5390625000000001 0.7140625 0.5390625 0.7140625 0.5953125000000001 0.7921875 0.5953125000000001
19 0.6484375 0.5234375 0.573046875 0.5234375 0.573046875 0.6125 0.6484375 0.6125
19 0.18750000000000006 0.528125 0.08242187500000006 0.528125 0.08242187500000006 0.6078125 0.18750000000000008 0.6078125
19 0.08437500000000006 0.509375 6.23804463315683e-17 0.509375 6.97474622326891e-17 0.6296875 0.08437500000000006 0.6296875
19 0.896875 0.5484375000000001 0.85 0.5484375000000001 0.85 0.6046875000000002 0.896875 0.6046875000000002
19 0.3265625000000001 0.556640625 0.24570312500000008 0.556640625 0.24570312500000008 0.6 0.3265625000000001 0.6
19 0.2593750000000001 0.5359375 0.18437500000000004 0.5359375 0.18437500000000007 0.625 0.2593750000000001 0.625