19 0.3140625 0.14570312500000004 0.260546875 0.14570312500000004 0.260546875 0.203125 0.3140625 0.203125
19 0.4046875 0.24570312500000005 0.345703125 0.245703125 0.345703125 0.32031250000000006 0.4046875 0.3203125000000001
19 0.546875 0.25664062500000007 0.473828125 0.25664062500000007 0.473828125 0.3140625000000001 0.546875 0.3140625000000001
19 0.475 0.2515625000000001 0.4140625 0.2515625000000001 0.4140625 0.32500000000000007 0.475 0.32500000000000007
19 0.6109375 0.2582031250000001 0.537109375 0.2582031250000001 0.537109375 0.3156250000000001 0.6109375 0.3156250000000001
19 0.29375 0.2546875 0.246875 0.2546875 0.246875 0.321875 0.29375 0.321875
19 0.340625 0.2546875 0.298828125 0.2546875 0.298828125 0.3234375 0.340625 0.3234375
19 0.18437500000000004 0.278125 0.13164062500000004 0.278125 0.13164062500000004 0.30625 0.18437500000000004 0.30625
19 0.14531250000000004 0.27734375 0.09335937500000005 0.27734375 0.09335937500000005 0.3109375 0.14531250000000004 0.3109375
19 0.21875 0.2796875 0.16601562500000006 0.2796875 0.16601562500000006 0.3078125 0.21875 0.3078125
19 0.24375 0.26875 0.2125 0.26875 0.2125 0.321875 0.24375 0.321875
19 0.40625 0.3468750000000001 0.372265625 0.3468750000000001 0.37226562500000004 0.38750000000000007 0.40625 0.38750000000000007
19 0.446875 0.3531250000000001 0.40625 0.3531250000000001 0.40625 0.3843750000000001 0.446875 0.3843750000000001
19 0.2656250000000001 0.37265625 0.2371093750000001 0.37265625 0.2371093750000001 0.4 0.2656250000000001 0.4
19 0.2328125000000001 0.371875 0.19687500000000005 0.371875 0.19687500000000005 0.403125 0.2328125000000001 0.403125
19 0.3000000000000001 0.3734375 0.27031250000000007 0.3734375 0.27031250000000007 0.403125 0.3000000000000001 0.403125
19 0.33281250000000007 0.37578125 0.3042968750000001 0.37578125 0.3042968750000001 0.4046875 0.33281250000000007 0.4046875
19 0.3671875000000001 0.37500000000000006 0.3375000000000001 0.375 0.3375000000000001 0.4046875 0.3671875000000001 0.4046875
19 0.783984375 0.3722656250000001 0.714453125 0.3722656250000001 0.714453125 0.4296875000000001 0.783984375 0.42968750000000017
19 0.715625 0.3734375000000001 0.658203125 0.3734375000000001 0.658203125 0.4375 0.715625 0.4375
19 0.54375 0.3843750000000001 0.480859375 0.3843750000000001 0.480859375 0.428125 0.54375 0.428125
19 0.6546875 0.3789062500000001 0.59140625 0.3789062500000001 0.59140625 0.434375 0.6546875 0.434375
19 0.4984375 0.3859375000000001 0.434765625 0.3859375000000001 0.434765625 0.428125 0.4984375 0.428125
19 0.8875 0.3812500000000001 0.845703125 0.3812500000000001 0.845703125 0.43750000000000017 0.8875 0.43750000000000017
19 0.590625 0.38359375000000007 0.533203125 0.38359375000000007 0.533203125 0.4328125 0.590625 0.4328125
19 0.8359375 0.37968750000000007 0.786328125 0.37968750000000007 0.786328125 0.43750000000000017 0.8359375 0.43750000000000017
19 0.4078125 0.39921875000000007 0.3605468750000001 0.39921875 0.3605468750000001 0.428125 0.4078125 0.428125
19 0.4453125 0.39531250000000007 0.3980468750000001 0.39531250000000007 0.3980468750000001 0.43046875 0.4453125 0.43046875
19 0.2234375000000001 0.403125 0.19492187500000005 0.403125 0.19492187500000005 0.43828125 0.2234375000000001 0.43828125
19 0.2593750000000001 0.4078125 0.23007812500000008 0.4078125 0.23007812500000008 0.434375 0.2593750000000001 0.434375
19 0.29375000000000007 0.4078125 0.2640625000000001 0.4078125 0.2640625000000001 0.4375 0.29375000000000007 0.4375
19 0.32500000000000007 0.408203125 0.2984375000000001 0.408203125 0.2984375000000001 0.4359375 0.32500000000000007 0.4359375
19 0.36406250000000007 0.407421875 0.33281250000000007 0.407421875 0.33281250000000007 0.4359375 0.36406250000000007 0.4359375