19 0.78984375 0.08906250000000009 0.734375 0.08906250000000009 0.734375 0.1960937500000001 0.78984375 0.1960937500000001
19 0.89453125 0.09062500000000011 0.8390625 0.09062500000000011 0.8390625 0.1984375000000001 0.89453125 0.1984375000000001
19 0.8421875 0.0937500000000001 0.7859375 0.09375000000000008 0.7859375 0.1945312500000001 0.8421875 0.1945312500000001
19 0.734375 0.09375000000000008 0.6828125 0.09375000000000008 0.6828125 0.1984375000000001 0.734375 0.1984375000000001
19 0.52109375 0.3515625000000001 0.4828125 0.3515625000000001 0.4828125 0.42578125 0.52109375 0.42578125
19 0.56328125 0.3531250000000001 0.5234375 0.3531250000000001 0.5234375 0.4265625 0.56328125 0.4265625
19 0.60859375 0.3593750000000001 0.565625 0.3593750000000001 0.565625 0.43359375 0.60859375 0.43359375
19 0.653125 0.3625000000000001 0.6109375 0.3625000000000001 0.6109375 0.43828125 0.653125 0.43828125
19 0.75 0.3625000000000001 0.7015625 0.3625000000000001 0.7015625 0.4453125000000001 0.75 0.44531250000000017
19 0.7015625 0.3656250000000001 0.6546875 0.3656250000000001 0.6546875 0.44375 0.7015625 0.44375
19 0.31328125000000007 0.45625 0.2890625000000001 0.45625 0.2890625000000001 0.5125 0.31328125000000007 0.5125
19 0.5 0.475 0.4796875 0.475 0.4796875 0.5390625 0.5 0.5390625
19 0.3335937500000001 0.4875 0.3140625000000001 0.4875 0.3140625000000001 0.534375 0.3335937500000001 0.534375
19 0.5203125 0.509375 0.503125 0.509375 0.503125 0.5625 0.5203125 0.5625
19 0.5421875 0.5109375 0.525 0.5109375 0.525 0.5640625 0.5421875 0.5640625
19 0.2929687500000001 0.53125 0.27031250000000007 0.53125 0.27031250000000007 0.59375 0.2929687500000001 0.59375
19 0.440625 0.5484375 0.4265625 0.5484375 0.4265625 0.575 0.440625 0.575
19 0.3429687500000001 0.5359375 0.3187500000000001 0.5359375 0.3187500000000001 0.6046875 0.3429687500000001 0.6046875
19 0.3687500000000001 0.5375 0.3437500000000001 0.5375 0.3437500000000001 0.60625 0.3687500000000001 0.60625
19 0.46953125 0.53125 0.4453125 0.53125 0.4453125 0.62265625 0.46953125 0.62265625
19 0.3960937500000001 0.5390625 0.37187500000000007 0.5390625 0.37187500000000007 0.60859375 0.3960937500000001 0.60859375
19 0.3140625000000001 0.553125 0.29375000000000007 0.553125 0.29375000000000007 0.6 0.3140625000000001 0.6
19 0.49375 0.5453125 0.471875 0.5453125 0.471875 0.6234375 0.49375 0.6234375
19 0.4203125 0.5625 0.3984375000000001 0.5625 0.3984375000000001 0.61640625 0.4203125 0.61640625
19 0.5171875 0.571875 0.496875 0.571875 0.496875 0.625 0.5171875 0.625
19 0.440625 0.5859375 0.4203125 0.5859375 0.4203125 0.61484375 0.440625 0.61484375
19 0.53671875 0.575 0.51875 0.575 0.51875 0.63125 0.53671875 0.63125
19 0.78671875 0.6031250000000001 0.7484375 0.6031250000000001 0.7484375 0.6703125000000002 0.78671875 0.6703125000000002
19 0.8390625 0.6093750000000002 0.796875 0.6093750000000002 0.796875 0.6781250000000002 0.8390625 0.6781250000000002
19 0.41406250000000017 0.7578125 0.3828125000000001 0.7578125 0.3828125000000001 0.80859375 0.41406250000000017 0.80859375
19 0.4500000000000002 0.76875 0.4203125000000002 0.76875 0.4203125000000002 0.8171875 0.4500000000000002 0.8171875