19 0.24600638906250002 0.3466453671875 0.209265175 0.3466453671875 0.20926517500000003 0.4361022359375 0.24600638906250008 0.4361022359375
19 0.20127795468750004 0.3466453671875 0.16932907343750006 0.3466453671875 0.16932907343750006 0.4361022359375 0.2012779546875001 0.4361022359375
19 0.29073482500000003 0.35303514375 0.249201278125 0.35303514375 0.24920127812500006 0.43450479218750004 0.2907348250000001 0.43450479218750004
19 0.7859424921875 0.3833865812500001 0.747603834375 0.3833865812500001 0.747603834375 0.44009584687500014 0.7859424921875 0.44009584687500014
19 0.8346645374999999 0.3833865812500001 0.7987220453125 0.3833865812500001 0.7987220453125 0.44009584687500014 0.8346645374999999 0.44009584687500014
19 0.7260383390625 0.48242811562500004 0.65015974375 0.482428115625 0.65015974375 0.5646964859375001 0.7260383390625 0.5646964859375002
19 0.793130990625 0.4920127796875001 0.736421725 0.4920127796875001 0.736421725 0.5670926515625002 0.793130990625 0.5670926515625002
19 0.2707667734375001 0.5047923328125 0.2252396171875001 0.5047923328125 0.2252396171875001 0.55910543125 0.2707667734375001 0.55910543125
19 0.21964856250000012 0.5047923328125 0.17412140625000005 0.5047923328125 0.17412140625000008 0.55910543125 0.21964856250000012 0.55910543125
19 0.3202875406250001 0.5047923328125 0.2763578281250001 0.5047923328125 0.2763578281250001 0.559904153125 0.3202875406250001 0.559904153125
19 0.4744408953125 0.5031948875000001 0.412140575 0.5031948875000001 0.412140575 0.56230031875 0.4744408953125 0.56230031875
19 0.55591054375 0.511182109375 0.4808306703125 0.511182109375 0.4808306703125 0.5638977640625 0.55591054375 0.5638977640625
19 0.634185303125 0.511182109375 0.5654952078125 0.511182109375 0.5654952078125 0.5654952078125 0.634185303125 0.5654952078125
19 0.36501597500000005 0.5239616609375 0.32428115000000013 0.5239616609375 0.32428115000000013 0.558306709375 0.36501597500000005 0.558306709375
19 0.40575079843750006 0.5255591046875 0.36741214062500005 0.5255591046875 0.36741214062500005 0.559904153125 0.40575079843750006 0.559904153125