19 0.3203125 0.05000000000000003 0.253125 0.050000000000000024 0.253125 0.15000000000000005 0.3203125 0.15000000000000005
19 0.40625 0.07109375000000004 0.312109375 0.07109375000000004 0.312109375 0.13750000000000004 0.40625 0.13750000000000004
19 0.28593750000000007 0.53125 0.21679687500000008 0.53125 0.21679687500000008 0.603125 0.28593750000000007 0.603125
19 0.2140625000000001 0.546875 0.1625000000000001 0.546875 0.1625000000000001 0.603125 0.2140625000000001 0.603125
19 0.15781250000000008 0.562109375 0.11093750000000009 0.562109375 0.11093750000000009 0.6015625 0.15781250000000008 0.6015625
19 0.1062500000000001 0.5640625 0.06289062500000006 0.5640625 0.06289062500000006 0.6015625 0.1062500000000001 0.6015625
19 0.728125 0.5679687500000001 0.680859375 0.56796875 0.680859375 0.6125 0.728125 0.6125000000000002
19 0.7953125 0.5542968750000001 0.73671875 0.5542968750000001 0.73671875 0.6171875000000002 0.7953125 0.6171875000000002
19 0.6765625 0.56328125 0.628515625 0.56328125 0.628515625 0.6125 0.6765625 0.6125
19 0.54375 0.633203125 0.483984375 0.633203125 0.483984375 0.704296875 0.54375 0.704296875
19 0.6328125 0.640625 0.558203125 0.640625 0.558203125 0.7 0.6328125 0.7
19 0.1 0.01875000000000001 0.0359375 0.018750000000000006 0.035937500000000004 0.1265625 0.1 0.1265625
19 0.2250000000000001 0.6421875 0.1457031250000001 0.6421875 0.1457031250000001 0.7109375 0.2250000000000001 0.7109375
19 0.1312500000000001 0.636328125 0.0671875000000001 0.636328125 0.0671875000000001 0.71875 0.1312500000000001 0.71875