19 0.18125000000000005 0.24921875 0.07265625000000002 0.24921875 0.07265625000000003 0.321875 0.18125000000000005 0.321875
19 0.2359375 0.234375 0.15937500000000004 0.234375 0.15937500000000004 0.3421875 0.2359375 0.3421875
19 0.328125 0.2578125 0.2203125 0.2578125 0.2203125 0.325 0.328125 0.325
19 0.58125 0.27226562500000007 0.4921875 0.27226562500000007 0.4921875 0.3453125000000001 0.58125 0.3453125000000001
19 0.434375 0.2867187500000001 0.370703125 0.2867187500000001 0.370703125 0.3359375000000001 0.434375 0.3359375000000001
19 0.375 0.28515625000000006 0.307421875 0.28515625 0.307421875 0.33906250000000004 0.375 0.3390625000000001
19 0.4875 0.2812500000000001 0.434375 0.2812500000000001 0.434375 0.3500000000000001 0.4875 0.3500000000000001
19 0.6578125 0.2777343750000001 0.5734375 0.2777343750000001 0.5734375 0.3500000000000001 0.6578125 0.3500000000000001
19 0.740625 0.2824218750000001 0.65546875 0.2824218750000001 0.65546875 0.3500000000000001 0.740625 0.3500000000000001
19 0.821484375 0.2863281250000001 0.734765625 0.2863281250000001 0.734765625 0.3546875000000001 0.821484375 0.3546875000000001
19 0.8859375 0.2828125000000001 0.8234375 0.2828125000000001 0.8234375 0.37187500000000007 0.8859375 0.37187500000000007
19 0.934375 0.3343750000000001 0.892578125 0.3343750000000001 0.892578125 0.3703125000000001 0.934375 0.3703125000000001
19 0.990625 0.3375000000000001 0.941015625 0.3375000000000001 0.941015625 0.3750000000000001 0.990625 0.3750000000000001
19 0.2234375000000001 0.375 0.16718750000000004 0.375 0.16718750000000004 0.4421875 0.2234375000000001 0.4421875
19 0.2765625000000001 0.374609375 0.22617187500000008 0.374609375 0.22617187500000008 0.4453125 0.2765625000000001 0.4453125
19 0.16250000000000003 0.371875 0.11093750000000005 0.371875 0.11093750000000005 0.46875 0.16250000000000003 0.46875
19 0.35625000000000007 0.40234375 0.2613281250000001 0.40234375 0.2613281250000001 0.4515625 0.35625000000000007 0.4515625
19 0.4203125 0.39257812500000006 0.3339843750000001 0.392578125 0.3339843750000001 0.468359375 0.4203125 0.468359375
19 0.5015625 0.3890625000000001 0.426953125 0.3890625000000001 0.426953125 0.478125 0.5015625 0.478125
19 0.571484375 0.420703125 0.506640625 0.420703125 0.506640625 0.4734375 0.571484375 0.4734375
19 0.7015625 0.4234375 0.6390625 0.4234375 0.6390625 0.4765625 0.7015625 0.4765625
19 0.6375 0.419140625 0.5765625 0.419140625 0.5765625 0.4828125 0.6375 0.4828125
19 0.76875 0.4234375000000001 0.7046875 0.4234375 0.7046875 0.4843750000000001 0.76875 0.48437500000000017