19 1 0.2516891890625001 0.8766891890625 0.2516891890625001 0.8766891890625 0.3741554046875001 1 0.3741554046875001
19 0.8800675671875 0.2550675671875001 0.76858108125 0.2550675671875001 0.76858108125 0.3716216218750001 0.8800675671875 0.3716216218750001
19 0.15371621562500004 0.26858108125 0.08614864843750002 0.26858108125 0.08614864843750003 0.364864865625 0.15371621562500004 0.364864865625
19 0.02871621562500004 0.290540540625 3.558095430989478e-17 0.290540540625 4.0132006645396654e-17 0.364864865625 0.028716215625000048 0.364864865625
19 0.7533783781250001 0.29054054062500007 0.6520270265625 0.29054054062500007 0.6520270265625 0.3699324328125001 0.7533783781250001 0.3699324328125001
19 0.6486486484375 0.2956081078125001 0.5886824328125 0.2956081078125001 0.5886824328125 0.3699324328125001 0.6486486484375 0.3699324328125001
19 0.584459459375 0.2972972968750001 0.5270270265625 0.2972972968750001 0.5270270265625 0.3699324328125001 0.584459459375 0.3699324328125001
19 0.08952702656250004 0.3260135140625 0.04391891875000005 0.3260135140625 0.04391891875000005 0.3673986484375 0.08952702656250004 0.3673986484375
19 0.765202703125 0.4138513515625001 0.7052364859375 0.4138513515625 0.7052364859375 0.5101351343750001 0.765202703125 0.5101351343750002
19 0.697635134375 0.415540540625 0.6418918921875 0.415540540625 0.6418918921875 0.510135134375 0.697635134375 0.510135134375
19 0.6385135140625 0.4425675671875 0.5903716218749999 0.4425675671875 0.5903716218749999 0.5076013515625 0.6385135140625 0.5076013515625
19 0.5878378375 0.44425675625 0.5422297296874999 0.44425675625 0.5422297296874999 0.510135134375 0.5878378375 0.510135134375
19 0.2381756750000001 0.5270270265625 0.17483108125000005 0.5270270265625 0.17483108125000008 0.615709459375 0.2381756750000001 0.615709459375
19 0.2972972968750001 0.5489864859375 0.23986486562500006 0.5489864859375 0.23986486562500006 0.6165540546875 0.2972972968750001 0.6165540546875
19 0.3547297296875001 0.5540540546875 0.2972972968750001 0.5540540546875 0.2972972968750001 0.6173986484375 0.3547297296875001 0.6173986484375
19 0.4138513515625 0.5608108109375001 0.35895270312500005 0.5608108109375001 0.35895270312500005 0.6241554046875 0.4138513515625 0.6241554046875
19 0.478040540625 0.5625 0.415540540625 0.5625 0.415540540625 0.6283783781250001 0.478040540625 0.6283783781250001
19 0.540540540625 0.5641891890624999 0.48057432499999997 0.5641891890624999 0.48057432499999997 0.6317567562499999 0.540540540625 0.6317567562499999