19 0.4546875 0.21093750000000008 0.407421875 0.21093750000000008 0.407421875 0.2484375000000001 0.4546875 0.2484375000000001
19 0.49609375 0.2121093750000001 0.4453125 0.2121093750000001 0.4453125 0.2468750000000001 0.49609375 0.2468750000000001
19 0.4109375 0.2082031250000001 0.3734375 0.2082031250000001 0.3734375 0.2515625000000001 0.4109375 0.2515625000000001
19 0.36875 0.20625000000000004 0.3328125 0.20625 0.3328125 0.25468750000000007 0.36875 0.25468750000000007
19 0.559375 0.2449218750000001 0.53203125 0.2449218750000001 0.53203125 0.2750000000000001 0.559375 0.2750000000000001
19 0.596875 0.2500000000000001 0.565625 0.2500000000000001 0.565625 0.2718750000000001 0.596875 0.2718750000000001
19 0.5265625 0.2488281250000001 0.4953125 0.2488281250000001 0.4953125 0.2750000000000001 0.5265625 0.2750000000000001
19 0.45078125 0.2636718750000001 0.40625 0.2636718750000001 0.40625 0.2953125000000001 0.45078125 0.2953125000000001
19 0.490625 0.2640625000000001 0.4453125 0.2640625000000001 0.4453125 0.3000000000000001 0.490625 0.3000000000000001
19 0.3671875 0.25585937500000006 0.33125 0.255859375 0.33125 0.30468750000000006 0.3671875 0.3046875000000001
19 0.4125 0.2632812500000001 0.36484375 0.2632812500000001 0.36484375 0.3000000000000001 0.4125 0.3000000000000001
19 0.559375 0.2753906250000001 0.526953125 0.2753906250000001 0.526953125 0.3031250000000001 0.559375 0.3031250000000001
19 0.521875 0.2769531250000001 0.4890625 0.2769531250000001 0.4890625 0.3046875000000001 0.521875 0.3046875000000001
19 0.590625 0.27812500000000007 0.562890625 0.27812500000000007 0.562890625 0.3046875000000001 0.590625 0.3046875000000001
19 0.6 0.40859375 0.55234375 0.40859375 0.55234375 0.4640625 0.6 0.4640625
19 0.478125 0.4140625 0.419140625 0.4140625 0.419140625 0.4625 0.478125 0.4625
19 0.5359375 0.4078125 0.486328125 0.4078125 0.486328125 0.4671875 0.5359375 0.4671875
19 0.6671875 0.414453125 0.608984375 0.414453125 0.608984375 0.4625 0.6671875 0.4625
19 0.603125 0.486328125 0.5578125 0.486328125 0.5578125 0.54375 0.603125 0.54375
19 0.6625 0.49296875 0.60078125 0.49296875 0.60078125 0.5375 0.6625 0.5375
19 0.39531250000000007 0.531640625 0.3535156250000001 0.531640625 0.3535156250000001 0.6109375 0.39531250000000007 0.6109375
19 0.575 0.54921875 0.49609375 0.54921875 0.49609375 0.6046875 0.575 0.6046875
19 0.453125 0.5640625 0.38164062500000007 0.5640625 0.38164062500000007 0.5984375 0.453125 0.5984375
19 0.6609375 0.553125 0.6140625 0.553125 0.6140625 0.6171875 0.6609375 0.6171875
19 0.6078125 0.552734375 0.565234375 0.552734375 0.565234375 0.6171875 0.6078125 0.6171875
19 0.7078125 0.5546875 0.6609375 0.5546875 0.6609375 0.61875 0.7078125 0.61875
19 0.509375 0.565625 0.4796875 0.565625 0.4796875 0.615625 0.509375 0.615625
19 0.6078125000000001 0.7 0.53125 0.7 0.5312500000000001 0.7609375 0.6078125000000002 0.7609375
19 0.47929687500000007 0.701171875 0.409765625 0.701171875 0.4097656250000001 0.759375 0.4792968750000002 0.759375
19 0.5421875 0.701953125 0.4734375 0.701953125 0.47343750000000007 0.7578125 0.5421875000000002 0.7578125
19 0.6703125000000001 0.696484375 0.612109375 0.696484375 0.6121093750000001 0.7703125 0.6703125000000002 0.7703125