19 0.865416665625 0.3919791671875001 0.7845833328125 0.3919791671875001 0.7845833328125 0.4468750000000002 0.865416665625 0.4468750000000002
19 0.6934895828125 0.3913541671875001 0.6118229171875 0.3913541671875001 0.6118229171875 0.446875 0.6934895828125 0.446875
19 1 0.4047916656250002 0.9571875000000001 0.4047916656250002 0.9571875000000001 0.4359375000000002 1 0.4359375000000002
19 0.9609375 0.39531250000000007 0.880520834375 0.39531250000000007 0.880520834375 0.44843750000000016 0.9609375 0.44843750000000016
19 0.603125 0.3981770828125001 0.510416665625 0.3981770828125001 0.510416665625 0.4453125 0.603125 0.4453125
19 0.7625 0.3783333328125001 0.711302084375 0.3783333328125001 0.711302084375 0.4687500000000001 0.7625 0.46875000000000017
19 0.2140625000000001 0.490677084375 0.15322916718750004 0.490677084375 0.15322916718750004 0.54375 0.2140625000000001 0.54375
19 0.2718750000000001 0.4911979171875 0.21203125000000006 0.4911979171875 0.21203125000000006 0.5453125 0.2718750000000001 0.5453125
19 0.042187500000000065 0.5060937484375 6.197860890924701e-17 0.5060937484375 6.447574036880896e-17 0.546875 0.042187500000000065 0.546875
19 0.09375000000000007 0.50546875 0.051562501562500064 0.50546875 0.051562501562500064 0.546875 0.09375000000000007 0.546875
19 0.15156250000000007 0.5061979156249999 0.10864583281250004 0.5061979156249999 0.10864583281250006 0.546875 0.1515625000000001 0.546875
19 0.875 0.5003125000000002 0.795104165625 0.5003125000000002 0.795104165625 0.5515625000000002 0.875 0.5515625000000002
19 0.96875 0.4996875000000002 0.8878124984375001 0.4996875000000002 0.8878124984375001 0.5515625000000002 0.96875 0.5515625000000002
19 0.7890625 0.5053125 0.6996875 0.5053124999999999 0.6996875 0.5546875000000001 0.7890625 0.5546875000000002