19 0.5296875 0.559375 0.45625 0.559375 0.45625 0.7015625 0.5296875 0.7015625
19 0.6421875 0.589453125 0.499609375 0.589453125 0.499609375 0.665234375 0.6421875 0.665234375
19 0.6765625 0.578125 0.6140625 0.578125 0.6140625 0.7078125 0.6765625 0.7078125
19 0.14843750000000008 0.588671875 0.07500000000000007 0.588671875 0.07500000000000008 0.7015625 0.14843750000000008 0.7015625
19 0.6109375 0.057812500000000065 0.4546875 0.057812500000000065 0.4546875 0.09843750000000007 0.6109375 0.09843750000000007
19 0.60625 0.00039062500000007163 0.5640625 0.00039062500000006903 0.5640625 0.15781250000000008 0.60625 0.15781250000000008
19 0.12968750000000012 0.7609375 0.08125000000000009 0.7609375 0.0812500000000001 0.9234375 0.12968750000000012 0.9234375
19 0.2875000000000001 0.794921875 0.23789062500000008 0.794921875 0.23789062500000008 0.9265625 0.2875000000000001 0.9265625
19 0.3828125000000001 0.83515625 0.2601562500000001 0.83515625 0.2601562500000001 0.8875 0.3828125000000001 0.8875
19 0.4031250000000002 0.7984375 0.3515625000000001 0.7984375 0.3515625000000001 0.925 0.4031250000000002 0.925
19 0.2328125000000001 0.828125 0.1906250000000001 0.828125 0.1906250000000001 0.925 0.2328125000000001 0.925
19 0.18593750000000012 0.8296875 0.14257812500000008 0.8296875 0.1425781250000001 0.925 0.18593750000000014 0.925
19 0.4605468750000002 0.877734375 0.4019531250000002 0.877734375 0.4019531250000002 0.9125 0.4605468750000002 0.9125
19 0.5031250000000002 0.8765625 0.44335937500000017 0.8765625 0.44335937500000017 0.91484375 0.5031250000000002 0.91484375
19 0.425 0.07929687500000004 0.3078125 0.07929687500000004 0.3078125 0.11562500000000005 0.425 0.11562500000000005
19 0.340625 0.03945312500000004 0.303125 0.03945312500000003 0.303125 0.16093750000000004 0.340625 0.16093750000000004