19 0.31484375 0.14531250000000004 0.2609375 0.14531250000000004 0.2609375 0.20390625 0.31484375 0.20390625
19 0.40546875 0.24531250000000004 0.3453125 0.2453125 0.3453125 0.32109375000000007 0.40546875 0.32109375000000007
19 0.53984375 0.2484375000000001 0.48125 0.2484375000000001 0.48125 0.3226562500000001 0.53984375 0.3226562500000001
19 0.475 0.2515625000000001 0.4140625 0.2515625000000001 0.4140625 0.32500000000000007 0.475 0.32500000000000007
19 0.60390625 0.2500000000000001 0.5453125 0.2500000000000001 0.5453125 0.3257812500000001 0.60390625 0.3257812500000001
19 0.29375 0.2546875 0.246875 0.2546875 0.246875 0.321875 0.29375 0.321875
19 0.34140625 0.2546875 0.2984375 0.2546875 0.2984375 0.3234375 0.34140625 0.3234375
19 0.17265625000000004 0.265625 0.14375000000000004 0.265625 0.14375000000000004 0.31875 0.17265625000000004 0.31875
19 0.13671875000000006 0.2671875 0.10312500000000005 0.2671875 0.10312500000000005 0.3203125 0.13671875000000006 0.3203125
19 0.20703125 0.2671875 0.17812500000000003 0.2671875 0.17812500000000003 0.3203125 0.20703125 0.3203125
19 0.24375 0.26875 0.2125 0.26875 0.2125 0.321875 0.24375 0.321875
19 0.40703125 0.3468750000000001 0.371875 0.3468750000000001 0.37187500000000007 0.38750000000000007 0.40703125 0.38750000000000007
19 0.4421875 0.34843750000000007 0.4109375 0.34843750000000007 0.4109375 0.3890625000000001 0.4421875 0.3890625000000001
19 0.26640625000000007 0.371875 0.2375000000000001 0.371875 0.2375000000000001 0.4015625 0.26640625000000007 0.4015625
19 0.2328125000000001 0.371875 0.19687500000000005 0.371875 0.19687500000000005 0.403125 0.2328125000000001 0.403125
19 0.3000000000000001 0.3734375 0.27031250000000007 0.3734375 0.27031250000000007 0.403125 0.3000000000000001 0.403125
19 0.3335937500000001 0.375 0.3046875000000001 0.375 0.3046875000000001 0.4046875 0.3335937500000001 0.4046875
19 0.3671875000000001 0.37500000000000006 0.3375000000000001 0.375 0.3375000000000001 0.4046875 0.3671875000000001 0.4046875
19 0.77890625 0.3671875000000001 0.7203125 0.3671875000000001 0.7203125 0.4367187500000001 0.77890625 0.43671875000000016
19 0.71640625 0.3734375000000001 0.6578125 0.3734375000000001 0.6578125 0.4375 0.71640625 0.4375
19 0.53515625 0.3750000000000001 0.490625 0.3750000000000001 0.490625 0.4390625 0.53515625 0.4390625
19 0.6515625 0.3750000000000001 0.5953125 0.3750000000000001 0.5953125 0.4390625 0.6515625 0.4390625
19 0.48828125 0.3750000000000001 0.4453125 0.3750000000000001 0.4453125 0.4390625 0.48828125 0.4390625
19 0.88828125 0.3812500000000001 0.8453125 0.3812500000000001 0.8453125 0.43750000000000017 0.88828125 0.43750000000000017
19 0.58671875 0.37968750000000007 0.5375 0.37968750000000007 0.5375 0.4375 0.58671875 0.4375
19 0.83671875 0.37968750000000007 0.7859375 0.37968750000000007 0.7859375 0.4382812500000002 0.83671875 0.4382812500000002
19 0.39921875000000007 0.3890625000000001 0.3703125000000001 0.3890625000000001 0.3703125000000001 0.4375 0.39921875000000007 0.4375
19 0.43984375 0.3890625000000001 0.4046875 0.3890625000000001 0.4046875 0.4375 0.43984375 0.4375
19 0.2273437500000001 0.40625 0.19218750000000004 0.40625 0.19218750000000004 0.4359375 0.2273437500000001 0.4359375
19 0.25859375000000007 0.40625 0.2312500000000001 0.40625 0.2312500000000001 0.4359375 0.25859375000000007 0.4359375
19 0.29375000000000007 0.4078125 0.2640625000000001 0.4078125 0.2640625000000001 0.4375 0.29375000000000007 0.4375
19 0.3257812500000001 0.4078125 0.2984375000000001 0.4078125 0.2984375000000001 0.43671875 0.3257812500000001 0.43671875
19 0.36406250000000007 0.4078125 0.33281250000000007 0.4078125 0.33281250000000007 0.43671875 0.36406250000000007 0.43671875