19 0.5375 0.603125 0.496484375 0.603125 0.496484375 0.6375 0.5375 0.6375
19 0.4921875 0.603515625 0.453125 0.603515625 0.453125 0.6390625 0.4921875 0.6390625
19 0.44375 0.599609375 0.4078125 0.599609375 0.4078125 0.6421875 0.44375 0.6421875
19 0.5828125 0.604296875 0.54296875 0.604296875 0.54296875 0.640625 0.5828125 0.640625
19 0.39531250000000007 0.6015625 0.3558593750000001 0.6015625 0.3558593750000001 0.64140625 0.39531250000000007 0.64140625
19 0.34843750000000007 0.60625 0.3089843750000001 0.60625 0.3089843750000001 0.63984375 0.34843750000000007 0.63984375
19 0.703125 0.628125 0.666015625 0.628125 0.666015625 0.6609375 0.703125 0.6609375
19 0.740625 0.6312500000000001 0.7015625 0.63125 0.7015625 0.6609375000000001 0.740625 0.6609375000000002
19 0.621875 0.6296875 0.5890625 0.6296875 0.5890625 0.6609375 0.621875 0.6609375
19 0.6609375 0.626171875 0.627734375 0.626171875 0.627734375 0.6625 0.6609375 0.6625
19 0.778125 0.6296875000000002 0.745703125 0.6296875000000002 0.745703125 0.6625000000000002 0.778125 0.6625000000000002
19 0.8234375 0.6296875000000002 0.7859375 0.6296875000000002 0.7859375 0.6625000000000002 0.8234375 0.6625000000000002
19 0.2531250000000001 0.64765625 0.1804687500000001 0.64765625 0.1804687500000001 0.7 0.2531250000000001 0.7
19 0.3000000000000001 0.6375 0.2425781250000001 0.6375 0.2425781250000001 0.715625 0.3000000000000001 0.715625
19 0.19531250000000008 0.6484375 0.1199218750000001 0.6484375 0.1199218750000001 0.7015625 0.19531250000000008 0.7015625
19 0.12656250000000008 0.6375 0.07031250000000008 0.6375 0.07031250000000008 0.715625 0.12656250000000008 0.715625
19 0.9234375 0.6550781250000002 0.88125 0.6550781250000002 0.88125 0.7078125000000002 0.9234375 0.7078125000000002
19 0.878125 0.6566406250000002 0.8375 0.6566406250000002 0.8375 0.7093750000000002 0.878125 0.7093750000000002
19 0.3546875000000001 0.653515625 0.3042968750000001 0.653515625 0.3042968750000001 0.7125 0.3546875000000001 0.7125
19 0.3984375000000001 0.6546875 0.35625000000000007 0.6546875 0.35625000000000007 0.7109375 0.3984375000000001 0.7109375
19 0.4453125 0.656640625 0.403125 0.656640625 0.403125 0.709375 0.4453125 0.709375
19 0.546875 0.66171875 0.49453125 0.66171875 0.49453125 0.70625 0.546875 0.70625
19 0.5875 0.656640625 0.5484375 0.656640625 0.5484375 0.7109375 0.5875 0.7109375
19 0.49375 0.65625 0.4453125 0.65625 0.4453125 0.709375 0.49375 0.709375
19 0.7484375 0.675 0.7125 0.675 0.7125 0.70625 0.7484375 0.7062500000000002
19 0.709375 0.675 0.6703125 0.675 0.6703125 0.7046875 0.709375 0.7046875
19 0.6265625 0.67265625 0.594921875 0.67265625 0.594921875 0.7109375 0.6265625 0.7109375
19 0.790625 0.6734375000000001 0.7515625 0.6734375000000001 0.7515625 0.7062500000000002 0.790625 0.7062500000000002
19 0.8328125 0.6738281250000002 0.7921875 0.6738281250000002 0.7921875 0.7078125000000002 0.8328125 0.7078125000000002
19 0.6703125 0.6765625 0.632421875 0.6765625 0.632421875 0.709375 0.6703125 0.709375
19 0.9125 0.7535156250000001 0.839453125 0.7535156250000001 0.839453125 0.8171875 0.9125 0.8171875
19 0.5343750000000002 0.753125 0.4691406250000002 0.753125 0.4691406250000002 0.821875 0.5343750000000002 0.821875
19 0.7656250000000002 0.7542968750000001 0.6871093750000001 0.754296875 0.6871093750000001 0.8234375 0.7656250000000002 0.8234375
19 0.6859375000000002 0.748828125 0.6125000000000002 0.748828125 0.6125000000000002 0.828125 0.6859375000000002 0.828125
19 0.8390625 0.7535156250000001 0.7640625000000002 0.7535156250000001 0.7640625000000002 0.821875 0.8390625 0.821875
19 0.46406250000000016 0.753515625 0.3949218750000001 0.753515625 0.3949218750000001 0.824609375 0.46406250000000016 0.824609375
19 0.6093750000000002 0.758203125 0.5347656250000001 0.758203125 0.5347656250000001 0.8234375 0.6093750000000002 0.8234375
19 0.3890625000000001 0.7578125 0.3203125000000001 0.7578125 0.3203125000000001 0.8265625 0.3890625000000001 0.8265625
19 0.3109375000000001 0.7546875 0.2425781250000001 0.7546875 0.2425781250000001 0.83125 0.3109375000000001 0.83125
19 0.1687500000000001 0.76875 0.10273437500000009 0.76875 0.10273437500000009 0.828125 0.1687500000000001 0.828125
19 0.10000000000000009 0.7671875 0.05156250000000009 0.7671875 0.0515625000000001 0.8296875 0.10000000000000009 0.8296875
19 0.23593750000000008 0.7671875 0.17187500000000008 0.7671875 0.17187500000000008 0.8359375 0.23593750000000008 0.8359375
19 0.5046875000000002 0.897265625 0.4363281250000002 0.897265625 0.4363281250000002 0.9765625 0.5046875000000002 0.9765625
19 0.21093750000000008 0.890625 0.1371093750000001 0.890625 0.13710937500000012 0.9828125 0.21093750000000008 0.9828125
19 0.1437500000000001 0.9015625 0.051953125000000114 0.9015625 0.051953125000000114 0.975 0.14375000000000013 0.975
19 0.2921875000000001 0.90390625 0.2035156250000001 0.90390625 0.2035156250000001 0.975 0.2921875000000001 0.975
19 0.43281250000000016 0.898828125 0.3609375000000001 0.898828125 0.3609375000000001 0.9828125 0.43281250000000016 0.9828125
19 0.3578125000000001 0.896875 0.28593750000000007 0.896875 0.28593750000000007 0.984375 0.3578125000000001 0.984375