19 0.22031250000000008 0.7316542828125 0.17595607500000007 0.7316542828125 0.17595607500000007 0.815625 0.22031250000000008 0.815625
19 0.41552666093750024 0.7515625 0.3438483390625001 0.7515625 0.3438483390625001 0.7984375 0.41552666093750024 0.7984375
19 0.5843750000000002 0.7535839156249999 0.5141608390625001 0.7535839156249999 0.5141608390625001 0.7953125 0.5843750000000002 0.7953125
19 0.3296875000000001 0.7546875 0.2593750000000001 0.7546875 0.2593750000000001 0.8 0.3296875000000001 0.8
19 0.5296875 0.41285511406250003 0.4383577359375 0.41285511406250003 0.4383577359375 0.4890625 0.5296875 0.4890625
19 0.43277425625 0.4147891171875 0.34099103906250006 0.4147891171875 0.34099103906250006 0.490625 0.43277425625 0.490625
19 0.6265625 0.4147891171875 0.531670671875 0.4147891171875 0.531670671875 0.490625 0.6265625 0.490625
19 0.15606971250000004 0.44411603906249997 0.10799278906250005 0.44411603906249997 0.10799278906250005 0.4875 0.15606971250000004 0.4875
19 0.21874453750000006 0.445836975 0.16804523593750004 0.445836975 0.16804523593750004 0.48866914375 0.21874453750000006 0.48866914375
19 0.3296875000000001 0.4430233828125 0.2911166937500001 0.4430233828125 0.2911166937500001 0.490625 0.3296875000000001 0.490625
19 0.2734375000000001 0.44214925625 0.2309877609375001 0.44214925625 0.2309877609375001 0.4953125 0.2734375000000001 0.4953125
19 0.41958042031250004 0.5203452796875 0.33041957968750013 0.5203452796875 0.33041957968750013 0.5859047203125 0.41958042031250004 0.5859047203125
19 0.3234375000000001 0.52416958125 0.23386145156250007 0.52416958125 0.23386145156250007 0.5859375 0.3234375000000001 0.5859375
19 0.4953125 0.5109375 0.4348393796875 0.5109375 0.4348393796875 0.5995902531249999 0.4953125 0.5995902531249999
19 0.21093750000000008 0.5102764421875 0.15265515781250005 0.5102764421875 0.15265515781250008 0.6046875 0.21093750000000008 0.6046875
19 0.5921875 0.5125 0.5304742124999999 0.5125 0.5304742124999999 0.601491478125 0.5921875 0.601491478125
19 0.2796875000000001 0.6361177890625 0.2082550250000001 0.6361177890625 0.2082550250000001 0.6841947125 0.2796875000000001 0.6841947125
19 0.36406250000000007 0.636609484375 0.29943181718750006 0.636609484375 0.29943181718750006 0.684375 0.36406250000000007 0.684375
19 0.5203125 0.626059878125 0.47620738593749995 0.626059878125 0.47620738593749995 0.69375 0.5203125 0.69375
19 0.6953125 0.6248306390625 0.653125 0.6248306390625 0.653125 0.696875 0.6953125 0.696875
19 0.4375 0.6259451484375 0.3905430500000001 0.6259451484375 0.3905430500000001 0.6953125 0.4375 0.6953125
19 0.603125 0.6244263546875 0.5596864078125 0.6244263546875 0.5596864078125 0.696875 0.603125 0.696875
19 0.19687500000000008 0.636358171875 0.1281250000000001 0.636358171875 0.1281250000000001 0.6859375 0.19687500000000008 0.6859375
19 0.6656250000000001 0.739521415625 0.5961920906250001 0.739521415625 0.5961920906250001 0.78125 0.6656250000000001 0.78125
19 0.48750000000000016 0.7384451484375 0.4415974640625001 0.7384451484375 0.4415974640625001 0.8078125 0.48750000000000016 0.8078125