19 0.75625 0.15429687500000008 0.723828125 0.15429687500000008 0.723828125 0.18906250000000008 0.75625 0.18906250000000008
19 0.19531250000000003 0.147265625 0.1140625 0.147265625 0.11406250000000002 0.215625 0.19531250000000006 0.215625
19 0.2578125 0.14531250000000004 0.190625 0.14531250000000004 0.19062500000000002 0.221875 0.2578125 0.221875
19 0.39375 0.14492187500000003 0.328515625 0.14492187500000003 0.328515625 0.22031250000000005 0.39375 0.22031250000000008
19 0.325 0.14648437500000006 0.259765625 0.14648437500000006 0.259765625 0.2203125 0.325 0.2203125
19 0.4671875 0.15117187500000004 0.39375 0.15117187500000004 0.39375 0.21875000000000008 0.4671875 0.21875000000000008
19 0.5203125 0.15468750000000003 0.471875 0.15468750000000003 0.471875 0.2234375000000001 0.5203125 0.2234375000000001
19 0.58125 0.16562500000000008 0.5125 0.16562500000000005 0.5125 0.21250000000000008 0.58125 0.21250000000000008
19 0.7125 0.1609375000000001 0.659375 0.1609375000000001 0.659375 0.2250000000000001 0.7125 0.2250000000000001
19 0.6109375 0.1703125000000001 0.578125 0.1703125000000001 0.578125 0.2218750000000001 0.6109375 0.2218750000000001
19 0.653125 0.1703125000000001 0.61875 0.1703125000000001 0.61875 0.2218750000000001 0.653125 0.2218750000000001
19 0.753125 0.1898437500000001 0.723828125 0.1898437500000001 0.723828125 0.2234375000000001 0.753125 0.2234375000000001
19 0.796875 0.2593750000000001 0.74375 0.2593750000000001 0.74375 0.3125000000000001 0.796875 0.3125000000000001
19 0.18437500000000004 0.300390625 0.12968750000000004 0.300390625 0.12968750000000004 0.3328125 0.18437500000000004 0.3328125
19 0.2109375 0.289453125 0.17812500000000003 0.289453125 0.17812500000000003 0.34375 0.2109375 0.34375
19 0.2515625 0.289453125 0.21875 0.289453125 0.21875 0.34375 0.2515625 0.34375
19 0.284375 0.289453125 0.2546875 0.289453125 0.2546875 0.34375 0.284375 0.34375
19 0.79375 0.3109375000000001 0.754296875 0.3109375000000001 0.754296875 0.3687500000000001 0.79375 0.3687500000000001
19 0.8 0.3781250000000001 0.7453125 0.3781250000000001 0.7453125 0.4265625000000002 0.8 0.4265625000000002
19 0.3515625000000001 0.384375 0.2863281250000001 0.384375 0.2863281250000001 0.4640625 0.3515625000000001 0.4640625
19 0.2843750000000001 0.3875 0.21875000000000008 0.3875 0.21875000000000008 0.4625 0.2843750000000001 0.4625
19 0.2093750000000001 0.3875 0.14375000000000004 0.3875 0.14375000000000004 0.4640625 0.2093750000000001 0.4640625
19 0.41875 0.39179687500000004 0.3546875000000001 0.391796875 0.3546875000000001 0.4609375 0.41875 0.4609375
19 0.4796875 0.4015625 0.419140625 0.4015625 0.419140625 0.459375 0.4796875 0.459375
19 0.56875 0.42265625 0.521484375 0.42265625 0.521484375 0.45625 0.56875 0.45625
19 0.528125 0.420703125 0.480859375 0.420703125 0.480859375 0.4546875 0.528125 0.4546875
19 0.8 0.4343750000000002 0.746875 0.4343750000000002 0.746875 0.4828125000000002 0.8 0.4828125000000002
19 0.8 0.49335937500000016 0.74765625 0.49335937500000016 0.74765625 0.5406250000000001 0.8 0.5406250000000001
19 0.796875 0.5765625000000002 0.746875 0.5765625000000002 0.746875 0.6296875000000002 0.796875 0.6296875000000002