19 0.1578125 0.08945312500000002 0.123046875 0.08945312500000002 0.123046875 0.153125 0.1578125 0.153125
19 0.11875 0.08906250000000002 0.078125 0.0890625 0.07812500000000001 0.153125 0.11875 0.153125
19 0.790625 0.1082031250000001 0.725 0.1082031250000001 0.725 0.1546875000000001 0.790625 0.1546875000000001
19 0.8390625 0.11093750000000009 0.775 0.11093750000000009 0.775 0.1625000000000001 0.8390625 0.1625000000000001
19 0.8890625 0.11523437500000008 0.830078125 0.11523437500000008 0.830078125 0.15625000000000008 0.8890625 0.15625000000000008
19 0.590625 0.11015625000000007 0.53359375 0.11015625000000004 0.53359375 0.16250000000000006 0.590625 0.1625000000000001
19 0.5328125 0.10625000000000004 0.4859375 0.10625000000000004 0.4859375 0.16562500000000005 0.5328125 0.16562500000000005
19 0.2734375 0.13281250000000006 0.240625 0.13281250000000006 0.240625 0.17968750000000006 0.2734375 0.17968750000000006
19 0.1953125 0.135546875 0.166796875 0.135546875 0.166796875 0.17968750000000003 0.1953125 0.17968750000000006
19 0.240625 0.14414062500000005 0.196484375 0.14414062500000005 0.196484375 0.17187500000000006 0.240625 0.17187500000000006
19 0.68125 0.13437500000000008 0.640625 0.13437500000000008 0.640625 0.1828125000000001 0.68125 0.1828125000000001
19 0.7296875 0.1375000000000001 0.68125 0.1375000000000001 0.68125 0.17968750000000008 0.7296875 0.17968750000000008
19 0.6328125 0.1359375000000001 0.598828125 0.1359375000000001 0.598828125 0.18125000000000008 0.6328125 0.18125000000000008
19 0.484375 0.14531250000000004 0.425390625 0.14531250000000004 0.425390625 0.2406250000000001 0.484375 0.2406250000000001
19 0.415625 0.14531250000000004 0.358203125 0.14531250000000004 0.358203125 0.24062500000000003 0.415625 0.2406250000000001
19 0.13906250000000003 0.1578125 0.101171875 0.1578125 0.10117187500000002 0.2375 0.13906250000000003 0.2375
19 0.09375000000000003 0.15625 0.05664062500000002 0.15625 0.05664062500000002 0.2390625 0.09375000000000003 0.2390625
19 0.6 0.16718750000000007 0.54375 0.16718750000000004 0.54375 0.2406250000000001 0.6 0.2406250000000001
19 0.853125 0.17773437500000008 0.784375 0.17773437500000008 0.784375 0.22812500000000008 0.853125 0.22812500000000008
19 0.7875 0.1671875000000001 0.7390625 0.1671875000000001 0.7390625 0.2375000000000001 0.7875 0.2375000000000001
19 0.903125 0.1687500000000001 0.8515625 0.1687500000000001 0.8515625 0.2406250000000001 0.903125 0.2406250000000001
19 0.5515625 0.17890625000000007 0.48046875 0.17890625000000004 0.48046875 0.2296875000000001 0.5515625 0.2296875000000001
19 0.2203125 0.18125000000000005 0.1890625 0.18125000000000005 0.18906250000000002 0.2390625 0.2203125 0.2390625
19 0.19218750000000004 0.19179687500000003 0.13320312500000003 0.191796875 0.13320312500000003 0.2265625 0.19218750000000004 0.2265625
19 0.2625 0.17929687500000005 0.2296875 0.17929687500000005 0.2296875 0.2390625 0.2625 0.2390625
19 0.690625 0.18125000000000008 0.65 0.18125000000000008 0.65 0.2390625000000001 0.690625 0.2390625000000001
19 0.7359375 0.1843750000000001 0.69375 0.1843750000000001 0.69375 0.2406250000000001 0.7359375 0.2406250000000001
19 0.6515625 0.18945312500000008 0.596875 0.18945312500000008 0.596875 0.23437500000000008 0.6515625 0.23437500000000008
19 0.7875 0.2953125000000001 0.7578125 0.2953125000000001 0.7578125 0.3218750000000001 0.7875 0.3218750000000001
19 0.75 0.2968750000000001 0.7171875 0.2968750000000001 0.7171875 0.3234375000000001 0.75 0.3234375000000001
19 0.9703125 0.2871093750000001 0.928125 0.2871093750000001 0.928125 0.3359375000000001 0.9703125 0.3359375000000001
19 0.925 0.2929687500000001 0.87421875 0.2929687500000001 0.87421875 0.33281250000000007 0.925 0.33281250000000007
19 0.81875 0.2992187500000001 0.79453125 0.2992187500000001 0.79453125 0.3281250000000001 0.81875 0.3281250000000001
19 0.8765625 0.29570312500000007 0.82578125 0.29570312500000007 0.82578125 0.33281250000000007 0.8765625 0.33281250000000007
19 0.746875 0.3222656250000001 0.71875 0.3222656250000001 0.71875 0.35625000000000007 0.746875 0.35625000000000007
19 0.784375 0.3242187500000001 0.755078125 0.3242187500000001 0.755078125 0.3578125000000001 0.784375 0.3578125000000001
19 0.8265625 0.33085937500000007 0.791796875 0.33085937500000007 0.791796875 0.3546875000000001 0.8265625 0.3546875000000001
19 0.8953125 0.3507812500000001 0.83828125 0.3507812500000001 0.83828125 0.3906250000000001 0.8953125 0.3906250000000001
19 0.934375 0.3453125000000001 0.895703125 0.3453125000000001 0.895703125 0.3968750000000001 0.934375 0.3968750000000001
19 0.7609375 0.36406250000000007 0.728515625 0.36406250000000007 0.728515625 0.3968750000000001 0.7609375 0.3968750000000001
19 0.8 0.3656250000000001 0.7703125 0.3656250000000001 0.7703125 0.3984375000000001 0.8 0.3984375000000001
19 0.8421875 0.36406250000000007 0.8125 0.36406250000000007 0.8125 0.4000000000000002 0.8421875 0.4000000000000002