19 0.10000000000000005 0.35122346875 0.008200670312500042 0.35122346875 0.008200670312500049 0.4640625 0.10000000000000005 0.4640625
19 0.16856820000000003 0.3778449296875 0.10174430000000005 0.3778449296875 0.10174430000000005 0.465625 0.16856820000000003 0.465625
19 0.44375 0.3991057390625 0.3468750000000001 0.3991057390625 0.3468750000000001 0.471875 0.44375 0.471875
19 0.2218750000000001 0.40369988125 0.17105444375000006 0.40369988125 0.17105444375000006 0.4703125 0.2218750000000001 0.4703125
19 0.5046875 0.3906250000000001 0.43728380468749994 0.3906250000000001 0.43728380468749994 0.490625 0.5046875 0.490625
19 0.2890625000000001 0.4146766890625 0.2162195359375001 0.4146766890625 0.2162195359375001 0.46875 0.2890625000000001 0.46875
19 0.92142295625 0.3971403312500001 0.8412342765625 0.3971403312500001 0.8412342765625 0.5156250000000002 0.92142295625 0.5156250000000002
19 0.596875 0.4048398203125 0.5171875 0.4048398203125 0.5171875 0.509375 0.596875 0.509375
19 1 0.42516214687500015 0.9 0.42516214687500015 0.9 0.4984375000000002 1 0.4984375000000002
19 0.34062500000000007 0.4296825859375 0.2989927281250001 0.4296825859375 0.2989927281250001 0.4890625 0.34062500000000007 0.4890625
19 0.7125 0.4176100640625 0.62172268125 0.4176100640625 0.62172268125 0.5046875 0.7125 0.5046875
19 0.825 0.4247199296875001 0.721875 0.42471992968750005 0.721875 0.5125000000000001 0.825 0.5125000000000002
19 0.7061173359375 0.53795204375 0.6235701640625 0.53795204375 0.6235701640625 0.6421875 0.7061173359375 0.6421875
19 0.6015625 0.5534345515625 0.53127948125 0.5534345515625 0.53127948125 0.6421875 0.6015625 0.6421875
19 0.7890625 0.5614435921875001 0.7171875 0.5614435921875 0.7171875 0.6484375000000001 0.7890625 0.6484375000000002
19 0.871737421875 0.5657281843750002 0.7907625796875 0.5657281843750002 0.7907625796875 0.6577093156250002 0.871737421875 0.6577093156250002