19 0.43344155781250004 0.5308441562499999 0.3863636359375001 0.5308441562499999 0.3863636359375001 0.572240259375 0.43344155781250004 0.572240259375
19 0.3847402593750001 0.5308441562499999 0.3311688312500001 0.5308441562499999 0.3311688312500001 0.5730519484375 0.3847402593750001 0.5730519484375
19 0.496753246875 0.5308441562499999 0.44318181875 0.5308441562499999 0.44318181875 0.5730519484375 0.496753246875 0.5730519484375
19 0.5519480515625 0.5308441562499999 0.5008116890625 0.5308441562499999 0.5008116890625 0.5730519484375 0.5519480515625 0.5730519484375
19 0.48538961093750005 0.6477272734375 0.435064934375 0.6477272734375 0.435064934375 0.6915584421875 0.48538961093750005 0.6915584421875
19 0.2581168828125001 0.6461038968749999 0.20779220781250007 0.6461038968749999 0.20779220781250007 0.6899350656250001 0.2581168828125001 0.6899350656250001
19 0.3750000000000001 0.6477272734375 0.31980519531250007 0.6477272734375 0.31980519531250007 0.6899350656250001 0.3750000000000001 0.6899350656250001
19 0.20292207812500007 0.6477272734375 0.15665584375000008 0.6477272734375 0.15665584375000008 0.6891233765625 0.20292207812500007 0.6891233765625
19 0.14610389687500008 0.6461038968749999 0.0990259734375001 0.6461038968749999 0.0990259734375001 0.6875 0.14610389687500008 0.6875
19 0.3165584421875001 0.6477272734375 0.26542207812500007 0.6477272734375 0.26542207812500007 0.6891233765625 0.3165584421875001 0.6891233765625
19 0.42694805156250004 0.6477272734375 0.38068181875000007 0.6477272734375 0.38068181875000007 0.6915584421875 0.42694805156250004 0.6915584421875
19 0.5373376624999999 0.6493506499999999 0.49512987031250005 0.6493506499999999 0.49512987031250005 0.6931818187500001 0.5373376624999999 0.6931818187500001
19 0.6006493500000001 0.6493506499999999 0.5543831171875 0.6493506499999999 0.5543831171875 0.690746753125 0.6006493500000001 0.690746753125
19 0.6542207796875 0.6509740265625 0.6071428578125 0.6509740265625 0.6071428578125 0.6923701296875 0.6542207796875 0.6923701296875
19 0.7142857140625 0.6509740265625 0.6672077921875 0.6509740265625 0.6672077921875 0.6923701296875 0.7142857140625 0.6923701296875
19 0.7711038968749999 0.6672077921875001 0.7207792203125 0.6672077921875 0.7207792203125 0.6931818187500001 0.7711038968749999 0.6931818187500002
19 0.8214285718750001 0.6672077921875001 0.7751623375000001 0.6672077921875001 0.7751623375000001 0.6931818187500002 0.8214285718750001 0.6931818187500002
19 0.8701298703125 0.6688311687500001 0.8198051953125001 0.6688311687500001 0.8198051953125001 0.6948051953125002 0.8701298703125 0.6948051953125002
19 0.9204545453125 0.6704545453125001 0.8782467531249999 0.6704545453125001 0.8782467531249999 0.6939935062500002 0.9204545453125 0.6939935062500002