19 0.6359375 0.634375 0.6095486109375 0.634375 0.6095486109375 0.671875 0.6359375 0.671875
19 0.51553819375 0.634375 0.4860243046875 0.634375 0.4860243046875 0.6703125 0.51553819375 0.6703125
19 0.5796875 0.6384548609375 0.5438368062500001 0.6384548609375 0.5438368062500001 0.665625 0.5796875 0.665625
19 0.60625 0.634375 0.5802083328125 0.634375 0.5802083328125 0.6703125 0.60625 0.6703125
19 0.6984375 0.6360243046875 0.6720486109375 0.6360243046875 0.6720486109375 0.671875 0.6984375 0.671875
19 0.5453125 0.63125 0.51875 0.63125 0.51875 0.6703125 0.5453125 0.6703125
19 0.6734375 0.637847221875 0.6352430546875001 0.637847221875 0.6352430546875001 0.6640625 0.6734375 0.6640625
19 0.796875 0.6406250000000002 0.7579861109375 0.6406250000000002 0.7579861109375 0.6656250000000001 0.796875 0.6656250000000001
19 0.7296875 0.6326388875000001 0.7051215281250001 0.6326388875 0.7051215281250001 0.6703125000000001 0.7296875 0.6703125000000002
19 0.7671875 0.6408854171875003 0.729861109375 0.6408854171875003 0.729861109375 0.6656250000000001 0.7671875 0.6656250000000001
19 0.81875 0.6348090296875002 0.797222221875 0.6348090296875002 0.797222221875 0.6718750000000002 0.81875 0.6718750000000002
19 0.8701388890624999 0.6472222218750001 0.8501736109375001 0.6472222218750001 0.8501736109375001 0.6715277781250002 0.8701388890624999 0.6715277781250002
19 0.8484375 0.6500868046875002 0.824565971875 0.6500868046875002 0.824565971875 0.6687500000000002 0.8484375 0.6687500000000002
19 0.9 0.6487847218750001 0.87578125 0.6487847218750001 0.87578125 0.6703125000000002 0.9 0.6703125000000002
19 0.95 0.6500868062500003 0.9296875015625 0.6500868062500003 0.9296875015625 0.6687500000000002 0.95 0.6687500000000002
19 0.928125 0.6512152781250002 0.90625 0.6512152781250002 0.90625 0.6718750000000002 0.928125 0.6718750000000002
19 0.7421875000000001 0.694704859375 0.6973090296875 0.694704859375 0.6973090296875001 0.7562500000000001 0.7421875000000002 0.7562500000000002
19 0.7968750000000001 0.6994791671875003 0.738715278125 0.6994791671875003 0.7387152781250002 0.7531250000000002 0.7968750000000002 0.7531250000000002
19 0.8421875 0.6984375000000002 0.79539930625 0.6984375000000002 0.7953993062500001 0.7562500000000002 0.8421875 0.7562500000000002
19 0.6984375 0.7024305546875 0.641145834375 0.7024305546875 0.6411458343750001 0.7515625 0.6984375000000002 0.7515625
19 0.94375 0.7026909734375002 0.8845486109375 0.7026909734375002 0.8845486109375 0.7484375000000002 0.94375 0.7484375000000002
19 0.8953125 0.7048611109375001 0.8367187515625 0.7048611109375001 0.8367187515625 0.7531250000000002 0.8953125 0.7531250000000002
19 0.64375 0.70477430625 0.5955729171875 0.70477430625 0.5955729171875002 0.753125 0.6437500000000002 0.753125
19 0.5906250000000001 0.7015625 0.54375 0.7015625 0.5437500000000001 0.7546875 0.5906250000000002 0.7546875
19 0.5406250000000001 0.7033854171875 0.49288194531249996 0.7033854171875 0.49288194531250007 0.7546875 0.5406250000000001 0.7546875
19 0.6875000000000002 0.7833333328125 0.6384548625000002 0.7833333328125 0.6384548625000002 0.8328125 0.6875000000000002 0.8328125
19 0.7406250000000002 0.7850694437500001 0.6875000000000002 0.78506944375 0.6875000000000002 0.83125 0.7406250000000002 0.83125
19 0.7843750000000002 0.7843750000000002 0.7375000000000002 0.7843750000000002 0.7375000000000002 0.834375 0.7843750000000002 0.834375
19 0.940625 0.7869791656250003 0.89444444375 0.7869791656250003 0.89444444375 0.8328125 0.940625 0.8328125
19 0.5890625000000002 0.7870659734375 0.5394097218750001 0.7870659734375 0.5394097218750001 0.834375 0.5890625000000002 0.834375
19 0.8359375 0.7848090265625002 0.7901909718750002 0.7848090265625002 0.7901909718750002 0.8375 0.8359375 0.8375
19 0.89375 0.7882812500000002 0.8471354156249999 0.7882812500000002 0.8471354156249999 0.834375 0.89375 0.834375
19 0.6390625000000002 0.7897569453125 0.5931423593750001 0.7897569453125 0.5931423593750001 0.8359375 0.6390625000000002 0.8359375
19 0.5328125000000001 0.7944444453124999 0.49635416562500023 0.7944444453124999 0.49635416562500023 0.840625 0.5328125000000001 0.840625
19 0.7294270828125001 0.8849826406249999 0.6921875000000002 0.8849826406249999 0.6921875000000002 0.921875 0.7294270828125001 0.921875
19 0.6046875000000002 0.88671875 0.5673611093750002 0.88671875 0.5673611093750002 0.9234375 0.6046875000000002 0.9234375
19 0.6875000000000002 0.885503471875 0.6516493046875003 0.885503471875 0.6516493046875003 0.9234375 0.6875000000000002 0.9234375
19 0.5640625000000001 0.8875 0.5296875000000002 0.8875 0.5296875000000002 0.9265625 0.5640625000000001 0.9265625
19 0.6453125000000002 0.8875 0.6078125000000002 0.8875 0.6078125000000002 0.925 0.6453125000000002 0.925
19 0.7578125000000002 0.8974826390624999 0.7262152781250002 0.8974826390624999 0.7262152781250002 0.9171875 0.7578125000000002 0.9171875
19 0.5218750000000002 0.8886284718749999 0.4881076390625002 0.8886284718749999 0.4881076390625002 0.9265625 0.5218750000000002 0.9265625
19 0.7812500000000002 0.8921875 0.7552951390625002 0.8921875 0.7552951390625002 0.925 0.7812500000000002 0.925
19 0.840625 0.8925347218749999 0.8140625 0.8925347218749999 0.8140625 0.9234375 0.840625 0.9234375
19 0.871875 0.8926215281250001 0.8476562484375 0.8926215281250001 0.8476562484375 0.925 0.871875 0.925
19 0.903125 0.8927951390625 0.8770833328125001 0.8927951390625 0.8770833328125001 0.928125 0.903125 0.928125
19 0.9375 0.8982638890624999 0.9019097234375 0.8982638890624999 0.9019097234375 0.921875 0.9375 0.921875
19 0.8133680562500001 0.8941840265625001 0.7881944437500001 0.8941840265625001 0.7881944437500001 0.9234375 0.8133680562500001 0.9234375
19 0.5890625 0.5175347234375 0.5254340265625 0.5175347234375 0.5254340265625 0.55625 0.5890625 0.55625
19 0.5294270828125 0.5032986109375 0.48776041562500005 0.5032986109375 0.48776041562500005 0.5701388890625 0.5294270828125 0.5701388890625
19 0.6807291671875 0.5177951390625 0.615625 0.5177951390625 0.615625 0.5577256953124999 0.6807291671875 0.5577256953124999
19 0.634375 0.51875 0.5680555546875 0.51875 0.5680555546875 0.5578125 0.634375 0.5578125
19 0.8328125 0.6194444453125001 0.8182291656249999 0.6194444453125001 0.8182291656249999 0.6375000000000002 0.8328125 0.6375000000000002
19 0.8640625 0.6181423609375002 0.840625 0.6181423609375002 0.840625 0.6406250000000002 0.8640625 0.6406250000000002
19 0.8875 0.6210069453125001 0.8669270828125001 0.6210069453125001 0.8669270828125001 0.6390625000000002 0.8875 0.6390625000000002
19 0.934375 0.6218750000000002 0.9154513890624999 0.6218750000000002 0.9154513890624999 0.6406250000000002 0.934375 0.6406250000000002
19 0.9125 0.6215277781250002 0.89288194375 0.6215277781250002 0.89288194375 0.6406250000000002 0.9125 0.6406250000000002