19 0.546875 0.3125000000000001 0.475 0.3125000000000001 0.475 0.38359375000000007 0.546875 0.38359375000000007
19 0.70546875 0.3156250000000001 0.634375 0.3156250000000001 0.634375 0.3851562500000001 0.70546875 0.3851562500000001
19 0.62890625 0.3156250000000001 0.5546875 0.3156250000000001 0.5546875 0.3867187500000001 0.62890625 0.3867187500000001
19 0.77421875 0.33281250000000007 0.7140625 0.33281250000000007 0.7140625 0.3882812500000001 0.77421875 0.3882812500000001
19 0.846875 0.3343750000000001 0.7828125 0.3343750000000001 0.7828125 0.38750000000000007 0.846875 0.38750000000000007
19 0.91953125 0.3359375000000001 0.853125 0.3359375000000001 0.853125 0.3890625000000001 0.91953125 0.3890625000000001
19 0.08593750000000006 0.40625 0.01718750000000005 0.40625 0.017187500000000057 0.4796875 0.08593750000000007 0.4796875
19 0.15000000000000005 0.41875 0.09375000000000004 0.41875 0.09375000000000006 0.47734375 0.15000000000000005 0.47734375
19 0.3921875000000001 0.421875 0.3390625000000001 0.421875 0.3390625000000001 0.478125 0.3921875000000001 0.478125
19 0.2140625000000001 0.421875 0.15625000000000006 0.421875 0.15625000000000006 0.47734375 0.2140625000000001 0.47734375
19 0.2687500000000001 0.421875 0.2171875000000001 0.421875 0.2171875000000001 0.47734375 0.2687500000000001 0.47734375
19 0.3304687500000001 0.421875 0.2765625000000001 0.421875 0.2765625000000001 0.47734375 0.3304687500000001 0.47734375
19 0.44921875 0.421875 0.3984375000000001 0.421875 0.3984375000000001 0.47734375 0.44921875 0.47734375
19 0.5484375 0.4359375 0.5078125 0.4359375 0.5078125 0.47890625 0.5484375 0.47890625
19 0.49921875 0.4390625 0.4609375 0.4390625 0.4609375 0.4796875 0.49921875 0.4796875
19 0.59296875 0.4390625 0.5546875 0.4390625 0.5546875 0.48125 0.59296875 0.48125
19 0.86796875 0.4390625000000002 0.8234375 0.4390625000000002 0.8234375 0.4812500000000002 0.86796875 0.4812500000000002
19 0.76484375 0.4406250000000001 0.725 0.440625 0.725 0.48125000000000007 0.76484375 0.4812500000000002
19 0.81328125 0.4390625000000002 0.7734375 0.4390625000000002 0.7734375 0.4820312500000002 0.81328125 0.4820312500000002
19 0.63515625 0.4546875 0.6 0.4546875 0.6 0.47890625 0.63515625 0.47890625
19 0.6796875 0.4546875 0.6421875 0.4546875 0.6421875 0.47890625 0.6796875 0.47890625
19 0.725 0.4546875 0.6875 0.4546875 0.6875 0.47890625 0.725 0.47890625
19 0.09921875000000006 0.5171875 0.034375000000000065 0.5171875 0.034375000000000065 0.58125 0.09921875000000006 0.58125
19 0.2515625000000001 0.521875 0.18750000000000006 0.521875 0.18750000000000006 0.5828125 0.2515625000000001 0.5828125
19 0.3304687500000001 0.5125 0.25468750000000007 0.5125 0.25468750000000007 0.584375 0.3304687500000001 0.584375
19 0.17734375000000008 0.521875 0.11093750000000005 0.521875 0.11093750000000006 0.5828125 0.17734375000000008 0.5828125
19 0.40390625 0.5140625 0.3281250000000001 0.5140625 0.3281250000000001 0.58359375 0.40390625 0.58359375
19 0.478125 0.525 0.40625 0.525 0.40625 0.5828125 0.478125 0.5828125
19 0.7625 0.5281250000000001 0.69375 0.528125 0.69375 0.5820312500000001 0.7625 0.5820312500000002
19 0.68828125 0.528125 0.621875 0.528125 0.621875 0.58359375 0.68828125 0.58359375
19 0.54921875 0.528125 0.478125 0.528125 0.478125 0.584375 0.54921875 0.584375
19 0.61796875 0.53125 0.5515625 0.53125 0.5515625 0.5828125 0.61796875 0.5828125
19 0.8328125 0.5406250000000001 0.7703125 0.5406250000000001 0.7703125 0.5890625000000002 0.8328125 0.5890625000000002
19 0.90859375 0.5421875000000002 0.8421875 0.5421875000000002 0.8421875 0.5906250000000002 0.90859375 0.5906250000000002