19 0.21718750000000003 0.362109375 0.17187500000000006 0.362109375 0.17187500000000006 0.4203125 0.2171875000000001 0.4203125
19 0.16875000000000004 0.36796875 0.11640625000000004 0.36796875 0.11640625000000004 0.41875 0.16875000000000004 0.41875
19 0.10937500000000004 0.366796875 0.06093750000000005 0.366796875 0.06093750000000005 0.4203125 0.10937500000000004 0.4203125
19 0.3140625000000001 0.3984375 0.21093750000000008 0.3984375 0.21093750000000008 0.4875 0.3140625000000001 0.4875
19 0.412109375 0.39179687500000004 0.3222656250000001 0.391796875 0.3222656250000001 0.4921875 0.412109375 0.4921875
19 0.51875 0.3984375000000001 0.4421875 0.3984375000000001 0.4421875 0.496875 0.51875 0.496875
19 0.8765625 0.4078125000000002 0.79375 0.4078125000000002 0.79375 0.48750000000000016 0.8765625 0.48750000000000016
19 0.2078125000000001 0.424609375 0.15000000000000005 0.424609375 0.15000000000000005 0.4796875 0.2078125000000001 0.4796875
19 0.15312500000000004 0.4234375 0.09843750000000004 0.4234375 0.09843750000000005 0.484375 0.15312500000000004 0.484375
19 0.09062500000000005 0.421875 0.039062500000000056 0.421875 0.039062500000000056 0.4859375 0.09062500000000007 0.4859375
19 0.5921875 0.424609375 0.53515625 0.424609375 0.53515625 0.4859375 0.5921875 0.4859375
19 0.7203125 0.4265625 0.6640625 0.4265625 0.6640625 0.4890625 0.7203125 0.4890625
19 0.784375 0.4253906250000002 0.726953125 0.4253906250000002 0.726953125 0.4890625000000002 0.784375 0.4890625000000002
19 0.9375 0.42968750000000017 0.883203125 0.42968750000000017 0.883203125 0.4859375000000002 0.9375 0.4859375000000002
19 0.6578125 0.428125 0.6 0.428125 0.6 0.4890625 0.6578125 0.4890625
19 1 0.4515625000000002 0.946875 0.4515625000000002 0.946875 0.4890625000000002 1 0.4890625000000002
19 0.4421875 0.54609375 0.3394531250000001 0.54609375 0.3394531250000001 0.6375 0.4421875 0.6375
19 0.2500000000000001 0.540625 0.15351562500000004 0.540625 0.15351562500000007 0.64375 0.2500000000000001 0.64375
19 0.34843750000000007 0.54375 0.24570312500000008 0.54375 0.24570312500000008 0.640625 0.34843750000000007 0.640625
19 0.15625000000000008 0.54609375 0.05703125000000007 0.54609375 0.057031250000000075 0.6375 0.15625000000000008 0.6375
19 0.9703125 0.5449218750000002 0.88359375 0.5449218750000002 0.88359375 0.6531250000000002 0.9703125 0.6531250000000002
19 0.8625 0.5515625000000002 0.774609375 0.5515625000000002 0.774609375 0.6492187500000002 0.8625 0.6492187500000002
19 0.50625 0.56953125 0.43828125 0.56953125 0.43828125 0.6453125 0.50625 0.6453125
19 0.5953125 0.5734375 0.51875 0.5734375 0.51875 0.6421875 0.5953125 0.6421875
19 0.671875 0.57265625 0.60546875 0.57265625 0.60546875 0.64375 0.671875 0.64375
19 0.759375 0.5750000000000001 0.6921875 0.575 0.6921875 0.6484375000000001 0.759375 0.6484375000000002
19 0.2156250000000001 0.69921875 0.1273437500000001 0.69921875 0.1273437500000001 0.7859375 0.2156250000000001 0.7859375
19 0.38750000000000007 0.6953125 0.3019531250000001 0.6953125 0.3019531250000001 0.790625 0.38750000000000007 0.790625
19 0.3062500000000001 0.6984375 0.2140625000000001 0.6984375 0.2140625000000001 0.7875 0.3062500000000001 0.7875
19 0.12656250000000008 0.698828125 0.04375000000000009 0.698828125 0.043750000000000094 0.7875 0.12656250000000008 0.7875
19 0.5375000000000001 0.720703125 0.46875 0.720703125 0.4687500000000001 0.7890625 0.5375000000000002 0.7890625
19 0.6078125000000001 0.716015625 0.5390625 0.716015625 0.5390625000000001 0.79375 0.6078125000000002 0.79375
19 0.4625000000000001 0.7203125 0.3906250000000001 0.7203125 0.3906250000000001 0.7921875 0.4625000000000002 0.7921875