19 0.9984375 0.3845709578125001 0.8952635109375 0.3845709578125001 0.8952635109375 0.46406250000000016 0.9984375 0.46406250000000016
19 0.890625 0.39388407500000006 0.790625 0.39388407500000006 0.790625 0.4623659234375002 0.890625 0.4623659234375002
19 0.6703125 0.3834777234375001 0.6155682765625 0.3834777234375001 0.6155682765625 0.4796875 0.6703125 0.4796875
19 0.5904290421875 0.40792852812499997 0.5095709562499999 0.40792852812499997 0.5095709562499999 0.4609375 0.5904290421875 0.4609375
19 0.784375 0.4078125000000001 0.6940516703124999 0.4078125 0.6940516703124999 0.4609375000000001 0.784375 0.46093750000000017
19 0.17638974687500006 0.505285684375 0.11945905468750004 0.505285684375 0.11945905468750007 0.5609375 0.1763897468750001 0.5609375
19 0.721875 0.49495926093750003 0.6414449265625 0.49495926093750003 0.6414449265625 0.5734375 0.721875 0.5734375
19 0.23437500000000008 0.5056672859375 0.18051515937500004 0.5056672859375 0.18051515937500007 0.5609375 0.23437500000000008 0.5609375
19 0.809375 0.4984375000000002 0.7301000421875 0.4984375000000002 0.7301000421875 0.5781250000000002 0.809375 0.5781250000000002
19 0.5609375 0.50732260625 0.5014103750000001 0.50732260625 0.5014103750000001 0.571875 0.5609375 0.571875
19 0.11207714531250006 0.516785271875 0.06917285468750006 0.516785271875 0.06917285468750006 0.559375 0.11207714531250008 0.559375
19 0.634375 0.5122241125 0.5663417890625 0.5122241125 0.5663417890625 0.571875 0.634375 0.571875
19 0.3810024750000001 0.5217976484375 0.33149752500000007 0.5217976484375 0.33149752500000007 0.5671875 0.3810024750000001 0.5671875
19 0.43125 0.5198922234375 0.38785581718750006 0.5198922234375 0.38785581718750006 0.5703125 0.43125 0.5703125
19 0.4875 0.525 0.4385777625 0.525 0.4385777625 0.56875 0.4875 0.56875
19 0.2733446796875001 0.5294580234375 0.24941728593750007 0.5294580234375 0.24941728593750007 0.5671875 0.2733446796875001 0.5671875
19 0.3218750000000001 0.5361772890625 0.2835524953125001 0.5361772890625 0.2835524953125001 0.5609375 0.3218750000000001 0.5609375
19 0.8730739468750001 0.5307807343750002 0.82191883125 0.5307807343750002 0.82191883125 0.5765625000000002 0.8730739468750001 0.5765625000000002
19 0.9828125 0.5312500000000002 0.9375 0.5312500000000002 0.9375 0.5828125000000002 0.9828125 0.5828125000000002
19 0.928125 0.5312525796875002 0.8774468859375 0.5312525796875002 0.8774468859375 0.5812500000000002 0.928125 0.5812500000000002