19 0.16250000000000003 0.290625 3.559129760021995e-17 0.290625 3.8557239066904946e-17 0.3390625 0.16250000000000003 0.3390625
19 0.2125 0.2921875 0.007812500000000036 0.2921875 0.007812500000000038 0.3375 0.2125 0.3375
19 0.2609375 0.29765625 0.05898437500000005 0.29765625 0.05898437500000005 0.3390625 0.2609375 0.3390625
19 0.540625 0.29609375000000004 0.33828125 0.29609375 0.33828125 0.35625000000000007 0.540625 0.35625000000000007
19 0.590625 0.3160156250000001 0.411328125 0.3160156250000001 0.411328125 0.3703125000000001 0.590625 0.3703125000000001
19 0.7015625 0.3179687500000001 0.52578125 0.3179687500000001 0.52578125 0.3703125000000001 0.7015625 0.3703125000000001
19 0.6453125 0.3203125000000001 0.469921875 0.3203125000000001 0.469921875 0.3710937500000001 0.6453125 0.3710937500000001
19 0.22656250000000006 0.276171875 0.18906250000000005 0.276171875 0.18906250000000005 0.4234375 0.22656250000000008 0.4234375
19 0.6828125 0.3046875000000001 0.6453125 0.3046875000000001 0.6453125 0.440625 0.6828125 0.440625
19 0.8609375 0.3066406250000001 0.8046875 0.3066406250000001 0.8046875 0.4437500000000002 0.8609375 0.4437500000000002
19 0.7421875 0.3769531250000001 0.657421875 0.3769531250000001 0.657421875 0.41093750000000007 0.7421875 0.4109375000000002
19 0.7578125 0.3527343750000001 0.721875 0.3527343750000001 0.721875 0.4390625000000001 0.7578125 0.4390625000000002
19 0.796875 0.3609375000000001 0.7609375 0.3609375000000001 0.7609375 0.4437500000000002 0.796875 0.4437500000000002
19 0.17187500000000006 0.52265625 0.010156250000000065 0.52265625 0.010156250000000068 0.5984375 0.17187500000000008 0.5984375
19 0.2062500000000001 0.4796875 0.12968750000000004 0.4796875 0.12968750000000007 0.6453125 0.2062500000000001 0.6453125
19 0.32500000000000007 0.528125 0.16406250000000006 0.528125 0.16406250000000006 0.6015625 0.32500000000000007 0.6015625
19 0.3984375000000001 0.53359375 0.2386718750000001 0.53359375 0.2386718750000001 0.6015625 0.3984375000000001 0.6015625
19 0.46875 0.5328125 0.3125000000000001 0.5328125 0.3125000000000001 0.6015625 0.46875 0.6015625
19 0.4796875 0.4921875 0.429296875 0.4921875 0.429296875 0.653125 0.4796875 0.653125
19 0.5328125 0.490625 0.483203125 0.490625 0.483203125 0.653125 0.5328125 0.653125
19 0.7140625 0.559375 0.5890625 0.559375 0.5890625 0.615625 0.7140625 0.615625
19 0.78125 0.5562500000000001 0.658984375 0.55625 0.658984375 0.6156250000000001 0.78125 0.6156250000000002
19 0.615625 0.5359375 0.578125 0.5359375 0.578125 0.65625 0.615625 0.65625
19 0.575 0.537890625 0.5375 0.537890625 0.5375 0.653125 0.575 0.653125