19 0.09576271250000001 0.005084745312500006 0.0152542375 0.0050847453125000015 0.015254237500000014 0.230508475 0.09576271250000003 0.230508475
19 0.52711864375 0.015254237500000063 0.44067796562500006 0.015254237500000056 0.44067796562500006 0.22796610156250008 0.52711864375 0.22796610156250008
19 0.19237288125000002 0.010169492187500016 0.09830508437499999 0.01016949218750001 0.098305084375 0.2347457625 0.19237288125000004 0.2347457625
19 0.43305084687499995 0.02372881406250005 0.344067796875 0.023728814062500044 0.344067796875 0.23220338906250007 0.43305084687499995 0.2322033890625001
19 0.3457627125 0.07627118593750004 0.2762711859375 0.07627118593750004 0.2762711859375 0.23135593281250003 0.3457627125 0.23135593281250003
19 0.2703389828125 0.07627118593750001 0.198305084375 0.07627118593750001 0.19830508437500002 0.2338983046875 0.2703389828125 0.2338983046875
19 0.594067796875 0.07966101718750007 0.528813559375 0.07966101718750007 0.528813559375 0.2322033890625001 0.594067796875 0.2322033890625001
19 0.6593220343749999 0.1440677968750001 0.6067796609375 0.1440677968750001 0.6067796609375 0.2245762718750001 0.6593220343749999 0.2245762718750001
19 0.725423728125 0.14237288125000008 0.67288135625 0.14237288125000008 0.67288135625 0.2313559328125001 0.725423728125 0.2313559328125001
19 0.46355932187500004 0.38644067812500005 0.35423728750000005 0.386440678125 0.35423728750000005 0.5508474578125 0.46355932187500004 0.5508474578125
19 0.5822033890625 0.3966101687500001 0.4762711859375 0.3966101687500001 0.4762711859375 0.55338983125 0.5822033890625 0.55338983125
19 0.68813559375 0.3949152546875001 0.5915254234375 0.3949152546875001 0.5915254234375 0.5593220343749999 0.68813559375 0.5593220343749999
19 0.3474576265625001 0.401694915625 0.2457627125000001 0.401694915625 0.2457627125000001 0.5567796609375 0.3474576265625001 0.5567796609375
19 0.2525423734375001 0.6796610171874999 0.13389830468750008 0.6796610171874999 0.13389830468750008 0.8872881359375 0.2525423734375001 0.8872881359375
19 0.3720338984375001 0.7084745765625 0.2728813562500001 0.7084745765625 0.2728813562500001 0.8822033890625001 0.3720338984375001 0.8822033890625001