19 0.8668941984374999 0.6331058015625002 0.8208191125000001 0.6331058015625002 0.8208191125000001 0.6885665531250001 0.8668941984374999 0.6885665531250001
19 0.9300341296875001 0.6348122859375002 0.87713310625 0.6348122859375002 0.87713310625 0.6860068265625002 0.9300341296875001 0.6860068265625002
19 0.1373720140625 1.2382307632270048e-17 0.064846415625 7.941395533133515e-18 0.064846415625 0.05802047812500001 0.1373720140625 0.05802047812500002
19 0.292662115625 3.150435234110582e-17 0.221843003125 2.7167932369026754e-17 0.221843003125 0.05716723593750004 0.292662115625 0.05716723593750005
19 0.21501706562499998 2.1734345971761826e-17 0.139931740625 1.713669582555239e-17 0.139931740625 0.05887372031250002 0.21501706562499998 0.05887372031250002
19 0.3703071671875 4.106537474336147e-17 0.300341296875 3.6781200786973373e-17 0.300341296875 0.06058020468750005 0.3703071671875 0.06058020468750005
19 0.5964163828125 6.859902931790052e-17 0.523890784375 6.4158117218764e-17 0.523890784375 0.06143344687500006 0.5964163828125 0.06143344687500006
19 0.751706484375 8.77210740267363e-17 0.680887371875 8.338465405465723e-17 0.680887371875 0.06143344687500009 0.751706484375 0.06143344687500009
19 0.9095563140625 1.067908727198811e-16 0.8344709890625 1.0219322257367166e-16 0.8344709890625 0.06313993125000011 0.9095563140625 0.06313993125000011
19 0.520477815625 5.924699107408428e-17 0.44709897656250003 5.475383305493231e-17 0.44709897656250003 0.061433446875000054 0.520477815625 0.06143344687500006
19 0.8319112625 9.722985041330099e-17 0.755972696875 9.25799543470761e-17 0.755972696875 0.0631399312500001 0.8319112625 0.06313993125000011
19 0.4445392484375 4.999944476597444e-17 0.3720136515625 4.5558532762513434e-17 0.3720136515625 0.06399317343750004 0.4445392484375 0.06399317343750004
19 0.6740614328125 7.836903578292005e-17 0.6058020484375 7.418935395358942e-17 0.6058020484375 0.05887372031250008 0.6740614328125 0.058873720312500086
19 0.98549488125 1.162474030907548e-16 0.9129692828125 1.1180649099161828e-16 0.9129692828125 0.06484641562500011 0.98549488125 0.06484641562500011
19 0.7226962453125002 0.9180887375 0.6587030718750002 0.9180887375 0.6587030718750002 0.9880546078125001 0.7226962453125002 0.9880546078125001
19 0.80204778125 0.9215017062499999 0.7354948812500002 0.9215017062499999 0.7354948812500002 0.9872013656249999 0.80204778125 0.9872013656249999
19 0.8686006828125 0.9249146749999999 0.8054607515625 0.9249146749999999 0.8054607515625 0.9863481234375 0.8686006828125 0.9863481234375
19 0.9377133109375 0.935153584375 0.8737201359375 0.935153584375 0.8737201359375 0.994027303125 0.9377133109375 0.994027303125
19 0.9445392484375 0.3122866890625001 0.8737201359375 0.3122866890625001 0.8737201359375 0.3609215015625001 0.9445392484375 0.3609215015625001
19 0.49402730312500004 0.3293515359375001 0.4300341296875 0.3293515359375001 0.4300341296875 0.4129692828125 0.49402730312500004 0.4129692828125
19 0.56740614375 0.33617747500000006 0.49658703125 0.33617747500000006 0.49658703125 0.41382252499999994 0.56740614375 0.41382252499999994
19 0.8720136515625001 0.3378839593750001 0.80204778125 0.3378839593750001 0.80204778125 0.41552901093750017 0.8720136515625001 0.41552901093750017
19 0.7977815703125 0.3430034125000001 0.7252559734374999 0.3430034125000001 0.7252559734374999 0.41382252500000016 0.7977815703125 0.41382252500000016
19 0.6407849828125001 0.3412969281250001 0.5699658703125 0.3412969281250001 0.5699658703125 0.416382253125 0.6407849828125001 0.416382253125
19 0.715017065625 0.3430034125000001 0.6450511953125 0.3430034125000001 0.6450511953125 0.41552901093749994 0.715017065625 0.41552901093749994
19 0.9488054609375001 0.3600682593750001 0.880546075 0.3600682593750001 0.880546075 0.41894197968750013 0.9488054609375001 0.41894197968750013
19 0.19539249218750004 0.45904436875 0.14675767968750003 0.45904436875 0.14675767968750003 0.5273037546875 0.19539249218750004 0.5273037546875
19 0.14249146718750005 0.45904436875 0.09556314062500007 0.45904436875 0.09556314062500007 0.5290102390625 0.14249146718750005 0.5290102390625
19 0.2559726968750001 0.46075085312499997 0.2047781562500001 0.46075085312499997 0.2047781562500001 0.5290102390625 0.2559726968750001 0.5290102390625
19 0.2935153578125001 0.4778157 0.2593856656250001 0.4778157 0.2593856656250001 0.5307167234375 0.2935153578125001 0.5307167234375
19 0.36945392500000007 0.48122866875000003 0.3378839593750001 0.48122866875000003 0.3378839593750001 0.5324232078125 0.36945392500000007 0.5324232078125
19 0.33447098906250006 0.47952218437500005 0.3020477812500001 0.47952218437500005 0.3020477812500001 0.5324232078125 0.33447098906250006 0.5324232078125
19 0.41808873750000003 0.48122866875000003 0.37883959062500006 0.48122866875000003 0.37883959062500006 0.5341296921875001 0.41808873750000003 0.5341296921875001
19 0.45904436875 0.482935153125 0.42320819062500004 0.482935153125 0.42320819062500004 0.5358361781250001 0.45904436875 0.5358361781250001
19 0.5042662109375 0.482935153125 0.4675767921875 0.482935153125 0.4675767921875 0.5358361781250001 0.5042662109375 0.5358361781250001
19 0.636518771875 0.4880546078125 0.597269625 0.4880546078125 0.597269625 0.534982934375 0.636518771875 0.534982934375
19 0.5486348125 0.48634812343749995 0.5119453921875 0.48634812343749995 0.5119453921875 0.5375426625 0.5486348125 0.5375426625
19 0.5895904437499999 0.48634812343749995 0.5529010234375 0.48634812343749995 0.5529010234375 0.5358361781250001 0.5895904437499999 0.5358361781250001
19 0.6817406140625 0.4880546078125 0.6450511953125 0.4880546078125 0.6450511953125 0.5375426625 0.6817406140625 0.5375426625
19 0.7244027296875 0.48464163750000006 0.6860068265625 0.48464163750000006 0.6860068265625 0.5383959046875 0.7244027296875 0.5383959046875
19 0.759385665625 0.5051194546875002 0.7252559734374999 0.5051194546875002 0.7252559734374999 0.5392491468750003 0.759385665625 0.5392491468750003
19 0.80204778125 0.5085324234375002 0.7662116046875 0.5085324234375002 0.7662116046875 0.5443686000000001 0.80204778125 0.5443686000000001
19 0.8455631406249999 0.5068259390625002 0.8088737203124999 0.5068259390625002 0.8088737203124999 0.5435153578125002 0.8455631406249999 0.5435153578125002
19 0.880546075 0.5119453921875002 0.8481228671875 0.5119453921875002 0.8481228671875 0.5443686000000001 0.880546075 0.5443686000000001