19 0.265625 0.10117187500000005 0.216015625 0.10117187500000005 0.216015625 0.19218750000000004 0.265625 0.19218750000000004
19 0.2234375 0.12382812500000002 0.1328125 0.123828125 0.1328125 0.1765625 0.2234375 0.17656250000000004
19 0.446875 0.12734375000000003 0.37109375 0.12734375000000003 0.37109375 0.17343750000000005 0.446875 0.17343750000000005
19 0.1453125 0.10625 0.08750000000000002 0.10625 0.08750000000000002 0.196875 0.14531250000000004 0.196875
19 0.3265625 0.11406250000000004 0.28125 0.11406250000000004 0.28125 0.19062500000000004 0.3265625 0.19062500000000004
19 0.378125 0.11406250000000004 0.3328125 0.11406250000000004 0.3328125 0.19218750000000004 0.378125 0.19218750000000004
19 0.7046875 0.12460937500000009 0.662109375 0.12460937500000009 0.662109375 0.17968750000000008 0.7046875 0.17968750000000008
19 0.7546875 0.12695312500000008 0.7140625 0.12695312500000008 0.7140625 0.18125000000000008 0.7546875 0.18125000000000008
19 0.07343750000000002 0.110546875 0.02031250000000001 0.110546875 0.020312500000000018 0.2015625 0.07343750000000002 0.2015625
19 0.64375 0.1277343750000001 0.601953125 0.1277343750000001 0.601953125 0.1828125000000001 0.64375 0.1828125000000001
19 0.18125000000000005 0.265625 0.11406250000000004 0.265625 0.11406250000000004 0.353125 0.18125000000000005 0.353125
19 0.2671875 0.280859375 0.17617187500000003 0.280859375 0.17617187500000003 0.3375 0.2671875 0.3375
19 0.4453125 0.2890625000000001 0.3765625 0.2890625000000001 0.3765625 0.3453125000000001 0.4453125 0.3453125000000001
19 0.371875 0.28242187500000004 0.322265625 0.282421875 0.322265625 0.35156250000000006 0.371875 0.3515625000000001
19 0.3125 0.2828125 0.2578125 0.2828125 0.2578125 0.353125 0.3125 0.353125
19 0.7859375 0.2796875000000001 0.725 0.2796875000000001 0.725 0.3625000000000001 0.7859375 0.3625000000000001
19 0.978125 0.2789062500000001 0.91796875 0.2789062500000001 0.91796875 0.3625000000000001 0.978125 0.3625000000000001
19 0.88125 0.28007812500000007 0.822265625 0.28007812500000007 0.822265625 0.3605468750000001 0.88125 0.3605468750000001
19 0.596875 0.2972656250000001 0.5546875 0.2972656250000001 0.5546875 0.3515625000000001 0.596875 0.3515625000000001
19 0.4953125 0.3046875000000001 0.442578125 0.3046875000000001 0.442578125 0.34843750000000007 0.4953125 0.34843750000000007
19 0.5453125 0.3000000000000001 0.4984375 0.3000000000000001 0.4984375 0.3531250000000001 0.5453125 0.3531250000000001
19 0.690625 0.3117187500000001 0.66015625 0.3117187500000001 0.66015625 0.35625000000000007 0.690625 0.35625000000000007
19 0.64375 0.3140625000000001 0.6109375 0.3140625000000001 0.6109375 0.35625000000000007 0.64375 0.35625000000000007
19 0.4390625 0.4 0.3683593750000001 0.4 0.3683593750000001 0.4796875 0.4390625 0.4796875
19 0.525 0.403125 0.444140625 0.403125 0.444140625 0.4796875 0.525 0.4796875
19 0.10000000000000005 0.41875 0.04257812500000006 0.41875 0.04257812500000006 0.4734375 0.10000000000000005 0.4734375
19 0.2328125000000001 0.412109375 0.17343750000000005 0.412109375 0.17343750000000005 0.478125 0.2328125000000001 0.478125
19 0.30156250000000007 0.418359375 0.24179687500000008 0.418359375 0.24179687500000008 0.4765625 0.30156250000000007 0.4765625
19 0.3687500000000001 0.4203125 0.3078125000000001 0.4203125 0.3078125000000001 0.4765625 0.3687500000000001 0.4765625
19 0.17031250000000003 0.421484375 0.10781250000000005 0.421484375 0.10781250000000005 0.4765625 0.17031250000000003 0.4765625
19 0.74375 0.4335937500000001 0.691796875 0.43359375 0.691796875 0.4765625000000001 0.74375 0.47656250000000017
19 0.690625 0.432421875 0.6375 0.432421875 0.6375 0.4765625 0.690625 0.4765625
19 0.5796875 0.4328125 0.532421875 0.4328125 0.532421875 0.4765625 0.5796875 0.4765625
19 0.6359375 0.432421875 0.586328125 0.432421875 0.586328125 0.4765625 0.6359375 0.4765625
19 0.7984375 0.42968750000000017 0.75 0.42968750000000017 0.75 0.4859375000000002 0.7984375 0.4859375000000002
19 0.853125 0.42968750000000017 0.809765625 0.42968750000000017 0.809765625 0.4859375000000002 0.853125 0.4859375000000002
19 0.9734375 0.42968750000000017 0.928125 0.42968750000000017 0.928125 0.4859375000000002 0.9734375 0.4859375000000002
19 0.9125 0.4300781250000002 0.8640625 0.4300781250000002 0.8640625 0.48437500000000017 0.9125 0.48437500000000017