19 0.48828125 0.2578125000000001 0.4125 0.2578125000000001 0.4125 0.3320312500000001 0.48828125 0.3320312500000001
19 0.5546875 0.2578125000000001 0.4859375 0.2578125000000001 0.4859375 0.3320312500000001 0.5546875 0.3320312500000001
19 0.9328125 0.2609375000000001 0.8484375 0.2609375000000001 0.8484375 0.3375000000000001 0.9328125 0.3375000000000001
19 0.35234375 0.2734375 0.2921875 0.2734375 0.2921875 0.32890625 0.35234375 0.32890625
19 0.415625 0.27343750000000006 0.353125 0.2734375 0.353125 0.3296875 0.415625 0.3296875000000001
19 0.99765625 0.27812500000000007 0.9328125 0.27812500000000007 0.9328125 0.3359375000000001 0.99765625 0.3359375000000001
19 0.29296875 0.296875 0.2421875 0.296875 0.2421875 0.33046875 0.29296875 0.33046875
19 0.7140625 0.3609375000000001 0.6625 0.3609375000000001 0.6625 0.409375 0.7140625 0.409375
19 0.60859375 0.3593750000000001 0.5546875 0.3593750000000001 0.5546875 0.41015625 0.60859375 0.41015625
19 0.55234375 0.3593750000000001 0.5015625 0.3593750000000001 0.5015625 0.4125 0.55234375 0.4125
19 0.659375 0.3609375000000001 0.6078125 0.3609375000000001 0.6078125 0.41171875 0.659375 0.41171875
19 0.3164062500000001 0.3796875 0.22656250000000008 0.3796875 0.22656250000000008 0.4640625 0.3164062500000001 0.4640625
19 0.40390625 0.38906250000000003 0.3218750000000001 0.3890625 0.3218750000000001 0.46484375 0.40390625 0.46484375
19 0.4921875 0.3937500000000001 0.4078125 0.3937500000000001 0.4078125 0.46484375 0.4921875 0.46484375
19 0.5484375 0.4125 0.5 0.4125 0.5 0.46328125 0.5484375 0.46328125
19 0.65625 0.4125 0.6078125 0.4125 0.6078125 0.46328125 0.65625 0.46328125
19 0.71484375 0.4140625 0.6609375 0.4140625 0.6609375 0.465625 0.71484375 0.465625
19 0.6046875 0.4140625 0.55625 0.4140625 0.55625 0.46484375 0.6046875 0.46484375