19 0.6875 0.3051377109375001 0.6504502125 0.3051377109375001 0.6504502125 0.32632415156250005 0.6875 0.32632415156250005
19 0.8076006359375001 0.3003840046875001 0.7804819921874999 0.3003840046875001 0.7804819921874999 0.3390625000000001 0.8076006359375001 0.3390625000000001
19 0.72321239375 0.3054555093750001 0.69375 0.3054555093750001 0.69375 0.3359375000000001 0.72321239375 0.3359375000000001
19 0.7671875 0.30736228906250007 0.7359375 0.30736228906250007 0.7359375 0.3375000000000001 0.7671875 0.3375000000000001
19 0.38593750000000004 0.30242320000000006 0.2800317796875 0.3024232 0.28003177968750004 0.37812500000000004 0.3859375000000001 0.3781250000000001
19 0.28125000000000006 0.2887447046875 0.19131355937500005 0.2887447046875 0.19131355937500005 0.396875 0.2812500000000001 0.396875
19 0.521875 0.3140625000000001 0.4609375 0.3140625000000001 0.4609375 0.38750000000000007 0.521875 0.38750000000000007
19 0.4546875 0.3175450203125001 0.37901218281250004 0.3175450203125001 0.37901218281250004 0.3859375000000001 0.4546875 0.3859375000000001
19 0.685619703125 0.3363877125000001 0.6330773296875 0.3363877125000001 0.6330773296875 0.3734375000000001 0.685619703125 0.3734375000000001
19 0.6359375 0.3330640906250001 0.5835010578125 0.3330640906250001 0.5835010578125 0.3765625000000001 0.6359375 0.3765625000000001
19 0.58125 0.3331435375000001 0.5263771187499999 0.3331435375000001 0.5263771187499999 0.3781250000000001 0.58125 0.3781250000000001
19 0.84375 0.34606726875000005 0.8131091109374999 0.34606726875000005 0.8131091109374999 0.37187500000000007 0.84375 0.37187500000000007
19 0.8046875 0.3473119703125001 0.7765757421874999 0.3473119703125001 0.7765757421874999 0.37612552968750007 0.8046875 0.37612552968750007
19 0.76875 0.3504104875000001 0.731912075 0.3504104875000001 0.731912075 0.3765625000000001 0.76875 0.3765625000000001
19 0.721332096875 0.34466366562500006 0.6925185375 0.34466366562500006 0.6925185375 0.38279925781250007 0.721332096875 0.38279925781250007
19 0.815625 0.4478151484375002 0.7324947046875 0.4478151484375002 0.7324947046875 0.5046875000000002 0.815625 0.5046875000000002
19 0.7359375 0.44484904531250014 0.6620497875 0.4448490453125 0.6620497875 0.5203125000000001 0.7359375 0.5203125000000002
19 0.65625 0.471676378125 0.596835275 0.471676378125 0.596835275 0.525 0.65625 0.525
19 0.3937500000000001 0.4671875 0.2913665265625001 0.4671875 0.2913665265625001 0.5370365453125 0.3937500000000001 0.5370365453125
19 0.5854872875 0.4749602765625 0.5270127125 0.4749602765625 0.5270127125 0.534375 0.5854872875 0.534375
19 0.5171875 0.48125 0.461030190625 0.48125 0.461030190625 0.5421875 0.5171875 0.5421875
19 0.44974841093749995 0.484375 0.38618908906250005 0.484375 0.38618908906250005 0.546875 0.44974841093749995 0.546875
19 0.2984375000000001 0.5067002125 0.21543961875000012 0.5067002125 0.21543961875000012 0.5651747890625 0.2984375000000001 0.5651747890625
19 0.2015625000000001 0.5136652546875 0.11204978750000005 0.5136652546875 0.11204978750000008 0.571875 0.2015625000000001 0.571875
19 0.09531250000000006 0.5171875 0.00013241562500006333 0.5171875 0.00013241562500006755 0.5859375 0.09531250000000006 0.5859375
19 0.3437500000000001 0.6068855937500001 0.2919226703125001 0.6068855937500001 0.2919226703125001 0.6515625 0.3437500000000001 0.6515625
19 0.27812500000000007 0.6084613359375 0.2375000000000001 0.6084613359375 0.2375000000000001 0.6618511640625 0.27812500000000007 0.6618511640625
19 0.2250000000000001 0.6140625 0.1816207625000001 0.6140625 0.1816207625000001 0.66875 0.2250000000000001 0.66875
19 0.3468750000000001 0.662778071875 0.3013506343750001 0.662778071875 0.3013506343750001 0.7078125 0.3468750000000001 0.7078125
19 0.17343750000000008 0.6391949171875 0.09978813593750009 0.6391949171875 0.09978813593750009 0.7359375 0.17343750000000008 0.7359375
19 0.2890625000000001 0.6715969265624999 0.2403601703125001 0.6715969265624999 0.2403601703125001 0.715625 0.2890625000000001 0.715625
19 0.23437500000000008 0.6787605921875 0.1843750000000001 0.6787605921875 0.1843750000000001 0.725 0.23437500000000008 0.725