19 0.3604838703125 3.866525980322799e-17 0.27096774218749997 3.318397781421071e-17 0.27096774218749997 0.09758064531250003 0.3604838703125 0.09758064531250005
19 0.7322580640624999 0.004838709375000086 0.6661290328125 0.004838709375000081 0.6661290328125 0.09758064531250009 0.7322580640624999 0.09758064531250009
19 0.6540322578125 0.006451612500000076 0.5854838703125 0.0064516125000000715 0.5854838703125 0.09677419375000008 0.6540322578125 0.0967741937500001
19 0.4677419359375 0.01451612968750005 0.37580645156250003 0.014516129687500046 0.37580645156250003 0.09677419375000006 0.4677419359375 0.09677419375000007
19 0.576612903125 0.019354839062500066 0.48225806406249994 0.019354839062500063 0.48225806406249994 0.09596774218750007 0.576612903125 0.09596774218750007
19 0.7951612906250001 0.0274193546875001 0.74677419375 0.02741935468750009 0.74677419375 0.09032258125000009 0.7951612906250001 0.09032258125000009
19 0.8604838703125001 0.027419354687500102 0.808064515625 0.027419354687500102 0.808064515625 0.0879032265625001 0.8604838703125001 0.08790322656250012
19 0.9790322578125 0.053225806250000104 0.9258064515625 0.053225806250000104 0.9258064515625 0.09032258125000012 0.9790322578125 0.09032258125000012
19 0.9193548390625 0.053225806250000104 0.8693548390625001 0.053225806250000104 0.8693548390625001 0.09193548437500011 0.9193548390625 0.09193548437500011
19 0.3854838703125 0.20806451562500006 0.3225806453125 0.208064515625 0.3225806453125 0.31612903281250004 0.3854838703125 0.3161290328125001
19 0.4629032265625 0.2080645156250001 0.39677419375 0.2080645156250001 0.39677419375 0.3169354843750001 0.4629032265625 0.3169354843750001
19 0.586290321875 0.2258064515625001 0.5338709671874999 0.2258064515625001 0.5338709671874999 0.31370967812500006 0.586290321875 0.31370967812500006
19 0.5241935484375 0.2258064515625001 0.47580645156249995 0.2258064515625001 0.47580645156249995 0.3177419359375001 0.5241935484375 0.3177419359375001
19 0.81532258125 0.23064516093750007 0.75322580625 0.23064516093750007 0.75322580625 0.3153225812500001 0.81532258125 0.3153225812500001
19 0.69032258125 0.2516129031250001 0.648387096875 0.2516129031250001 0.648387096875 0.3120967734375001 0.69032258125 0.3120967734375001
19 0.74032258125 0.2516129031250001 0.698387096875 0.2516129031250001 0.698387096875 0.3120967734375001 0.74032258125 0.3120967734375001
19 0.6370967734375 0.2500000000000001 0.5935483875 0.2500000000000001 0.5935483875 0.3120967734375001 0.6370967734375 0.3120967734375001
19 0.8806451609374999 0.2516129031250001 0.8258064515625 0.2516129031250001 0.8258064515625 0.3112903218750001 0.8806451609374999 0.3112903218750001
19 0.941935484375 0.2500000000000001 0.8887096781249999 0.2500000000000001 0.8887096781249999 0.3120967734375001 0.941935484375 0.3120967734375001
19 0.5346774187500001 0.36290322656250007 0.44193548437499997 0.36290322656250007 0.44193548437499997 0.45725806406249997 0.5346774187500001 0.45725806406249997
19 0.6354838703125 0.36290322656250007 0.5451612906250001 0.36290322656250007 0.5451612906250001 0.45967741875 0.6354838703125 0.45967741875
19 0.8266129031249999 0.38870967812500007 0.7370967734375 0.38870967812500007 0.7370967734375 0.45806451562500017 0.8266129031249999 0.45806451562500017
19 0.73467741875 0.3919354843750001 0.645161290625 0.3919354843750001 0.645161290625 0.4604838703125001 0.73467741875 0.46048387031250015