19 0.7987012984375 0.034090909375000096 0.7678571421875 0.03409090937500009 0.7678571421875 0.10551948125000007 0.7987012984375 0.10551948125000007
19 0.7613636359375 0.03409090937500009 0.73051948125 0.03409090937500009 0.73051948125 0.10633116875000008 0.7613636359375 0.10633116875000008
19 0.7207792203125 0.03409090937500009 0.6899350656250001 0.03409090937500009 0.6899350656250001 0.10633116875000008 0.7207792203125 0.10633116875000008
19 0.684253246875 0.03571428593750008 0.6558441562499999 0.035714285937500076 0.6558441562499999 0.10795454531250008 0.684253246875 0.10795454531250008
19 0.6875 0.20129870156250007 0.634740259375 0.20129870156250007 0.634740259375 0.2775974031250001 0.6875 0.2775974031250001
19 0.6306818187500001 0.20454545468750007 0.5844155843750001 0.20454545468750007 0.5844155843750001 0.2678571421875001 0.6306818187500001 0.2678571421875001
19 0.5762987015625 0.20616883125000007 0.5292207796875 0.20616883125000007 0.5292207796875 0.2694805187500001 0.5762987015625 0.2694805187500001
19 0.9764610390625 0.31980519531250007 0.9074675328125 0.31980519531250007 0.9074675328125 0.38879870156250007 0.9764610390625 0.38879870156250007
19 0.9017857140625001 0.31818181875000007 0.8344155843750001 0.31818181875000007 0.8344155843750001 0.38555194843750007 0.9017857140625001 0.38555194843750007
19 0.8287337656249999 0.31980519531250007 0.7613636359375 0.31980519531250007 0.7613636359375 0.38879870156250007 0.8287337656249999 0.38879870156250007
19 0.7548701296875 0.32305194843750007 0.6899350656250001 0.32305194843750007 0.6899350656250001 0.3896103890625001 0.7548701296875 0.3896103890625001
19 0.29139610312500003 0.33441558437499996 0.233766234375 0.33441558437499996 0.23376623437500005 0.38555194843749996 0.2913961031250001 0.38555194843749996
19 0.36688311718750005 0.3327922078125 0.30357142812500004 0.33279220781249996 0.30357142812500004 0.39123376562500006 0.3668831171875001 0.3912337656250001
19 0.43831168906249995 0.3327922078125001 0.375 0.3327922078125001 0.37500000000000006 0.3912337656250001 0.43831168906249995 0.3912337656250001
19 0.22727272656250003 0.33279220781249996 0.16720779218750004 0.33279220781249996 0.16720779218750004 0.39529220781249996 0.22727272656250008 0.39529220781249996
19 0.5487012984375 0.3392857140625001 0.5016233765625 0.3392857140625001 0.5016233765625 0.39042207812500007 0.5487012984375 0.39042207812500007
19 0.16477272656250003 0.33603896093749996 0.10389610312500004 0.33603896093749996 0.10389610312500004 0.39691558437499996 0.16477272656250003 0.39691558437499996
19 0.49512987031250005 0.3409090906250001 0.44480519531249996 0.3409090906250001 0.44480519531249996 0.3920454546875001 0.49512987031250005 0.3920454546875001
19 0.6826298703125 0.3441558437500001 0.621753246875 0.3441558437500001 0.621753246875 0.39042207812500007 0.6826298703125 0.39042207812500007
19 0.615259740625 0.3441558437500001 0.5551948046875 0.3441558437500001 0.5551948046875 0.3912337656250001 0.615259740625 0.3912337656250001
19 0.8741883109374999 0.5811688312500002 0.81818181875 0.5811688312500002 0.81818181875 0.6298701296875001 0.8741883109374999 0.6298701296875001
19 0.68100649375 0.5860389609375 0.64448051875 0.5860389609375 0.64448051875 0.6306818187500001 0.68100649375 0.6306818187500001
19 0.9521103890625 0.5811688312500002 0.8912337656249999 0.5811688312500002 0.8912337656249999 0.6314935062500002 0.9521103890625 0.6314935062500002
19 0.7678571421875 0.5844155843750002 0.7353896109375 0.5844155843750002 0.7353896109375 0.6314935062500002 0.7678571421875 0.6314935062500002
19 0.6396103890625 0.5860389609375 0.60551948125 0.5860389609375 0.60551948125 0.6306818187500001 0.6396103890625 0.6306818187500001
19 0.7207792203125 0.5876623375000001 0.6883116890625 0.5876623375000001 0.6883116890625 0.63149350625 0.7207792203125 0.63149350625
19 0.8108766234375 0.5876623375000002 0.7743506499999999 0.5876623375000002 0.7743506499999999 0.6314935062500002 0.8108766234375 0.6314935062500002
19 0.6769480515625 0.6639610390625 0.6493506499999999 0.6639610390625 0.6493506499999999 0.7012987015625 0.6769480515625 0.7012987015625
19 0.7142857140625 0.6639610390625 0.6866883109375 0.6639610390625 0.6866883109375 0.7004870125 0.7142857140625 0.7004870125
19 0.75649350625 0.6639610390625001 0.7256493500000001 0.6639610390625001 0.7256493500000001 0.7012987015625002 0.75649350625 0.7012987015625002
19 0.7954545453125 0.6655844156250001 0.7678571421875 0.6655844156250001 0.7678571421875 0.7004870125000002 0.7954545453125 0.7004870125000002
19 0.9025974031249999 0.7029220781250002 0.8717532468750001 0.7029220781250002 0.8717532468750001 0.7256493500000002 0.9025974031249999 0.7256493500000002
19 0.8360389609375 0.7029220781250002 0.8100649343749999 0.7029220781250002 0.8100649343749999 0.7264610390625001 0.8360389609375 0.7264610390625001
19 0.86931818125 0.7029220781250002 0.8392857140625001 0.7029220781250002 0.8392857140625001 0.7280844156250001 0.86931818125 0.7280844156250001
19 0.9456168828125 0.7061688312500002 0.9090909093749999 0.7061688312500002 0.9090909093749999 0.7272727265625002 0.9456168828125 0.7272727265625002
19 0.685064934375 0.7224025968750001 0.6525974031249999 0.7224025968750001 0.652597403125 0.7637987015625 0.6850649343750002 0.7637987015625
19 0.728084415625 0.7224025968750001 0.6931818187500001 0.7224025968750001 0.6931818187500001 0.7662337656250001 0.7280844156250001 0.7662337656250002
19 0.7694805187500002 0.7256493500000002 0.7353896109375002 0.7256493500000002 0.7353896109375002 0.7678571421875001 0.7694805187500002 0.7678571421875001
19 0.8116883109374999 0.7272727265625002 0.7792207796875001 0.7272727265625002 0.7792207796875001 0.7670454546875002 0.8116883109374999 0.7670454546875002
19 0.9220779218749999 0.7418831171875002 0.8879870125 0.7418831171875002 0.8879870125 0.7654220781250002 0.9220779218749999 0.7654220781250002
19 0.8522727265625001 0.7435064937500002 0.8198051953125001 0.7435064937500002 0.8198051953125001 0.7670454546875002 0.8522727265625001 0.7670454546875002
19 0.8823051953125001 0.7435064937500002 0.8538961031250001 0.7435064937500002 0.8538961031250001 0.7662337656250002 0.8823051953125001 0.7662337656250002
19 0.9577922078125001 0.7451298703125002 0.925324675 0.7451298703125002 0.925324675 0.7678571421875001 0.9577922078125001 0.7678571421875001