19 0.8247588421875 9.637694668084328e-17 0.7491961421875 9.175006574634671e-17 0.7491961421875 0.1342443734375001 0.8247588421875 0.1342443734375001
19 0.747588425 8.67294075746534e-17 0.6688102890625001 8.190563797372067e-17 0.6688102890625001 0.1366559484375001 0.747588425 0.1366559484375001
19 0.9067524109375 1.0627059635697069e-16 0.828778134375 1.0149604894656586e-16 0.828778134375 0.13665594843750012 0.9067524109375 0.13665594843750012
19 0.667202571875 7.703264627793556e-17 0.5908360125 7.235654315291105e-17 0.5908360125 0.1366559484375001 0.667202571875 0.1366559484375001
19 0.43569131875 0.011254018750000047 0.337620578125 0.011254018750000042 0.337620578125 0.13344051406250004 0.43569131875 0.13344051406250004
19 0.3392282953125 0.012861735937500032 0.2339228296875 0.012861735937500026 0.2339228296875 0.13424437343750004 0.3392282953125 0.13424437343750004
19 0.51125401875 0.028938906250000063 0.43488745937499995 0.028938906250000056 0.43488745937499995 0.13263665625000004 0.51125401875 0.13263665625000004
19 0.5884244375 0.02893890625000007 0.514469453125 0.02893890625000007 0.514469453125 0.13665594843750006 0.5884244375 0.1366559484375001
19 0.13022507968750002 0.25884244375 0.08038585156250003 0.25884244375 0.08038585156250003 0.361736334375 0.13022507968750002 0.361736334375
19 0.17202572343750006 0.262057878125 0.12781350468750002 0.262057878125 0.12781350468750002 0.36495176875 0.17202572343750006 0.36495176875
19 0.21704180000000006 0.2604501609375 0.17363344062500002 0.2604501609375 0.17363344062500002 0.3657556265625 0.21704180000000012 0.3657556265625
19 0.779742765625 0.2652733125000001 0.7250803859375 0.2652733125000001 0.7250803859375 0.3681672031250001 0.779742765625 0.3681672031250001
19 0.72347266875 0.2652733125000001 0.6639871375 0.2652733125000001 0.6639871375 0.3681672031250001 0.72347266875 0.3681672031250001
19 0.39871382656250004 0.2974276531250001 0.3408360125 0.297427653125 0.34083601250000006 0.36575562656250005 0.3987138265625001 0.36575562656250005
19 0.337620578125 0.2990353703125 0.282154340625 0.2990353703125 0.28215434062500006 0.368167203125 0.33762057812500007 0.368167203125
19 0.456591640625 0.2974276531250001 0.3987138265625 0.2974276531250001 0.39871382656250004 0.3681672031250001 0.456591640625 0.3681672031250001
19 0.556270096875 0.2958199359375001 0.5080385859375001 0.2958199359375001 0.5080385859375001 0.36736334375000007 0.556270096875 0.36736334375000007
19 0.606109325 0.2958199359375001 0.55948553125 0.2958199359375001 0.55948553125 0.3689710609375001 0.606109325 0.3689710609375001
19 0.7138263671875 0.5 0.635852090625 0.5 0.635852090625 0.5691318328125 0.7138263671875 0.5691318328125
19 0.7958199359375 0.5016077171875001 0.717845659375 0.5016077171875 0.717845659375 0.5707395500000001 0.7958199359375 0.5707395500000001
19 0.8794212218749999 0.5016077171875002 0.8006430874999999 0.5016077171875002 0.8006430874999999 0.5747588421875002 0.8794212218749999 0.5747588421875002