19 0.484375 0.609375 0.4546875 0.609375 0.4546875 0.6546875 0.484375 0.6546875
19 0.4453125 0.609375 0.4140625 0.609375 0.4140625 0.65859375 0.4453125 0.65859375
19 0.11875000000000005 0.309375 0.0031250000000000375 0.309375 0.0031250000000000444 0.4203125 0.11875000000000005 0.4203125
19 0.21796875000000004 0.3203125 0.11093750000000005 0.3203125 0.11093750000000005 0.4234375 0.2179687500000001 0.4234375
19 0.32265625000000003 0.3453125 0.23125 0.3453125 0.23125000000000004 0.425 0.3226562500000001 0.425
19 0.44296875 0.3609375000000001 0.3921875 0.3609375000000001 0.3921875 0.4234375 0.44296875 0.4234375
19 0.38671875000000006 0.35781250000000003 0.3359375 0.3578125 0.33593750000000006 0.42265625 0.3867187500000001 0.42265625
19 0.6046875 0.3593750000000001 0.5640625 0.3593750000000001 0.5640625 0.421875 0.6046875 0.421875
19 0.49765625 0.3578125000000001 0.4546875 0.3578125000000001 0.4546875 0.42890625 0.49765625 0.42890625
19 0.55078125 0.3609375000000001 0.50625 0.3609375000000001 0.50625 0.425 0.55078125 0.425
19 0.96015625 0.3609375000000001 0.89375 0.3609375000000001 0.89375 0.42968750000000017 0.96015625 0.42968750000000017
19 0.8859375 0.3609375000000001 0.821875 0.3609375000000001 0.821875 0.42968750000000017 0.8859375 0.42968750000000017
19 0.815625 0.3906250000000001 0.775 0.3906250000000001 0.775 0.4265625000000002 0.815625 0.4265625000000002
19 0.540625 0.4671875 0.4875 0.4671875 0.4875 0.54296875 0.540625 0.54296875
19 0.3531250000000001 0.465625 0.2906250000000001 0.465625 0.2906250000000001 0.54765625 0.3531250000000001 0.54765625
19 0.41875 0.4625 0.3578125000000001 0.4625 0.3578125000000001 0.546875 0.41875 0.546875
19 0.48046875 0.4703125 0.425 0.4703125 0.425 0.54453125 0.48046875 0.54453125
19 0.2882812500000001 0.465625 0.2218750000000001 0.465625 0.2218750000000001 0.54765625 0.2882812500000001 0.54765625
19 0.74453125 0.5703125000000001 0.6890625 0.5703125 0.6890625 0.64375 0.74453125 0.6437500000000002
19 0.6828125 0.5859375 0.634375 0.5859375 0.634375 0.646875 0.6828125 0.646875
19 0.57890625 0.584375 0.5453125 0.584375 0.5453125 0.653125 0.57890625 0.653125
19 0.53125 0.5875 0.4953125 0.5875 0.4953125 0.65625 0.53125 0.65625
19 0.62890625 0.590625 0.584375 0.590625 0.584375 0.65078125 0.62890625 0.65078125