19 0.25468750000000007 0.340625 0.21875 0.340625 0.21875000000000006 0.428125 0.25468750000000007 0.428125
19 0.21093750000000006 0.340625 0.17968750000000006 0.340625 0.17968750000000006 0.428125 0.21093750000000008 0.428125
19 0.2984375 0.346875 0.2578125 0.346875 0.25781250000000006 0.4265625 0.2984375000000001 0.4265625
19 0.7828125 0.3765625000000001 0.7453125 0.3765625000000001 0.7453125 0.4320312500000002 0.7828125 0.4320312500000002
19 0.83046875 0.3765625000000001 0.7953125 0.3765625000000001 0.7953125 0.4320312500000002 0.83046875 0.4320312500000002
19 0.72421875 0.4734375 0.65 0.4734375 0.65 0.55390625 0.72421875 0.55390625
19 0.78984375 0.4828125000000002 0.734375 0.4828125000000002 0.734375 0.5562500000000001 0.78984375 0.5562500000000001
19 0.2789062500000001 0.4953125 0.23437500000000008 0.4953125 0.23437500000000008 0.5484375 0.2789062500000001 0.5484375
19 0.2289062500000001 0.4953125 0.18437500000000004 0.4953125 0.18437500000000007 0.5484375 0.2289062500000001 0.5484375
19 0.3273437500000001 0.4953125 0.2843750000000001 0.4953125 0.2843750000000001 0.54921875 0.3273437500000001 0.54921875
19 0.478125 0.49375 0.4171875 0.49375 0.4171875 0.5515625 0.478125 0.5515625
19 0.5578125 0.5015625 0.484375 0.5015625 0.484375 0.553125 0.5578125 0.553125
19 0.634375 0.5015625 0.5671875 0.5015625 0.5671875 0.5546875 0.634375 0.5546875
19 0.3710937500000001 0.5140625 0.3312500000000001 0.5140625 0.3312500000000001 0.54765625 0.3710937500000001 0.54765625
19 0.4109375 0.515625 0.3734375000000001 0.515625 0.3734375000000001 0.54921875 0.4109375 0.54921875