19 0.16171875000000008 0.502734375 0.06093750000000007 0.502734375 0.06093750000000007 0.56875 0.16171875000000008 0.56875
19 0.08593750000000007 0.50234375 6.151936655091782e-17 0.50234375 6.558557662621176e-17 0.56875 0.08593750000000007 0.56875
19 0.3812500000000001 0.49375 0.2875000000000001 0.49375 0.2875000000000001 0.5875 0.3812500000000001 0.5875
19 0.4703125 0.4953125 0.3828125000000001 0.4953125 0.3828125000000001 0.5875 0.4703125 0.5875
19 0.56875 0.49609375 0.47578125 0.49609375 0.47578125 0.584375 0.56875 0.584375
19 0.2812500000000001 0.516015625 0.22851562500000008 0.516015625 0.22851562500000008 0.584375 0.2812500000000001 0.584375
19 0.2140625000000001 0.5171875 0.15781250000000005 0.5171875 0.15781250000000008 0.5859375 0.2140625000000001 0.5859375
19 0.8546875 0.5019531250000002 0.78125 0.5019531250000002 0.78125 0.6000000000000002 0.8546875 0.6000000000000002
19 0.7515625 0.503125 0.680859375 0.503125 0.680859375 0.5992187500000001 0.7515625 0.5992187500000001
19 0.657421875 0.500390625 0.583203125 0.500390625 0.583203125 0.596875 0.657421875 0.596875
19 0.990625 0.5453125000000002 0.9390625 0.5453125000000002 0.9390625 0.5843750000000002 0.990625 0.5843750000000002
19 0.9234375 0.5472656250000002 0.8765625 0.5472656250000002 0.8765625 0.5843750000000002 0.9234375 0.5843750000000002
19 0.5734375 0.6046875 0.481640625 0.6046875 0.481640625 0.721875 0.5734375 0.721875
19 0.07187500000000009 0.63671875 7.797555791446038e-17 0.63671875 8.118068820910383e-17 0.6890625 0.07187500000000009 0.6890625
19 0.2734375000000001 0.615625 0.1730468750000001 0.615625 0.1730468750000001 0.715625 0.2734375000000001 0.715625
19 0.1609375000000001 0.611328125 0.06523437500000007 0.611328125 0.06523437500000008 0.715625 0.1609375000000001 0.715625
19 0.459375 0.6234375 0.3734375000000001 0.6234375 0.3734375000000001 0.7125 0.459375 0.7125
19 0.3671875000000001 0.625 0.2796875000000001 0.625 0.2796875000000001 0.7125 0.3671875000000001 0.7125
19 0.696875 0.640625 0.5890625 0.640625 0.5890625 0.709375 0.696875 0.709375