19 0.984375 0.1378906250000001 0.9046875 0.1378906250000001 0.9046875 0.1828125000000001 0.984375 0.18281250000000013
19 0.3015625 0.259375 0.233203125 0.259375 0.233203125 0.3625 0.3015625 0.3625
19 0.8625 0.29375000000000007 0.8296875 0.29375000000000007 0.8296875 0.3296875000000001 0.8625 0.3296875000000001
19 0.3890625 0.27578125000000003 0.287109375 0.27578125 0.287109375 0.34687500000000004 0.3890625 0.3468750000000001
19 0.9 0.2921875000000001 0.867578125 0.2921875000000001 0.867578125 0.3312500000000001 0.9 0.3312500000000001
19 0.828125 0.29570312500000007 0.793359375 0.29570312500000007 0.793359375 0.3292968750000001 0.828125 0.3292968750000001
19 0.4609375 0.27773437500000003 0.36015625 0.277734375 0.36015625 0.3453125 0.4609375 0.3453125000000001
19 0.9453125 0.2949218750000001 0.9046875 0.2949218750000001 0.9046875 0.3296875000000001 0.9453125 0.3296875000000001
19 0.5125 0.2953125000000001 0.433203125 0.2953125000000001 0.433203125 0.3531250000000001 0.5125 0.3531250000000001
19 0.5703125 0.2980468750000001 0.490234375 0.2980468750000001 0.490234375 0.3531250000000001 0.5703125 0.3531250000000001
19 0.6203125 0.2863281250000001 0.559375 0.2863281250000001 0.559375 0.3671875000000001 0.6203125 0.3671875000000001
19 0.6796875 0.2863281250000001 0.621875 0.2863281250000001 0.621875 0.3671875000000001 0.6796875 0.3671875000000001
19 0.80625 0.30156250000000007 0.726953125 0.30156250000000007 0.726953125 0.35625000000000007 0.80625 0.35625000000000007
19 0.7484375 0.3023437500000001 0.669140625 0.3023437500000001 0.669140625 0.3578125000000001 0.7484375 0.3578125000000001
19 0.8375 0.3339843750000001 0.796875 0.3339843750000001 0.796875 0.3671875000000001 0.8375 0.3671875000000001
19 0.8765625 0.3343750000000001 0.839453125 0.3343750000000001 0.839453125 0.3687500000000001 0.8765625 0.3687500000000001
19 0.9171875 0.3375000000000001 0.8796875 0.3375000000000001 0.8796875 0.3703125000000001 0.9171875 0.3703125000000001
19 0.953125 0.3359375000000001 0.9203125 0.3359375000000001 0.9203125 0.37187500000000007 0.953125 0.37187500000000007
19 0.5515625 0.3984375000000001 0.514453125 0.3984375000000001 0.514453125 0.4328125 0.5515625 0.4328125
19 0.640625 0.40078125 0.605859375 0.40078125 0.605859375 0.434375 0.640625 0.434375
19 0.5078125 0.3984375000000001 0.468359375 0.3984375000000001 0.468359375 0.4359375 0.5078125 0.4359375
19 0.59375 0.39921875000000007 0.55859375 0.39921875000000007 0.55859375 0.4359375 0.59375 0.4359375
19 0.7328125 0.4000000000000001 0.695703125 0.4 0.695703125 0.4375000000000001 0.7328125 0.43750000000000017
19 0.871875 0.3984375000000001 0.834375 0.3984375000000001 0.834375 0.43750000000000017 0.871875 0.43750000000000017
19 0.6890625 0.4 0.6515625 0.4 0.6515625 0.4375 0.6890625 0.4375
19 0.7828125 0.39726562500000007 0.7453125 0.39726562500000007 0.7453125 0.43750000000000017 0.7828125 0.43750000000000017
19 0.8265625 0.3984375000000001 0.788671875 0.3984375000000001 0.788671875 0.4390625000000002 0.8265625 0.4390625000000002
19 0.9171875 0.4000000000000002 0.878515625 0.4000000000000002 0.878515625 0.44062500000000016 0.9171875 0.44062500000000016
19 0.04687500000000005 0.4078125 0.01562500000000005 0.4078125 0.015625000000000056 0.4859375 0.046875000000000056 0.4859375
19 0.14531250000000004 0.434375 0.06914062500000004 0.434375 0.06914062500000005 0.4671875 0.14531250000000004 0.4671875
19 0.10781250000000005 0.43515625 0.030859375000000057 0.43515625 0.030859375000000057 0.46875 0.10781250000000005 0.46875
19 0.16250000000000003 0.4140625 0.12500000000000006 0.4140625 0.12500000000000006 0.490625 0.16250000000000003 0.490625
19 0.2218750000000001 0.4375 0.14414062500000005 0.4375 0.14414062500000005 0.465625 0.2218750000000001 0.465625
19 0.26250000000000007 0.4375 0.18320312500000005 0.4375 0.18320312500000005 0.4703125 0.26250000000000007 0.4703125
19 0.2765625000000001 0.4140625 0.24375000000000008 0.4140625 0.24375000000000008 0.49375 0.2765625000000001 0.49375
19 0.3343750000000001 0.43671875 0.2570312500000001 0.43671875 0.2570312500000001 0.471875 0.3343750000000001 0.471875
19 0.3906250000000001 0.4171875 0.3531250000000001 0.4171875 0.3531250000000001 0.4953125 0.3906250000000001 0.4953125
19 0.4203125 0.4171875 0.39531250000000007 0.4171875 0.39531250000000007 0.4953125 0.4203125 0.4953125
19 0.3500000000000001 0.415625 0.31718750000000007 0.415625 0.31718750000000007 0.4953125 0.3500000000000001 0.4953125
19 0.459375 0.4171875 0.428125 0.4171875 0.428125 0.4953125 0.459375 0.4953125
19 0.5125 0.449609375 0.46171875 0.449609375 0.46171875 0.484375 0.5125 0.484375
19 0.553125 0.44375 0.5109375 0.44375 0.5109375 0.4953125 0.553125 0.4953125
19 0.596875 0.445703125 0.5546875 0.445703125 0.5546875 0.4953125 0.596875 0.4953125
19 0.65 0.4484375 0.5984375 0.4484375 0.5984375 0.49375 0.65 0.49375
19 0.6921875 0.447265625 0.65 0.447265625 0.65 0.4953125 0.6921875 0.4953125
19 0.7453125 0.4523437500000001 0.69296875 0.45234375 0.69296875 0.4937500000000001 0.7453125 0.4937500000000002
19 0.7890625 0.44843750000000016 0.7484375 0.44843750000000016 0.7484375 0.4968750000000002 0.7890625 0.4968750000000002
19 0.8390625 0.4539062500000002 0.787109375 0.4539062500000002 0.787109375 0.4937500000000002 0.8390625 0.4937500000000002
19 0.9328125 0.4554687500000002 0.882421875 0.4554687500000002 0.882421875 0.4937500000000002 0.9328125 0.4937500000000002
19 0.8875 0.4546875000000002 0.834765625 0.4546875000000002 0.834765625 0.49218750000000017 0.8875 0.49218750000000017
19 0.16406250000000008 0.5609375 0.09492187500000007 0.5609375 0.09492187500000007 0.628125 0.16406250000000008 0.628125
19 0.2375000000000001 0.56484375 0.1644531250000001 0.56484375 0.1644531250000001 0.6296875 0.2375000000000001 0.6296875
19 0.6125 0.5609375 0.555078125 0.5609375 0.555078125 0.6328125 0.6125 0.6328125
19 0.553125 0.565625 0.481640625 0.565625 0.481640625 0.63125 0.553125 0.63125
19 0.3046875000000001 0.565234375 0.2406250000000001 0.565234375 0.2406250000000001 0.6296875 0.3046875000000001 0.6296875
19 0.09375000000000007 0.5625 0.025000000000000067 0.5625 0.02500000000000007 0.634375 0.09375000000000007 0.634375
19 0.3656250000000001 0.57421875 0.3042968750000001 0.57421875 0.3042968750000001 0.6328125 0.3656250000000001 0.6328125
19 0.6734375 0.571875 0.616015625 0.571875 0.616015625 0.6359375 0.6734375 0.6359375
19 0.4265625 0.576953125 0.3671875000000001 0.576953125 0.3671875000000001 0.6328125 0.4265625 0.6328125
19 0.4796875 0.5765625 0.426171875 0.5765625 0.426171875 0.634375 0.4796875 0.634375
19 0.79375 0.5781250000000002 0.732421875 0.5781250000000002 0.732421875 0.6367187500000002 0.79375 0.6367187500000002
19 0.7328125 0.5796875000000001 0.671484375 0.5796875 0.671484375 0.6351562500000001 0.7328125 0.6351562500000002
19 0.85625 0.5785156250000002 0.7921875 0.5785156250000002 0.7921875 0.6359375000000002 0.85625 0.6359375000000002
19 0.9125 0.5765625000000002 0.8546875 0.5765625000000002 0.8546875 0.6390625000000002 0.9125 0.6390625000000002