19 0.16250000000000006 0.502734375 0.061718750000000065 0.502734375 0.061718750000000065 0.56875 0.1625000000000001 0.56875
19 0.07031250000000007 0.4859375 0.0031250000000000596 0.4859375 0.003125000000000066 0.5859375 0.07031250000000007 0.5859375
19 0.3812500000000001 0.49375 0.2875000000000001 0.49375 0.2875000000000001 0.5875 0.3812500000000001 0.5875
19 0.4703125 0.4953125 0.3828125000000001 0.4953125 0.3828125000000001 0.5875 0.4703125 0.5875
19 0.5671875 0.49375 0.478125 0.49375 0.478125 0.5875 0.5671875 0.5875
19 0.2812500000000001 0.515625 0.22812500000000008 0.515625 0.22812500000000008 0.584375 0.2812500000000001 0.584375
19 0.22031250000000008 0.5234375 0.15156250000000004 0.5234375 0.15156250000000007 0.5796875 0.22031250000000008 0.5796875
19 0.8671875 0.5144531250000002 0.76875 0.5144531250000002 0.76875 0.5875000000000001 0.8671875 0.5875000000000001
19 0.7515625 0.503125 0.680859375 0.503125 0.680859375 0.5992187500000001 0.7515625 0.5992187500000001
19 0.6578125 0.501171875 0.583984375 0.501171875 0.583984375 0.596875 0.6578125 0.596875
19 0.984375 0.5394531250000002 0.9453125 0.5394531250000002 0.9453125 0.5906250000000002 0.984375 0.5906250000000002
19 0.9234375 0.5472656250000002 0.8765625 0.5472656250000002 0.8765625 0.5843750000000002 0.9234375 0.5843750000000002
19 0.5859375 0.6171875 0.469140625 0.6171875 0.469140625 0.709375 0.5859375 0.709375
19 0.07187500000000009 0.63671875 7.797555791446038e-17 0.63671875 8.118068820910383e-17 0.6890625 0.07187500000000009 0.6890625
19 0.2734375000000001 0.615625 0.17382812500000008 0.615625 0.17382812500000008 0.715625 0.2734375000000001 0.715625
19 0.16562500000000008 0.615625 0.06093750000000007 0.615625 0.060937500000000075 0.7125 0.16562500000000008 0.7125
19 0.4609375 0.625 0.3722656250000001 0.625 0.3722656250000001 0.7109375 0.4609375 0.7109375
19 0.3671875000000001 0.625 0.2796875000000001 0.625 0.2796875000000001 0.7125 0.3671875000000001 0.7125
19 0.696875 0.641015625 0.5890625 0.641015625 0.5890625 0.709375 0.696875 0.709375