19 0.953125 0.5953125000000001 0.8796875 0.5953125000000001 0.8796875 0.6562500000000002 0.953125 0.6562500000000002
19 0.796875 0.596875 0.7234375 0.596875 0.7234375 0.6562500000000001 0.796875 0.6562500000000002
19 0.86875 0.5906250000000002 0.8078125 0.5906250000000002 0.8078125 0.6640625000000002 0.86875 0.6640625000000002
19 0.7171875 0.5921875 0.654296875 0.5921875 0.654296875 0.66171875 0.7171875 0.66171875
19 0.6453125 0.6125 0.591796875 0.6125 0.591796875 0.6578125 0.6453125 0.6578125
19 0.3375000000000001 0.6140625 0.2890625000000001 0.6140625 0.2890625000000001 0.659375 0.3375000000000001 0.659375
19 0.4578125 0.608203125 0.4140625 0.608203125 0.4140625 0.6609375 0.4578125 0.6609375
19 0.51875 0.6109375 0.4734375 0.6109375 0.4734375 0.6625 0.51875 0.6625
19 0.3984375000000001 0.6140625 0.3457031250000001 0.6140625 0.3457031250000001 0.659375 0.3984375000000001 0.659375
19 0.5796875 0.6078125 0.534765625 0.6078125 0.534765625 0.6625 0.5796875 0.6625
19 0.11875000000000009 0.61875 0.09335937500000006 0.61875 0.09335937500000008 0.66875 0.11875000000000009 0.66875
19 0.18125000000000008 0.63125 0.1359375000000001 0.63125 0.1359375000000001 0.6578125 0.18125000000000008 0.6578125
19 0.2312500000000001 0.631640625 0.1859375000000001 0.631640625 0.1859375000000001 0.6578125 0.2312500000000001 0.6578125
19 0.27031250000000007 0.622265625 0.24375000000000008 0.622265625 0.24375000000000008 0.6671875 0.27031250000000007 0.6671875