19 0.534375 0.6625 0.49375 0.6625 0.49375 0.709375 0.534375 0.709375
19 0.3187500000000001 0.6703125 0.2890625000000001 0.6703125 0.2890625000000001 0.7078125 0.3187500000000001 0.7078125
19 0.2835937500000001 0.66875 0.25468750000000007 0.66875 0.25468750000000007 0.7109375 0.2835937500000001 0.7109375
19 0.2140625000000001 0.66875 0.18906250000000008 0.66875 0.18906250000000008 0.709375 0.2140625000000001 0.709375
19 0.58515625 0.66875 0.540625 0.66875 0.540625 0.7109375 0.58515625 0.7109375
19 0.25078125000000007 0.66875 0.2218750000000001 0.66875 0.2218750000000001 0.7109375 0.25078125000000007 0.7109375
19 0.69140625 0.6671875 0.646875 0.6671875 0.646875 0.71015625 0.69140625 0.71015625
19 0.48984375 0.66875 0.45625 0.66875 0.45625 0.70859375 0.48984375 0.70859375
19 0.3890625000000001 0.671875 0.3578125000000001 0.671875 0.3578125000000001 0.709375 0.3890625000000001 0.709375
19 0.42109375 0.6703125 0.3921875000000001 0.6703125 0.3921875000000001 0.71015625 0.42109375 0.71015625
19 0.45234375 0.6703125 0.425 0.6703125 0.425 0.7109375 0.45234375 0.7109375
19 0.3515625000000001 0.6703125 0.3218750000000001 0.6703125 0.3218750000000001 0.71015625 0.3515625000000001 0.71015625
19 0.64140625 0.66875 0.590625 0.66875 0.590625 0.7109375 0.64140625 0.7109375
19 0.7421875 0.6703125000000001 0.7 0.6703125 0.7 0.7125000000000001 0.7421875 0.7125000000000001
19 0.79140625 0.6703125000000002 0.7484375 0.6703125000000002 0.7484375 0.7132812500000002 0.79140625 0.7132812500000002
19 0.70546875 0.3078125000000001 0.68125 0.3078125000000001 0.68125 0.3476562500000001 0.70546875 0.3476562500000001
19 0.73125 0.30937500000000007 0.70625 0.30937500000000007 0.70625 0.3492187500000001 0.73125 0.3492187500000001
19 0.50546875 0.31718750000000007 0.465625 0.31718750000000007 0.465625 0.3882812500000001 0.50546875 0.3882812500000001
19 0.54453125 0.3187500000000001 0.509375 0.3187500000000001 0.509375 0.3882812500000001 0.54453125 0.3882812500000001
19 0.61484375 0.3312500000000001 0.5859375 0.3312500000000001 0.5859375 0.3890625000000001 0.61484375 0.3890625000000001
19 0.65 0.3312500000000001 0.6203125 0.3312500000000001 0.6203125 0.3890625000000001 0.65 0.3890625000000001
19 0.68203125 0.3312500000000001 0.653125 0.3312500000000001 0.653125 0.38750000000000007 0.68203125 0.38750000000000007
19 0.71484375 0.3500000000000001 0.6859375 0.3500000000000001 0.6859375 0.3906250000000001 0.71484375 0.3906250000000001
19 0.74453125 0.3515625000000001 0.7171875 0.3515625000000001 0.7171875 0.3898437500000001 0.74453125 0.3898437500000001
19 0.7125 0.38750000000000007 0.7109375 0.38750000000000007 0.7109375 0.3898437500000001 0.7125 0.3898437500000001
19 0.24765625000000008 0.4125 0.2078125000000001 0.4125 0.2078125000000001 0.46171875 0.24765625000000008 0.46171875
19 0.53359375 0.409375 0.4828125 0.409375 0.4828125 0.46953125 0.53359375 0.46953125
19 0.28984375000000007 0.415625 0.2500000000000001 0.415625 0.2500000000000001 0.4640625 0.28984375000000007 0.4640625
19 0.4265625 0.4109375 0.3734375000000001 0.4109375 0.3734375000000001 0.46875 0.4265625 0.46875
19 0.48125 0.409375 0.4296875 0.409375 0.4296875 0.4703125 0.48125 0.4703125
19 0.3734375000000001 0.4171875 0.3359375000000001 0.4171875 0.3359375000000001 0.46796875 0.3734375000000001 0.46796875
19 0.3335937500000001 0.41875 0.2953125000000001 0.41875 0.2953125000000001 0.4671875 0.3335937500000001 0.4671875
19 0.5875 0.415625 0.5359375 0.415625 0.5359375 0.47109375 0.5875 0.47109375
19 0.23437500000000008 0.4953125 0.19375000000000003 0.4953125 0.19375000000000006 0.54921875 0.23437500000000008 0.54921875
19 0.41171875 0.4953125 0.3890625000000001 0.4953125 0.3890625000000001 0.5515625 0.41171875 0.5515625
19 0.43828125 0.49375 0.4140625 0.49375 0.4140625 0.5515625 0.43828125 0.5515625
19 0.27812500000000007 0.496875 0.23593750000000008 0.496875 0.23593750000000008 0.55078125 0.27812500000000007 0.55078125
19 0.3859375000000001 0.4953125 0.3593750000000001 0.4953125 0.3593750000000001 0.553125 0.3859375000000001 0.553125
19 0.3195312500000001 0.4984375 0.2796875000000001 0.4984375 0.2796875000000001 0.5515625 0.3195312500000001 0.5515625
19 0.3578125000000001 0.5 0.3218750000000001 0.5 0.3218750000000001 0.5515625 0.3578125000000001 0.5515625
19 0.49140625 0.5 0.4421875 0.5 0.4421875 0.5515625 0.49140625 0.5515625
19 0.5453125 0.5046875 0.496875 0.5046875 0.496875 0.55 0.5453125 0.55
19 0.59921875 0.5046875 0.55 0.5046875 0.55 0.55 0.59921875 0.55
19 0.65546875 0.50625 0.6046875 0.50625 0.6046875 0.55546875 0.65546875 0.55546875
19 0.7609375 0.5078125000000001 0.7140625 0.5078125 0.7140625 0.5546875000000001 0.7609375 0.5546875000000002
19 0.70546875 0.509375 0.65625 0.509375 0.65625 0.5546875 0.70546875 0.5546875
19 0.61015625 0.5828125 0.5859375 0.5828125 0.5859375 0.5984375 0.61015625 0.5984375
19 0.66875 0.5828125 0.64375 0.5828125 0.64375 0.60078125 0.66875 0.60078125
19 0.6359375 0.5828125 0.6140625 0.5828125 0.6140625 0.6 0.6359375 0.6
19 0.7 0.584375 0.6734375 0.584375 0.6734375 0.6015625 0.7 0.6015625
19 0.728125 0.5828125000000001 0.703125 0.5828125 0.703125 0.60078125 0.728125 0.6007812500000002
19 0.7890625 0.5843750000000002 0.7625 0.5843750000000002 0.7625 0.6023437500000002 0.7890625 0.6023437500000002
19 0.2375000000000001 0.5796875 0.1921875000000001 0.5796875 0.1921875000000001 0.62421875 0.2375000000000001 0.62421875
19 0.29765625000000007 0.5828125 0.2468750000000001 0.5828125 0.2468750000000001 0.6234375 0.29765625000000007 0.6234375
19 0.3625000000000001 0.5875 0.3312500000000001 0.5875 0.3312500000000001 0.625 0.3625000000000001 0.625
19 0.4265625 0.5875 0.4 0.5875 0.4 0.625 0.4265625 0.625
19 0.3906250000000001 0.5859375 0.36406250000000007 0.5859375 0.36406250000000007 0.62421875 0.3906250000000001 0.62421875
19 0.459375 0.5875 0.434375 0.5875 0.434375 0.62578125 0.459375 0.62578125
19 0.49140625 0.5875 0.4640625 0.5875 0.4640625 0.62578125 0.49140625 0.62578125
19 0.3265625000000001 0.5890625 0.3000000000000001 0.5890625 0.3000000000000001 0.62421875 0.3265625000000001 0.62421875
19 0.521875 0.60625 0.5015625 0.60625 0.5015625 0.62421875 0.521875 0.62421875
19 0.55078125 0.60625 0.5265625 0.60625 0.5265625 0.62421875 0.55078125 0.62421875
19 0.584375 0.6078125 0.5546875 0.6078125 0.5546875 0.625 0.584375 0.625
19 0.60703125 0.6109375 0.584375 0.6109375 0.584375 0.625 0.60703125 0.625
19 0.63984375 0.609375 0.6125 0.609375 0.6125 0.62734375 0.63984375 0.62734375
19 0.69921875 0.6125 0.6703125 0.6125 0.6703125 0.6265625 0.69921875 0.6265625
19 0.728125 0.6109375000000001 0.703125 0.6109375 0.703125 0.628125 0.728125 0.6281250000000002
19 0.6671875 0.6125 0.6421875 0.6125 0.6421875 0.6296875 0.6671875 0.6296875
19 0.78828125 0.6140625000000002 0.759375 0.6140625000000002 0.759375 0.6273437500000002 0.78828125 0.6273437500000002
19 0.75390625 0.6140625000000002 0.73125 0.6140625000000002 0.73125 0.6296875000000002 0.75390625 0.6296875000000002