19 0.6734375 0.3375000000000001 0.621875 0.3375000000000001 0.621875 0.3750000000000001 0.6734375 0.3750000000000001
19 0.725 0.3363281250000001 0.675390625 0.3363281250000001 0.675390625 0.3750000000000001 0.725 0.3750000000000001
19 0.7765625 0.3375000000000001 0.728125 0.3375000000000001 0.728125 0.3750000000000001 0.7765625 0.3750000000000001
19 0.9296875 0.33476562500000007 0.894921875 0.33476562500000007 0.894921875 0.37773437500000007 0.9296875 0.37773437500000007
19 0.8765625 0.33671875000000007 0.840234375 0.33671875000000007 0.840234375 0.37968750000000007 0.8765625 0.37968750000000007
19 0.8296875 0.34062500000000007 0.7875 0.34062500000000007 0.7875 0.3750000000000001 0.8296875 0.3750000000000001
19 0.9921875 0.34062500000000007 0.94375 0.34062500000000007 0.94375 0.3781250000000001 0.9921875 0.3781250000000001
19 0.3296875 0.3453125 0.256640625 0.3453125 0.25664062500000007 0.4140625 0.3296875000000001 0.4140625
19 0.40625 0.33984375000000006 0.33828125 0.33984375 0.33828125000000003 0.41875 0.40625 0.41875
19 0.25625000000000003 0.346875 0.17187500000000006 0.346875 0.17187500000000006 0.415625 0.2562500000000001 0.415625
19 0.08750000000000005 0.342578125 0.017187500000000043 0.342578125 0.017187500000000046 0.41875 0.08750000000000005 0.41875
19 0.17031250000000003 0.346875 0.09218750000000005 0.346875 0.09218750000000005 0.415625 0.17031250000000003 0.415625
19 0.4765625 0.3546875000000001 0.423828125 0.3546875000000001 0.423828125 0.4234375 0.4765625 0.4234375
19 0.6140625 0.3570312500000001 0.56171875 0.3570312500000001 0.56171875 0.4203125 0.6140625 0.4203125
19 0.55 0.3609375000000001 0.4859375 0.3609375000000001 0.4859375 0.415625 0.55 0.415625
19 0.6671875 0.3691406250000001 0.628125 0.3691406250000001 0.628125 0.4203125 0.6671875 0.4203125
19 0.7234375 0.3703125000000001 0.686328125 0.3703125000000001 0.686328125 0.4234375 0.7234375 0.4234375
19 0.8390625 0.3800781250000001 0.7921875 0.3800781250000001 0.7921875 0.41406250000000017 0.8390625 0.41406250000000017
19 0.8890625 0.3785156250000001 0.846484375 0.3785156250000001 0.846484375 0.4156250000000002 0.8890625 0.4156250000000002
19 0.7828125 0.3800781250000001 0.730078125 0.3800781250000001 0.730078125 0.41406250000000017 0.7828125 0.41406250000000017
19 0.95 0.3781250000000001 0.903125 0.3781250000000001 0.903125 0.4156250000000002 0.95 0.4156250000000002
19 0.9921875 0.3785156250000001 0.958203125 0.3785156250000001 0.958203125 0.4156250000000002 0.9921875 0.4156250000000002
19 0.24765625000000008 0.454296875 0.19218750000000004 0.454296875 0.19218750000000004 0.53125 0.24765625000000008 0.53125
19 0.07304687500000005 0.452734375 0.017578125000000056 0.452734375 0.017578125000000062 0.534375 0.07304687500000007 0.534375
19 0.16250000000000003 0.455078125 0.10703125000000005 0.455078125 0.10703125000000005 0.53125 0.16250000000000003 0.53125
19 0.3453125000000001 0.465625 0.26445312500000007 0.465625 0.26445312500000007 0.521875 0.3453125000000001 0.521875
19 0.4375 0.465234375 0.3566406250000001 0.465234375 0.3566406250000001 0.5234375 0.4375 0.5234375
19 0.58125 0.46015625 0.53515625 0.46015625 0.53515625 0.5390625 0.58125 0.5390625
19 0.5 0.461328125 0.4515625 0.461328125 0.4515625 0.540625 0.5 0.540625
19 0.8234375 0.4828125000000002 0.759375 0.4828125000000002 0.759375 0.5250000000000001 0.8234375 0.5250000000000001
19 0.8890625 0.4832031250000002 0.830859375 0.4832031250000002 0.830859375 0.5250000000000001 0.8890625 0.5250000000000001
19 0.659375 0.47265625 0.61953125 0.47265625 0.61953125 0.5359375 0.659375 0.5359375
19 0.7515625 0.4863281250000001 0.684375 0.486328125 0.684375 0.5250000000000001 0.7515625 0.5250000000000001
19 0.921875 0.6703125000000002 0.8453125 0.6703125000000002 0.8453125 0.7234375000000002 0.921875 0.7234375000000002
19 0.8265625 0.6656250000000001 0.775390625 0.6656250000000001 0.7753906250000001 0.7359375000000001 0.8265625 0.7359375000000001
19 0.675 0.673046875 0.601953125 0.673046875 0.6019531250000001 0.7265625 0.6750000000000002 0.7265625
19 0.7468750000000001 0.6636718750000001 0.69609375 0.663671875 0.6960937500000001 0.7390625000000001 0.7468750000000002 0.7390625000000002
19 0.4281250000000001 0.674609375 0.3550781250000001 0.674609375 0.3550781250000001 0.7296875 0.4281250000000002 0.7296875
19 0.25468750000000007 0.665625 0.1996093750000001 0.665625 0.1996093750000001 0.73984375 0.25468750000000007 0.73984375
19 0.09687500000000009 0.66953125 0.04023437500000008 0.66953125 0.040234375000000086 0.7375 0.09687500000000009 0.7375
19 0.3390625000000001 0.66640625 0.2835937500000001 0.66640625 0.2835937500000001 0.7390625 0.3390625000000001 0.7390625
19 0.58125 0.66484375 0.52890625 0.66484375 0.5289062500000001 0.74375 0.5812500000000002 0.74375
19 0.5125000000000001 0.6765625 0.43125 0.6765625 0.4312500000000001 0.73125 0.5125000000000002 0.73125
19 0.1781250000000001 0.669140625 0.12031250000000009 0.669140625 0.12031250000000009 0.7421875 0.1781250000000001 0.7421875
19 0.909375 0.7453125000000002 0.8359375 0.7453125000000002 0.8359375 0.7921875000000002 0.909375 0.7921875000000002
19 1 0.7410156250000002 0.9375 0.7410156250000002 0.9375 0.7953125000000002 1 0.7953125000000002
19 0.8140625 0.7328125000000002 0.7656250000000002 0.7328125000000002 0.7656250000000002 0.80625 0.8140625 0.80625
19 0.7500000000000002 0.7453125 0.6765625000000002 0.7453125 0.6765625000000002 0.7937500000000001 0.7500000000000002 0.7937500000000002
19 0.6703125000000002 0.746875 0.5996093750000002 0.746875 0.5996093750000002 0.79375 0.6703125000000002 0.79375
19 0.5062500000000002 0.73203125 0.4539062500000002 0.73203125 0.4539062500000002 0.8109375 0.5062500000000002 0.8109375
19 0.5921875000000002 0.747265625 0.5214843750000002 0.747265625 0.5214843750000002 0.796875 0.5921875000000002 0.796875
19 0.4390625000000002 0.746875 0.3656250000000001 0.746875 0.3656250000000001 0.7984375 0.4390625000000002 0.7984375
19 0.3578125000000001 0.747265625 0.2871093750000001 0.747265625 0.2871093750000001 0.796875 0.3578125000000001 0.796875
19 0.2796875000000001 0.746875 0.2097656250000001 0.746875 0.2097656250000001 0.8 0.2796875000000001 0.8
19 0.20312500000000008 0.748828125 0.1296875000000001 0.748828125 0.1296875000000001 0.7984375 0.20312500000000008 0.7984375
19 0.1218750000000001 0.7515625 0.05351562500000009 0.7515625 0.05351562500000009 0.803125 0.1218750000000001 0.803125