19 0.5109375 0.611328125 0.471484375 0.611328125 0.471484375 0.640234375 0.5109375 0.640234375
19 0.546875 0.6125 0.506640625 0.6125 0.506640625 0.640625 0.546875 0.640625
19 0.2890625000000001 0.7515625 0.24570312500000008 0.7515625 0.24570312500000008 0.80625 0.2890625000000001 0.80625
19 0.3375000000000001 0.853515625 0.2894531250000001 0.853515625 0.2894531250000001 0.8921875 0.3375000000000001 0.8921875
19 0.2906250000000001 0.85859375 0.2492187500000001 0.85859375 0.2492187500000001 0.8953125 0.2906250000000001 0.8953125
19 0.3781250000000001 0.858203125 0.3375000000000001 0.858203125 0.3375000000000001 0.9015625 0.3781250000000001 0.9015625
19 0.5812500000000002 0.8796875 0.5464843750000001 0.8796875 0.5464843750000001 0.9015625 0.5812500000000002 0.9015625
19 0.5218750000000002 0.881640625 0.48750000000000016 0.881640625 0.48750000000000016 0.903125 0.5218750000000002 0.903125
19 0.5468750000000002 0.891015625 0.5250000000000001 0.891015625 0.5250000000000001 0.9078125 0.5468750000000002 0.9078125
19 0.3375000000000001 0.4078125 0.2746093750000001 0.4078125 0.2746093750000001 0.4578125 0.3375000000000001 0.4578125
19 0.3890625000000001 0.403125 0.33476562500000007 0.403125 0.33476562500000007 0.4640625 0.3890625000000001 0.4640625
19 0.27812500000000007 0.403125 0.22812500000000008 0.403125 0.22812500000000008 0.4625 0.27812500000000007 0.4625
19 0.2718750000000001 0.4921875 0.23437500000000008 0.4921875 0.23437500000000008 0.559375 0.2718750000000001 0.559375
19 0.3296875000000001 0.508203125 0.2601562500000001 0.508203125 0.2601562500000001 0.5453125 0.3296875000000001 0.5453125
19 0.37187500000000007 0.501953125 0.3125000000000001 0.501953125 0.3125000000000001 0.5546875 0.37187500000000007 0.5546875
19 0.42734375 0.502734375 0.3671875000000001 0.502734375 0.3671875000000001 0.553125 0.42734375 0.553125
19 0.484375 0.501953125 0.42421875 0.501953125 0.42421875 0.5546875 0.484375 0.5546875
19 0.540625 0.5046875 0.4828125 0.5046875 0.4828125 0.55625 0.540625 0.55625
19 0.29375000000000007 0.6015625 0.24023437500000008 0.6015625 0.24023437500000008 0.6296875 0.29375000000000007 0.6296875
19 0.3246093750000001 0.602734375 0.2707031250000001 0.602734375 0.2707031250000001 0.6296875 0.3246093750000001 0.6296875
19 0.3515625000000001 0.593359375 0.3187500000000001 0.593359375 0.3187500000000001 0.6421875 0.3515625000000001 0.6421875
19 0.4390625 0.6015625 0.38750000000000007 0.6015625 0.38750000000000007 0.6375 0.4390625 0.6375
19 0.3890625000000001 0.59375 0.3566406250000001 0.59375 0.3566406250000001 0.64375 0.3890625000000001 0.64375
19 0.48125 0.603125 0.4296875 0.603125 0.4296875 0.6390625 0.48125 0.6390625