19 0.5078125 0.2031352140625001 0.45073018906250006 0.2031352140625001 0.45073018906250006 0.28593750000000007 0.5078125 0.28593750000000007
19 0.2546875 0.2140625 0.19789113437500006 0.2140625 0.19789113437500006 0.29375 0.2546875 0.29375
19 0.16875000000000004 0.21500715 0.11058006562500004 0.21500715 0.11058006562500004 0.296875 0.16875000000000004 0.296875
19 0.6015625 0.2642258984375001 0.5232485703124999 0.2642258984375001 0.5232485703124999 0.3638991000000001 0.6015625 0.3638991000000001
19 0.5171875 0.2745557593750001 0.4319393390625 0.2745557593750001 0.4319393390625 0.3593750000000001 0.5171875 0.3593750000000001
19 0.6453125 0.27071078437500007 0.61088133125 0.27071078437500007 0.61088133125 0.36406250000000007 0.6453125 0.36406250000000007
19 0.3484375 0.2829656859375 0.27744076875 0.2829656859375 0.27744076875 0.3546875 0.3484375 0.3546875
19 0.16540543281250003 0.284375 0.08615706718750005 0.284375 0.08615706718750005 0.353125 0.16540543281250003 0.353125
19 0.2515625 0.28043300625 0.18410947656250004 0.28043300625 0.18410947656250004 0.3578125 0.2515625 0.3578125
19 0.6890625 0.2744587421875001 0.6507301875 0.2744587421875001 0.6507301875 0.36406250000000007 0.6890625 0.36406250000000007
19 0.759375 0.3017973843750001 0.66630923125 0.3017973843750001 0.66630923125 0.3375000000000001 0.759375 0.3375000000000001
19 0.4203125 0.28630004062500003 0.34921364375 0.286300040625 0.34921364375 0.353125 0.4203125 0.3531250000000001
19 0.7734375 0.2724162593750001 0.734727328125 0.2724162593750001 0.734727328125 0.3656250000000001 0.7734375 0.3656250000000001
19 0.84375 0.30324244218750007 0.751205065625 0.30324244218750007 0.751205065625 0.3390625000000001 0.84375 0.3390625000000001
19 0.884375 0.30554534218750007 0.7923560046875 0.30554534218750007 0.7923560046875 0.3421875000000001 0.884375 0.3421875000000001
19 0.9015625 0.27812500000000007 0.8625 0.27812500000000007 0.8625 0.3703125000000001 0.9015625 0.3703125000000001
19 0.9703125 0.3062091515625001 0.8789573109375001 0.3062091515625001 0.8789573109375001 0.3421875000000001 0.9703125 0.3421875000000001
19 0.434375 0.4171875 0.37407577656250013 0.4171875 0.37407577656250013 0.453125 0.434375 0.453125
19 0.3781250000000001 0.4164011453125 0.34293811250000006 0.4164011453125 0.34293811250000006 0.4625 0.3781250000000001 0.4625
19 0.590625 0.4344669125 0.536284721875 0.4344669125 0.536284721875 0.5374080875 0.590625 0.5374080875
19 0.12031250000000004 0.4458333328125 0.06076899375000004 0.4458333328125 0.060768993750000055 0.529166665625 0.12031250000000004 0.529166665625
19 0.678125 0.4594515921875 0.5762254890625 0.4594515921875 0.5762254890625 0.5140625 0.678125 0.5140625
19 0.2015625000000001 0.4579503671875 0.11822916562500005 0.4579503671875 0.11822916562500005 0.5140625 0.2015625000000001 0.5140625
19 0.2575061265625001 0.4472477546875 0.19623161718750004 0.4472477546875 0.19623161718750004 0.5296875 0.2575061265625001 0.5296875
19 0.715625 0.437816584375 0.6627246718750001 0.437816584375 0.6627246718750001 0.5390625 0.715625 0.5390625
19 0.3312500000000001 0.44977532656249997 0.2717064937500001 0.44977532656249997 0.2717064937500001 0.5296875 0.3312500000000001 0.5296875
19 0.784375 0.43826082500000013 0.727782884375 0.43826082500000013 0.727782884375 0.5421875000000002 0.784375 0.5421875000000002
19 0.5232485703124999 0.44966809531249996 0.47831392968750003 0.44966809531249996 0.47831392968750003 0.534375 0.5232485703124999 0.534375
19 0.853104575 0.4399663000000002 0.7975490187500001 0.4399663000000002 0.7975490187500001 0.5437500000000002 0.853104575 0.5437500000000002
19 0.9375 0.4686376625000002 0.8331750421875 0.4686376625000002 0.8331750421875 0.5203125000000002 0.9375 0.5203125000000002
19 0.3890625000000001 0.4831495109375 0.3284671156250001 0.4831495109375 0.3284671156250001 0.51875 0.3890625000000001 0.51875
19 0.4296875 0.48452307968749997 0.3706137656250001 0.48452307968749997 0.3706137656250001 0.5203125 0.4296875 0.5203125