19 0.6265625 0.23437500000000008 0.5759153265625 0.23437500000000008 0.5759153265625 0.29467564062500007 0.6265625 0.29467564062500007
19 0.4984375 0.2399391515625001 0.44802753749999996 0.2399391515625001 0.44802753749999996 0.2890625000000001 0.4984375 0.2890625000000001
19 0.5625 0.2392816640625001 0.508573121875 0.2392816640625001 0.508573121875 0.2904367765625001 0.5625 0.2904367765625001
19 0.8234375 0.2601510921875001 0.7995204218749999 0.2601510921875001 0.7995204218749999 0.2984375000000001 0.8234375 0.2984375000000001
19 0.871875 0.2643873765625001 0.8456502671875 0.2643873765625001 0.8456502671875 0.2953125000000001 0.871875 0.2953125000000001
19 0.9515625 0.2656456281250001 0.9293961421875 0.2656456281250001 0.9293961421875 0.2953125000000001 0.9515625 0.2953125000000001
19 0.9171875 0.2671875000000001 0.8859375 0.2671875000000001 0.8859375 0.2921875000000001 0.9171875 0.2921875000000001
19 0.6828125 0.26572297812500006 0.6453125 0.26572297812500006 0.6453125 0.3046875000000001 0.6828125 0.3046875000000001
19 0.73125 0.2660865296875001 0.69042130625 0.2660865296875001 0.69042130625 0.3078125000000001 0.73125 0.3078125000000001
19 0.78125 0.2671875000000001 0.7443043515625 0.2671875000000001 0.7443043515625 0.3062500000000001 0.78125 0.3062500000000001
19 0.846875 0.2953125000000001 0.8119043921875001 0.2953125000000001 0.8119043921875001 0.3187500000000001 0.846875 0.3187500000000001
19 0.9453125 0.2970168109375001 0.9078125 0.2970168109375001 0.9078125 0.3187500000000001 0.9453125 0.3187500000000001
19 0.8875 0.28960396093750007 0.8625 0.28960396093750007 0.8625 0.3265625000000001 0.8875 0.3265625000000001
19 0.9884772078124999 0.29742935156250006 0.9538237421875 0.29742935156250006 0.9538237421875 0.3203125000000001 0.9884772078124999 0.3203125000000001
19 0.3578125 0.2689021265625 0.2850170171875 0.2689021265625 0.2850170171875 0.359375 0.3578125 0.359375
19 0.446875 0.27656250156250006 0.35636087031249997 0.2765625015625 0.35636087031249997 0.35156250000000006 0.446875 0.3515625000000001
19 0.5078125 0.2938557140625001 0.44757374062500005 0.2938557140625001 0.44757374062500005 0.3578125000000001 0.5078125 0.3578125000000001
19 0.65 0.2945364062500001 0.58506600625 0.2945364062500001 0.58506600625 0.3546875000000001 0.65 0.3546875000000001
19 0.58125 0.29375000000000007 0.5169966984375 0.29375000000000007 0.5169966984375 0.3593750000000001 0.58125 0.3593750000000001
19 0.2265625 0.307495359375 0.18181982187500006 0.307495359375 0.18181982187500006 0.3609375 0.2265625 0.3609375
19 0.275 0.30677856875 0.2359375 0.30677856875 0.2359375 0.36040893125 0.275 0.36040893125
19 0.80625 0.3083849000000001 0.7656791453125 0.3083849000000001 0.7656791453125 0.3603650984375001 0.80625 0.3603650984375001
19 0.703125 0.3101021046875001 0.6573587046875 0.3101021046875001 0.6573587046875 0.3593750000000001 0.703125 0.3593750000000001
19 0.7578125 0.3097333953125001 0.7112133859374999 0.3097333953125001 0.7112133859374999 0.3609375000000001 0.7578125 0.3609375000000001
19 0.8453125 0.3281250000000001 0.8155734328124999 0.3281250000000001 0.8155734328124999 0.3593750000000001 0.8453125 0.3593750000000001
19 0.8921875 0.3241697609375001 0.8616955453124999 0.3241697609375001 0.8616955453124999 0.3609375000000001 0.8921875 0.3609375000000001
19 0.9828125 0.3317115312500001 0.9443095078124999 0.3317115312500001 0.9443095078124999 0.3605894187500001 0.9828125 0.3605894187500001
19 0.940625 0.3282797031250001 0.9003197187499999 0.3282797031250001 0.9003197187499999 0.3578125000000001 0.940625 0.3578125000000001
19 0.8578125 0.3812500000000001 0.8203125 0.3812500000000001 0.8203125 0.42500000000000016 0.8578125 0.42500000000000016
19 0.9046875 0.3837329828125001 0.8625 0.3837329828125001 0.8625 0.4216867781250002 0.9046875 0.4216867781250002
19 0.9515625 0.3833952140625001 0.9103625203125001 0.3833952140625001 0.9103625203125001 0.4203125000000002 0.9515625 0.4203125000000002
19 0.48709261562500006 0.3959570953125001 0.4125 0.3959570953125001 0.4125 0.4796875 0.48709261562500006 0.4796875
19 0.4 0.39579465625000004 0.3256136562500001 0.39579465625 0.3256136562500001 0.48125 0.4 0.48125
19 0.07187500000000005 0.40554094375 4.966444186866343e-17 0.40554094375 5.391758241408135e-17 0.475 0.07187500000000006 0.475
19 0.16093750000000004 0.39810231093750004 0.08906250000000004 0.39810231093750004 0.08906250000000006 0.48125 0.16093750000000004 0.48125
19 0.6625 0.4125 0.5842022484375 0.4125 0.5842022484375 0.4734375 0.6625 0.4734375
19 0.5703125 0.40652588749999996 0.507237521875 0.40652588749999996 0.507237521875 0.48243347812500004 0.5703125 0.48243347812500004
19 0.7311159234375 0.4145807546875001 0.6791357265625 0.4145807546875 0.6791357265625 0.47811210781250013 0.7311159234375 0.47811210781250024
19 0.30937500000000007 0.4108317859375 0.2512324671875001 0.4108317859375 0.2512324671875001 0.4859375 0.30937500000000007 0.4859375
19 0.2375000000000001 0.41913675625 0.16440542500000005 0.41913675625 0.16440542500000005 0.4765625 0.2375000000000001 0.4765625
19 0.828125 0.42248091875000016 0.7462845515625001 0.42248091875000016 0.7462845515625001 0.4761112828125002 0.828125 0.4761112828125002
19 0.9265625 0.42947091562500017 0.8828125 0.42947091562500017 0.8828125 0.46875000000000017 0.9265625 0.46875000000000017
19 0.9765625 0.4322761968750002 0.9309354359374999 0.4322761968750002 0.9309354359374999 0.46875000000000017 0.9765625 0.46875000000000017
19 0.878125 0.43385158750000014 0.8315284671875001 0.43385158750000014 0.8315284671875001 0.4718053828125002 0.878125 0.4718053828125002
19 0.5154909250000002 0.7739660671874999 0.44700907500000014 0.7739660671874999 0.44700907500000014 0.8265625 0.5154909250000002 0.8265625
19 0.5875000000000001 0.7759514234375 0.5174633875000001 0.7759514234375 0.5174633875000001 0.8265625 0.5875000000000001 0.8265625
19 0.13437500000000008 0.771875 0.05937500000000009 0.771875 0.0593750000000001 0.83125 0.13437500000000008 0.83125
19 0.21093750000000008 0.7738345703125 0.14227774375000007 0.7738345703125 0.14227774375000007 0.8324154296874999 0.21093750000000008 0.8324154296874999
19 0.3687500000000001 0.7757580453124999 0.29375000000000007 0.7757580453124999 0.29375000000000007 0.834338903125 0.3687500000000001 0.834338903125
19 0.4421875000000002 0.7867032796875 0.3710653875000001 0.7867032796875 0.3710653875000001 0.828125 0.4421875000000002 0.828125
19 0.2918600453125001 0.7805409437499999 0.2159524546875001 0.7805409437499999 0.2159524546875001 0.834375 0.2918600453125001 0.834375