19 0.10000000000000005 0.1980594765625 0.058190523437500016 0.1980594765625 0.058190523437500016 0.2546875 0.10000000000000005 0.2546875
19 0.14375000000000004 0.2001260078125 0.10320060468750006 0.2001260078125 0.10320060468750006 0.2578125 0.14375000000000004 0.2578125
19 0.6421875 0.30476310468750006 0.590574596875 0.30476310468750006 0.590574596875 0.3999243953125001 0.6421875 0.3999243953125001
19 0.71875 0.3281502015625001 0.6249243953125 0.3281502015625001 0.6249243953125 0.37653729843750006 0.71875 0.37653729843750006
19 0.7578125 0.34014617031250005 0.698109878125 0.34014617031250005 0.698109878125 0.3968750000000001 0.7578125 0.3968750000000001
19 0.8203125 0.3380796375000001 0.7667590734374999 0.3380796375000001 0.7667590734374999 0.4000000000000002 0.8203125 0.4000000000000002
19 0.89375 0.3420362906250001 0.8294354828125 0.3420362906250001 0.8294354828125 0.4000000000000002 0.89375 0.4000000000000002
19 0.2484375000000001 0.42600806562500004 0.17618447500000006 0.42600806562500004 0.17618447500000006 0.509375 0.2484375000000001 0.509375
19 0.3265625000000001 0.42683971718749997 0.2549395156250001 0.42683971718749997 0.2549395156250001 0.509375 0.3265625000000001 0.509375
19 0.16875000000000004 0.436592740625 0.09886592812500004 0.436592740625 0.09886592812500006 0.5078125 0.16875000000000004 0.5078125
19 0.4078125 0.4368951609375 0.32706653125000007 0.4368951609375 0.32706653125000007 0.5078125 0.4078125 0.5078125
19 0.6578125 0.4515625 0.605040321875 0.4515625 0.605040321875 0.51875 0.6578125 0.51875
19 0.7109375 0.4515625 0.66328125 0.4515625 0.66328125 0.51875 0.7109375 0.51875
19 0.7593245953125 0.4515625000000001 0.7125504031250001 0.4515625 0.7125504031250001 0.5203125000000001 0.7593245953125 0.5203125000000002
19 0.8125 0.45312500000000017 0.7625 0.45312500000000017 0.7625 0.5218750000000002 0.8125 0.5218750000000002
19 0.8734375 0.46406250000000016 0.8068800406250001 0.46406250000000016 0.8068800406250001 0.5120211687500003 0.8734375 0.5120211687500003
19 0.47021169374999994 0.4659274203125 0.41779233906249996 0.4659274203125 0.41779233906249996 0.5118951625 0.47021169374999994 0.5118951625
19 0.5078125 0.464591734375 0.46449092812500004 0.464591734375 0.46449092812500004 0.5153981859375001 0.5078125 0.5153981859375001
19 0.603125 0.4678427421875 0.55070564375 0.4678427421875 0.55070564375 0.513810484375 0.603125 0.513810484375
19 0.5515625 0.46441532187499995 0.5082913312499999 0.46441532187499995 0.5082913312499999 0.5168346765625 0.5515625 0.5168346765625
19 0.8125 0.7008568546875001 0.7828125 0.7008568546875001 0.7828125000000001 0.7312500000000002 0.8125 0.7312500000000002
19 0.8465977812500001 0.7034778234375001 0.8143397171875 0.7034778234375001 0.8143397171875 0.7296875000000002 0.8465977812500001 0.7296875000000002
19 0.8421875 0.7297127000000001 0.815625 0.7297127000000001 0.815625 0.7609375000000002 0.8421875 0.7609375000000002
19 0.8078125 0.7339465734375001 0.7776209687500002 0.7339465734375001 0.7776209687500002 0.7593750000000001 0.8078125 0.7593750000000001
19 0.8484375 0.8470766125000001 0.7921875000000002 0.8470766125000001 0.7921875000000002 0.9078125 0.8484375 0.9078125
19 0.7906250000000001 0.8520161281249999 0.7333921375000002 0.8520161281249999 0.7333921375000002 0.9015625 0.7906250000000001 0.9015625