19 0.5328125 0.3683980375000001 0.4697818890625 0.3683980375000001 0.4697818890625 0.5234375 0.5328125 0.5234375
19 0.10625000000000004 0.4239041171875 5.191328202590564e-17 0.4239041171875 5.657281099163665e-17 0.5 0.10625000000000004 0.5
19 0.19843750000000004 0.4197792234375 0.07823965468750005 0.4197792234375 0.07823965468750006 0.4999840015625 0.19843750000000004 0.4999840015625
19 0.2903423640625001 0.41953391562500003 0.16875000000000004 0.41953391562500003 0.16875000000000004 0.5 0.2903423640625001 0.5
19 0.709375 0.40774050781250004 0.6618307375 0.40774050781250004 0.6618307375 0.5234375 0.709375 0.5234375
19 0.878125 0.4081671296875002 0.8265625 0.4081671296875002 0.8265625 0.5250000000000001 0.878125 0.5250000000000001
19 0.3453125000000001 0.4100175984375 0.29316872812500006 0.4100175984375 0.29316872812500006 0.5265625 0.3453125000000001 0.5265625
19 0.6921875 0.4407609859375 0.5736241468750001 0.4407609859375 0.5736241468750001 0.490625 0.6921875 0.490625
19 0.8578125 0.44334471093750016 0.7413582562500001 0.44334471093750016 0.7413582562500001 0.4890625000000002 0.8578125 0.4890625000000002
19 0.3984375000000001 0.4080231453125 0.3529596843750001 0.4080231453125 0.3529596843750001 0.521875 0.3984375000000001 0.521875
19 0.496875 0.44083564375 0.38711870781250013 0.44083564375 0.38711870781250013 0.4875 0.496875 0.4875
19 0.9703125 0.43866787500000015 0.8496480375000001 0.43866787500000015 0.8496480375000001 0.4906250000000002 0.9703125 0.4906250000000002
19 1 0.43824925468750014 0.9056074031250001 0.43824925468750014 0.9056074031250001 0.49531250000000016 1 0.49531250000000016
19 0.7671875 0.41143877968750003 0.7202138437500001 0.4114387796875 0.7202138437500001 0.5281250000000001 0.7671875 0.5281250000000002
19 0.3281250000000001 0.7266051625000001 0.2390625000000001 0.7266051625000001 0.2390625000000001 0.9015198375000001 0.3281250000000001 0.9015198375000001
19 0.0718750000000001 0.7357028578125 0.000029329687500099967 0.7357028578125 0.00002932968750010984 0.896875 0.0718750000000001 0.896875
19 0.2406250000000001 0.731519303125 0.15736454843750008 0.731519303125 0.15736454843750008 0.9015625 0.2406250000000001 0.9015625
19 0.8296875 0.7752266421875001 0.6428380984375002 0.7752266421875 0.6428380984375002 0.865625 0.8296875 0.865625
19 0.5000000000000002 0.73095403125 0.4191819546875002 0.73095403125 0.4191819546875002 0.9125 0.5000000000000002 0.9125
19 0.5921875000000002 0.7268984640625 0.5049621390625002 0.7268984640625 0.5049621390625002 0.909375 0.5921875000000002 0.909375
19 0.2015625000000001 0.776439846875 0.028436968750000104 0.776439846875 0.028436968750000104 0.85625 0.2015625000000001 0.85625
19 0.46053220937500017 0.775 0.2830578062500001 0.775 0.2830578062500001 0.859375 0.46053220937500017 0.859375
19 0.7371933656250003 0.77569059375 0.5520397828125001 0.77569059375 0.5520397828125001 0.8635745515625001 0.7371933656250003 0.8635745515625001
19 0.6515625 0.4153770265625 0.490625 0.4153770265625 0.490625 0.478125 0.6515625 0.478125