19 0.08906250000000003 0.165625 0.0003906250000000203 0.165625 0.00039062500000002897 0.3078125 0.08906250000000004 0.3078125
19 0.2109375 0.198046875 0.07890625000000002 0.198046875 0.07890625000000004 0.2796875 0.2109375 0.2796875
19 0.28125 0.18125000000000005 0.1921875 0.18125000000000005 0.1921875 0.3109375 0.28125 0.3109375
19 0.3640625 0.18281250000000004 0.282421875 0.18281250000000004 0.282421875 0.3140625 0.3640625 0.3140625000000001
19 0.48125 0.422265625 0.4421875 0.422265625 0.4421875 0.4609375 0.48125 0.4609375
19 0.6078125 0.427734375 0.57109375 0.427734375 0.57109375 0.459375 0.6078125 0.459375
19 0.525 0.428515625 0.4828125 0.428515625 0.4828125 0.4609375 0.525 0.4609375
19 0.5640625 0.425 0.530078125 0.425 0.530078125 0.465625 0.5640625 0.465625
19 0.9796875 0.4359375000000002 0.953125 0.4359375000000002 0.953125 0.4890625000000002 0.9796875 0.4890625000000002
19 0.9453125 0.43750000000000017 0.9140625 0.43750000000000017 0.9140625 0.4890625000000002 0.9453125 0.4890625000000002
19 0.90625 0.43750000000000017 0.878125 0.43750000000000017 0.878125 0.4906250000000002 0.90625 0.4906250000000002
19 0.86875 0.4390625000000002 0.8359375 0.4390625000000002 0.8359375 0.4906250000000002 0.86875 0.4906250000000002
19 0.21093750000000008 0.4171875 0.13789062500000004 0.4171875 0.13789062500000004 0.5125 0.21093750000000008 0.5125
19 0.7921875 0.4500000000000002 0.737890625 0.4500000000000002 0.737890625 0.4828125000000002 0.7921875 0.4828125000000002
19 0.7546875 0.4472656250000001 0.6953125 0.447265625 0.6953125 0.4843750000000001 0.7546875 0.48437500000000017
19 0.6484375 0.4359375 0.614453125 0.4359375 0.614453125 0.5 0.6484375 0.5
19 0.8265625 0.43945312500000017 0.791796875 0.43945312500000017 0.791796875 0.4937500000000002 0.8265625 0.4937500000000002
19 0.7109375 0.45 0.648828125 0.45 0.648828125 0.484375 0.7109375 0.484375
19 0.3937500000000001 0.451953125 0.3296875000000001 0.451953125 0.3296875000000001 0.496875 0.3937500000000001 0.496875
19 0.4453125 0.454296875 0.3812500000000001 0.454296875 0.3812500000000001 0.49375 0.4453125 0.49375
19 0.2765625000000001 0.45234375 0.20859375000000008 0.45234375 0.20859375000000008 0.5 0.2765625000000001 0.5
19 0.3343750000000001 0.4515625 0.2667968750000001 0.4515625 0.2667968750000001 0.5 0.3343750000000001 0.5
19 0.6046875 0.470703125 0.571875 0.470703125 0.571875 0.496875 0.6046875 0.496875
19 0.48125 0.46875 0.4390625 0.46875 0.4390625 0.503125 0.48125 0.503125
19 0.521875 0.469921875 0.489453125 0.469921875 0.489453125 0.5046875 0.521875 0.5046875
19 0.5625 0.47265625 0.53203125 0.47265625 0.53203125 0.5046875 0.5625 0.5046875
19 0.33281250000000007 0.571875 0.2519531250000001 0.571875 0.2519531250000001 0.6671875 0.33281250000000007 0.6671875
19 0.24218750000000008 0.5765625 0.15820312500000008 0.5765625 0.15820312500000008 0.6765625 0.24218750000000008 0.6765625
19 0.1515625000000001 0.575 0.05312500000000007 0.575 0.053125000000000075 0.6828125 0.1515625000000001 0.6828125
19 0.86875 0.6765625000000002 0.8109375 0.6765625000000002 0.8109375 0.7500000000000002 0.86875 0.7500000000000002
19 0.8234375 0.6867187500000002 0.74453125 0.6867187500000002 0.7445312500000001 0.7421875000000002 0.8234375 0.7421875000000002
19 0.7625000000000001 0.6953125000000001 0.683203125 0.6953125 0.6832031250000001 0.753125 0.7625000000000002 0.7531250000000002
19 0.6937500000000001 0.690625 0.63125 0.690625 0.6312500000000001 0.771875 0.6937500000000002 0.771875
19 0.6296875000000001 0.7078125 0.548828125 0.7078125 0.5488281250000001 0.7734375 0.6296875000000002 0.7734375
19 0.5515625000000001 0.7078125 0.481640625 0.7078125 0.4816406250000001 0.7875 0.5515625000000002 0.7875
19 0.4843750000000001 0.721875 0.400390625 0.721875 0.4003906250000001 0.796875 0.48437500000000017 0.796875
19 0.40312500000000007 0.724609375 0.3144531250000001 0.724609375 0.3144531250000001 0.8046875 0.4031250000000002 0.8046875
19 0.31718750000000007 0.730859375 0.2371093750000001 0.730859375 0.2371093750000001 0.8171875 0.31718750000000007 0.8171875
19 0.2328125000000001 0.739453125 0.1378906250000001 0.739453125 0.1378906250000001 0.825 0.2328125000000001 0.825
19 0.14062500000000008 0.74765625 0.04296875000000009 0.74765625 0.0429687500000001 0.83125 0.14062500000000008 0.83125
19 0.40156250000000016 0.875 0.3332031250000001 0.875 0.3332031250000001 0.934375 0.40156250000000016 0.934375
19 0.3140625000000001 0.878125 0.2535156250000001 0.878125 0.2535156250000001 0.9578125 0.3140625000000001 0.9578125
19 0.2250000000000001 0.891796875 0.1609375000000001 0.891796875 0.16093750000000012 0.96875 0.2250000000000001 0.96875
19 0.14218750000000013 0.909375 0.06875000000000012 0.909375 0.06875000000000012 0.971875 0.14218750000000013 0.971875