19 0.8245001000000001 0.00006531406250009634 0.7489374 0.00006531406250009172 0.7489374 0.13281250000000008 0.8245001000000001 0.13281250000000008
19 0.746875 8.66820312521486e-17 0.66875 8.189825469297925e-17 0.66875 0.1359375000000001 0.746875 0.1359375000000001
19 0.934375 0.029918607812500102 0.7990780734375 0.0299186078125001 0.7990780734375 0.10625000000000011 0.934375 0.10625000000000014
19 0.6670895296875 7.701880260262651e-17 0.5907229703125 7.2342699477602e-17 0.5907229703125 0.1359375000000001 0.6670895296875 0.1359375000000001
19 0.434375 0.011726285937500048 0.3375577765625 0.011726285937500042 0.3375577765625 0.13281250000000006 0.434375 0.13281250000000006
19 0.3375 0.012977290625000032 0.23377964218749997 0.012977290625000026 0.23377964218749997 0.13435992812500003 0.3375 0.13435992812500003
19 0.5108395296875 0.029401125000000063 0.4344729703125 0.029401125000000056 0.4344729703125 0.13125000000000003 0.5108395296875 0.13125000000000003
19 0.603125 0.04593549062500006 0.49757335156250004 0.045935490625000054 0.49757335156250004 0.11875000000000006 0.603125 0.11875000000000009
19 0.12968750000000004 0.2581943328125 0.08100381718750002 0.2581943328125 0.08100381718750004 0.3609375 0.12968750000000004 0.3609375
19 0.17031250000000003 0.2615002015625 0.12773311875000004 0.2615002015625 0.12773311875000004 0.3640625 0.17031250000000003 0.3640625
19 0.246875 0.29137359375 0.14250653125000004 0.29137359375 0.14250653125000004 0.334375 0.246875 0.334375
19 0.7796875 0.2648060703125001 0.7251482109375 0.2648060703125001 0.7251482109375 0.3671875000000001 0.7796875 0.3671875000000001
19 0.721875 0.26574055468750013 0.664007234375 0.26574055468750013 0.664007234375 0.3671875000000001 0.721875 0.3671875000000001
19 0.403125 0.30289640312500005 0.33526929375000003 0.302896403125 0.33526929375000003 0.35937500000000006 0.403125 0.3593750000000001
19 0.33593750000000006 0.2990278328125 0.28242313124999996 0.2990278328125 0.28242313125 0.368159665625 0.3359375000000001 0.368159665625
19 0.4625 0.3035495375000001 0.3922678859375 0.3035495375000001 0.3922678859375 0.3609375000000001 0.4625 0.3609375000000001
19 0.5561470046875 0.2954782968750001 0.5079154953125 0.2954782968750001 0.5079154953125 0.3670217031250001 0.5561470046875 0.3670217031250001
19 0.61875 0.3090986734375001 0.5465861140625 0.3090986734375001 0.5465861140625 0.3546875000000001 0.61875 0.3546875000000001
19 0.7078125 0.49541800625 0.640082396875 0.49541800625 0.640082396875 0.573392284375 0.7078125 0.573392284375
19 0.7953125 0.5018438500000001 0.7184284578125 0.50184385 0.7184284578125 0.5703125000000001 0.7953125 0.5703125000000002
19 0.8796096265625 0.5015097468750002 0.8008314921874999 0.5015097468750002 0.8008314921874999 0.5734375000000002 0.8796096265625 0.5734375000000002