19 0.8203125 0.11270636875000009 0.713536753125 0.11270636875000009 0.713536753125 0.1671875000000001 0.8203125 0.1671875000000001
19 0.9265625 0.11406250000000011 0.8181112421875 0.1140625000000001 0.8181112421875 0.1698309765625001 0.9265625 0.16983097656250012
19 0.846875 0.0906987031250001 0.790625 0.09069870312500009 0.790625 0.1921137968750001 0.846875 0.1921137968750001
19 0.765625 0.11815546406250008 0.6604952828124999 0.11815546406250008 0.6604952828124999 0.1687500000000001 0.765625 0.1687500000000001
19 0.5234375 0.3501572328125001 0.48620774375 0.3501572328125001 0.48620774375 0.42484276718749997 0.5234375 0.42484276718749997
19 0.565625 0.3521128140625001 0.5268278296875 0.3521128140625001 0.5268278296875 0.4260121859375 0.565625 0.4260121859375
19 0.612244496875 0.3579697328125001 0.569005503125 0.3579697328125001 0.569005503125 0.43265526718749997 0.612244496875 0.43265526718749997
19 0.6734375 0.3786065250000001 0.5973319578125 0.3786065250000001 0.5973319578125 0.4203125 0.6734375 0.4203125
19 0.753125 0.3614583328125001 0.7060976796875 0.3614583328125001 0.7060976796875 0.44479166718750013 0.753125 0.4447916671875002
19 0.7215163140625 0.3800805812500001 0.642899959375 0.3800805812500001 0.642899959375 0.4265625 0.7215163140625 0.4265625
19 0.3296875000000001 0.47203223281250006 0.2748624218750001 0.47203223281250006 0.2748624218750001 0.4953125 0.3296875000000001 0.4953125
19 0.5015625 0.475 0.48274862343749997 0.475 0.48274862343749997 0.5390625 0.5015625 0.5390625
19 0.34843750000000007 0.501262775 0.3022110843750001 0.501262775 0.3022110843750001 0.5203125 0.34843750000000007 0.5203125
19 0.540625 0.527422365625 0.48843356875 0.527422365625 0.48843356875 0.54375 0.540625 0.54375
19 0.5453125 0.5112421375 0.5285328234375 0.5112421375 0.5285328234375 0.5640625 0.5453125 0.5640625
19 0.29375000000000007 0.531839621875 0.2718307781250001 0.531839621875 0.2718307781250001 0.59375 0.29375000000000007 0.59375
19 0.4484375 0.5554294421875 0.42334414374999996 0.5554294421875 0.42334414374999996 0.56875 0.4484375 0.56875
19 0.3449980343750001 0.5359375 0.3206269656250001 0.5359375 0.3206269656250001 0.6046875 0.3449980343750001 0.6046875
19 0.3921875000000001 0.56042649375 0.3234473265625001 0.56042649375 0.3234473265625001 0.584375 0.3921875000000001 0.584375
19 0.471875 0.5315398984375 0.4484375 0.5315398984375 0.4484375 0.6234375 0.471875 0.6234375
19 0.3981230343750001 0.5392344734375001 0.3737519640625001 0.5392344734375001 0.3737519640625001 0.6092030265624999 0.3981230343750001 0.6092030265624999
19 0.3281250000000001 0.5664750390625 0.2827142296875001 0.5664750390625 0.2827142296875001 0.5859375 0.3281250000000001 0.5859375
19 0.4953125 0.5461281453125 0.47475432343749996 0.5461281453125 0.47475432343749996 0.6234375 0.4953125 0.6234375
19 0.4389003546875 0.5784591203125 0.3846550718750001 0.5784591203125 0.3846550718750001 0.6 0.4389003546875 0.6
19 0.5371118312500001 0.5889003546875 0.4836527109375 0.5889003546875 0.4836527109375 0.6078125 0.5371118312500001 0.6078125
19 0.446875 0.590625 0.4183913140625 0.590625 0.4183913140625 0.6108244890625001 0.446875 0.6108244890625001
19 0.559375 0.5945361640625 0.5028842359375 0.5945361640625 0.5028842359375 0.6125 0.559375 0.6125
19 0.790625 0.6038522015625002 0.7528940656249999 0.6038522015625002 0.7528940656249999 0.6714622656250002 0.790625 0.6714622656250002
19 0.84375 0.6099400546875001 0.8015625 0.6099400546875001 0.8015625 0.6791224437500002 0.84375 0.6791224437500002
19 0.4263217375000002 0.7698801093750001 0.3752211093750001 0.7698801093750001 0.3752211093750001 0.8 0.4263217375000002 0.8
19 0.46093750000000017 0.7796875 0.4132419406250002 0.7796875 0.4132419406250002 0.8093602593749999 0.46093750000000017 0.8093602593749999