19 0.7685485468750001 0.6734375000000001 0.7080139546875001 0.6734375 0.7080139546875002 0.7265625000000001 0.7685485468750002 0.7265625000000002
19 0.6968750000000001 0.6720715421875 0.644575471875 0.6720715421875 0.6445754718750001 0.7278891515625 0.6968750000000001 0.7278891515625
19 0.503125 0.6695803859375 0.4438679234375 0.6695803859375 0.4438679234375001 0.7296875 0.5031250000000002 0.7296875
19 0.628125 0.66770341875 0.5741990953125 0.66770341875 0.5741990953125 0.736885809375 0.6281250000000002 0.736885809375
19 0.8484375 0.6826601812500002 0.7796875 0.6826601812500002 0.7796875000000001 0.7296875000000002 0.8484375 0.7296875000000002
19 0.5640625000000001 0.6810829390625 0.5125 0.6810829390625 0.5125000000000001 0.7328125 0.5640625000000001 0.7328125
19 0.5265625000000002 0.8022897 0.4870676109375002 0.8022897 0.4870676109375002 0.8265625 0.5265625000000002 0.8265625
19 0.4390625000000002 0.8038718546875 0.40833333281250017 0.8038718546875 0.40833333281250017 0.828125 0.4390625000000002 0.828125
19 0.4750000000000002 0.80093848125 0.4508844328125002 0.80093848125 0.4508844328125002 0.8296875 0.4750000000000002 0.8296875
19 0.4359375000000002 0.8400943390625001 0.4130306609375002 0.8400943390625001 0.4130306609375002 0.8796875 0.4359375000000002 0.8796875
19 0.4793877750000002 0.84600039375 0.45029972500000015 0.84600039375 0.45029972500000015 0.875 0.4793877750000002 0.875
19 0.5218750000000002 0.8447671 0.4882861640625002 0.8447671 0.4882861640625002 0.8796875 0.5218750000000002 0.8796875
19 0.4109375000000002 0.8689563687499999 0.3517639531250001 0.8689563687499999 0.3517639531250001 0.9279186328125 0.4109375000000002 0.9279186328125
19 0.3437500000000001 0.87320165 0.28341686093750007 0.87320165 0.28341686093750007 0.93125 0.3437500000000001 0.93125
19 0.2718750000000001 0.8707154078125001 0.21478970156250007 0.8707154078125001 0.21478970156250007 0.9328125 0.2718750000000001 0.9328125
19 0.5218750000000002 0.8949980343749999 0.4937500000000002 0.8949980343749999 0.4937500000000002 0.925 0.5218750000000002 0.925
19 0.48437500000000017 0.89605935625 0.45065841250000016 0.89605935625 0.45065841250000016 0.9234375 0.48437500000000017 0.9234375
19 0.4421875000000002 0.8946049531250001 0.41486831718750017 0.8946049531250001 0.41486831718750017 0.925 0.4421875000000002 0.925
19 0.9625 0.3978920984375001 0.88125 0.3978920984375001 0.88125 0.4359375000000002 0.9625 0.4359375000000002
19 0.8029825078125 0.39770538593750004 0.7265625 0.39770538593750004 0.7265625 0.44843750000000016 0.8029825078125 0.44843750000000016
19 0.7325963062499999 0.3872592375000001 0.6767786953125 0.3872592375000001 0.6767786953125 0.4625000000000001 0.7325963062499999 0.4625000000000002
19 0.5453125 0.3872592375000001 0.4921875 0.3872592375000001 0.4921875 0.4625 0.5453125 0.4625
19 0.49041863281250003 0.3872592375000001 0.43145636718749997 0.3872592375000001 0.43145636718749997 0.4625 0.49041863281250003 0.4625
19 0.682714228125 0.400039309375 0.6046875 0.400039309375 0.6046875 0.4515625 0.682714228125 0.4515625
19 0.4390625 0.40078125 0.3609375000000001 0.40078125 0.3609375000000001 0.4515625 0.4390625 0.4515625
19 0.621875 0.3988502359375001 0.54375 0.3988502359375001 0.54375 0.4515625 0.621875 0.4515625
19 0.846875 0.4156250000000002 0.7916961484375 0.4156250000000002 0.7916961484375 0.44843750000000016 0.846875 0.44843750000000016
19 0.8875 0.40406839531250016 0.8505945359375 0.40406839531250016 0.8505945359375 0.4625000000000002 0.8875 0.4625000000000002
19 0.65 0.516391509375 0.5609375 0.516391509375 0.5609375 0.590625 0.65 0.590625
19 0.5546875 0.517654284375 0.482822328125 0.517654284375 0.482822328125 0.596875 0.5546875 0.596875
19 0.478125 0.51875 0.40131682343749997 0.51875 0.40131682343749997 0.5984375 0.478125 0.5984375
19 0.8859375 0.5236045609375002 0.836168434375 0.5236045609375002 0.836168434375 0.5937500000000002 0.8859375 0.5937500000000002
19 0.8234375 0.5255404875000002 0.7742924515625 0.5255404875000002 0.7742924515625 0.5968750000000002 0.8234375 0.5968750000000002
19 0.9515625 0.5358932781250002 0.8832448906250001 0.5358932781250002 0.8832448906250001 0.5859375000000002 0.9515625 0.5859375000000002
19 0.775 0.55 0.7204697328125 0.55 0.7204697328125 0.5906250000000001 0.775 0.5906250000000002