19 0.5327778359375 0.3688033281250001 0.46878466249999995 0.3688033281250001 0.46878466249999995 0.5234375 0.5327778359375 0.5234375
19 0.08593750000000006 0.40403956875 0.01008159062500005 0.40403956875 0.010081590625000057 0.5203125 0.08593750000000007 0.5203125
19 0.19843750000000004 0.4197792234375 0.07823965468750005 0.4197792234375 0.07823965468750006 0.4999840015625 0.19843750000000004 0.4999840015625
19 0.2906250000000001 0.42005652656250003 0.16955524687500007 0.42005652656250003 0.16955524687500007 0.5 0.2906250000000001 0.5
19 0.709375 0.40774050781250004 0.6618307375 0.40774050781250004 0.6618307375 0.5234375 0.709375 0.5234375
19 0.9109375 0.44062500000000016 0.79375 0.44062500000000016 0.79375 0.49218750000000017 0.9109375 0.49218750000000017
19 0.3781250000000001 0.4423261515625 0.26155343437500006 0.4423261515625 0.26155343437500006 0.49375 0.3781250000000001 0.49375
19 0.6921875 0.43978509062500004 0.5734375 0.43978509062500004 0.5734375 0.490625 0.6921875 0.490625
19 0.8578125 0.44334471093750016 0.7413582562500001 0.44334471093750016 0.7413582562500001 0.4890625000000002 0.8578125 0.4890625000000002
19 0.3984375000000001 0.4080231453125 0.3529596843750001 0.4080231453125 0.3529596843750001 0.521875 0.3984375000000001 0.521875
19 0.496875 0.43971043125 0.3876253203125001 0.43971043125 0.3876253203125001 0.4875 0.496875 0.4875
19 0.9703125 0.4384652296875002 0.850010665625 0.4384652296875002 0.850010665625 0.4906250000000002 0.9703125 0.4906250000000002
19 0.99375 0.4064606453125002 0.9363241265625 0.4064606453125002 0.9363241265625 0.5265625000000002 0.99375 0.5265625000000002
19 0.803125 0.4457417875000001 0.6857561859375 0.4457417875 0.6857561859375 0.4937500000000001 0.803125 0.4937500000000002
19 0.3703125000000001 0.7695152515625 0.1966030296875001 0.7695152515625 0.1966030296875001 0.8578125 0.3703125000000001 0.8578125
19 0.11718750000000008 0.7803194328124999 9.556156957063061e-17 0.7803194328124999 1.000196248114446e-16 0.853125 0.11718750000000008 0.853125
19 0.2406250000000001 0.731519303125 0.15736454843750008 0.731519303125 0.15736454843750008 0.9015625 0.2406250000000001 0.9015625
19 0.7828125000000001 0.7274690703125001 0.6916088937500001 0.7274690703125 0.6916088937500001 0.9140625 0.7828125000000001 0.9140625
19 0.5510425562500002 0.7805300765625 0.3687500000000001 0.7805300765625 0.3687500000000001 0.8609375 0.5510425562500002 0.8609375
19 0.6406250000000002 0.7745867125 0.4574018781250002 0.7745867125 0.4574018781250002 0.8624706703125 0.6406250000000002 0.8624706703125
19 0.2015625000000001 0.7764611765625 0.029583510937500102 0.7764611765625 0.029583510937500102 0.85625 0.2015625000000001 0.85625
19 0.46053220937500017 0.775 0.2830578062500001 0.775 0.2830578062500001 0.859375 0.46053220937500017 0.859375
19 0.6884732296875001 0.7269544578125 0.6005892703125002 0.7269544578125 0.6005892703125002 0.9121080421875 0.6884732296875001 0.9121080421875
19 0.6030903375000001 0.36702485000000007 0.5390971640625 0.36702485000000007 0.5390971640625 0.5265625 0.6030903375000001 0.5265625