19 0.5328125 0.6613627375 0.4922468359375 0.6613627375 0.4922468359375 0.7078125 0.5328125 0.7078125
19 0.3140625000000001 0.6692939078125 0.2849683546875001 0.6692939078125 0.2849683546875001 0.7072685921875 0.3140625000000001 0.7072685921875
19 0.27812500000000007 0.667701740625 0.2502076750000001 0.667701740625 0.2502076750000001 0.710423259375 0.27812500000000007 0.710423259375
19 0.21676226250000008 0.6757416921875 0.1756230218750001 0.6757416921875 0.1756230218750001 0.7010581484375 0.21676226250000008 0.7010581484375
19 0.584375 0.667741296875 0.5399426421875 0.667741296875 0.5399426421875 0.710462815625 0.584375 0.710462815625
19 0.25278876406250006 0.675 0.21006724687500009 0.675 0.21006724687500009 0.703125 0.25278876406250006 0.703125
19 0.690625 0.66551621875 0.64754746875 0.66551621875 0.64754746875 0.709375 0.690625 0.709375
19 0.4875 0.6681170890625 0.4546875 0.6681170890625 0.4546875 0.7078125 0.4875 0.7078125
19 0.3843750000000001 0.6709157453125 0.3543710437500001 0.6709157453125 0.3543710437500001 0.7088904265625 0.3843750000000001 0.7088904265625
19 0.4171875 0.6688884500000001 0.3892701750000001 0.6688884500000001 0.3892701750000001 0.7092365515625 0.4171875 0.7092365515625
19 0.45 0.6693334640625 0.422844146875 0.6693334640625 0.422844146875 0.7104727046875 0.45 0.7104727046875
19 0.3468750000000001 0.66971914375 0.3175138453125001 0.66971914375 0.3175138453125001 0.709375 0.3468750000000001 0.709375
19 0.6372824359375 0.6638746046875 0.5945609171874999 0.6638746046875 0.5945609171874999 0.7140625 0.6372824359375 0.7140625
19 0.7421875 0.6693433546875001 0.70060324375 0.6693433546875001 0.70060324375 0.712064875 0.7421875 0.7120648750000002
19 0.7921875 0.6697389234375002 0.7498813296875 0.6697389234375002 0.7498813296875 0.7125000000000001 0.7921875 0.7125000000000001
19 0.7138844921875 0.31060126562500007 0.6735363921874999 0.31060126562500007 0.6735363921874999 0.3343750000000001 0.7138844921875 0.3343750000000001
19 0.73125 0.30433148906250007 0.7069026890625 0.30433148906250007 0.7069026890625 0.3437500000000001 0.73125 0.3437500000000001
19 0.519729034375 0.3269382921875001 0.447735365625 0.3269382921875001 0.447735365625 0.3671875000000001 0.519729034375 0.3671875000000001
19 0.559375 0.3307654281250001 0.48978441406249995 0.3307654281250001 0.48978441406249995 0.3656250000000001 0.559375 0.3656250000000001
19 0.6140625 0.3261965984375001 0.5859375 0.3261965984375001 0.5859375 0.3828125000000001 0.6140625 0.3828125000000001
19 0.6640625 0.3400613125000001 0.60625 0.3400613125000001 0.60625 0.3687500000000001 0.6640625 0.3687500000000001
19 0.6953125 0.3399426421875001 0.639893196875 0.3399426421875001 0.639893196875 0.3687500000000001 0.6953125 0.3687500000000001
19 0.715625 0.3448180390625001 0.687272546875 0.3448180390625001 0.687272546875 0.3843750000000001 0.715625 0.3843750000000001
19 0.7453125 0.34702333906250005 0.71875 0.34702333906250005 0.71875 0.3843750000000001 0.7453125 0.3843750000000001
19 0.713726265625 0.3837717546875001 0.7113528484375 0.3837717546875001 0.7113528484375 0.3843750000000001 0.713726265625 0.3843750000000001
19 0.2468750000000001 0.4130241296875 0.19744857500000004 0.4130241296875 0.19744857500000004 0.4515625 0.2468750000000001 0.4515625
19 0.53125 0.40542919218750006 0.480706090625 0.40542919218750006 0.480706090625 0.465625 0.53125 0.465625
19 0.2843750000000001 0.411372625 0.24505537968750007 0.411372625 0.24505537968750007 0.459375 0.2843750000000001 0.459375
19 0.4234375 0.40662579218749995 0.3705300625000001 0.40662579218749995 0.3705300625000001 0.4640625 0.4234375 0.4640625
19 0.4792325953125 0.40508306875000005 0.42701740624999995 0.40508306875000005 0.42701740624999995 0.465625 0.4792325953125 0.465625
19 0.3765625000000001 0.41940268906249994 0.32514833906250007 0.41940268906249994 0.32514833906250007 0.45625 0.3765625000000001 0.45625
19 0.3296875000000001 0.4145767421875 0.29150514218750007 0.4145767421875 0.29150514218750007 0.463627375 0.3296875000000001 0.463627375
19 0.5875 0.4133900296875 0.5332476265625 0.4133900296875 0.5332476265625 0.46560522187500003 0.5875 0.46560522187500003
19 0.23593750000000008 0.49932753124999996 0.18141811718750006 0.49932753124999996 0.18141811718750006 0.5390625 0.23593750000000008 0.5390625
19 0.4078125 0.492345728125 0.3859671687500001 0.492345728125 0.3859671687500001 0.5484375 0.4078125 0.5484375
19 0.4515625 0.5077333859375 0.3941356812500001 0.5077333859375 0.3941356812500001 0.53125 0.4515625 0.53125
19 0.2796875000000001 0.49963409687500004 0.2252076734375001 0.49963409687500004 0.2252076734375001 0.540625 0.2796875000000001 0.540625
19 0.3968750000000001 0.5078421671875 0.3399228640625001 0.5078421671875 0.3399228640625001 0.534375 0.3968750000000001 0.534375
19 0.3218750000000001 0.5021558546875 0.2687500000000001 0.5021558546875 0.2687500000000001 0.5421875 0.3218750000000001 0.5421875
19 0.3609375000000001 0.505231409375 0.31041337187500007 0.505231409375 0.31041337187500007 0.540625 0.3609375000000001 0.540625
19 0.4890625 0.4984375 0.4389734984375 0.4984375 0.4389734984375 0.546875 0.4890625 0.546875
19 0.5421875 0.5 0.4971420078125 0.5 0.4971420078125 0.5484375 0.5421875 0.5484375
19 0.5984375 0.5018888453125 0.5495846515625 0.5018888453125 0.5495846515625 0.546875 0.5984375 0.546875
19 0.6546875 0.5031249984375 0.6041040343749999 0.5031249984375 0.6041040343749999 0.5515625 0.6546875 0.5515625
19 0.7609375 0.5046875000000001 0.7153283234375001 0.5046875 0.7153283234375001 0.5515625000000001 0.7609375 0.5515625000000002
19 0.703125 0.5046677234375 0.658257515625 0.5046677234375 0.658257515625 0.553125 0.703125 0.553125
19 0.609375 0.5802412984374999 0.5859375 0.5802412984374999 0.5859375 0.5953125 0.609375 0.5953125
19 0.6640625 0.577531646875 0.647596915625 0.577531646875 0.647596915625 0.6015625 0.6640625 0.6015625
19 0.6328125 0.578322784375 0.616742484375 0.578322784375 0.616742484375 0.6 0.6328125 0.6
19 0.6953125 0.5775316453125 0.67922270625 0.5775316453125 0.67922270625 0.6044303796875 0.6953125 0.6044303796875
19 0.728125 0.5806467578125001 0.703698575 0.5806467578125 0.703698575 0.596875 0.728125 0.5968750000000002
19 0.7859375 0.5775810921875002 0.76875 0.5775810921875002 0.76875 0.6031250000000001 0.7859375 0.6031250000000001
19 0.2328125000000001 0.578125 0.1869857593750001 0.578125 0.1869857593750001 0.621875 0.2328125000000001 0.621875
19 0.2921875000000001 0.5809928796875 0.24225672500000012 0.5809928796875 0.24225672500000012 0.6203125 0.2921875000000001 0.6203125
19 0.3578125000000001 0.5851859171875 0.3271360750000001 0.5851859171875 0.3271360750000001 0.621875 0.3578125000000001 0.621875
19 0.428125 0.590625 0.3913568031250001 0.590625 0.3913568031250001 0.6171875 0.428125 0.6171875
19 0.3859375000000001 0.584375 0.3607693828125001 0.584375 0.3607693828125001 0.621875 0.3859375000000001 0.621875
19 0.4625 0.5920787171875 0.42537579062499997 0.5920787171875 0.42537579062499997 0.6171875 0.4625 0.6171875
19 0.4890625 0.5859375 0.4625 0.5859375 0.4625 0.6234375 0.4890625 0.6234375
19 0.32500000000000007 0.591416140625 0.29167326093750007 0.591416140625 0.29167326093750007 0.6183148734375 0.32500000000000007 0.6183148734375
19 0.5203125 0.6046875 0.5 0.6046875 0.5 0.621875 0.5203125 0.621875
19 0.5499208859375 0.6046875 0.5253955703125001 0.6046875 0.5253955703125001 0.621875 0.5499208859375 0.621875
19 0.5837816453125 0.6061412171875 0.5537183546875 0.6061412171875 0.5537183546875 0.621875 0.5837816453125 0.621875
19 0.6015625 0.604806171875 0.58810324375 0.604806171875 0.58810324375 0.6265625 0.6015625 0.6265625
19 0.6390625 0.6071004734375001 0.6119659796875 0.6071004734375001 0.6119659796875 0.625 0.6390625 0.625
19 0.6921875 0.60287776875 0.6783128953124999 0.60287776875 0.6783128953124999 0.63125 0.6921875 0.63125
19 0.725 0.6048061703125 0.7081586234375 0.6048061703125 0.7081586234375 0.6296875 0.725 0.6296875
19 0.6625 0.60642800625 0.6462915359375 0.60642800625 0.6462915359375 0.63125 0.6625 0.63125
19 0.78125 0.6044996031250002 0.7685225484375 0.6044996031250002 0.7685225484375 0.6328125000000002 0.78125 0.6328125000000002
19 0.7546875 0.6124011078125002 0.7330597296875 0.6124011078125002 0.7330597296875 0.6265625000000001 0.7546875 0.6265625000000001