19 0.4265625 0.08593750000000004 0.376171875 0.08593750000000004 0.376171875 0.13125000000000003 0.4265625 0.13125000000000003
19 0.484375 0.08593750000000006 0.434375 0.08593750000000004 0.434375 0.13281250000000006 0.484375 0.13281250000000006
19 0.159375 0.05937500000000001 0.0859375 0.059375 0.08593750000000001 0.1703125 0.159375 0.1703125
19 0.2625 0.08007812500000003 0.15 0.08007812500000003 0.15 0.15156250000000002 0.2625 0.15156250000000004
19 0.3828125 0.11015625000000004 0.30390625 0.11015625000000004 0.30390625 0.16250000000000003 0.3828125 0.16250000000000003
19 0.884375 0.0859375000000001 0.8109375 0.08593750000000008 0.8109375 0.18125000000000008 0.884375 0.18125000000000008
19 0.30625 0.09531250000000004 0.247265625 0.09531250000000002 0.247265625 0.17343750000000005 0.30625 0.17343750000000005
19 0.803125 0.08593750000000008 0.7328125 0.08593750000000008 0.7328125 0.1906250000000001 0.803125 0.1906250000000001
19 0.7296875 0.10976562500000009 0.6734375 0.10976562500000009 0.6734375 0.1828125000000001 0.7296875 0.1828125000000001
19 0.6609375 0.10781250000000009 0.609375 0.10781250000000009 0.609375 0.18750000000000008 0.6609375 0.18750000000000008
19 0.4265625 0.13593750000000004 0.378125 0.13593750000000004 0.378125 0.18125000000000005 0.4265625 0.18125000000000005
19 0.4765625 0.13671875000000006 0.43203125 0.13671875000000006 0.43203125 0.18281250000000004 0.4765625 0.18281250000000004
19 0.828125 0.5820312500000002 0.741796875 0.5820312500000002 0.741796875 0.6609375000000002 0.828125 0.6609375000000002
19 0.7265625 0.575390625 0.6484375 0.575390625 0.6484375 0.6656250000000001 0.7265625 0.6656250000000001
19 0.6421875 0.590625 0.5625 0.590625 0.5625 0.665625 0.6421875 0.665625
19 0.458984375 0.594140625 0.3925781250000001 0.594140625 0.3925781250000001 0.6671875 0.458984375 0.6671875
19 0.3750000000000001 0.600390625 0.3046875000000001 0.600390625 0.3046875000000001 0.6671875 0.3750000000000001 0.6671875
19 0.5484375 0.5953125 0.4765625 0.5953125 0.4765625 0.6734375 0.5484375 0.6734375
19 0.5984375000000002 0.740625 0.5343750000000002 0.740625 0.5343750000000002 0.8140625 0.5984375000000002 0.8140625