19 0.50078125 0.2562500000000001 0.4875 0.2562500000000001 0.4875 0.2835937500000001 0.50078125 0.2835937500000001
19 0.51875 0.2562500000000001 0.5046875 0.2562500000000001 0.5046875 0.2828125000000001 0.51875 0.2828125000000001
19 0.5578125 0.2578125000000001 0.540625 0.2578125000000001 0.540625 0.2828125000000001 0.5578125 0.2828125000000001
19 0.5390625 0.2578125000000001 0.5234375 0.2578125000000001 0.5234375 0.2843750000000001 0.5390625 0.2843750000000001
19 0.5796875 0.26250000000000007 0.5625 0.26250000000000007 0.5625 0.2890625000000001 0.5796875 0.2890625000000001
19 0.615625 0.26250000000000007 0.6 0.26250000000000007 0.6 0.28984375000000007 0.615625 0.28984375000000007
19 0.6328125 0.26250000000000007 0.6171875 0.26250000000000007 0.6171875 0.28984375000000007 0.6328125 0.28984375000000007
19 0.596875 0.26250000000000007 0.5828125 0.26250000000000007 0.5828125 0.28984375000000007 0.596875 0.28984375000000007
19 0.653125 0.2640625000000001 0.6375 0.2640625000000001 0.6375 0.2914062500000001 0.653125 0.2914062500000001
19 0.6875 0.2640625000000001 0.6734375 0.2640625000000001 0.6734375 0.2906250000000001 0.6875 0.2906250000000001
19 0.709375 0.2640625000000001 0.69375 0.2640625000000001 0.69375 0.2914062500000001 0.709375 0.2914062500000001
19 0.6703125 0.2640625000000001 0.65625 0.2640625000000001 0.65625 0.2914062500000001 0.6703125 0.2914062500000001
19 0.465625 0.25468750000000007 0.4515625 0.25468750000000007 0.4515625 0.30546875000000007 0.465625 0.30546875000000007
19 0.484375 0.2578125000000001 0.46875 0.2578125000000001 0.46875 0.3046875000000001 0.484375 0.3046875000000001
19 0.840625 0.2718750000000001 0.8109375 0.2718750000000001 0.8109375 0.3101562500000001 0.840625 0.3101562500000001
19 0.87109375 0.27031250000000007 0.84375 0.27031250000000007 0.84375 0.31328125000000007 0.87109375 0.31328125000000007
19 0.9078125 0.2718750000000001 0.878125 0.2718750000000001 0.878125 0.3125000000000001 0.9078125 0.3125000000000001
19 0.80703125 0.2734375000000001 0.778125 0.2734375000000001 0.778125 0.31328125000000007 0.80703125 0.31328125000000007
19 0.23593750000000008 0.403125 0.20312500000000008 0.403125 0.20312500000000008 0.4484375 0.23593750000000008 0.4484375
19 0.2718750000000001 0.403125 0.24218750000000008 0.403125 0.24218750000000008 0.4484375 0.2718750000000001 0.4484375
19 0.3656250000000001 0.4078125 0.34062500000000007 0.4078125 0.34062500000000007 0.45078125 0.3656250000000001 0.45078125
19 0.68046875 0.4 0.6578125 0.4 0.6578125 0.45859375 0.68046875 0.45859375
19 0.73125 0.4000000000000001 0.709375 0.4 0.709375 0.4601562500000001 0.73125 0.46015625000000016
19 0.83359375 0.40156250000000016 0.809375 0.40156250000000016 0.809375 0.46015625000000016 0.83359375 0.46015625000000016
19 0.75703125 0.4000000000000002 0.7328125 0.4000000000000002 0.7328125 0.46015625000000016 0.75703125 0.46015625000000016
19 0.3031250000000001 0.4078125 0.2734375000000001 0.4078125 0.2734375000000001 0.45078125 0.3031250000000001 0.45078125
19 0.70859375 0.4015625 0.684375 0.4015625 0.684375 0.46015625 0.70859375 0.46015625
19 0.80703125 0.4031250000000002 0.7828125 0.4031250000000002 0.7828125 0.4593750000000002 0.80703125 0.4593750000000002
19 0.88359375 0.40156250000000016 0.859375 0.40156250000000016 0.859375 0.46015625000000016 0.88359375 0.46015625000000016
19 0.7828125 0.40156250000000016 0.7609375 0.40156250000000016 0.7609375 0.4593750000000002 0.7828125 0.4593750000000002
19 0.85625 0.4031250000000002 0.8359375 0.4031250000000002 0.8359375 0.46093750000000017 0.85625 0.46093750000000017
19 0.3375000000000001 0.415625 0.3078125000000001 0.415625 0.3078125000000001 0.453125 0.3375000000000001 0.453125
19 0.403125 0.4109375 0.37187500000000007 0.4109375 0.37187500000000007 0.45390625 0.403125 0.45390625
19 0.57578125 0.4125 0.55625 0.4125 0.55625 0.45703125 0.57578125 0.45703125
19 0.63671875 0.4125 0.6171875 0.4125 0.6171875 0.459375 0.63671875 0.459375
19 0.65703125 0.4140625 0.6375 0.4140625 0.6375 0.459375 0.65703125 0.459375
19 0.61640625 0.4140625 0.5984375 0.4140625 0.5984375 0.4609375 0.61640625 0.4609375
19 0.59453125 0.415625 0.575 0.415625 0.575 0.46015625 0.59453125 0.46015625
19 0.6257812500000001 0.690625 0.590625 0.690625 0.5906250000000001 0.76015625 0.6257812500000002 0.76015625
19 0.7914062500000001 0.6875000000000002 0.75625 0.6875000000000002 0.7562500000000001 0.7617187500000002 0.7914062500000002 0.7617187500000002
19 0.7578125000000001 0.6921875000000001 0.725 0.6921875 0.7250000000000001 0.7585937500000001 0.7578125000000002 0.7585937500000002
19 0.72578125 0.690625 0.690625 0.690625 0.690625 0.7617187500000001 0.7257812500000002 0.7617187500000002
19 0.6609375000000001 0.6921875 0.628125 0.6921875 0.628125 0.75859375 0.6609375000000002 0.75859375
19 0.6921875000000001 0.6953125 0.6625 0.6953125 0.6625000000000001 0.7625 0.6921875000000002 0.7625
19 0.5945312500000002 0.8921875 0.5656250000000002 0.8921875 0.5656250000000002 0.95859375 0.5945312500000002 0.95859375
19 0.6273437500000002 0.89375 0.5984375000000002 0.89375 0.5984375000000002 0.95859375 0.6273437500000002 0.95859375
19 0.7640625000000002 0.8953125 0.7328125000000002 0.8953125 0.7328125000000002 0.96171875 0.7640625000000002 0.96171875
19 0.6945312500000002 0.896875 0.6671875000000002 0.896875 0.6671875000000002 0.9609375 0.6945312500000002 0.9609375
19 0.7289062500000002 0.8984375 0.7000000000000002 0.8984375 0.7000000000000002 0.9625 0.7289062500000002 0.9625
19 0.6617187500000001 0.8984375 0.6328125000000002 0.8984375 0.6328125000000002 0.9625 0.6617187500000001 0.9625
19 0.8 0.896875 0.7671875000000001 0.896875 0.7671875000000001 0.9640625 0.8 0.9640625
19 0.865625 0.8984375 0.8328125 0.8984375 0.8328125 0.96484375 0.865625 0.96484375
19 0.83046875 0.8984375 0.8015625 0.8984375 0.8015625 0.96484375 0.83046875 0.96484375
19 0.9015625 0.90625 0.86875 0.90625 0.86875 0.96875 0.9015625 0.96875