19 0.36875 0.02304687500000004 0.273828125 0.023046875000000033 0.273828125 0.10937500000000004 0.36875 0.10937500000000004
19 0.7375 0.03789062500000008 0.64765625 0.03789062500000008 0.64765625 0.10156250000000008 0.7375 0.10156250000000008
19 0.6484375 0.026562500000000072 0.583203125 0.026562500000000065 0.583203125 0.1140625000000001 0.6484375 0.1140625000000001
19 0.46875 0.03437500000000005 0.3796875 0.034375000000000044 0.3796875 0.11406250000000004 0.46875 0.11406250000000004
19 0.5734375 0.03906250000000006 0.483203125 0.039062500000000056 0.483203125 0.11250000000000007 0.5734375 0.11250000000000009
19 0.7921875 0.053906250000000086 0.73203125 0.053906250000000086 0.73203125 0.10000000000000009 0.7921875 0.10000000000000009
19 0.852734375 0.0511718750000001 0.794140625 0.05117187500000009 0.794140625 0.10156250000000008 0.852734375 0.10156250000000008
19 0.95625 0.0640625000000001 0.9203125 0.0640625000000001 0.9203125 0.11562500000000013 0.95625 0.11562500000000013
19 0.90625 0.0718750000000001 0.8578125 0.0718750000000001 0.8578125 0.10937500000000008 0.90625 0.10937500000000008
19 0.4109375 0.24375000000000005 0.30625 0.24375 0.30625 0.30468750000000006 0.4109375 0.3046875000000001
19 0.484375 0.2425781250000001 0.3796875 0.2425781250000001 0.3796875 0.3062500000000001 0.484375 0.3062500000000001
19 0.5828125 0.2394531250000001 0.533203125 0.2394531250000001 0.533203125 0.3234375000000001 0.5828125 0.3234375000000001
19 0.5234375 0.2390625000000001 0.4765625 0.2390625000000001 0.4765625 0.3281250000000001 0.5234375 0.3281250000000001
19 0.815625 0.2542968750000001 0.734375 0.2542968750000001 0.734375 0.3140625000000001 0.815625 0.3140625000000001
19 0.6921875 0.2730468750000001 0.634375 0.2730468750000001 0.634375 0.3125000000000001 0.6921875 0.3125000000000001
19 0.740625 0.2730468750000001 0.6828125 0.2730468750000001 0.6828125 0.3125000000000001 0.740625 0.3125000000000001
19 0.6328125 0.26250000000000007 0.590625 0.26250000000000007 0.590625 0.3218750000000001 0.6328125 0.3218750000000001
19 0.8703125 0.26640625000000007 0.81328125 0.26640625000000007 0.81328125 0.3187500000000001 0.8703125 0.3187500000000001
19 0.928125 0.26250000000000007 0.8765625 0.26250000000000007 0.8765625 0.3218750000000001 0.928125 0.3218750000000001
19 0.5328125 0.3722656250000001 0.442578125 0.3722656250000001 0.442578125 0.462109375 0.5328125 0.462109375
19 0.634375 0.3750000000000001 0.540625 0.3750000000000001 0.540625 0.4625 0.634375 0.4625
19 0.815625 0.3968750000000001 0.730078125 0.3968750000000001 0.730078125 0.46406250000000016 0.815625 0.46406250000000016
19 0.715625 0.38945312500000007 0.650390625 0.38945312500000007 0.650390625 0.476171875 0.715625 0.476171875