19 0.778125 0.3160156250000001 0.746875 0.3160156250000001 0.746875 0.37968750000000007 0.778125 0.37968750000000007
19 0.7453125 0.3207031250000001 0.715625 0.3207031250000001 0.715625 0.37968750000000007 0.7453125 0.37968750000000007
19 0.6796875 0.32500000000000007 0.653515625 0.32500000000000007 0.653515625 0.3812500000000001 0.6796875 0.3812500000000001
19 0.725 0.3378906250000001 0.669921875 0.3378906250000001 0.669921875 0.3667968750000001 0.725 0.3667968750000001
19 0.6203125 0.32500000000000007 0.590625 0.32500000000000007 0.590625 0.3812500000000001 0.6203125 0.3812500000000001
19 0.6515625 0.32500000000000007 0.621875 0.32500000000000007 0.621875 0.3812500000000001 0.6515625 0.3812500000000001
19 0.8984375 0.5179687500000002 0.84609375 0.5179687500000002 0.84609375 0.5375000000000002 0.8984375 0.5375000000000002
19 0.8734375 0.5195312500000002 0.82109375 0.5195312500000002 0.82109375 0.5390625000000002 0.8734375 0.5390625000000002
19 0.7671875 0.5269531250000001 0.72421875 0.526953125 0.72421875 0.5406250000000001 0.7671875 0.5406250000000001
19 0.7859375 0.5265625000000002 0.74375 0.5265625000000002 0.74375 0.5406250000000001 0.7859375 0.5406250000000001
19 0.75 0.5289062500000001 0.71015625 0.52890625 0.71015625 0.5421875 0.75 0.5421875000000002
19 0.80390625 0.5277343750000002 0.7640625 0.5277343750000002 0.7640625 0.5421875000000002 0.80390625 0.5421875000000002
19 0.8234375 0.5296875000000002 0.7828125 0.5296875000000002 0.7828125 0.5453125000000002 0.8234375 0.5453125000000002
19 0.8421875 0.5292968750000002 0.80546875 0.5292968750000002 0.80546875 0.5453125000000002 0.8421875 0.5453125000000002
19 0.809375 0.6109375000000001 0.7734375 0.6109375000000001 0.7734375 0.6312500000000002 0.809375 0.6312500000000002
19 0.7796875 0.6062500000000002 0.7578125 0.6062500000000002 0.7578125 0.6421875000000001 0.7796875 0.6421875000000001
19 0.8265625 0.6078125000000002 0.802734375 0.6078125000000002 0.802734375 0.6437500000000002 0.8265625 0.6437500000000002
19 0.7906250000000001 0.6750000000000002 0.767578125 0.6750000000000002 0.7675781250000001 0.7265625000000002 0.7906250000000001 0.7265625000000002
19 0.746875 0.6902343750000001 0.69765625 0.690234375 0.69765625 0.7156250000000001 0.746875 0.7156250000000002
19 0.7671875000000001 0.6785156250000002 0.7421875 0.6785156250000002 0.7421875000000001 0.7281250000000001 0.7671875000000001 0.7281250000000001
19 0.8296875 0.6906250000000002 0.783984375 0.6906250000000002 0.783984375 0.7140625000000002 0.8296875 0.7140625000000002
19 0.85 0.6828125000000002 0.825 0.6828125000000002 0.825 0.7281250000000001 0.85 0.7281250000000001
19 0.8875 0.6933593750000002 0.84453125 0.6933593750000002 0.84453125 0.7187500000000002 0.8875 0.7187500000000002
19 0.7937500000000002 0.825390625 0.7609375000000002 0.825390625 0.7609375000000002 0.8421875 0.7937500000000002 0.8421875
19 0.7671875000000001 0.8171875 0.7515625000000001 0.8171875 0.7515625000000001 0.85 0.7671875000000001 0.85
19 0.7859375000000002 0.8859375 0.7437500000000001 0.8859375 0.7437500000000001 0.903125 0.7859375000000002 0.903125
19 0.7937500000000002 0.875 0.7765625000000002 0.875 0.7765625000000002 0.915625 0.7937500000000002 0.915625
19 0.825 0.8890625 0.8125 0.8890625 0.8125 0.915625 0.825 0.915625
19 0.8078125 0.8890625 0.7957031250000002 0.8890625 0.7957031250000002 0.915625 0.8078125 0.915625
19 0.8640625 0.895703125 0.8375 0.895703125 0.8375 0.909375 0.8640625 0.909375
19 0.875 0.891015625 0.8609375 0.891015625 0.8609375 0.9140625 0.875 0.9140625
19 0.840625 0.890625 0.828515625 0.890625 0.828515625 0.9171875 0.840625 0.9171875