19 0.6921875000000002 0.8228298609375001 0.6210937484375002 0.8228298609375001 0.6210937484375002 0.9234375 0.6921875000000002 0.9234375
19 0.5468750000000002 0.84149305625 0.44539930625000024 0.84149305625 0.44539930625000024 0.909375 0.5468750000000002 0.909375
19 0.3859375000000001 0.83758680625 0.28524305625000007 0.83758680625 0.28524305625000007 0.9140625 0.3859375000000001 0.9140625
19 0.2921875000000001 0.825 0.2107638890625001 0.825 0.2107638890625001 0.928125 0.2921875000000001 0.928125
19 0.4671875000000002 0.8427083328125 0.36406250000000007 0.8427083328125 0.36406250000000007 0.9104166671874999 0.4671875000000002 0.9104166671874999
19 0.6328125000000002 0.8397569453125 0.5250000000000001 0.8397569453125 0.5250000000000001 0.9125 0.6328125000000002 0.9125
19 0.95 0.3410590281250001 0.8366319437499999 0.3410590281250001 0.8366319437499999 0.4343750000000002 0.95 0.4343750000000002
19 0.20937500000000003 0.35208333281250004 0.09913194531250005 0.35208333281250004 0.09913194531250005 0.440625 0.2093750000000001 0.440625
19 0.84375 0.3551215281250001 0.7470486109375 0.3551215281250001 0.7470486109375 0.4437500000000002 0.84375 0.4437500000000002
19 0.7421006953125 0.3548611125000001 0.644878471875 0.3548611125000001 0.644878471875 0.44218750000000007 0.7421006953125 0.4421875000000002
19 0.28906250000000006 0.3595486109375 0.21059027812500003 0.3595486109375 0.21059027812500006 0.4484375 0.2890625000000001 0.4484375
19 0.5828125 0.3656250000000001 0.49791666562500003 0.3656250000000001 0.49791666562500003 0.4478298625 0.5828125 0.4478298625
19 0.653125 0.3859375000000001 0.5820312484375 0.3859375000000001 0.5820312484375 0.44184027812500004 0.653125 0.44184027812500004
19 0.3828125000000001 0.37352430625000005 0.2983506937500001 0.37352430625 0.2983506937500001 0.4515625 0.3828125000000001 0.4515625
19 0.4828125 0.3734375000000001 0.3934895828125001 0.3734375000000001 0.3934895828125001 0.4546875 0.4828125 0.4546875
19 0.8109375 0.5235243062500002 0.7451388890625 0.5235243062500002 0.7451388890625 0.5703125000000002 0.8109375 0.5703125000000002
19 0.6875 0.5203125 0.641753471875 0.5203125 0.641753471875 0.584375 0.6875 0.584375
19 0.634375 0.5203125 0.5890625 0.5203125 0.5890625 0.5828125 0.634375 0.5828125
19 0.74375 0.5158854156250001 0.6972222218749999 0.515885415625 0.6972222218749999 0.5796875000000001 0.74375 0.5796875000000001
19 0.8546875 0.5658854156250002 0.8143229171874999 0.5658854156250002 0.8143229171874999 0.6075520828125002 0.8546875 0.6075520828125002
19 0.953125 0.5671875000000002 0.911371528125 0.5671875000000002 0.911371528125 0.6171875000000002 0.953125 0.6171875000000002
19 0.9046875 0.5677083328125001 0.86171875 0.5677083328125001 0.86171875 0.6119791671875002 0.9046875 0.6119791671875002
19 0.446875 0.5589409734374999 0.3710937515625001 0.5589409734374999 0.3710937515625001 0.671875 0.446875 0.671875
19 0.3680555562500001 0.5609375 0.2881944437500001 0.5609375 0.2881944437500001 0.675 0.3680555562500001 0.675
19 0.1859375000000001 0.5592881937499999 0.1138888890625001 0.5592881937499999 0.1138888890625001 0.6765625 0.1859375000000001 0.6765625
19 0.2968750000000001 0.5821180546875 0.18125000000000008 0.5821180546875 0.18125000000000008 0.659375 0.2968750000000001 0.659375
19 0.6015625 0.597309028125 0.5125 0.597309028125 0.5125 0.6578125 0.6015625 0.6578125
19 0.5328125 0.5942708328124999 0.438541665625 0.5942708328124999 0.438541665625 0.659375 0.5328125 0.659375
19 0.775 0.6126736125000001 0.7049479171875 0.6126736125 0.7049479171875 0.6656250000000001 0.775 0.6656250000000001
19 0.6546875 0.6140625 0.5878472218749999 0.6140625 0.5878472218749999 0.6609375 0.6546875 0.6609375
19 0.70625 0.604340278125 0.6515625 0.604340278125 0.6515625 0.671875 0.70625 0.671875
19 0.834375 0.6167534718750002 0.766059028125 0.6167534718750002 0.766059028125 0.6640625000000002 0.834375 0.6640625000000002
19 0.9765625 0.6278645828125001 0.932291665625 0.6278645828125001 0.932291665625 0.6765625000000002 0.9765625 0.6765625000000002
19 0.921875 0.6289930546875002 0.875607640625 0.6289930546875002 0.875607640625 0.6703125000000002 0.921875 0.6703125000000002
19 0.871875 0.6262152765625002 0.8296875 0.6262152765625002 0.8296875 0.6734375000000001 0.871875 0.6734375000000001