19 0.1937500000000001 0.6046875 0.1625000000000001 0.6046875 0.1625000000000001 0.65 0.1937500000000001 0.65
19 0.2671875000000001 0.6046875 0.23593750000000008 0.6046875 0.23593750000000008 0.6515625 0.2671875000000001 0.6515625
19 0.3031250000000001 0.6046875 0.2718750000000001 0.6046875 0.2718750000000001 0.6515625 0.3031250000000001 0.6515625
19 0.2328125000000001 0.6046875 0.19921875000000008 0.6046875 0.19921875000000008 0.6515625 0.2328125000000001 0.6515625
19 0.775 0.6078125000000002 0.74375 0.6078125000000002 0.74375 0.6507812500000002 0.775 0.6507812500000002
19 0.853125 0.6093750000000002 0.8203125 0.6093750000000002 0.8203125 0.6515625000000002 0.853125 0.6515625000000002
19 0.8140625 0.6093750000000002 0.7828125 0.6093750000000002 0.7828125 0.6515625000000002 0.8140625 0.6515625000000002
19 0.7390625 0.6093750000000001 0.70390625 0.609375 0.70390625 0.6515625 0.7390625 0.6515625000000002
19 0.4796875 0.69375 0.4484375 0.69375 0.4484375 0.7203125 0.4796875 0.7203125
19 0.2843750000000001 0.7015625 0.2570312500000001 0.7015625 0.2570312500000001 0.7171875 0.2843750000000001 0.7171875
19 0.31718750000000007 0.69375 0.28984375000000007 0.69375 0.28984375000000007 0.71875 0.31718750000000007 0.71875
19 0.3828125000000001 0.6953125 0.3531250000000001 0.6953125 0.3531250000000001 0.71796875 0.3828125000000001 0.71796875
19 0.4453125 0.69375 0.415625 0.69375 0.415625 0.72109375 0.4453125 0.72109375
19 0.4171875 0.6953125 0.3859375000000001 0.6953125 0.3859375000000001 0.7203125 0.4171875 0.7203125
19 0.3500000000000001 0.6953125 0.3203125000000001 0.6953125 0.3203125000000001 0.71953125 0.3500000000000001 0.71953125
19 0.7921875 0.6875000000000002 0.73359375 0.6875000000000002 0.73359375 0.7593750000000001 0.7921875000000002 0.7593750000000001
19 0.8546875 0.6921875000000002 0.79453125 0.6921875000000002 0.7945312500000001 0.7570312500000002 0.8546875 0.7570312500000002
19 0.3812500000000001 0.7265625 0.35234375000000007 0.7265625 0.35234375000000007 0.75078125 0.3812500000000001 0.75078125
19 0.47968750000000016 0.728125 0.4468750000000002 0.728125 0.4468750000000002 0.75078125 0.47968750000000016 0.75078125
19 0.31718750000000007 0.725 0.28593750000000007 0.725 0.28593750000000007 0.75 0.31718750000000007 0.75
19 0.4187500000000002 0.7265625 0.3851562500000001 0.7265625 0.3851562500000001 0.74921875 0.4187500000000002 0.74921875
19 0.2843750000000001 0.7234375 0.2515625000000001 0.7234375 0.2515625000000001 0.74765625 0.2843750000000001 0.74765625
19 0.44531250000000017 0.7265625 0.4187500000000002 0.7265625 0.4187500000000002 0.7515625 0.44531250000000017 0.7515625
19 0.3500000000000001 0.725 0.3187500000000001 0.725 0.3187500000000001 0.75 0.3500000000000001 0.75
19 0.8171875 0.846875 0.7562500000000002 0.846875 0.7562500000000002 0.90703125 0.8171875 0.90703125
19 0.8859375 0.8484375 0.8234375 0.8484375 0.8234375 0.90625 0.8859375 0.90625
19 0.6796875000000002 0.84375 0.6132812500000002 0.84375 0.6132812500000002 0.91015625 0.6796875000000002 0.91015625
19 0.7515625000000001 0.846875 0.6820312500000002 0.846875 0.6820312500000002 0.9109375 0.7515625000000001 0.9109375
19 0.6078125000000002 0.8515625 0.5437500000000002 0.8515625 0.5437500000000002 0.91171875 0.6078125000000002 0.91171875
19 0.8171875 0.3609375000000001 0.77265625 0.3609375000000001 0.77265625 0.44531250000000017 0.8171875 0.44531250000000017
19 0.86875 0.3609375000000001 0.82578125 0.3609375000000001 0.82578125 0.4437500000000002 0.86875 0.4437500000000002
19 0.2093750000000001 0.371875 0.16015625000000006 0.371875 0.16015625000000006 0.4390625 0.2093750000000001 0.4390625
19 0.2593750000000001 0.371875 0.2140625000000001 0.371875 0.2140625000000001 0.4390625 0.2593750000000001 0.4390625
19 0.7296875 0.3734375000000001 0.696875 0.3734375000000001 0.696875 0.4429687500000001 0.7296875 0.4429687500000002
19 0.76875 0.3750000000000001 0.73359375 0.3750000000000001 0.73359375 0.4437500000000002 0.76875 0.4437500000000002
19 0.678125 0.50625 0.6296875 0.50625 0.6296875 0.5640625 0.678125 0.5640625
19 0.725 0.50625 0.68046875 0.50625 0.68046875 0.56484375 0.725 0.56484375
19 0.81875 0.5062500000000002 0.77578125 0.5062500000000002 0.77578125 0.5671875000000002 0.81875 0.5671875000000002
19 0.7703125 0.5062500000000002 0.728125 0.5062500000000002 0.728125 0.5671875000000002 0.7703125 0.5671875000000002
19 0.865625 0.5062500000000002 0.825 0.5062500000000002 0.825 0.5671875000000002 0.865625 0.5671875000000002
19 0.546875 0.515625 0.51171875 0.515625 0.51171875 0.5609375 0.546875 0.5609375
19 0.628125 0.5171875 0.59453125 0.5171875 0.59453125 0.5625 0.628125 0.5625
19 0.5890625 0.5140625 0.553125 0.5140625 0.553125 0.5625 0.5890625 0.5625