19 0.2515109328125 0.07599267656250001 0.1714779296875 0.07599267656250001 0.1714779296875 0.13906250000000003 0.2515109328125 0.13906250000000003
19 0.315625 0.07780270156250003 0.25297803281250003 0.07780270156250002 0.25297803281250003 0.14687500000000003 0.315625 0.14687500000000003
19 0.590625 0.07909447031250007 0.5314717421874999 0.07909447031250007 0.5314717421874999 0.15000000000000008 0.590625 0.15000000000000008
19 0.6515625 0.08624690625000007 0.595753403125 0.08624690625000006 0.595753403125 0.1468750000000001 0.6515625 0.1468750000000001
19 0.365625 0.08437500000000005 0.32184148125 0.08437500000000005 0.32184148125 0.15156250000000004 0.365625 0.15156250000000004
19 0.421875 0.09687500000000004 0.35892894062499997 0.09687500000000004 0.35892894062499997 0.13906250000000003 0.421875 0.13906250000000003
19 0.772996596875 0.08937190625000009 0.716065903125 0.08937190625000009 0.716065903125 0.15000000000000008 0.772996596875 0.15000000000000008
19 0.83125 0.0944229578125001 0.773339521875 0.09442295781250008 0.773339521875 0.14843750000000008 0.83125 0.14843750000000008
19 0.71086530625 0.09414707187500009 0.6547596953125 0.09414707187500009 0.6547596953125 0.1515625000000001 0.71086530625 0.1515625000000001
19 0.2640625 0.20736644062499998 0.19685437343750006 0.20736644062499998 0.19685437343750006 0.2359375 0.2640625 0.2359375
19 0.2765625 0.18819100781250003 0.2447942453125 0.18819100781250003 0.2447942453125 0.2558477734375 0.2765625 0.2558477734375
19 0.18433890156250005 0.18759024375000002 0.15628609687500003 0.18759024375 0.15628609687500003 0.25772225625 0.18433890156250005 0.25772225625
19 0.3515625 0.20856538750000003 0.28940026875 0.20856538750000003 0.28940026875 0.2390625 0.3515625 0.2390625
19 0.66875 0.19547493750000008 0.5971508875 0.19547493750000008 0.5971508875 0.2531250000000001 0.66875 0.2531250000000001
19 0.6011654296875 0.18791512031250007 0.542584571875 0.18791512031250004 0.542584571875 0.2605223796875001 0.6011654296875 0.2605223796875001
19 0.215588903125 0.18915274218750006 0.18753609687500003 0.18915274218750006 0.18753609687500003 0.25928475624999997 0.215588903125 0.25928475624999997
19 0.30625 0.19129795781250006 0.277488140625 0.19129795781250006 0.277488140625 0.2578125 0.30625 0.2578125
19 0.38125 0.19459828750000002 0.337363346875 0.19459828750000002 0.337363346875 0.25468750000000007 0.38125 0.25468750000000007
19 0.4375 0.20360457968750006 0.3770291875 0.20360457968750006 0.3770291875 0.2500000000000001 0.4375 0.2500000000000001
19 0.7703125 0.2026273718750001 0.7113191 0.2026273718750001 0.7113191 0.2562500000000001 0.7703125 0.2562500000000001
19 0.7109375 0.19935540468750007 0.6632038984374999 0.19935540468750007 0.6632038984374999 0.2578125000000001 0.7109375 0.2578125000000001
19 0.828125 0.20185901406250012 0.76948741875 0.20185901406250012 0.76948741875 0.2562500000000001 0.828125 0.2562500000000001
19 0.8875 0.2015625000000001 0.8337381390624999 0.2015625000000001 0.8337381390624999 0.2593750000000001 0.8875 0.2593750000000001
19 0.4671875 0.21250000000000008 0.4328125 0.21250000000000008 0.4328125 0.2593750000000001 0.4671875 0.2593750000000001
19 0.540625 0.2175072187500001 0.4987984734375 0.2175072187500001 0.4987984734375 0.25463593125000006 0.540625 0.25463593125000006
19 0.508995978125 0.2203769593750001 0.464441521875 0.2203769593750001 0.464441521875 0.2531250000000001 0.508995978125 0.2531250000000001
19 0.8359375 0.2943481843750001 0.7882296828124999 0.2943481843750001 0.7882296828124999 0.3468750000000001 0.8359375 0.3468750000000001
19 0.7117703171875001 0.3073819093750001 0.6859375 0.3073819093750001 0.6859375 0.3359375000000001 0.7117703171875001 0.3359375000000001
19 0.653088903125 0.31023617968750006 0.625036096875 0.31023617968750006 0.625036096875 0.3343750000000001 0.653088903125 0.3343750000000001
19 0.6811700703125 0.31023617968750006 0.6547674296875 0.31023617968750006 0.6547674296875 0.3343750000000001 0.6811700703125 0.3343750000000001
19 0.2078125 0.3087613453125 0.15205755000000004 0.3087613453125 0.15205755000000004 0.3453125 0.2078125 0.3453125
19 0.246875 0.30889026406250003 0.18951113750000004 0.30889026406250003 0.18951113750000004 0.3453125 0.246875 0.3453125
19 0.3890625 0.31051980156250003 0.3354604984375 0.31051980156250003 0.3354604984375 0.353125 0.3890625 0.3531250000000001
19 0.4359375 0.31040893125000013 0.3812964109375 0.31040893125000013 0.3812964109375 0.3546875000000001 0.4359375 0.3546875000000001
19 0.475 0.3054326531250001 0.432276196875 0.3054326531250001 0.432276196875 0.3623633468750001 0.475 0.3623633468750001
19 0.5203125 0.30512840312500006 0.475 0.30512840312500006 0.475 0.3620590968750001 0.5203125 0.3620590968750001
19 0.26875 0.3172416453125 0.2359375 0.3172416453125 0.2359375 0.3578125 0.26875 0.3578125
19 0.334375 0.3188041453125 0.3 0.3188041453125 0.3 0.359375 0.334375 0.359375
19 0.303125 0.318847978125 0.2703125 0.318847978125 0.2703125 0.3578125 0.303125 0.3578125
19 0.775 0.3156250000000001 0.728125 0.3156250000000001 0.728125 0.3656250000000001 0.775 0.3656250000000001
19 0.5609375 0.3229115109375001 0.5216429453125 0.3229115109375001 0.5216429453125 0.3593750000000001 0.5609375 0.3593750000000001
19 0.6265625 0.3203125000000001 0.59375 0.3203125000000001 0.59375 0.3625000000000001 0.6265625 0.3625000000000001
19 0.8921875 0.31829104843750006 0.8382142124999999 0.31829104843750006 0.8382142124999999 0.36406250000000007 0.8921875 0.36406250000000007
19 0.59375 0.3220477515625001 0.5595761140625 0.3220477515625001 0.5595761140625 0.36406250000000007 0.59375 0.36406250000000007
19 0.6578125 0.3350814765625001 0.63345451875 0.3350814765625001 0.63345451875 0.3625000000000001 0.6578125 0.3625000000000001
19 0.6875 0.3377887796875001 0.6634436890625001 0.3377887796875001 0.6634436890625001 0.36406250000000007 0.6875 0.36406250000000007
19 0.7203125 0.3387737203125001 0.6933735546875 0.3387737203125001 0.6933735546875 0.3625000000000001 0.7203125 0.3625000000000001