19 0.9516666671875 0.3566666671875001 0.9199999999999999 0.3566666671875001 0.9199999999999999 0.3858333328125001 0.9516666671875 0.3858333328125001
19 0.9116666671875 0.3583333328125001 0.8766666671875001 0.3583333328125001 0.8766666671875001 0.3891666671875001 0.9116666671875 0.3891666671875001
19 0.8708333328125001 0.3583333328125001 0.8416666671874999 0.3583333328125001 0.8416666671874999 0.38750000000000007 0.8708333328125001 0.38750000000000007
19 0.8483333328124999 0.3733333328125001 0.805 0.3733333328125001 0.805 0.43000000000000016 0.8483333328124999 0.43000000000000016
19 0.7925 0.3750000000000001 0.7516666671875 0.3750000000000001 0.7516666671875 0.4291666671875002 0.7925 0.4291666671875002
19 0.9866666671875001 0.39000000000000007 0.9483333328124999 0.39000000000000007 0.9483333328124999 0.4275000000000002 0.9866666671875001 0.4275000000000002
19 0.9375 0.3916666671875001 0.9 0.3916666671875001 0.9 0.4275000000000002 0.9375 0.4275000000000002
19 0.8908333328125 0.3916666671875001 0.8550000000000001 0.3916666671875001 0.8550000000000001 0.4275000000000002 0.8908333328125 0.4275000000000002
19 0.9425000000000001 0.4733333328125002 0.8883333328124999 0.4733333328125002 0.8883333328124999 0.5216666671875002 0.9425000000000001 0.5216666671875002
19 1 0.4750000000000002 0.9516666671875 0.4750000000000002 0.9516666671875 0.5208333328125001 1 0.5208333328125001
19 0.8741666671875 0.4733333328125002 0.8166666671874999 0.4733333328125002 0.8166666671874999 0.5208333328125001 0.8741666671875 0.5208333328125001
19 0.8116666671875 0.4750000000000002 0.755 0.4750000000000002 0.755 0.5225000000000002 0.8116666671875 0.5225000000000002
19 0.7458333328125 0.47666666718750006 0.6933333328125 0.4766666671875 0.6933333328125 0.5225000000000001 0.7458333328125 0.5225000000000002
19 0.6791666671875001 0.4766666671875 0.6266666671875 0.4766666671875 0.6266666671875 0.5225 0.6791666671875001 0.5225
19 0.6191666671875 0.4766666671875 0.5666666671875 0.4766666671875 0.5666666671875 0.5225 0.6191666671875 0.5225
19 0.49083333281249997 0.4766666671875 0.43166666718749996 0.4766666671875 0.43166666718749996 0.5241666671874999 0.49083333281249997 0.5241666671874999
19 0.5508333328125 0.4766666671875 0.49833333281250003 0.4766666671875 0.49833333281250003 0.5225 0.5508333328125 0.5225
19 0.6316666671875 0.5483333328125 0.5549999999999999 0.5483333328125 0.5549999999999999 0.605 0.6316666671875 0.605
19 0.7891666671875 0.55 0.7133333328125 0.55 0.7133333328125 0.6025000000000001 0.7891666671875 0.6025000000000003
19 0.7116666671874999 0.5549999999999999 0.6333333328124999 0.5549999999999999 0.6333333328124999 0.6066666671875 0.7116666671874999 0.6066666671875
19 0.8625 0.5633333328125002 0.7933333328125001 0.5633333328125002 0.7933333328125001 0.6033333328125001 0.8625 0.6033333328125001
19 0.9933333328125 0.5650000000000002 0.9316666671875 0.5650000000000002 0.9316666671875 0.6025000000000003 0.9933333328125 0.6025000000000003
19 0.9275 0.5633333328125002 0.8633333328124999 0.5633333328125002 0.8633333328124999 0.6033333328125001 0.9275 0.6033333328125001
19 0.9758333328125 0.6283333328125001 0.905 0.6283333328125001 0.905 0.6808333328125002 0.9758333328125 0.6808333328125002
19 0.8283333328125 0.6233333328125001 0.755 0.6233333328125001 0.755 0.6808333328125002 0.8283333328125 0.6808333328125002
19 0.8991666671875 0.6250000000000002 0.8300000000000001 0.6250000000000002 0.8300000000000001 0.6800000000000002 0.8991666671875 0.6800000000000002
19 0.6733333328125 0.625 0.6016666671875 0.625 0.6016666671875 0.6816666671875 0.6733333328125 0.6816666671875
19 0.7525000000000001 0.6250000000000001 0.6766666671875 0.625 0.6766666671875 0.6816666671875 0.7525000000000001 0.6816666671875001