19 0.6484375 0.2656250000000001 0.577734375 0.2656250000000001 0.577734375 0.3554687500000001 0.6484375 0.3554687500000001
19 0.859375 0.2753906250000001 0.7625 0.2753906250000001 0.7625 0.3453125000000001 0.859375 0.3453125000000001
19 0.759375 0.27812500000000007 0.665625 0.27812500000000007 0.665625 0.3468750000000001 0.759375 0.3468750000000001
19 0.940625 0.26640625000000007 0.87265625 0.26640625000000007 0.87265625 0.3578125000000001 0.940625 0.3578125000000001
19 0.9609375 0.3785156250000001 0.890234375 0.3785156250000001 0.890234375 0.4125000000000002 0.9609375 0.4125000000000002
19 0.8828125 0.3769531250000001 0.812890625 0.3769531250000001 0.812890625 0.41406250000000017 0.8828125 0.41406250000000017
19 0.809375 0.3781250000000001 0.7328125 0.3781250000000001 0.7328125 0.4156250000000002 0.809375 0.4156250000000002
19 0.634375 0.3656250000000001 0.5984375 0.3656250000000001 0.5984375 0.4296875 0.634375 0.4296875
19 0.7296875 0.3812500000000001 0.65625 0.3812500000000001 0.65625 0.4156250000000001 0.7296875 0.4156250000000002
19 0.446875 0.37968750000000007 0.426171875 0.37968750000000007 0.426171875 0.41875 0.446875 0.41875
19 0.4015625 0.3804687500000001 0.3808593750000001 0.3804687500000001 0.3808593750000001 0.4203125 0.4015625 0.4203125
19 0.5625 0.3703125000000001 0.526953125 0.3703125000000001 0.526953125 0.428125 0.5625 0.428125
19 0.3671875000000001 0.38906250000000003 0.32500000000000007 0.3890625 0.32500000000000007 0.4109375 0.3671875000000001 0.4109375
19 0.4953125 0.3804687500000001 0.474609375 0.3804687500000001 0.474609375 0.4203125 0.4953125 0.4203125
19 0.4109375 0.4109375 0.3625000000000001 0.4109375 0.3625000000000001 0.4375 0.4109375 0.4375
19 0.3500000000000001 0.402734375 0.3234375000000001 0.402734375 0.3234375000000001 0.4453125 0.3500000000000001 0.4453125
19 0.446875 0.3988281250000001 0.419921875 0.3988281250000001 0.419921875 0.453125 0.446875 0.453125
19 0.49375 0.40625 0.473046875 0.40625 0.473046875 0.4453125 0.49375 0.4453125
19 0.5640625 0.40703125 0.519921875 0.40703125 0.519921875 0.471875 0.5640625 0.471875
19 0.9484375 0.4031250000000002 0.9 0.4031250000000002 0.9 0.47656250000000017 0.9484375 0.47656250000000017
19 0.8796875 0.41718750000000016 0.8125 0.41718750000000016 0.8125 0.4656250000000002 0.8796875 0.4656250000000002
19 0.65 0.41875 0.5828125 0.41875 0.5828125 0.4640625 0.65 0.4640625
19 0.8109375 0.4187500000000002 0.7375 0.4187500000000002 0.7375 0.4656250000000002 0.8109375 0.4656250000000002
19 0.7171875 0.40625 0.671875 0.40625 0.671875 0.4796875 0.7171875 0.4796875
19 0.18750000000000006 0.41640625 0.14765625000000004 0.41640625 0.14765625000000004 0.4734375 0.18750000000000006 0.4734375
19 0.2468750000000001 0.416015625 0.20468750000000008 0.416015625 0.20468750000000008 0.4734375 0.2468750000000001 0.4734375
19 0.3046875000000001 0.4203125 0.26250000000000007 0.4203125 0.26250000000000007 0.471875 0.3046875000000001 0.471875
19 0.13750000000000004 0.4265625 0.08281250000000004 0.4265625 0.08281250000000005 0.4671875 0.13750000000000004 0.4671875
19 0.409375 0.440625 0.3671875000000001 0.440625 0.3671875000000001 0.465625 0.409375 0.465625
19 0.4515625 0.431640625 0.42734375 0.431640625 0.42734375 0.4734375 0.4515625 0.4734375
19 0.3500000000000001 0.43203125 0.3261718750000001 0.43203125 0.3261718750000001 0.4734375 0.3500000000000001 0.4734375
19 0.496875 0.434765625 0.473828125 0.434765625 0.473828125 0.473046875 0.496875 0.473046875