19 0.16859375000000013 0.8859375 0.11109375000000007 0.8859375 0.1110937500000001 0.9359375 0.16859375000000015 0.9359375
19 0.3828125000000001 0.8921875 0.31973958437500005 0.8921875 0.31973958437500005 0.9359375 0.3828125000000001 0.9359375
19 0.3046875000000001 0.8846875000000001 0.2609375000000001 0.8846875000000001 0.2609375000000001 0.94375 0.3046875000000001 0.94375
19 0.2453125000000001 0.8930208328125 0.1821354171875001 0.8930208328125 0.1821354171875001 0.9328125 0.2453125000000001 0.9328125
19 0.303125 0.2099479171875 0.2421875 0.2099479171875 0.2421875 0.3291145828125 0.303125 0.3291145828125
19 0.35890625 0.2297395828125 0.31140625 0.2297395828125 0.31140625 0.3280729171875 0.35890625 0.3280729171875
19 0.4578125 0.25656250156250004 0.41286458281250005 0.25656250156250004 0.41286458281250005 0.3265625000000001 0.4578125 0.3265625000000001
19 0.421875 0.2740624984375001 0.355 0.2740624984375 0.355 0.3140625 0.421875 0.3140625000000001
19 0.7546875 0.4468750000000001 0.6926041656249999 0.446875 0.6926041656249999 0.49213541562500007 0.7546875 0.4921354156250001
19 0.31718750000000007 0.4421875 0.2703645828125001 0.4421875 0.2703645828125001 0.503125 0.31718750000000007 0.503125
19 0.2218750000000001 0.45296875 0.16260416718750004 0.45296875 0.16260416718750004 0.5 0.2218750000000001 0.5
19 0.16562500000000005 0.446875 0.11880208281250004 0.446875 0.11880208281250004 0.50625 0.16562500000000005 0.50625
19 0.26250000000000007 0.4453125 0.2181770828125001 0.4453125 0.2181770828125001 0.5046875 0.26250000000000007 0.5046875
19 0.11718750000000004 0.46791666562499995 0.07187500000000006 0.46791666562499995 0.07187500000000006 0.5046875 0.11718750000000004 0.5046875
19 0.409375 0.580729165625 0.3242187500000001 0.580729165625 0.3242187500000001 0.6546875 0.409375 0.6546875
19 0.31718750000000007 0.578125 0.2421354171875001 0.578125 0.2421354171875001 0.6609375 0.31718750000000007 0.6609375
19 0.24375000000000008 0.6141145828125001 0.19005208281250008 0.6141145828125001 0.19005208281250008 0.6591145828125 0.24375000000000008 0.6591145828125
19 0.1390625000000001 0.6116666671875 0.09494791562500007 0.6116666671875 0.09494791562500007 0.6633333328125001 0.1390625000000001 0.6633333328125001
19 0.1921875000000001 0.6143229156250001 0.13953125000000008 0.6143229156250001 0.13953125000000008 0.659375 0.1921875000000001 0.659375
19 0.2953125000000001 0.7365104171875 0.2420312500000001 0.7365104171875 0.2420312500000001 0.8056770828125 0.2953125000000001 0.8056770828125
19 0.2375000000000001 0.746875 0.1769791671875001 0.746875 0.1769791671875001 0.80625 0.2375000000000001 0.80625
19 0.17187500000000008 0.749895834375 0.11062500000000008 0.749895834375 0.11062500000000008 0.8078125 0.17187500000000008 0.8078125