19 0.257352940625 0.26797385625 0.17320261406250004 0.26797385625 0.17320261406250004 0.35620915000000003 0.257352940625 0.35620915000000003
19 0.5931372546875 0.2745098046875001 0.51797385625 0.2745098046875001 0.51797385625 0.3651960781250001 0.5931372546875 0.3651960781250001
19 0.3602941171875 0.2892156859375 0.3071895421875 0.2892156859375 0.3071895421875 0.35702614375 0.3602941171875 0.35702614375
19 0.6372549015625 0.2990196078125001 0.5931372546875 0.2990196078125001 0.5931372546875 0.3660130718750001 0.6372549015625 0.3660130718750001
19 0.831699346875 0.2941176468750001 0.7614379078125 0.2941176468750001 0.7614379078125 0.3733660125000001 0.831699346875 0.3733660125000001
19 0.3071895421875 0.3169934640625 0.2647058828125 0.3169934640625 0.2647058828125 0.35620915000000003 0.3071895421875 0.35620915000000003
19 0.6911764703125 0.3022875812500001 0.6421568625 0.3022875812500001 0.6421568625 0.37009803906250005 0.6911764703125 0.37009803906250005
19 0.903594771875 0.2973856203125001 0.83823529375 0.2973856203125001 0.83823529375 0.3750000000000001 0.903594771875 0.3750000000000001
19 0.2933006531250001 0.40196078437500005 0.22385620937500011 0.40196078437500005 0.22385620937500011 0.5065359484374999 0.2933006531250001 0.5065359484374999
19 0.3643790843750001 0.4052287578125 0.2941176468750001 0.4052287578125 0.2941176468750001 0.5057189546874999 0.3643790843750001 0.5057189546874999
19 0.43382352968750004 0.40359477187500004 0.3725490203125001 0.40359477187500004 0.3725490203125001 0.5057189546874999 0.43382352968750004 0.5057189546874999
19 0.5073529406249999 0.4068627453125 0.437908496875 0.4068627453125 0.437908496875 0.508986928125 0.5073529406249999 0.508986928125
19 0.15604575156250006 0.419934640625 0.09477124218750005 0.419934640625 0.09477124218750006 0.5032679734375 0.15604575156250006 0.5032679734375
19 0.22058823593750007 0.421568628125 0.15686274531250005 0.421568628125 0.15686274531250005 0.5049019609375 0.22058823593750007 0.5049019609375
19 0.7475490203125 0.4133986921875 0.69607843125 0.41339869218749997 0.69607843125 0.5138888890625001 0.7475490203125 0.5138888890625002
19 0.64133986875 0.42973856250000003 0.6013071890624999 0.42973856250000003 0.6013071890624999 0.5130718953125 0.64133986875 0.5130718953125
19 0.686274509375 0.428104575 0.6470588234375 0.428104575 0.6470588234375 0.5138888890625 0.686274509375 0.5138888890625
19 0.5473856203125 0.44934640468750003 0.51633986875 0.44934640468750003 0.51633986875 0.508169934375 0.5473856203125 0.508169934375
19 0.590686275 0.44934640468750003 0.5555555562500001 0.44934640468750003 0.5555555562500001 0.5073529406249999 0.590686275 0.5073529406249999