19 0.13203125000000002 0.02343750000000001 0.0578125 0.023437500000000007 0.05781250000000001 0.23125 0.13203125000000004 0.23125
19 0.5296875 0.032812500000000064 0.45 0.03281250000000006 0.45 0.2289062500000001 0.5296875 0.2289062500000001
19 0.22109375 0.028125000000000018 0.134375 0.02812500000000001 0.13437500000000002 0.23515625 0.22109375 0.23515625
19 0.44296875 0.04062500000000005 0.3609375 0.04062500000000004 0.3609375 0.23281250000000003 0.44296875 0.2328125000000001
19 0.3625 0.08906250000000004 0.2984375 0.08906250000000004 0.2984375 0.23203125 0.3625 0.23203125
19 0.29296875 0.08906250000000003 0.2265625 0.08906250000000002 0.2265625 0.234375 0.29296875 0.234375
19 0.59140625 0.09218750000000006 0.53125 0.09218750000000006 0.53125 0.2328125000000001 0.59140625 0.2328125000000001
19 0.6515625 0.1515625000000001 0.603125 0.1515625000000001 0.603125 0.2257812500000001 0.6515625 0.2257812500000001
19 0.7125 0.15000000000000008 0.6640625 0.15000000000000008 0.6640625 0.23203125000000008 0.7125 0.23203125000000008
19 0.47109375 0.3750000000000001 0.3703125000000001 0.3750000000000001 0.3703125000000001 0.5265625 0.47109375 0.5265625
19 0.58046875 0.3843750000000001 0.4828125 0.3843750000000001 0.4828125 0.52890625 0.58046875 0.52890625
19 0.678125 0.3828125000000001 0.5890625 0.3828125000000001 0.5890625 0.534375 0.678125 0.534375
19 0.36406250000000007 0.38906250000000003 0.27031250000000007 0.3890625 0.27031250000000007 0.53203125 0.36406250000000007 0.53203125
19 0.2765625000000001 0.6453125 0.1671875000000001 0.6453125 0.1671875000000001 0.83671875 0.2765625000000001 0.83671875
19 0.3867187500000001 0.671875 0.2953125000000001 0.671875 0.2953125000000001 0.83203125 0.3867187500000001 0.83203125