19 0.8890625 0.24230276718750007 0.8309426234374999 0.24230276718750007 0.8309426234374999 0.2812500000000001 0.8890625 0.2812500000000001
19 0.93125 0.2410604515625001 0.8723360671875 0.2410604515625001 0.8723360671875 0.2828125000000001 0.93125 0.2828125000000001
19 0.31875000000000003 0.33597592187499997 0.2723232578125 0.33597592187499997 0.27232325781250005 0.43433657812500004 0.3187500000000001 0.43433657812500004
19 0.4 0.35749231562500006 0.3045338125 0.357492315625 0.3045338125 0.4078125 0.4 0.4078125
19 0.27031250000000007 0.3723872953125 0.20312500000000008 0.3723872953125 0.20312500000000008 0.4328125 0.27031250000000007 0.4328125
19 0.19531250000000006 0.371875 0.13221055312500005 0.371875 0.13221055312500005 0.4328125 0.19531250000000006 0.4328125
19 0.12187500000000004 0.3733094265625 0.058414446875000046 0.3733094265625 0.058414446875000046 0.434375 0.12187500000000004 0.434375
19 0.8109375 0.4673155734375002 0.7256275609375 0.4673155734375002 0.7256275609375 0.5406250000000001 0.8109375 0.5406250000000001
19 0.7328125 0.4687500000000001 0.6439933390625 0.46875 0.6439933390625 0.5406250000000001 0.7328125 0.5406250000000001
19 0.6546875 0.46798155625 0.564241803125 0.46798155625 0.564241803125 0.5421875 0.6546875 0.5421875
19 0.8890625 0.4722464140625002 0.8142930328125001 0.4722464140625002 0.8142930328125001 0.5468750000000002 0.8890625 0.5468750000000002
19 0.36406250000000007 0.4846439546875 0.31216700625000005 0.4846439546875 0.31216700625000005 0.5546875 0.36406250000000007 0.5546875
19 0.3031250000000001 0.48501536874999995 0.25727458906250006 0.48501536874999995 0.25727458906250006 0.553125 0.3031250000000001 0.553125
19 0.2609375000000001 0.498655225 0.19127817656250004 0.498655225 0.19127817656250007 0.5453125 0.2609375000000001 0.5453125
19 0.19375000000000006 0.4850922125 0.14149590156250005 0.4850922125 0.14149590156250008 0.55625 0.1937500000000001 0.55625
19 0.5578125 0.5053022546875 0.5060706953125 0.5053022546875 0.5060706953125 0.54792520625 0.5578125 0.54792520625
19 0.503125 0.5015625 0.46987705 0.5015625 0.46987705 0.553125 0.503125 0.553125
19 0.41875 0.506493340625 0.3668801234375001 0.506493340625 0.3668801234375001 0.5453125 0.41875 0.5453125
19 0.4609375 0.5014216171875 0.42260502187500004 0.5014216171875 0.42260502187500004 0.5546875 0.4609375 0.5546875
19 0.2796875000000001 0.7481557390625 0.24651639218750007 0.7481557390625 0.24651639218750007 0.778125 0.2796875000000001 0.778125
19 0.2390625000000001 0.7481557390625 0.21093750000000008 0.7481557390625 0.21093750000000008 0.778125 0.2390625000000001 0.778125
19 0.20468750000000008 0.7578125 0.14752817656250009 0.7578125 0.14752817656250009 0.8078125 0.20468750000000008 0.8078125
19 0.27812500000000007 0.7817494875000001 0.2500000000000001 0.7817494875000001 0.2500000000000001 0.8104380125 0.27812500000000007 0.8104380125
19 0.24375000000000008 0.7817494875000001 0.2093750000000001 0.7817494875000001 0.2093750000000001 0.8104380125 0.24375000000000008 0.8104380125