19 0.7686586859375 0.19214691562500008 0.711028815625 0.19214691562500008 0.711028815625 0.2968750000000001 0.7686586859375 0.2968750000000001
19 0.834375 0.1984375000000001 0.7819399359375 0.1984375000000001 0.7819399359375 0.30156250000000007 0.834375 0.30156250000000007
19 0.9294744312500001 0.2251521921875001 0.825 0.2251521921875001 0.825 0.27812500000000007 0.9294744312500001 0.27812500000000007
19 0.96875 0.20467735312500007 0.9140625 0.20467735312500007 0.9140625 0.3078125000000001 0.96875 0.3078125000000001
19 0.11875000000000005 0.311333196875 0.0031250000000000375 0.311333196875 0.0031250000000000444 0.41522930156250004 0.11875000000000005 0.41522930156250004
19 0.23552151093750004 0.3146205359375 0.13437500000000005 0.3146205359375 0.13437500000000005 0.41875 0.2355215109375001 0.41875
19 0.35937500000000006 0.310653409375 0.253754059375 0.310653409375 0.25375405937500006 0.421875 0.3593750000000001 0.421875
19 0.4859375 0.3142857156250001 0.3797179390625 0.3142857156250001 0.37971793906250007 0.4203125 0.4859375 0.4203125
19 0.5859375 0.3341010546875001 0.49636769531249997 0.3341010546875001 0.49636769531249997 0.41875 0.5859375 0.41875
19 0.6828125 0.3391741062500001 0.602435065625 0.3391741062500001 0.602435065625 0.4234375 0.6828125 0.4234375
19 0.771875 0.3425223203125001 0.687084009375 0.3425223203125001 0.687084009375 0.42656250000000007 0.771875 0.4265625000000002
19 0.8453125 0.3637885546875001 0.7715909078125 0.3637885546875001 0.7715909078125 0.4109375000000002 0.8453125 0.4109375000000002
19 0.9012378249999999 0.36483360312500007 0.8265625 0.36483360312500007 0.8265625 0.41406250000000017 0.9012378249999999 0.41406250000000017
19 0.9453125 0.35563108750000005 0.8983055999999999 0.35563108750000005 0.8983055999999999 0.4281250000000002 0.9453125 0.4281250000000002
19 0.14653003281250007 0.4569399359375 0.021875000000000054 0.4569399359375 0.02187500000000006 0.5625 0.1465300328125001 0.5625
19 0.709375 0.481047078125 0.6696834421875 0.481047078125 0.6696834421875 0.5359375 0.709375 0.5359375
19 0.2578125000000001 0.4622666390625 0.13519683593750004 0.4622666390625 0.13519683593750007 0.559375 0.2578125000000001 0.559375
19 0.8359375 0.4931818187500002 0.7852780046875 0.4931818187500002 0.7852780046875 0.5296875000000002 0.8359375 0.5296875000000002
19 0.7775060875 0.49380072968750016 0.7271814109375 0.49380072968750016 0.7271814109375 0.5312500000000002 0.7775060875 0.5312500000000002
19 0.3593750000000001 0.46875 0.2375000000000001 0.46875 0.2375000000000001 0.5561485390625001 0.3593750000000001 0.5561485390625001
19 0.4453125 0.4828125 0.3480823875000001 0.4828125 0.3480823875000001 0.5650060875 0.4453125 0.5650060875
19 0.534375 0.4851258109375 0.4360389609375 0.4851258109375 0.4360389609375 0.565625 0.534375 0.565625
19 0.5875 0.5048295453125 0.5340604703125 0.5048295453125 0.5340604703125 0.575 0.5875 0.575
19 0.9375 0.49434861875000013 0.871682225 0.49434861875000013 0.871682225 0.5859375000000002 0.9375 0.5859375000000002
19 0.653125 0.506858765625 0.5978084406249999 0.506858765625 0.5978084406249999 0.575 0.653125 0.575
19 0.70625 0.5296875 0.6678875828125 0.5296875 0.6678875828125 0.580793425 0.70625 0.580793425
19 0.76875 0.5312500000000002 0.7299817375 0.5312500000000002 0.7299817375 0.5796875000000001 0.76875 0.5796875000000001
19 0.825 0.5301948046875002 0.78598823125 0.5301948046875002 0.78598823125 0.5796875000000001 0.825 0.5796875000000001