19 0.2125 0.216015625 0.17187500000000006 0.216015625 0.17187500000000006 0.2796875 0.2125 0.2796875
19 0.25 0.2171875 0.2171875 0.2171875 0.2171875 0.284375 0.25 0.284375
19 0.2984375 0.2171875 0.261328125 0.2171875 0.261328125 0.284375 0.2984375 0.284375
19 0.340625 0.21875 0.3078125 0.21875 0.3078125 0.284375 0.340625 0.284375
19 0.4265625 0.2671875 0.322265625 0.2671875 0.322265625 0.33125000000000004 0.4265625 0.3312500000000001
19 0.17968750000000006 0.27734375 0.09257812500000004 0.27734375 0.09257812500000004 0.328125 0.17968750000000006 0.328125
19 0.4875 0.2828125000000001 0.404296875 0.2828125000000001 0.404296875 0.34062500000000007 0.4875 0.34062500000000007
19 0.5484375 0.2847656250000001 0.4671875 0.2847656250000001 0.4671875 0.34062500000000007 0.5484375 0.34062500000000007
19 0.2015625 0.283203125 0.15976562500000005 0.283203125 0.15976562500000005 0.3484375 0.2015625 0.3484375
19 0.3515625 0.29609375 0.28828125 0.29609375 0.28828125 0.3359375 0.3515625 0.3359375
19 0.2625 0.298046875 0.19609375000000004 0.298046875 0.19609375000000004 0.3328125 0.2625 0.3328125
19 0.3078125 0.298828125 0.2421875 0.298828125 0.2421875 0.3359375 0.3078125 0.3359375
19 0.5953125 0.3031250000000001 0.534375 0.3031250000000001 0.534375 0.3453125000000001 0.5953125 0.3453125000000001
19 0.6328125 0.29570312500000007 0.593359375 0.29570312500000007 0.593359375 0.3531250000000001 0.6328125 0.3531250000000001
19 0.7421875 0.3039062500000001 0.681640625 0.3039062500000001 0.681640625 0.3468750000000001 0.7421875 0.3468750000000001
19 0.684375 0.2953125000000001 0.6390625 0.2953125000000001 0.6390625 0.35625000000000007 0.684375 0.35625000000000007
19 0.7765625 0.38750000000000007 0.742578125 0.38750000000000007 0.742578125 0.42968750000000017 0.7765625 0.42968750000000017
19 0.8296875 0.3906250000000001 0.7875 0.3906250000000001 0.7875 0.4312500000000002 0.8296875 0.4312500000000002
19 0.8734375 0.3917968750000001 0.83125 0.3917968750000001 0.83125 0.4281250000000002 0.8734375 0.4281250000000002
19 0.09375000000000006 0.423828125 0.007812500000000052 0.423828125 0.007812500000000054 0.459375 0.09375000000000007 0.459375
19 0.14687500000000003 0.3984375 0.11562500000000005 0.3984375 0.11562500000000005 0.4859375 0.14687500000000003 0.4859375
19 0.13437500000000005 0.428125 0.045312500000000054 0.428125 0.045312500000000054 0.4609375 0.13437500000000005 0.4609375
19 0.2218750000000001 0.4015625 0.19531250000000006 0.4015625 0.19531250000000006 0.4890625 0.2218750000000001 0.4890625
19 0.2671875000000001 0.4015625 0.2296875000000001 0.4015625 0.2296875000000001 0.4890625 0.2671875000000001 0.4890625
19 0.2156250000000001 0.430859375 0.12656250000000005 0.430859375 0.12656250000000005 0.4609375 0.2156250000000001 0.4609375
19 0.7359375 0.4015625000000001 0.667578125 0.4015625 0.667578125 0.4906250000000001 0.7359375 0.4906250000000002
19 0.5828125 0.4 0.513671875 0.4 0.513671875 0.49375 0.5828125 0.49375
19 0.6578125 0.4 0.5890625 0.4 0.5890625 0.4921875 0.6578125 0.4921875
19 0.3984375000000001 0.425 0.3207031250000001 0.425 0.3207031250000001 0.478125 0.3984375000000001 0.478125
19 0.44375 0.4125 0.3968750000000001 0.4125 0.3968750000000001 0.4921875 0.44375 0.4921875
19 0.5125 0.425 0.437109375 0.425 0.437109375 0.47890625 0.5125 0.47890625
19 0.3281250000000001 0.4125 0.2750000000000001 0.4125 0.2750000000000001 0.4921875 0.3281250000000001 0.4921875
19 0.9515625 0.4167968750000002 0.878125 0.4167968750000002 0.878125 0.4906250000000002 0.9515625 0.4906250000000002
19 0.78125 0.4378906250000002 0.74375 0.4378906250000002 0.74375 0.49218750000000017 0.78125 0.49218750000000017
19 0.83125 0.44257812500000016 0.778515625 0.44257812500000016 0.778515625 0.48554687500000016 0.83125 0.48554687500000016
19 0.8734375 0.43750000000000017 0.830859375 0.43750000000000017 0.830859375 0.4937500000000002 0.8734375 0.4937500000000002
19 0.6390625 0.56171875 0.606640625 0.56171875 0.606640625 0.5953125 0.6390625 0.5953125
19 0.6765625 0.559765625 0.64375 0.559765625 0.64375 0.5921875 0.6765625 0.5921875
19 0.6046875 0.564453125 0.569921875 0.564453125 0.569921875 0.5921875 0.6046875 0.5921875
19 0.8234375 0.5546875000000002 0.759765625 0.5546875000000002 0.759765625 0.6375000000000002 0.8234375 0.6375000000000002
19 0.7609375 0.5660156250000001 0.675 0.566015625 0.675 0.6296875000000001 0.7609375 0.6296875000000002
19 0.9 0.5542968750000001 0.8328125 0.5542968750000001 0.8328125 0.6390625000000002 0.9 0.6390625000000002
19 0.9796875 0.5656250000000002 0.895703125 0.5656250000000002 0.895703125 0.6312500000000002 0.9796875 0.6312500000000002
19 0.44375 0.57734375 0.3824218750000001 0.57734375 0.3824218750000001 0.6359375 0.44375 0.6359375
19 0.5640625 0.5734375 0.511328125 0.5734375 0.511328125 0.6375 0.5640625 0.6375
19 0.1140625000000001 0.574609375 0.050000000000000065 0.574609375 0.05000000000000008 0.6359375 0.1140625000000001 0.6359375
19 0.18125000000000008 0.5734375 0.1238281250000001 0.5734375 0.1238281250000001 0.6375 0.18125000000000008 0.6375
19 0.3156250000000001 0.57890625 0.2554687500000001 0.57890625 0.2554687500000001 0.63125 0.3156250000000001 0.63125
19 0.4984375 0.5734375 0.446875 0.5734375 0.446875 0.6375 0.4984375 0.6375
19 0.37968750000000007 0.580078125 0.31523437500000007 0.580078125 0.31523437500000007 0.633984375 0.37968750000000007 0.633984375
19 0.2484375000000001 0.573046875 0.19492187500000008 0.573046875 0.19492187500000008 0.6390625 0.2484375000000001 0.6390625
19 0.678125 0.603125 0.65 0.603125 0.65 0.6359375 0.678125 0.6359375
19 0.603125 0.601171875 0.571875 0.601171875 0.571875 0.6359375 0.603125 0.6359375
19 0.64375 0.603125 0.6078125 0.603125 0.6078125 0.6390625 0.64375 0.6390625