19 0.484375 0.609375 0.4546875 0.609375 0.4546875 0.6546875 0.484375 0.6546875
19 0.4453125 0.609765625 0.4140625 0.609765625 0.4140625 0.6578125 0.4453125 0.6578125
19 0.11562500000000005 0.30703125 0.005468750000000038 0.30703125 0.005468750000000045 0.421875 0.11562500000000005 0.421875
19 0.21718750000000003 0.3203125 0.11054687500000004 0.3203125 0.11054687500000004 0.4234375 0.2171875000000001 0.4234375
19 0.31562500000000004 0.33984375 0.237109375 0.33984375 0.23710937500000004 0.4296875 0.3156250000000001 0.4296875
19 0.4421875 0.3609375000000001 0.392578125 0.3609375000000001 0.39257812500000006 0.4234375 0.4421875 0.4234375
19 0.38593750000000004 0.35820312500000007 0.335546875 0.358203125 0.335546875 0.421875 0.3859375000000001 0.421875
19 0.6046875 0.3593750000000001 0.5640625 0.3593750000000001 0.5640625 0.421875 0.6046875 0.421875
19 0.5109375 0.37187500000000007 0.441015625 0.37187500000000007 0.441015625 0.4140625 0.5109375 0.4140625
19 0.55 0.3609375000000001 0.50625 0.3609375000000001 0.50625 0.425 0.55 0.425
19 0.959375 0.3609375000000001 0.89375 0.3609375000000001 0.89375 0.42968750000000017 0.959375 0.42968750000000017
19 0.8859375 0.3609375000000001 0.821875 0.3609375000000001 0.821875 0.42968750000000017 0.8859375 0.42968750000000017
19 0.815625 0.3906250000000001 0.775 0.3906250000000001 0.775 0.4265625000000002 0.815625 0.4265625000000002
19 0.5515625 0.478515625 0.47578125 0.478515625 0.47578125 0.53125 0.5515625 0.53125
19 0.3625000000000001 0.475390625 0.2812500000000001 0.475390625 0.2812500000000001 0.5375 0.3625000000000001 0.5375
19 0.4296875 0.47421875 0.3460937500000001 0.47421875 0.3460937500000001 0.534375 0.4296875 0.534375
19 0.4796875 0.470703125 0.424609375 0.470703125 0.424609375 0.54375 0.4796875 0.54375
19 0.2875000000000001 0.465625 0.2218750000000001 0.465625 0.2218750000000001 0.546875 0.2875000000000001 0.546875
19 0.74375 0.5703125000000001 0.6890625 0.5703125 0.6890625 0.64375 0.74375 0.6437500000000002
19 0.6890625 0.5921875 0.628125 0.5921875 0.628125 0.640625 0.6890625 0.640625
19 0.578125 0.584375 0.545703125 0.584375 0.545703125 0.653125 0.578125 0.653125
19 0.546875 0.60390625 0.47890625 0.60390625 0.47890625 0.6390625 0.546875 0.6390625
19 0.6359375 0.5984375 0.576953125 0.5984375 0.576953125 0.6421875 0.6359375 0.6421875