19 0.7203125000000001 0.897222221875 0.6265625000000001 0.897222221875 0.6265625000000001 0.991840278125 0.7203125000000001 0.991840278125
19 0.6218750000000002 0.8980034703124999 0.5316840296875002 0.8980034703124999 0.5316840296875002 0.99375 0.6218750000000002 0.99375
19 0.2171875 2.120807611087596e-17 0.1291666671875 1.5818354552770333e-17 0.1291666671875 0.09218750000000002 0.2171875 0.09218750000000002
19 0.11875 8.690527479608004e-18 0.023177084375 2.8383742193411887e-18 0.023177084375000007 0.08906250000000002 0.11875 0.08906250000000002
19 0.321875 3.384256148121793e-17 0.23081597187499997 2.8266804114880423e-17 0.23081597187499997 0.09531250000000004 0.321875 0.09531250000000005
19 0.43125 0.0003472218750000467 0.33125 0.0003472218750000406 0.33125 0.09375000000000004 0.43125 0.09375000000000004
19 0.782465278125 0.13168402656250008 0.6973958328125 0.13168402656250008 0.6973958328125 0.2140625000000001 0.782465278125 0.2140625000000001
19 0.8671875 0.1340277765625001 0.7792534718749999 0.1340277765625001 0.7792534718749999 0.2140625000000001 0.8671875 0.2140625000000001
19 0.2405381953125 0.145052084375 0.1754340265625 0.145052084375 0.1754340265625 0.203125 0.2405381953125 0.203125
19 0.959375 0.13046874843750011 0.8693576390625 0.1304687484375001 0.8693576390625 0.22656250000000008 0.959375 0.22656250000000008
19 0.296875 0.14262152656250005 0.23680555625 0.14262152656250005 0.23680555625 0.2140625 0.296875 0.2140625
19 0.6921875 0.14843750000000008 0.6282986109375 0.14843750000000008 0.6282986109375 0.2140625000000001 0.6921875 0.2140625000000001
19 0.5484375 0.14704861093750005 0.48541666718750004 0.14704861093750005 0.48541666718750004 0.2138888890625001 0.5484375 0.2138888890625001
19 0.6232638890625 0.1494791671875001 0.5564236109375 0.1494791671875001 0.5564236109375 0.21250000000000008 0.6232638890625 0.21250000000000008
19 0.3484375 0.16519097187500004 0.309722221875 0.16519097187500004 0.309722221875 0.2140625 0.3484375 0.2140625
19 0.4165798609375 0.17222222187500005 0.36623263906250003 0.17222222187500005 0.36623263906250003 0.21093750000000008 0.4165798609375 0.21093750000000008
19 0.479253471875 0.17404513750000003 0.4289062484375 0.17404513750000003 0.4289062484375 0.2093750000000001 0.479253471875 0.2093750000000001
19 0.07656250000000005 0.2809895828125 3.441129931850782e-17 0.2809895828125 3.796723992604888e-17 0.3390625 0.07656250000000005 0.3390625
19 0.17187500000000006 0.2625 0.06692708437500003 0.2625 0.06692708437500003 0.3578125 0.17187500000000006 0.3578125
19 0.27968750000000003 0.25928819375 0.18385416718750006 0.25928819375 0.18385416718750006 0.36875 0.2796875000000001 0.36875
19 0.403125 0.2671875 0.3047743046875 0.2671875 0.30477430468750005 0.36562500000000003 0.403125 0.3656250000000001
19 0.8685763890624999 0.2660590265625001 0.772222221875 0.2660590265625001 0.772222221875 0.3684895843750001 0.8685763890624999 0.3684895843750001
19 0.646875 0.26918402656250007 0.5421875 0.26918402656250007 0.5421875 0.3655381953125001 0.646875 0.3655381953125001
19 0.75 0.2694444453125001 0.6538194453124999 0.2694444453125001 0.6538194453124999 0.3671875000000001 0.75 0.3671875000000001
19 0.984375 0.26440972343750013 0.8891493046875001 0.26440972343750013 0.8891493046875001 0.37187500000000007 0.984375 0.37187500000000007
19 0.5203125 0.26979166562500007 0.42118055625000006 0.26979166562500007 0.42118055625000006 0.3671875000000001 0.5203125 0.3671875000000001
19 0.86875 0.42881944375000014 0.775520834375 0.42881944375000014 0.775520834375 0.5086805562500002 0.86875 0.5086805562500002
19 0.7686631937499999 0.4287326375000001 0.6688368046875001 0.4287326375 0.6688368046875001 0.5103298609375001 0.7686631937499999 0.5103298609375002
19 0.984375 0.41536458281250016 0.90625 0.41536458281250016 0.90625 0.5234375000000002 0.984375 0.5234375000000002
19 0.471875 0.4296875 0.40078125 0.4296875 0.40078125 0.51875 0.471875 0.51875
19 0.17187500000000006 0.44114583281249997 0.08706597343750004 0.44114583281249997 0.08706597343750005 0.5078125 0.17187500000000006 0.5078125
19 0.3859375000000001 0.44105902812500003 0.28142361093750007 0.44105902812500003 0.28142361093750007 0.509375 0.3859375000000001 0.509375
19 0.5671875 0.44444444375 0.4875 0.44444444375 0.4875 0.5086805562500001 0.5671875 0.5086805562500001
19 0.2734375000000001 0.44097222187499996 0.18480902656250003 0.44097222187499996 0.18480902656250003 0.512152778125 0.2734375000000001 0.512152778125
19 0.06684027812500005 0.44375 5.43437017121638e-17 0.44375 5.836207402186604e-17 0.509375 0.06684027812500007 0.509375
19 0.6671875 0.44913194531249995 0.57196180625 0.44913194531249995 0.57196180625 0.5078125 0.6671875 0.5078125
19 0.475 0.5578993046875 0.3843750000000001 0.5578993046875 0.3843750000000001 0.6484375 0.475 0.6484375
19 0.58125 0.562152778125 0.4828125 0.562152778125 0.4828125 0.6484375 0.58125 0.6484375
19 0.3687500000000001 0.57005208125 0.2755208343750001 0.57005208125 0.2755208343750001 0.6453125 0.3687500000000001 0.6453125
19 0.709375 0.590625 0.6584201375000001 0.590625 0.6584201375000001 0.6515625 0.709375 0.6515625
19 0.783940971875 0.5914930562500001 0.725 0.59149305625 0.725 0.6500000000000001 0.783940971875 0.6500000000000001
19 0.6484375 0.5940972234374999 0.592447915625 0.5940972234374999 0.592447915625 0.646875 0.6484375 0.646875
19 0.8515625 0.5953125000000001 0.7923611109375 0.5953125000000001 0.7923611109375 0.6515625000000002 0.8515625 0.6515625000000002
19 0.9203125 0.5939236109375001 0.860590278125 0.5939236109375001 0.860590278125 0.6515625000000002 0.9203125 0.6515625000000002
19 0.990625 0.5921875000000002 0.928125 0.5921875000000002 0.928125 0.6531250000000002 0.990625 0.6531250000000002