19 0.2515625 0.07582250468750003 0.1717563953125 0.07582250468750003 0.1717563953125 0.13906250000000003 0.2515625 0.13906250000000003
19 0.315625 0.07780270156250003 0.25297803281250003 0.07780270156250002 0.25297803281250003 0.14687500000000003 0.315625 0.14687500000000003
19 0.590625 0.07909447031250007 0.5314717421874999 0.07909447031250007 0.5314717421874999 0.15000000000000008 0.590625 0.15000000000000008
19 0.6546771859375 0.08832766093750008 0.5927959984375 0.08832766093750007 0.5927959984375 0.1452583546875001 0.6546771859375 0.1452583546875001
19 0.365625 0.08437500000000005 0.32184148125 0.08437500000000005 0.32184148125 0.15156250000000004 0.365625 0.15156250000000004
19 0.4109375 0.08593750000000004 0.3693198234375 0.08593750000000004 0.3693198234375 0.15000000000000005 0.4109375 0.15000000000000005
19 0.775 0.09168987187500008 0.713959365625 0.09168987187500008 0.713959365625 0.14843750000000008 0.775 0.14843750000000008
19 0.8295714734375 0.0921875000000001 0.775116028125 0.09218750000000009 0.775116028125 0.1515625000000001 0.8295714734375 0.1515625000000001
19 0.7123710812499999 0.09494121406250008 0.6537902234375 0.09494121406250008 0.6537902234375 0.15000000000000008 0.7123710812499999 0.15000000000000008
19 0.2640625 0.2076500625 0.19670998281250004 0.2076500625 0.19670998281250004 0.2359375 0.2640625 0.2359375
19 0.29375 0.204875721875 0.2269698859375 0.204875721875 0.2269698859375 0.2375 0.29375 0.2375
19 0.18433890156250005 0.18759024375000002 0.15628609687500003 0.18759024375 0.15628609687500003 0.25772225625 0.18433890156250005 0.25772225625
19 0.3359375 0.19204053125000003 0.3046875 0.19204053125000003 0.3046875 0.2546875 0.3359375 0.2546875
19 0.6609375 0.18791512031250007 0.6043033203125 0.18791512031250007 0.6043033203125 0.2605223796875001 0.6609375 0.2605223796875001
19 0.6011654296875 0.18791512031250007 0.542584571875 0.18791512031250004 0.542584571875 0.2605223796875001 0.6011654296875 0.2605223796875001
19 0.215588903125 0.18915274218750006 0.18753609687500003 0.18915274218750006 0.18753609687500003 0.25928475624999997 0.215588903125 0.25928475624999997
19 0.325 0.2114815390625 0.2578125 0.2114815390625 0.2578125 0.2390625 0.325 0.2390625
19 0.3890625 0.20224061406250002 0.3282616546875 0.2022406140625 0.3282616546875 0.24687500000000004 0.3890625 0.2468750000000001
19 0.43125 0.19640315625000004 0.384375 0.19640315625000004 0.384375 0.2562500000000001 0.43125 0.2562500000000001
19 0.7671875 0.19935540468750007 0.7144518343749999 0.19935540468750007 0.7144518343749999 0.2578125000000001 0.7671875 0.2578125000000001
19 0.7109375 0.19998452968750008 0.663528775 0.19998452968750008 0.663528775 0.2578125000000001 0.7109375 0.2578125000000001
19 0.8264464734375 0.19998452968750008 0.7719910265625 0.19998452968750008 0.7719910265625 0.2578125000000001 0.8264464734375 0.2578125000000001
19 0.8873839718750001 0.2015625000000001 0.832928528125 0.2015625000000001 0.832928528125 0.2593750000000001 0.8873839718750001 0.2593750000000001
19 0.4671875 0.21250000000000008 0.4328125 0.21250000000000008 0.4328125 0.2593750000000001 0.4671875 0.2593750000000001
19 0.5375 0.2145575484375001 0.5015521875 0.2145575484375001 0.5015521875 0.2574618390625001 0.5375 0.2574618390625001
19 0.5091558375 0.22031250000000008 0.46460138124999995 0.22031250000000008 0.46460138124999995 0.2531250000000001 0.5091558375 0.2531250000000001
19 0.8359375 0.29393564531250005 0.788502990625 0.29393564531250005 0.788502990625 0.3468750000000001 0.8359375 0.3468750000000001
19 0.7117703171875001 0.3073819093750001 0.6859375 0.3073819093750001 0.6859375 0.3359375000000001 0.7117703171875001 0.3359375000000001
19 0.6515625 0.3090294968750001 0.6265625 0.3090294968750001 0.6265625 0.3359375000000001 0.6515625 0.3359375000000001
19 0.6796875 0.3098829421875001 0.6551103546875 0.3098829421875001 0.6551103546875 0.3359375000000001 0.6796875 0.3359375000000001
19 0.2078125 0.3078125 0.15239789687500005 0.3078125 0.15239789687500005 0.3447040015625 0.2078125 0.3447040015625
19 0.2359375 0.2988345703125 0.19977310156250006 0.2988345703125 0.19977310156250006 0.35625 0.2359375 0.35625
19 0.3828125 0.30575752812500007 0.339645215625 0.305757528125 0.339645215625 0.35937500000000006 0.3828125 0.3593750000000001
19 0.43125 0.30475969375000006 0.3859375 0.30475969375000006 0.3859375 0.3608653046875001 0.43125 0.3608653046875001
19 0.475 0.3054326531250001 0.432276196875 0.3054326531250001 0.432276196875 0.3623633468750001 0.475 0.3623633468750001
19 0.5203125 0.30512840312500006 0.475 0.30512840312500006 0.475 0.3620590968750001 0.5203125 0.3620590968750001
19 0.26875 0.3172416453125 0.2359375 0.3172416453125 0.2359375 0.3578125 0.26875 0.3578125
19 0.3375 0.322663984375 0.296939459375 0.322663984375 0.296939459375 0.35625 0.3375 0.35625
19 0.30625 0.321875 0.2665480609375 0.321875 0.2665480609375 0.3546875 0.30625 0.3546875
19 0.775 0.3156250000000001 0.728125 0.3156250000000001 0.728125 0.3656250000000001 0.775 0.3656250000000001
19 0.559375 0.32159137812500005 0.522581478125 0.32159137812500005 0.522581478125 0.3609375000000001 0.559375 0.3609375000000001
19 0.6265625 0.3203125000000001 0.59375 0.3203125000000001 0.59375 0.3625000000000001 0.6265625 0.3625000000000001
19 0.8890625 0.3140625000000001 0.84301258125 0.3140625000000001 0.84301258125 0.3687500000000001 0.8890625 0.3687500000000001
19 0.59375 0.3218750000000001 0.559375 0.3218750000000001 0.559375 0.36406250000000007 0.59375 0.36406250000000007
19 0.6578125 0.3350814765625001 0.63345451875 0.3350814765625001 0.63345451875 0.3625000000000001 0.6578125 0.3625000000000001
19 0.6875 0.3377887796875001 0.6634436890625001 0.3377887796875001 0.6634436890625001 0.36406250000000007 0.6875 0.36406250000000007
19 0.7203125 0.3387737203125001 0.6933735546875 0.3387737203125001 0.6933735546875 0.3625000000000001 0.7203125 0.3625000000000001