19 0.51875 0.2654964390625001 0.4922072796875 0.2654964390625001 0.4922072796875 0.27812500000000007 0.51875 0.27812500000000007
19 0.49375 0.2578125000000001 0.481160996875 0.2578125000000001 0.481160996875 0.2843750000000001 0.49375 0.2843750000000001
19 0.4578125 0.2593750000000001 0.44207871875000004 0.2593750000000001 0.44207871875000004 0.2843750000000001 0.4578125 0.2843750000000001
19 0.475 0.2597804578125001 0.4600474671875 0.2597804578125001 0.4600474671875 0.28593750000000007 0.475 0.28593750000000007
19 0.440625 0.2696499203125001 0.4142108390625 0.2696499203125001 0.4142108390625 0.28593750000000007 0.440625 0.28593750000000007
19 0.4046875 0.27037183437500006 0.3770174046875 0.27037183437500006 0.3770174046875 0.2843750000000001 0.4046875 0.2843750000000001
19 0.3796875 0.2642009484375001 0.3654865515625 0.2642009484375001 0.3654865515625 0.2906250000000001 0.3796875 0.2906250000000001
19 0.415625 0.2642800625000001 0.4015625 0.2642800625000001 0.4015625 0.2906250000000001 0.415625 0.2906250000000001
19 0.365625 0.27147943125000007 0.33902294374999997 0.27147943125 0.33902294374999997 0.28593750000000007 0.365625 0.28593750000000007
19 0.324307753125 0.265625 0.310067246875 0.265625 0.310067246875 0.2921875 0.324307753125 0.2921875
19 0.303125 0.2658425625 0.2875 0.2658425625 0.2875 0.2921875 0.303125 0.2921875
19 0.340625 0.2658425625 0.328035996875 0.2658425625 0.328035996875 0.2921875 0.340625 0.2921875
19 0.5671875 0.2750000000000001 0.51622824375 0.2750000000000001 0.51622824375 0.2886372625000001 0.5671875 0.2886372625000001
19 0.53125 0.2593750000000001 0.515625 0.2593750000000001 0.515625 0.3062500000000001 0.53125 0.3062500000000001
19 0.18437500000000004 0.273882515625 0.15562697656250005 0.273882515625 0.15562697656250005 0.3125 0.18437500000000004 0.3125
19 0.15937500000000004 0.2796875 0.11645569531250004 0.2796875 0.11645569531250004 0.3071993671875 0.15937500000000004 0.3071993671875
19 0.12187500000000004 0.2789853640625 0.08171479531250005 0.2789853640625 0.08171479531250005 0.3078125 0.12187500000000004 0.3078125
19 0.2234375 0.2810423265625 0.18372231093750005 0.2810423265625 0.18372231093750005 0.309375 0.2234375 0.309375
19 0.8 0.4065466781250001 0.7678303015625 0.4065466781250001 0.7678303015625 0.4515625000000002 0.8 0.4515625000000002
19 0.759375 0.4065466781250001 0.7309632125000001 0.4065466781250001 0.7309632125000001 0.4515625000000002 0.759375 0.4515625000000002
19 0.670154271875 0.42078718437499996 0.6266416125000001 0.42078718437499996 0.6266416125000001 0.4453125 0.670154271875 0.4453125
19 0.3578125000000001 0.4218651109375 0.29938686718750007 0.4218651109375 0.29938686718750007 0.44375 0.3578125000000001 0.44375
19 0.2875000000000001 0.40382713593749997 0.2661590187500001 0.40382713593749997 0.2661590187500001 0.4640625 0.2875000000000001 0.4640625
19 0.20312500000000008 0.4222409015625 0.14513449218750005 0.4222409015625 0.14513449218750005 0.4453125 0.20312500000000008 0.4453125
19 0.2640625000000001 0.40382713593749997 0.2401305390625001 0.40382713593749997 0.2401305390625001 0.4640625 0.2640625000000001 0.4640625
19 0.728125 0.41172863906250007 0.6989220734375 0.4117286390625 0.6989220734375 0.4546875000000001 0.728125 0.4546875000000002
19 0.3125000000000001 0.40470727812499996 0.28929984218750004 0.40470727812499996 0.28929984218750004 0.464042721875 0.3125000000000001 0.464042721875
19 0.21250000000000008 0.40661590312499996 0.18886471562500004 0.40661590312499996 0.18886471562500004 0.4625 0.21250000000000008 0.4625
19 0.13593750000000004 0.40541930312499996 0.11192642343750003 0.40541930312499996 0.11192642343750003 0.4640625 0.13593750000000004 0.4640625
19 0.2531250000000001 0.42294303749999995 0.19545094843750005 0.42294303749999995 0.19545094843750005 0.44375 0.2531250000000001 0.44375
19 0.15937500000000004 0.40662579218749995 0.13954707187500004 0.40662579218749995 0.13954707187500004 0.4640625 0.15937500000000004 0.4640625
19 0.6984375 0.42335838593749997 0.6606111546875 0.42335838593749997 0.6606111546875 0.453125 0.6984375 0.453125
19 0.634375 0.42062895625 0.5925435140624999 0.42062895625 0.5925435140624999 0.4515625 0.634375 0.4515625
19 0.4546875 0.4283524515625 0.4101958078125 0.4283524515625 0.4101958078125 0.44813093281249994 0.4546875 0.44813093281249994
19 0.3809829906250001 0.41610957187500003 0.3612045093750001 0.41610957187500003 0.3612045093750001 0.46357792656249996 0.3809829906250001 0.46357792656249996
19 0.3734375000000001 0.4306863140625 0.32796677187500006 0.4306863140625 0.32796677187500006 0.45 0.3734375000000001 0.45
19 0.4140625 0.4328125 0.36753362343750007 0.4328125 0.36753362343750007 0.45 0.4140625 0.45
19 0.4359375 0.4318631328125 0.3920589390625001 0.4318631328125 0.3920589390625001 0.45 0.4359375 0.45
19 0.4250000000000001 0.7146064078125 0.3546875000000001 0.7146064078125 0.3546875000000001 0.75 0.42500000000000016 0.75
19 0.2593750000000001 0.7143492874999999 0.18451345000000008 0.7143492874999999 0.18451345000000008 0.7499505531249999 0.2593750000000001 0.7499505531249999
19 0.2890625000000001 0.71644580625 0.2225178015625001 0.71644580625 0.2225178015625001 0.7484375 0.2890625000000001 0.7484375
19 0.3062500000000001 0.6983781640625 0.2718750000000001 0.6983781640625 0.2718750000000001 0.76875 0.3062500000000001 0.76875
19 0.3859375000000001 0.7161095734375 0.3206190671875001 0.7161095734375 0.3206190671875001 0.7484375 0.3859375000000001 0.7484375
19 0.3531250000000001 0.7214200953125001 0.2862242875000001 0.7214200953125001 0.2862242875000001 0.7514833859375 0.3531250000000001 0.7514833859375
19 0.4515625000000002 0.9207278499999999 0.3856507109375001 0.9207278499999999 0.3856507109375001 0.9484375 0.4515625000000002 0.9484375
19 0.3997923265625001 0.903125 0.3705201734375001 0.903125 0.3705201734375001 0.96875 0.3997923265625001 0.96875
19 0.26250000000000007 0.9054687484375 0.2325751578125001 0.9054687484375 0.2325751578125001 0.971875 0.26250000000000007 0.971875
19 0.3296875000000001 0.9066257921875 0.3033425625000001 0.9066257921875 0.3033425625000001 0.971499209375 0.3296875000000001 0.971499209375
19 0.2968750000000001 0.9082674046875001 0.2687500000000001 0.9082674046875001 0.2687500000000001 0.973140821875 0.2968750000000001 0.973140821875
19 0.36559533281250006 0.9082674046875001 0.3363231796875001 0.9082674046875001 0.3363231796875001 0.973140821875 0.36559533281250006 0.973140821875
19 0.2468749984375001 0.9245154265625001 0.17883702500000015 0.9245154265625001 0.17883702500000015 0.95625 0.2468749984375001 0.95625
19 0.16250000000000014 0.9086728640624999 0.13001384531250013 0.9086728640624999 0.13001384531250013 0.975 0.16250000000000014 0.975
19 0.19375000000000014 0.9086728640624999 0.16486352968750012 0.9086728640624999 0.16486352968750012 0.975 0.19375000000000014 0.975
19 0.14062500000000014 0.93125 0.07819422343750011 0.93125 0.07819422343750011 0.9640625 0.14062500000000014 0.9640625