19 0.6812500000000001 0.85975439375 0.6504318093750002 0.85975439375 0.6504318093750002 0.8953125 0.6812500000000001 0.8953125
19 0.7609375000000002 0.8640625 0.7179462859375001 0.8640625 0.7179462859375001 0.8935428328125001 0.7609375000000002 0.8935428328125001
19 0.7187500000000002 0.8627246390625001 0.6866688281250002 0.8627246390625001 0.6866688281250002 0.896875 0.7187500000000002 0.896875
19 0.7858526359375002 0.8546875 0.7578973640625002 0.8546875 0.7578973640625002 0.90625 0.7858526359375002 0.90625
19 0.6281250000000002 0.8515625 0.5937475031250001 0.8515625 0.5937475031250001 0.9109375 0.6281250000000002 0.9109375
19 0.921875 0.865677415625 0.8953374609375 0.865677415625 0.8953374609375 0.90625 0.921875 0.90625
19 0.85625 0.8661117218750001 0.8198482421875 0.8661117218750001 0.8198482421875 0.9109375 0.85625 0.9109375
19 0.8929712453124999 0.8690769765624999 0.8570287546875001 0.8690769765624999 0.8570287546875001 0.909375 0.8929712453124999 0.909375
19 0.9171875 0.05238119062500011 0.877520965625 0.05238119062500011 0.877520965625 0.12968750000000012 0.9171875 0.12968750000000012
19 0.8546875 0.0725713843750001 0.7774910140625 0.07257138437500009 0.7774910140625 0.11091004531250008 0.8546875 0.11091004531250008
19 0.9578125 0.05312500000000011 0.918330671875 0.05312500000000011 0.918330671875 0.12968750000000012 0.9578125 0.12968750000000012
19 0.796875 0.05468750000000009 0.7581993812500001 0.05468750000000009 0.7581993812500001 0.1296875000000001 0.796875 0.1296875000000001
19 0.8734375 0.05397863437500011 0.8370407343749999 0.05397863437500011 0.8370407343749999 0.1281250000000001 0.8734375 0.1281250000000001
19 0.75625 0.057812500000000086 0.7173896765625 0.057812500000000086 0.7173896765625 0.1296875000000001 0.75625 0.1296875000000001
19 0.73125 0.07824730468750009 0.6618934703125 0.07824730468750009 0.6618934703125 0.1140625000000001 0.73125 0.1140625000000001
19 0.653125 0.07683456406250008 0.5828199875 0.07683456406250007 0.5828199875 0.1151732234375001 0.653125 0.1151732234375001
19 0.6125 0.07642771562500007 0.5429787328125 0.07642771562500007 0.5429787328125 0.11562500000000006 0.6125 0.11562500000000009
19 0.690625 0.07910343437500009 0.6264027546875 0.07910343437500007 0.6264027546875 0.11824081562500008 0.690625 0.11824081562500008
19 0.81875 0.2720771765625001 0.796875 0.2720771765625001 0.796875 0.3593750000000001 0.81875 0.3593750000000001
19 0.9453125 0.2714531750000001 0.9203125 0.2714531750000001 0.9203125 0.3593750000000001 0.9453125 0.3593750000000001
19 0.9155476234375 0.2714531750000001 0.8899885171875 0.2714531750000001 0.8899885171875 0.3593750000000001 0.9155476234375 0.3593750000000001
19 0.85 0.27103634218750006 0.825474240625 0.27103634218750006 0.825474240625 0.3578125000000001 0.85 0.3578125000000001
19 0.88125 0.2714531750000001 0.8585388375 0.2714531750000001 0.8585388375 0.3593750000000001 0.88125 0.3593750000000001
19 0.665625 0.2891823078125001 0.62746855 0.2891823078125001 0.62746855 0.3578125000000001 0.665625 0.3578125000000001
19 0.70463758125 0.2871855031250001 0.6678963671875 0.2871855031250001 0.6678963671875 0.3578125000000001 0.70463758125 0.3578125000000001
19 0.7856105234374999 0.2910543125000001 0.7440769765625 0.2910543125000001 0.7440769765625 0.3578125000000001 0.7856105234374999 0.3578125000000001
19 0.75625 0.3109599625000001 0.695137778125 0.3109599625000001 0.695137778125 0.3453125000000001 0.75625 0.3453125000000001
19 0.86875 0.46164387031250015 0.8484375 0.46164387031250015 0.8484375 0.5359375000000002 0.86875 0.5359375000000002
19 0.971875 0.4881489625000002 0.8969823296874999 0.4881489625000002 0.8969823296874999 0.5093750000000001 0.971875 0.5093750000000001
19 0.9453125 0.4876672328125002 0.8709889171875 0.4876672328125002 0.8709889171875 0.5093750000000001 0.9453125 0.5093750000000001
19 0.89375 0.45971695312500016 0.87201228125 0.45971695312500016 0.87201228125 0.5355955468750002 0.89375 0.5355955468750002
19 0.6734375 0.48647164531250003 0.6066468640625 0.48647164531250003 0.6066468640625 0.5140625 0.6734375 0.5140625
19 0.7125 0.465625 0.6865989406249999 0.465625 0.6865989406249999 0.534375 0.7125 0.534375
19 0.74375 0.46562500000000007 0.7164337046875 0.465625 0.7164337046875 0.534375 0.74375 0.5343750000000002
19 0.6453125 0.48670127812499997 0.5782922312500001 0.48670127812499997 0.5782922312500001 0.513857828125 0.6453125 0.513857828125
19 0.6828125 0.4676867015625 0.657979734375 0.4676867015625 0.657979734375 0.5328125 0.6828125 0.5328125
19 0.8265625 0.48750000000000016 0.761217053125 0.48750000000000016 0.761217053125 0.5140625000000002 0.8265625 0.5140625000000002
19 0.8625 0.4866363812500002 0.7953125 0.4866363812500002 0.7953125 0.5140625000000002 0.8625 0.5140625000000002
19 0.7765625 0.46770417343750015 0.7503319687500001 0.46770417343750015 0.7503319687500001 0.5343750000000002 0.7765625 0.5343750000000002
19 0.6796875 0.6537440109375 0.6567467046875 0.6537440109375 0.6567467046875 0.703125 0.6796875 0.703125
19 0.7453125 0.6678664125000001 0.6960613015625 0.6678664125 0.6960613015625 0.6921875000000001 0.7453125 0.6921875000000002
19 0.7046875 0.6549770359375 0.68328175 0.6549770359375 0.68328175 0.704497803125 0.7046875 0.704497803125
19 0.75625 0.6549770359375001 0.7335388390625 0.6549770359375001 0.7335388390625 0.7044978031250002 0.75625 0.7044978031250002
19 0.7921875 0.6705071875000002 0.7436701265625 0.6705071875000002 0.7436701265625 0.6921875000000002 0.7921875 0.6921875000000002
19 0.8515625 0.6566443671875002 0.8351812109375001 0.6566443671875002 0.8351812109375001 0.7093600218750001 0.8515625 0.7093600218750001
19 0.803125 0.6570087843750001 0.7829098421875 0.6570087843750001 0.7829098421875 0.7062500000000002 0.803125 0.7062500000000002
19 0.8921875 0.6734375000000001 0.8413762984375 0.6734375000000001 0.8413762984375 0.6906250000000002 0.8921875 0.6906250000000002
19 0.8984375 0.6570262562500002 0.880541134375 0.6570262562500002 0.880541134375 0.7078125000000002 0.8984375 0.7078125000000002
19 0.9578125 0.6740440296875001 0.905845646875 0.6740440296875001 0.905845646875 0.6906250000000002 0.9578125 0.6906250000000002
19 0.8296875 0.6564372000000002 0.808349140625 0.6564372000000002 0.808349140625 0.7107503000000002 0.8296875 0.7107503000000002
19 0.9217477031250001 0.6570262562500002 0.901779653125 0.6570262562500002 0.901779653125 0.7078125000000002 0.9217477031250001 0.7078125000000002
19 0.6124376 0.6791009375 0.5828848843750001 0.6791009375 0.5828848843750001 0.6953125 0.6124376 0.6953125
19 0.6513728046875 0.6719423921875001 0.6330021968749999 0.6719423921875001 0.6330021968749999 0.7014951078125 0.6513728046875 0.7014951078125
19 0.5921875 0.67678464375 0.5636806109375 0.67678464375 0.5636806109375 0.6967526953125 0.5921875 0.6967526953125
19 0.5515625 0.67970746875 0.5201852031249999 0.67970746875 0.5201852031249999 0.696875 0.5515625 0.696875
19 0.5625 0.673522365625 0.5466828078125 0.673522365625 0.5466828078125 0.7014776359375 0.5625 0.7014776359375
19 0.6265625 0.6727236421875 0.60928514375 0.6727236421875 0.60928514375 0.70307508125 0.6265625 0.70307508125