19 0.41796875 0.625 0.3156250000000001 0.625 0.3156250000000001 0.6984375 0.41796875 0.6984375
19 0.3140625000000001 0.6203125 0.2140625000000001 0.6203125 0.2140625000000001 0.696875 0.3140625000000001 0.696875
19 0.1023437500000001 0.6125 0.004687500000000075 0.6125 0.00468750000000008 0.6921875 0.1023437500000001 0.6921875
19 0.2132812500000001 0.6171875 0.10781250000000009 0.6171875 0.10781250000000009 0.69375 0.2132812500000001 0.69375
19 0.54765625 0.6375 0.440625 0.6375 0.440625 0.7015625 0.54765625 0.7015625
19 0.8890625 0.6359375000000002 0.7859375 0.6359375000000002 0.7859375 0.7007812500000001 0.8890625 0.7007812500000001
19 0.66875 0.64375 0.5640625 0.64375 0.5640625 0.70234375 0.66875 0.70234375
19 0.77578125 0.64375 0.66875 0.64375 0.66875 0.7046875000000001 0.77578125 0.7046875000000001
19 0.99921875 0.6359375000000002 0.903125 0.6359375000000002 0.903125 0.7031250000000002 0.99921875 0.7031250000000002
19 0.2179687500000001 0.7359375 0.12031250000000009 0.7359375 0.12031250000000009 0.80078125 0.2179687500000001 0.80078125
19 0.11718750000000008 0.7375 0.017187500000000088 0.7375 0.017187500000000095 0.8 0.11718750000000008 0.8
19 0.3257812500000001 0.7390625 0.2234375000000001 0.7390625 0.2234375000000001 0.8015625 0.3257812500000001 0.8015625
19 0.43359375000000017 0.740625 0.3312500000000001 0.740625 0.3312500000000001 0.80546875 0.43359375000000017 0.80546875
19 0.5125000000000002 0.7421875 0.4390625000000002 0.7421875 0.4390625000000002 0.80234375 0.5125000000000002 0.80234375
19 0.5945312500000002 0.7484375 0.5187500000000002 0.7484375 0.5187500000000002 0.80625 0.5945312500000002 0.80625
19 0.6835937500000002 0.7484375 0.6031250000000001 0.7484375 0.6031250000000001 0.80625 0.6835937500000002 0.80625
19 0.7726562500000002 0.7484375000000001 0.6921875000000002 0.7484375 0.6921875000000002 0.80625 0.7726562500000002 0.80625
19 0.86953125 0.7562500000000002 0.7875000000000002 0.7562500000000002 0.7875000000000002 0.81015625 0.86953125 0.81015625
19 0.96640625 0.2562500000000001 0.890625 0.2562500000000001 0.890625 0.32500000000000007 0.96640625 0.32500000000000007
19 0.87421875 0.2578125000000001 0.7984375 0.2578125000000001 0.7984375 0.32500000000000007 0.87421875 0.32500000000000007
19 0.259375 0.25 0.17968750000000006 0.25 0.17968750000000006 0.334375 0.259375 0.334375
19 0.16718750000000004 0.2515625 0.09062500000000002 0.2515625 0.09062500000000004 0.33359375 0.16718750000000004 0.33359375
19 0.07968750000000004 0.2515625 3.080752104105061e-17 0.2515625 3.5830486428178416e-17 0.33359375 0.07968750000000005 0.33359375
19 0.78125 0.2593750000000001 0.7125 0.2593750000000001 0.7125 0.3257812500000001 0.78125 0.3257812500000001
19 0.69609375 0.2609375000000001 0.621875 0.2609375000000001 0.621875 0.3296875000000001 0.69609375 0.3296875000000001
19 0.390625 0.259375 0.3296875 0.259375 0.3296875 0.33046875000000003 0.390625 0.3304687500000001
19 0.31796875 0.2609375 0.2640625 0.2609375 0.2640625 0.33203125 0.31796875 0.33203125
19 0.603125 0.2640625000000001 0.53125 0.2640625000000001 0.53125 0.32890625000000007 0.603125 0.32890625000000007
19 0.4484375 0.2843750000000001 0.4 0.2843750000000001 0.4 0.32890625000000007 0.4484375 0.32890625000000007
19 0.509375 0.2828125000000001 0.4640625 0.2828125000000001 0.4640625 0.3296875000000001 0.509375 0.3296875000000001
19 1 0.3890625000000001 0.9515625 0.3890625000000001 0.9515625 0.4164062500000002 1 0.4164062500000002
19 0.790625 0.3890625000000001 0.71875 0.3890625000000001 0.71875 0.45781250000000007 0.790625 0.4578125000000002
19 0.865625 0.40625000000000017 0.809375 0.40625000000000017 0.809375 0.45703125000000017 0.865625 0.45703125000000017
19 0.70703125 0.40625 0.6328125 0.40625 0.6328125 0.459375 0.70703125 0.459375
19 0.94296875 0.40937500000000016 0.8828125 0.40937500000000016 0.8828125 0.4578125000000002 0.94296875 0.4578125000000002
19 0.446875 0.409375 0.3750000000000001 0.409375 0.3750000000000001 0.45625 0.446875 0.45625
19 0.53515625 0.4078125 0.4609375 0.4078125 0.4609375 0.45859375 0.53515625 0.45859375
19 0.3617187500000001 0.4109375 0.2796875000000001 0.4109375 0.2796875000000001 0.459375 0.3617187500000001 0.459375
19 0.621875 0.4125 0.5453125 0.4125 0.5453125 0.459375 0.621875 0.459375
19 0.2617187500000001 0.41875 0.20312500000000008 0.41875 0.20312500000000008 0.459375 0.2617187500000001 0.459375
19 0.18437500000000004 0.41875 0.12812500000000004 0.41875 0.12812500000000004 0.459375 0.18437500000000004 0.459375
19 0.05156250000000005 0.4171875 0.0031250000000000513 0.4171875 0.003125000000000054 0.46171875 0.05156250000000007 0.46171875
19 0.11406250000000004 0.4171875 0.06093750000000005 0.4171875 0.060937500000000054 0.46171875 0.11406250000000004 0.46171875
19 1 0.4281250000000002 0.946875 0.4281250000000002 0.946875 0.4554687500000002 1 0.4554687500000002
19 0.67109375 0.503125 0.565625 0.503125 0.565625 0.57734375 0.67109375 0.57734375
19 0.91796875 0.5031250000000002 0.8046875 0.5031250000000002 0.8046875 0.5765625000000002 0.91796875 0.5765625000000002
19 0.2023437500000001 0.4984375 0.09687500000000007 0.4984375 0.09687500000000007 0.5765625 0.2023437500000001 0.5765625
19 0.10781250000000006 0.5015625 0.004687500000000061 0.5015625 0.004687500000000066 0.5734375 0.10781250000000009 0.5734375
19 0.99921875 0.5062500000000002 0.9234375 0.5062500000000002 0.9234375 0.5781250000000002 0.99921875 0.5781250000000002
19 0.79453125 0.5062500000000001 0.678125 0.50625 0.678125 0.5804687500000001 0.79453125 0.5804687500000002
19 0.31328125000000007 0.4984375 0.2062500000000001 0.4984375 0.2062500000000001 0.575 0.31328125000000007 0.575
19 0.52890625 0.5 0.4234375 0.5 0.4234375 0.5765625 0.52890625 0.5765625
19 0.42109375 0.5 0.3140625000000001 0.5 0.3140625000000001 0.57578125 0.42109375 0.57578125