19 0.815625 0.23437500000000008 0.7734574671875001 0.23437500000000008 0.7734574671875001 0.2749750406250001 0.815625 0.2749750406250001
19 0.734375 0.23532847343750007 0.7009784328124999 0.23532847343750007 0.7009784328124999 0.2750000000000001 0.734375 0.2750000000000001
19 0.6953125 0.2393320687500001 0.6522963265625 0.2393320687500001 0.6522963265625 0.2734375000000001 0.6953125 0.2734375000000001
19 0.774935103125 0.23536341875000008 0.7413887781249999 0.23536341875000008 0.7413887781249999 0.27812500000000007 0.774935103125 0.27812500000000007
19 0.6546875 0.2430011984375001 0.613610721875 0.2430011984375001 0.613610721875 0.2734375000000001 0.6546875 0.2734375000000001
19 0.9328125 0.2585637968750001 0.903951178125 0.2585637968750001 0.903951178125 0.2906250000000001 0.9328125 0.2906250000000001
19 0.9015625 0.2585637968750001 0.8676218062500001 0.2585637968750001 0.8676218062500001 0.2906250000000001 0.9015625 0.2906250000000001
19 0.8609375 0.2569588656250001 0.8304412937500001 0.2569588656250001 0.8304412937500001 0.2968750000000001 0.8609375 0.2968750000000001
19 0.3640625 0.25643220781250003 0.2751996796875 0.2564322078125 0.2751996796875 0.31718750000000007 0.3640625 0.31718750000000007
19 0.42615814687500003 0.25781250000000006 0.336701278125 0.2578125 0.336701278125 0.31718750000000007 0.42615814687500003 0.31718750000000007
19 0.4703125 0.2432333265625001 0.41204572656250005 0.2432333265625001 0.41204572656250005 0.3312500000000001 0.4703125 0.3312500000000001
19 0.3075828671875 0.259375 0.2181259984375 0.259375 0.2181259984375 0.3184105421875 0.3075828671875 0.3184105421875
19 0.2453125 0.2566917921875 0.15662440156250004 0.2566917921875 0.15662440156250004 0.3203125 0.2453125 0.3203125
19 0.5203125 0.2637280359375001 0.47289586562499997 0.2637280359375001 0.47289586562499997 0.3281250000000001 0.5203125 0.3281250000000001
19 0.621875 0.2618135984375001 0.5720547140625001 0.2618135984375001 0.5720547140625001 0.3281250000000001 0.621875 0.3281250000000001
19 0.58125 0.2710338468750001 0.5137280343749999 0.2710338468750001 0.5137280343749999 0.3213533343750001 0.58125 0.3213533343750001
19 0.7030051921875 0.2810528156250001 0.666263978125 0.2810528156250001 0.666263978125 0.3156250000000001 0.7030051921875 0.3156250000000001
19 0.825 0.27754592812500006 0.7892147546875 0.27754592812500006 0.7892147546875 0.3265625000000001 0.825 0.3265625000000001
19 0.7903254796875 0.2839956062500001 0.7408047140625 0.2839956062500001 0.7408047140625 0.3203125000000001 0.7903254796875 0.3203125000000001
19 0.7484375 0.2877795531250001 0.7012355218749999 0.2877795531250001 0.7012355218749999 0.3218750000000001 0.7484375 0.3218750000000001
19 0.659375 0.28308705937500006 0.624997503125 0.28308705937500006 0.624997503125 0.3281250000000001 0.659375 0.3281250000000001
19 0.8984375 0.2973766968750001 0.8625 0.2973766968750001 0.8625 0.3218750000000001 0.8984375 0.3218750000000001
19 0.934375 0.2953973640625001 0.9043380593749999 0.2953973640625001 0.9043380593749999 0.3233526359375001 0.934375 0.3233526359375001
19 0.8578125 0.2940420328125001 0.828791434375 0.2940420328125001 0.828791434375 0.3234375000000001 0.8578125 0.3234375000000001
19 0.42642771562500004 0.37542931406250013 0.3673222843750001 0.37542931406250013 0.3673222843750001 0.4421875 0.42642771562500004 0.4421875
19 0.4859375 0.3738318687500001 0.42983975625 0.3738318687500001 0.42983975625 0.44375 0.4859375 0.44375
19 0.23437500000000008 0.373771965625 0.16984325000000006 0.373771965625 0.16984325000000006 0.44375 0.23437500000000008 0.44375
19 0.2953125000000001 0.3750124796875 0.23645417343750008 0.3750124796875 0.23645417343750008 0.4453000203125 0.2953125000000001 0.4453000203125
19 0.55 0.3737719656250001 0.490625 0.3737719656250001 0.490625 0.44375 0.55 0.44375
19 0.3609375000000001 0.375404353125 0.3017546921875001 0.375404353125 0.3017546921875001 0.446490615625 0.3609375000000001 0.446490615625
19 0.60625 0.3880291531250001 0.55001248125 0.3880291531250001 0.55001248125 0.440625 0.60625 0.440625
19 0.8964381984375001 0.3896365812500001 0.8397289328124999 0.3896365812500001 0.8397289328124999 0.4421875000000002 0.8964381984375001 0.4421875000000002
19 0.721875 0.39053264843750013 0.6671875 0.39053264843750013 0.6671875 0.44375 0.721875 0.44375
19 0.834375 0.3899211265625001 0.7828599234375 0.3899211265625001 0.7828599234375 0.44503294843750013 0.834375 0.44503294843750013
19 0.7810228625 0.3894294140625001 0.724313596875 0.3894294140625001 0.724313596875 0.4437500000000001 0.7810228625 0.4437500000000002
19 0.6625 0.3887579875000001 0.61171875 0.3887579875000001 0.61171875 0.45 0.6625 0.45
19 0.846875 0.4772538937500002 0.812068190625 0.4772538937500002 0.812068190625 0.5218750000000002 0.846875 0.5218750000000002
19 0.7703125 0.47968750000000016 0.7352760578125 0.47968750000000016 0.7352760578125 0.5250000000000001 0.7703125 0.5250000000000001
19 0.8890625 0.4829847250000002 0.8446660343750001 0.4829847250000002 0.8446660343750001 0.5187500000000002 0.8890625 0.5187500000000002
19 0.734375 0.4848467453125001 0.6897489015625 0.4848467453125 0.6897489015625 0.5203125000000001 0.734375 0.5203125000000002
19 0.8078125 0.47968750000000016 0.773435003125 0.47968750000000016 0.773435003125 0.5250000000000001 0.8078125 0.5250000000000001
19 0.653125 0.4866638375 0.6083141953125 0.4866638375 0.6083141953125 0.521875 0.653125 0.521875
19 0.6921875 0.48580770624999997 0.647052215625 0.48580770624999997 0.647052215625 0.521875 0.6921875 0.521875
19 0.4279377984375 0.52046475625 0.3736247000000001 0.52046475625 0.3736247000000001 0.57797274375 0.4279377984375 0.57797274375
19 0.6125 0.5206694296875 0.55541883125 0.5206694296875 0.55541883125 0.5765625 0.6125 0.5765625
19 0.3687500000000001 0.5195387390625 0.3126023359375001 0.5195387390625 0.3126023359375001 0.578125 0.3687500000000001 0.578125
19 0.4890625 0.521068790625 0.431235025 0.521068790625 0.431235025 0.578125 0.4890625 0.578125
19 0.5515625 0.5206694296875 0.490625 0.5206694296875 0.490625 0.5765625 0.5515625 0.5765625
19 0.30937500000000007 0.51926916875 0.2526632390625001 0.51926916875 0.2526632390625001 0.575 0.30937500000000007 0.575
19 0.24837510000000007 0.52262879375 0.19166583437500004 0.52262879375 0.19166583437500007 0.58125 0.24837510000000007 0.58125
19 0.859013078125 0.5315245609375002 0.8206744203125 0.5315245609375002 0.8206744203125 0.5778504390625001 0.859013078125 0.5778504390625001
19 0.7375 0.5375000000000001 0.6940470249999999 0.5375 0.6940470249999999 0.5731304921875001 0.7375 0.5731304921875002
19 0.8984375 0.5323732031250001 0.8607453078124999 0.5323732031250001 0.8607453078124999 0.5781250000000002 0.8984375 0.5781250000000002
19 0.6515625 0.533486421875 0.6187649765625001 0.533486421875 0.6187649765625001 0.579013578125 0.6515625 0.579013578125
19 0.7796875 0.5373826875000002 0.734484825 0.5373826875000002 0.734484825 0.5750000000000002 0.7796875 0.5750000000000002
19 0.6921875 0.5340055921875 0.6568515359375 0.5340055921875 0.6568515359375 0.5796875 0.6921875 0.5796875
19 0.8140625 0.5315245609375002 0.779685003125 0.5315245609375002 0.779685003125 0.5778504390625001 0.8140625 0.5778504390625001
19 0.7625 0.6022364218750001 0.7351886984375 0.6022364218750001 0.7351886984375 0.6477635781250002 0.7625 0.6477635781250002
19 0.7296875 0.6018370609375001 0.7016298921875 0.6018370609375 0.7016298921875 0.6481629390625001 0.7296875 0.6481629390625001
19 0.840625 0.6109449875000001 0.794728434375 0.6109449875000001 0.794728434375 0.6390625000000002 0.840625 0.6390625000000002
19 0.865625 0.6022189500000001 0.8381689296875001 0.6022189500000001 0.8381689296875001 0.6453125000000002 0.865625 0.6453125000000002
19 0.796875 0.6018370609375002 0.768817390625 0.6018370609375002 0.768817390625 0.6481629390625001 0.796875 0.6481629390625001
19 0.6609375 0.6042681703125 0.6322958265625 0.6042681703125 0.6322958265625 0.65 0.6609375 0.65
19 0.698005690625 0.6038163937500001 0.666056809375 0.6038163937500001 0.666056809375 0.64774610625 0.698005690625 0.64774610625
19 0.734375 0.6541658343750001 0.693892271875 0.654165834375 0.693892271875 0.6828125 0.734375 0.6828125000000002
19 0.90625 0.6571211062500002 0.8636681296875001 0.6571211062500002 0.8636681296875001 0.6859375000000002 0.90625 0.6859375000000002
19 0.6965455281249999 0.6500449265625 0.666194090625 0.6500449265625 0.666194090625 0.6953125 0.6965455281249999 0.6953125
19 0.7624326078125 0.6502745609375002 0.7328798921875 0.6502745609375002 0.7328798921875 0.6953125000000002 0.7624326078125 0.6953125000000002
19 0.8734375 0.6588208859375002 0.827990215625 0.6588208859375002 0.827990215625 0.6859375000000002 0.8734375 0.6859375000000002
19 0.803125 0.6574480828125002 0.757872403125 0.6574480828125002 0.757872403125 0.6875000000000002 0.803125 0.6875000000000002
19 0.83125 0.6502745609375002 0.80201178125 0.6502745609375002 0.80201178125 0.6953125000000002 0.83125 0.6953125000000002
19 0.6625 0.6515625 0.6328125 0.6515625 0.6328125 0.696875 0.6625 0.696875