19 0.6453125 0.620703125 0.6109375 0.620703125 0.6109375 0.6453125 0.6453125 0.6453125
19 0.53125 0.615234375 0.5046875 0.615234375 0.5046875 0.6484375 0.53125 0.6484375
19 0.58984375 0.619921875 0.55625 0.619921875 0.55625 0.64375 0.58984375 0.64375
19 0.6125 0.616015625 0.5890625 0.616015625 0.5890625 0.6484375 0.6125 0.6484375
19 0.696875 0.617578125 0.671875 0.617578125 0.671875 0.65 0.696875 0.65
19 0.5578125 0.614453125 0.534765625 0.614453125 0.534765625 0.6484375 0.5578125 0.6484375
19 0.6671875 0.613671875 0.643359375 0.613671875 0.643359375 0.6484375 0.6671875 0.6484375
19 0.784375 0.6222656250000002 0.75 0.6222656250000002 0.75 0.6437500000000002 0.784375 0.6437500000000002
19 0.7234375 0.614453125 0.701953125 0.614453125 0.701953125 0.6484375 0.7234375 0.6484375
19 0.7515625 0.6160156250000002 0.729296875 0.6160156250000002 0.729296875 0.6500000000000001 0.7515625 0.6500000000000001
19 0.8109375 0.6238281250000002 0.778125 0.6238281250000002 0.778125 0.6437500000000002 0.8109375 0.6437500000000002
19 0.85 0.6281250000000002 0.8328125 0.6281250000000002 0.8328125 0.6500000000000001 0.85 0.6500000000000001
19 0.8296875 0.6296875000000002 0.808984375 0.6296875000000002 0.808984375 0.6468750000000002 0.8296875 0.6468750000000002
19 0.8765625 0.6296875000000002 0.855078125 0.6296875000000002 0.855078125 0.6484375000000002 0.8765625 0.6484375000000002
19 0.923046875 0.6300781250000002 0.903515625 0.6300781250000002 0.903515625 0.6468750000000002 0.923046875 0.6468750000000002
19 0.903125 0.6312500000000002 0.8828125 0.6312500000000002 0.8828125 0.6515625000000002 0.903125 0.6515625000000002
19 0.7359375 0.6703125000000001 0.6953125 0.6703125 0.6953125 0.7250000000000001 0.7359375 0.7250000000000002
19 0.784375 0.6746093750000002 0.73203125 0.6746093750000002 0.73203125 0.7218750000000002 0.784375 0.7218750000000002
19 0.8296875 0.6789062500000002 0.777734375 0.6789062500000002 0.777734375 0.7203125000000001 0.8296875 0.7203125000000001
19 0.696875 0.678125 0.644140625 0.678125 0.644140625 0.721875 0.696875 0.721875
19 0.915625 0.6777343750000002 0.86328125 0.6777343750000002 0.86328125 0.7187500000000002 0.915625 0.7187500000000002
19 0.8734375 0.6796875000000002 0.820703125 0.6796875000000002 0.820703125 0.7234375000000002 0.8734375 0.7234375000000002
19 0.646875 0.679296875 0.603515625 0.679296875 0.603515625 0.7234375 0.646875 0.7234375
19 0.6015625 0.680078125 0.553515625 0.680078125 0.553515625 0.721875 0.6015625 0.721875
19 0.5546875 0.678125 0.510546875 0.678125 0.510546875 0.725 0.5546875 0.725
19 0.6859375000000002 0.75 0.6425781250000002 0.75 0.6425781250000002 0.7953125 0.6859375000000002 0.7953125
19 0.7312500000000002 0.7484375000000001 0.6890625000000001 0.7484375 0.6890625000000001 0.7968750000000001 0.7312500000000002 0.7968750000000002
19 0.7750000000000001 0.7531250000000002 0.7296875000000002 0.7531250000000002 0.7296875000000002 0.7953125000000002 0.7750000000000001 0.7953125000000002
19 0.9140625 0.7531250000000002 0.871875 0.7531250000000002 0.871875 0.7953125000000002 0.9140625 0.7953125000000002
19 0.5968750000000002 0.75390625 0.5527343750000002 0.75390625 0.5527343750000002 0.796875 0.5968750000000002 0.796875
19 0.8234375 0.7546875000000002 0.7753906250000002 0.7546875000000002 0.7753906250000002 0.7968750000000002 0.8234375 0.7968750000000002
19 0.871875 0.7546875000000002 0.8296875 0.7546875000000002 0.8296875 0.7968750000000002 0.871875 0.7968750000000002
19 0.6421875000000001 0.75546875 0.6003906250000002 0.75546875 0.6003906250000002 0.7984375 0.6421875000000001 0.7984375
19 0.5468750000000002 0.7609375 0.5140625000000002 0.7609375 0.5140625000000002 0.803125 0.5468750000000002 0.803125
19 0.7234375000000002 0.8421875 0.6910156250000001 0.8421875 0.6910156250000001 0.875 0.7234375000000002 0.875
19 0.6109375000000001 0.841796875 0.5777343750000001 0.841796875 0.5777343750000001 0.8765625 0.6109375000000001 0.8765625
19 0.6859375000000002 0.8421875 0.6535156250000002 0.8421875 0.6535156250000002 0.878125 0.6859375000000002 0.878125
19 0.5750000000000002 0.84375 0.5437500000000002 0.84375 0.5437500000000002 0.8796875 0.5750000000000002 0.8796875
19 0.6484375000000002 0.84375 0.6144531250000002 0.84375 0.6144531250000002 0.878125 0.6484375000000002 0.878125
19 0.7437500000000001 0.846875 0.7269531250000002 0.846875 0.7269531250000002 0.8765625 0.7437500000000001 0.8765625
19 0.5375000000000002 0.8453125 0.5066406250000002 0.8453125 0.5066406250000002 0.8796875 0.5375000000000002 0.8796875
19 0.7703125000000002 0.8484375 0.7464843750000002 0.8484375 0.7464843750000002 0.878125 0.7703125000000002 0.878125
19 0.8234375 0.848828125 0.800390625 0.848828125 0.800390625 0.8765625 0.8234375 0.8765625
19 0.8515625 0.8484375 0.829296875 0.8484375 0.829296875 0.878125 0.8515625 0.878125
19 0.884375 0.853125 0.851953125 0.853125 0.851953125 0.8765625 0.884375 0.8765625
19 0.9109375 0.85390625 0.879296875 0.85390625 0.879296875 0.875 0.9109375 0.875
19 0.801171875 0.852734375 0.7738281250000002 0.852734375 0.7738281250000002 0.875 0.801171875 0.875
19 0.5859375 0.499609375 0.551171875 0.499609375 0.551171875 0.5578125 0.5859375 0.5578125
19 0.54375 0.498046875 0.50625 0.498046875 0.50625 0.5578125 0.54375 0.5578125
19 0.6796875 0.511328125 0.621875 0.511328125 0.621875 0.546875 0.6796875 0.546875
19 0.6375 0.5125 0.578515625 0.5125 0.578515625 0.546875 0.6375 0.546875
19 0.81875 0.6046875000000002 0.8015625 0.6046875000000002 0.8015625 0.6187500000000001 0.81875 0.6187500000000001
19 0.8453125 0.6015625000000002 0.8234375 0.6015625000000002 0.8234375 0.6234375000000002 0.8453125 0.6234375000000002
19 0.8671875 0.6046875000000002 0.847265625 0.6046875000000002 0.847265625 0.6218750000000002 0.8671875 0.6218750000000002
19 0.9078125 0.6042968750000002 0.890625 0.6042968750000002 0.890625 0.6218750000000002 0.9078125 0.6218750000000002
19 0.8875 0.6046875000000002 0.8703125 0.6046875000000002 0.8703125 0.6218750000000002 0.8875 0.6218750000000002