19 0.76875 0.1921875000000001 0.7140625 0.1921875000000001 0.7140625 0.29375000000000007 0.76875 0.29375000000000007
19 0.8578125 0.2234375000000001 0.758203125 0.2234375000000001 0.758203125 0.2734375000000001 0.8578125 0.2734375000000001
19 0.9 0.2003906250000001 0.8484375 0.2003906250000001 0.8484375 0.3000000000000001 0.9 0.3000000000000001
19 0.9859375 0.22851562500000008 0.8859375 0.22851562500000008 0.8859375 0.2812500000000001 0.9859375 0.2812500000000001
19 0.13750000000000004 0.30234375 0.038671875000000036 0.30234375 0.03867187500000004 0.4125 0.13750000000000004 0.4125
19 0.25781250000000006 0.312890625 0.15742187500000004 0.312890625 0.15742187500000004 0.409375 0.2578125000000001 0.409375
19 0.3765625 0.30664062500000006 0.27421875 0.306640625 0.27421875000000007 0.4140625 0.3765625000000001 0.4140625
19 0.4984375 0.3109375000000001 0.3953125 0.3109375000000001 0.39531250000000007 0.4125 0.4984375 0.4125
19 0.5921875 0.3277343750000001 0.510546875 0.3277343750000001 0.510546875 0.4125 0.5921875 0.4125
19 0.6890625 0.3359375000000001 0.607421875 0.3359375000000001 0.607421875 0.4140625 0.6890625 0.4140625
19 0.771875 0.3375000000000001 0.690625 0.3375000000000001 0.690625 0.41875000000000007 0.771875 0.4187500000000002
19 0.84375 0.3578125000000001 0.771875 0.3578125000000001 0.771875 0.4046875000000002 0.84375 0.4046875000000002
19 0.896875 0.3585937500000001 0.82578125 0.3585937500000001 0.82578125 0.40625000000000017 0.896875 0.40625000000000017
19 0.953125 0.3625000000000001 0.88125 0.3625000000000001 0.88125 0.40937500000000016 0.953125 0.40937500000000016
19 0.17031250000000006 0.44765625 0.05078125000000004 0.44765625 0.050781250000000056 0.55 0.1703125000000001 0.55
19 0.7140625 0.470703125 0.674609375 0.470703125 0.674609375 0.524609375 0.7140625 0.524609375
19 0.27812500000000007 0.45234375 0.16015625000000006 0.45234375 0.16015625000000006 0.546875 0.27812500000000007 0.546875
19 0.828125 0.47656250000000017 0.792578125 0.47656250000000017 0.792578125 0.5250000000000001 0.828125 0.5250000000000001
19 0.778125 0.4828125000000002 0.7296875 0.4828125000000002 0.7296875 0.5203125000000002 0.778125 0.5203125000000002
19 0.3750000000000001 0.458984375 0.25859375000000007 0.458984375 0.25859375000000007 0.5421875 0.3750000000000001 0.5421875
19 0.4578125 0.47265625 0.3648437500000001 0.47265625 0.3648437500000001 0.5515625 0.4578125 0.5515625
19 0.5359375 0.465625 0.4578125 0.465625 0.4578125 0.5609375 0.5359375 0.5609375
19 0.596875 0.49375 0.54375 0.49375 0.54375 0.5625 0.596875 0.5625
19 0.9328125 0.4832031250000002 0.86875 0.4832031250000002 0.86875 0.5718750000000001 0.9328125 0.5718750000000001
19 0.6578125 0.495703125 0.605078125 0.495703125 0.605078125 0.5609375 0.6578125 0.5609375
19 0.7109375 0.518359375 0.673046875 0.518359375 0.673046875 0.565625 0.7109375 0.565625
19 0.775 0.5238281250000002 0.728125 0.5238281250000002 0.728125 0.5609375000000002 0.775 0.5609375000000002
19 0.8296875 0.5230468750000001 0.78125 0.5230468750000001 0.78125 0.5609375000000002 0.8296875 0.5609375000000002