19 0.95 0.3568229171875001 0.9198958328125 0.3568229171875001 0.9198958328125 0.3859375000000001 0.95 0.3859375000000001
19 0.909375 0.35625000000000007 0.8790625000000001 0.35625000000000007 0.8790625000000001 0.3906250000000001 0.909375 0.3906250000000001
19 0.8703125 0.3583333328125001 0.8419270828125001 0.3583333328125001 0.8419270828125001 0.3859375000000001 0.8703125 0.3859375000000001
19 0.8484374984375 0.3734375000000001 0.8051041671875 0.3734375000000001 0.8051041671875 0.42968750000000017 0.8484374984375 0.42968750000000017
19 0.7921875 0.37526041562500007 0.7515625 0.37526041562500007 0.7515625 0.4281250000000002 0.7921875 0.4281250000000002
19 0.985625 0.3892708328125001 0.9484375 0.3892708328125001 0.9484375 0.4265625000000002 0.985625 0.4265625000000002
19 0.9359375 0.3908333328125001 0.90140625 0.3908333328125001 0.90140625 0.4281250000000002 0.9359375 0.4281250000000002
19 0.8905729156250001 0.3922395828125001 0.854739584375 0.3922395828125001 0.854739584375 0.4265625000000002 0.8905729156250001 0.4265625000000002
19 0.940625 0.47317708281250015 0.8881249999999999 0.47317708281250015 0.8881249999999999 0.5203125000000002 0.940625 0.5203125000000002
19 1 0.47526041718750023 0.9517187515625001 0.47526041718750023 0.9517187515625001 0.5203125000000002 1 0.5203125000000002
19 0.86875 0.46875000000000017 0.821875 0.46875000000000017 0.821875 0.5250000000000001 0.86875 0.5250000000000001
19 0.8109375 0.47531250000000014 0.7555208328125 0.47531250000000014 0.7555208328125 0.5218750000000002 0.8109375 0.5218750000000002
19 0.7421875 0.47343750000000007 0.69703125 0.4734375 0.69703125 0.5250000000000001 0.7421875 0.5250000000000001
19 0.678125 0.4765625 0.626875 0.4765625 0.626875 0.521875 0.678125 0.521875
19 0.6140625 0.4734375 0.570364584375 0.4734375 0.570364584375 0.525 0.6140625 0.525
19 0.49052083281250003 0.4765625 0.43135416718749997 0.4765625 0.43135416718749997 0.5234375 0.49052083281250003 0.5234375
19 0.546875 0.472916665625 0.5015625 0.472916665625 0.5015625 0.525 0.546875 0.525
19 0.63125 0.5484375 0.5546875 0.5484375 0.5546875 0.6046875 0.63125 0.6046875
19 0.7875 0.5503125000000001 0.7136458328125 0.5503125 0.7136458328125 0.6015625000000001 0.7875 0.6015625000000002
19 0.696875 0.541041665625 0.6470312500000001 0.541041665625 0.6470312500000001 0.61875 0.696875 0.61875
19 0.8609375 0.5630729156250002 0.7931250000000001 0.5630729156250002 0.7931250000000001 0.6015625000000002 0.8609375 0.6015625000000002
19 0.9806250000000001 0.5529166671875002 0.94375 0.5529166671875002 0.94375 0.6140625000000002 0.9806250000000001 0.6140625000000002
19 0.9140625 0.5505729156250002 0.8756770843749999 0.5505729156250002 0.8756770843749999 0.6140625000000002 0.9140625 0.6140625000000002
19 0.975 0.6282291656250002 0.9047916671875 0.6282291656250002 0.9047916671875 0.6796875000000002 0.975 0.6796875000000002
19 0.828125 0.6230729156250001 0.7552604171875 0.6230729156250001 0.7552604171875 0.6796875000000002 0.828125 0.6796875000000002
19 0.8984375 0.6251562500000002 0.8305208343749999 0.6251562500000002 0.8305208343749999 0.6796875000000002 0.8984375 0.6796875000000002
19 0.665625 0.6174999999999999 0.609375 0.6174999999999999 0.609375 0.6890625 0.665625 0.6890625
19 0.7421875 0.6156770828125001 0.6864583328125 0.6156770828125 0.6864583328125 0.690625 0.7421875 0.6906250000000002