19 0.11794020000000009 0.5913621265625 0.03903654531250007 0.5913621265625 0.03903654531250007 0.6561461796875 0.11794020000000009 0.6561461796875
19 0.28405315625000005 0.59302325625 0.2051495015625001 0.59302325625 0.2051495015625001 0.65697674375 0.28405315625000005 0.65697674375
19 0.2009966781250001 0.59302325625 0.1229235875000001 0.59302325625 0.1229235875000001 0.657807309375 0.2009966781250001 0.657807309375
19 0.3604651156250001 0.5913621265625 0.2865448500000001 0.5913621265625 0.2865448500000001 0.6594684390625 0.3604651156250001 0.6594684390625
19 0.423588040625 0.6096345515625 0.3662790703125001 0.6096345515625 0.3662790703125001 0.657807309375 0.423588040625 0.657807309375
19 0.7458471765625 0.6112956812500001 0.6943521593749999 0.61129568125 0.6943521593749999 0.6594684390625001 0.7458471765625 0.6594684390625002
19 0.6179401999999999 0.6096345515625 0.5606312296875 0.6096345515625 0.5606312296875 0.65697674375 0.6179401999999999 0.65697674375
19 0.5531561468749999 0.61129568125 0.49833887031249996 0.61129568125 0.49833887031249996 0.6594684390625 0.5531561468749999 0.6594684390625
19 0.6860465109375 0.61129568125 0.6287375421875 0.61129568125 0.6287375421875 0.6594684390625 0.6860465109375 0.6594684390625
19 0.490033221875 0.6096345515625 0.43106312343750003 0.6096345515625 0.43106312343750003 0.657807309375 0.490033221875 0.657807309375
19 0.9667774093749999 0.6295681062500001 0.9127906984375 0.6295681062500001 0.9127906984375 0.6578073093750001 0.9667774093749999 0.6578073093750001
19 0.9086378734375 0.6295681062500001 0.860465115625 0.6295681062500001 0.860465115625 0.6578073093750001 0.9086378734375 0.6578073093750001
19 0.8554817281249999 0.6295681062500001 0.8073089703124999 0.6295681062500001 0.8073089703124999 0.6586378734375001 0.8554817281249999 0.6586378734375001
19 0.8039867109375001 0.6295681062500001 0.755813953125 0.6295681062500001 0.755813953125 0.6586378734375001 0.8039867109375001 0.6586378734375001