19 0.77265625 0.10312500000000009 0.721875 0.10312500000000009 0.721875 0.1750000000000001 0.77265625 0.1750000000000001
19 0.83515625 0.1062500000000001 0.78125 0.1062500000000001 0.78125 0.1750000000000001 0.83515625 0.1750000000000001
19 0.7140625 0.11250000000000009 0.646875 0.11250000000000009 0.646875 0.1765625000000001 0.7140625 0.1765625000000001
19 0.8875 0.1140625000000001 0.834375 0.1140625000000001 0.834375 0.1765625000000001 0.8875 0.1765625000000001
19 0.72421875 0.2312500000000001 0.6859375 0.2312500000000001 0.6859375 0.3140625000000001 0.72421875 0.3140625000000001
19 0.68046875 0.2328125000000001 0.6421875 0.2328125000000001 0.6421875 0.3179687500000001 0.68046875 0.3179687500000001
19 0.9515625 0.25468750000000007 0.921875 0.25468750000000007 0.921875 0.31718750000000007 0.9515625 0.31718750000000007
19 0.8640625 0.25468750000000007 0.828125 0.25468750000000007 0.828125 0.31718750000000007 0.8640625 0.31718750000000007
19 0.90703125 0.2562500000000001 0.871875 0.2562500000000001 0.871875 0.3187500000000001 0.90703125 0.3187500000000001
19 0.72265625 0.3812500000000001 0.6875 0.3812500000000001 0.6875 0.4109375 0.72265625 0.4109375
19 0.76796875 0.3812500000000001 0.728125 0.3812500000000001 0.728125 0.4125000000000002 0.76796875 0.4125000000000002
19 0.68359375 0.3843750000000001 0.65 0.3843750000000001 0.65 0.41171875 0.68359375 0.41171875
19 0.15859375000000003 0.3578125 0.09375000000000004 0.3578125 0.09375000000000006 0.45625 0.15859375000000003 0.45625
19 0.22890625000000003 0.3578125 0.16406250000000006 0.3578125 0.16406250000000006 0.45859375 0.2289062500000001 0.45859375
19 0.09140625000000005 0.3578125 0.025000000000000043 0.3578125 0.02500000000000005 0.45859375 0.09140625000000006 0.45859375
19 0.5171875 0.37968750000000007 0.4640625 0.37968750000000007 0.4640625 0.453125 0.5171875 0.453125
19 0.459375 0.37968750000000007 0.4078125 0.37968750000000007 0.4078125 0.45625 0.459375 0.45625
19 0.403125 0.37968750000000007 0.3500000000000001 0.3796875 0.3500000000000001 0.45625 0.403125 0.45625
19 0.3468750000000001 0.3796875 0.29375000000000007 0.3796875 0.29375000000000007 0.45546875 0.3468750000000001 0.45546875
19 0.2882812500000001 0.3796875 0.23437500000000008 0.3796875 0.23437500000000008 0.45625 0.2882812500000001 0.45625
19 0.65546875 0.3968750000000001 0.6109375 0.3968750000000001 0.6109375 0.453125 0.65546875 0.453125
19 0.5640625 0.3984375000000001 0.5171875 0.3984375000000001 0.5171875 0.4546875 0.5640625 0.4546875
19 0.61015625 0.3984375000000001 0.565625 0.3984375000000001 0.565625 0.45625 0.61015625 0.45625
19 0.77578125 0.4156250000000002 0.7375 0.4156250000000002 0.7375 0.44921875000000017 0.77578125 0.44921875000000017
19 0.69453125 0.415625 0.6546875 0.415625 0.6546875 0.45078125 0.69453125 0.45078125
19 0.73671875 0.4156250000000001 0.696875 0.415625 0.696875 0.4515625000000001 0.73671875 0.4515625000000002
19 0.68515625 0.4828125 0.634375 0.4828125 0.634375 0.5546875 0.68515625 0.5546875
19 0.3468750000000001 0.48125 0.27031250000000007 0.48125 0.27031250000000007 0.5546875 0.3468750000000001 0.5546875
19 0.2671875000000001 0.4828125 0.19843750000000004 0.4828125 0.19843750000000007 0.55703125 0.2671875000000001 0.55703125
19 0.74375 0.4843750000000001 0.6921875 0.484375 0.6921875 0.55390625 0.74375 0.5539062500000002
19 0.6296875 0.484375 0.58125 0.484375 0.58125 0.55625 0.6296875 0.55625
19 0.19375000000000006 0.4828125 0.11406250000000004 0.4828125 0.11406250000000007 0.55859375 0.1937500000000001 0.55859375
19 0.790625 0.4968750000000002 0.7484375 0.4968750000000002 0.7484375 0.5531250000000002 0.790625 0.5531250000000002
19 0.11015625000000007 0.4890625 0.03593750000000005 0.4890625 0.03593750000000006 0.56015625 0.1101562500000001 0.56015625
19 0.88828125 0.4968750000000002 0.8484375 0.4968750000000002 0.8484375 0.5546875000000002 0.88828125 0.5546875000000002
19 0.9359375 0.4968750000000002 0.8953125 0.4968750000000002 0.8953125 0.5531250000000002 0.9359375 0.5531250000000002
19 0.40390625 0.4953125 0.3500000000000001 0.4953125 0.3500000000000001 0.5578125 0.40390625 0.5578125
19 0.8375 0.4984375000000002 0.796875 0.4984375000000002 0.796875 0.5539062500000002 0.8375 0.5539062500000002
19 0.46015625 0.4984375 0.40625 0.4984375 0.40625 0.55625 0.46015625 0.55625