19 0.1295379531250001 0.7095709578125 0.06765676562500009 0.7095709578125 0.06765676562500009 0.7879537953125 0.1295379531250001 0.7879537953125
19 0.18729372968750008 0.7095709578125 0.13366336562500009 0.7095709578125 0.13366336562500009 0.7879537953125 0.18729372968750008 0.7879537953125
19 0.2549504953125001 0.711221121875 0.1980198015625001 0.711221121875 0.1980198015625001 0.791254125 0.2549504953125001 0.791254125
19 0.4315181515625001 0.711221121875 0.3844884484375001 0.711221121875 0.3844884484375001 0.791254125 0.43151815156250023 0.791254125
19 0.4892739281250001 0.711221121875 0.44224422499999994 0.711221121875 0.44224422500000005 0.7953795375 0.48927392812500015 0.7953795375
19 0.31435643593750007 0.7508250828125 0.2607260718750001 0.7508250828125 0.2607260718750001 0.791254125 0.31435643593750007 0.791254125
19 0.3778877890625001 0.7508250828125 0.3217821781250001 0.7508250828125 0.3217821781250001 0.791254125 0.3778877890625001 0.791254125
19 0.1361386140625001 0.85643564375 0.051155115625000115 0.85643564375 0.051155115625000115 0.93894389375 0.13613861406250014 0.93894389375
19 0.22524752500000006 0.85643564375 0.14521452187500009 0.85643564375 0.1452145218750001 0.936468646875 0.22524752500000006 0.936468646875
19 0.3226072609375001 0.85643564375 0.23762376250000009 0.85643564375 0.23762376250000009 0.9480198015625 0.3226072609375001 0.9480198015625
19 0.1716171609375 0.178217821875 0.05445544531250002 0.178217821875 0.05445544531250003 0.317656765625 0.17161716093750004 0.317656765625
19 0.29207920781249996 0.18646864687500003 0.17656765625000004 0.186468646875 0.17656765625000004 0.3209570953125 0.29207920781249996 0.3209570953125
19 0.3820132015625 0.21122112187500006 0.3036303625 0.21122112187500003 0.3036303625 0.32838283906250004 0.3820132015625 0.3283828390625001
19 0.4678217828125 0.2145214515625001 0.387788778125 0.2145214515625001 0.387788778125 0.3316831687500001 0.4678217828125 0.3316831687500001
19 0.5536303625000001 0.21947194687500007 0.475247525 0.21947194687500007 0.475247525 0.3325082515625001 0.5536303625000001 0.3325082515625001
19 0.19389438906250006 0.363036303125 0.08085808593750005 0.363036303125 0.08085808593750006 0.47442244218749996 0.19389438906250006 0.47442244218749996
19 0.3127062703125001 0.36633663437499997 0.2013201312500001 0.36633663437499997 0.2013201312500001 0.481848184375 0.3127062703125001 0.481848184375
19 0.3151815187500001 0.534653465625 0.2442244218750001 0.534653465625 0.2442244218750001 0.6485148515625 0.3151815187500001 0.6485148515625
19 0.14521452187500006 0.5396039609375001 0.06765676562500007 0.5396039609375001 0.06765676562500009 0.6452145218750001 0.14521452187500009 0.6452145218750001
19 0.23349835000000008 0.5445544546875001 0.1551155109375001 0.5445544546875001 0.1551155109375001 0.6460396046875 0.23349835000000008 0.6460396046875
19 0.3993399343750001 0.542904290625 0.3234323437500001 0.542904290625 0.3234323437500001 0.65181518125 0.3993399343750001 0.65181518125
19 0.4793729375 0.542904290625 0.40594059375 0.542904290625 0.40594059375 0.653465346875 0.4793729375 0.653465346875