19 0.11562500000000002 0.07812500000000001 0.03281250000000001 0.078125 0.032812500000000015 0.18984375 0.11562500000000005 0.18984375
19 0.2015625 0.08437500000000002 0.11875 0.08437500000000002 0.11875000000000002 0.18906250000000002 0.2015625 0.18906250000000005
19 0.578125 0.08906250000000007 0.5140625 0.08906250000000007 0.5140625 0.19453125000000007 0.578125 0.1945312500000001
19 0.64921875 0.09062500000000008 0.5796875 0.09062500000000007 0.5796875 0.1960937500000001 0.64921875 0.1960937500000001
19 0.7765625 0.10312500000000009 0.7046875 0.10312500000000009 0.7046875 0.19687500000000008 0.7765625 0.19687500000000008
19 0.509375 0.12500000000000006 0.4375 0.12500000000000006 0.4375 0.19375000000000003 0.509375 0.19375000000000003
19 0.434375 0.12968750000000004 0.3875 0.12968750000000004 0.3875 0.19453125000000004 0.434375 0.19453125000000004
19 0.3875 0.12968750000000004 0.3390625 0.12968750000000004 0.3390625 0.19687500000000005 0.3875 0.19687500000000005
19 0.54375 0.465625 0.475 0.465625 0.475 0.5234375 0.54375 0.5234375
19 0.475 0.4640625 0.4140625 0.4640625 0.4140625 0.52421875 0.475 0.52421875
19 0.60859375 0.465625 0.5484375 0.465625 0.5484375 0.52578125 0.60859375 0.52578125
19 0.3695312500000001 0.4671875 0.32500000000000007 0.4671875 0.32500000000000007 0.525 0.3695312500000001 0.525
19 0.41328125 0.4671875 0.3734375000000001 0.4671875 0.3734375000000001 0.525 0.41328125 0.525
19 0.14921875000000004 0.4921875 0.11093750000000005 0.4921875 0.11093750000000005 0.52578125 0.14921875000000004 0.52578125
19 0.10937500000000004 0.490625 0.07187500000000006 0.490625 0.07187500000000006 0.5234375 0.10937500000000004 0.5234375