19 0.42734375 0.08593750000000004 0.3765625 0.08593750000000004 0.3765625 0.13125000000000003 0.42734375 0.13125000000000003
19 0.48515625 0.08593750000000006 0.434375 0.08593750000000004 0.434375 0.13281250000000006 0.48515625 0.13281250000000006
19 0.16015625 0.05937500000000001 0.0859375 0.059375 0.08593750000000001 0.1703125 0.16015625 0.1703125
19 0.2421875 0.059375000000000025 0.1703125 0.059375000000000025 0.1703125 0.17265625 0.2421875 0.17265625000000004
19 0.3703125 0.09687500000000004 0.3171875 0.09687500000000004 0.3171875 0.17656250000000004 0.3703125 0.17656250000000004
19 0.884375 0.0859375000000001 0.8109375 0.08593750000000008 0.8109375 0.18125000000000008 0.884375 0.18125000000000008
19 0.30703125 0.09531250000000004 0.246875 0.09531250000000002 0.246875 0.17343750000000005 0.30703125 0.17343750000000005
19 0.80390625 0.08593750000000008 0.7328125 0.08593750000000008 0.7328125 0.19140625000000008 0.80390625 0.19140625000000008
19 0.7296875 0.10937500000000008 0.6734375 0.10937500000000008 0.6734375 0.18359375000000008 0.7296875 0.18359375000000008
19 0.6609375 0.10781250000000009 0.609375 0.10781250000000009 0.609375 0.18750000000000008 0.6609375 0.18750000000000008
19 0.425 0.13437500000000005 0.3796875 0.13437500000000005 0.3796875 0.18281250000000004 0.425 0.18281250000000004
19 0.478125 0.13750000000000004 0.43125 0.13750000000000004 0.43125 0.18281250000000004 0.478125 0.18281250000000004
19 0.82578125 0.5781250000000002 0.7453125 0.5781250000000002 0.7453125 0.6656250000000001 0.82578125 0.6656250000000001
19 0.7265625 0.5750000000000001 0.6484375 0.575 0.6484375 0.6664062500000001 0.7265625 0.6664062500000002
19 0.6421875 0.590625 0.5625 0.590625 0.5625 0.66640625 0.6421875 0.66640625
19 0.46328125 0.5984375 0.3890625000000001 0.5984375 0.3890625000000001 0.66484375 0.46328125 0.66484375
19 0.3734375000000001 0.5984375 0.3062500000000001 0.5984375 0.3062500000000001 0.66953125 0.3734375000000001 0.66953125
19 0.5515625 0.5984375 0.4734375 0.5984375 0.4734375 0.6703125 0.5515625 0.6703125
19 0.6031250000000001 0.7453125 0.5296875000000002 0.7453125 0.5296875000000002 0.809375 0.6031250000000001 0.809375