19 0.1546875000000001 0.6296875 0.07187500000000006 0.6296875 0.07187500000000008 0.67890625 0.1546875000000001 0.67890625
19 0.5679687500000001 0.7 0.5015625 0.7 0.5015625000000001 0.7421875 0.5679687500000001 0.7421875
19 0.4953125000000001 0.7 0.434375 0.7 0.43437500000000007 0.74296875 0.49531250000000016 0.74296875
19 0.42265625000000007 0.7046875 0.3687500000000001 0.7046875 0.3687500000000001 0.7453125 0.4226562500000002 0.7453125
19 0.3632812500000001 0.70625 0.3078125000000001 0.70625 0.3078125000000001 0.746875 0.3632812500000001 0.746875
19 0.2992187500000001 0.70625 0.2390625000000001 0.70625 0.2390625000000001 0.746875 0.2992187500000001 0.746875
19 0.2367187500000001 0.709375 0.1828125000000001 0.709375 0.1828125000000001 0.75 0.2367187500000001 0.75
19 0.1789062500000001 0.709375 0.12031250000000009 0.709375 0.12031250000000009 0.7515625 0.1789062500000001 0.7515625
19 0.11093750000000009 0.709375 0.04843750000000009 0.709375 0.04843750000000009 0.75234375 0.11093750000000009 0.75234375
19 0.6328125 0.22031250000000008 0.5703125 0.22031250000000008 0.5703125 0.2960937500000001 0.6328125 0.2960937500000001
19 0.5625 0.21875000000000008 0.4984375 0.21875000000000008 0.4984375 0.2945312500000001 0.5625 0.2945312500000001
19 0.7015625 0.2218750000000001 0.6453125 0.2218750000000001 0.6453125 0.2984375000000001 0.7015625 0.2984375000000001
19 0.49140625 0.21875000000000008 0.4203125 0.21875000000000008 0.4203125 0.2984375000000001 0.49140625 0.2984375000000001
19 0.77734375 0.2218750000000001 0.7109375 0.2218750000000001 0.7109375 0.29765625000000007 0.77734375 0.29765625000000007
19 0.83046875 0.23593750000000008 0.7796875 0.23593750000000008 0.7796875 0.3007812500000001 0.83046875 0.3007812500000001
19 0.99765625 0.23593750000000008 0.9484375 0.23593750000000008 0.9484375 0.3000000000000001 0.99765625 0.3000000000000001
19 0.88515625 0.23437500000000008 0.834375 0.23437500000000008 0.834375 0.2984375000000001 0.88515625 0.2984375000000001
19 0.94609375 0.23437500000000008 0.890625 0.23437500000000008 0.890625 0.2992187500000001 0.94609375 0.2992187500000001
19 0.70703125 0.3281250000000001 0.6640625 0.3281250000000001 0.6640625 0.3867187500000001 0.70703125 0.3867187500000001
19 0.76015625 0.3265625000000001 0.715625 0.3265625000000001 0.715625 0.38750000000000007 0.76015625 0.38750000000000007
19 0.65390625 0.3453125000000001 0.6140625 0.3453125000000001 0.6140625 0.3882812500000001 0.65390625 0.3882812500000001
19 0.61015625 0.3453125000000001 0.565625 0.3453125000000001 0.565625 0.38750000000000007 0.61015625 0.38750000000000007
19 0.3460937500000001 0.453125 0.30156250000000007 0.453125 0.30156250000000007 0.47578125 0.3460937500000001 0.47578125
19 0.40859375 0.446875 0.34843750000000007 0.446875 0.34843750000000007 0.50234375 0.40859375 0.50234375
19 0.2445312500000001 0.4484375 0.18437500000000004 0.4484375 0.18437500000000004 0.50390625 0.2445312500000001 0.50390625
19 0.4625 0.4609375 0.4171875 0.4609375 0.4171875 0.49921875 0.4625 0.49921875
19 0.5671875 0.4609375 0.521875 0.4609375 0.521875 0.50078125 0.5671875 0.50078125
19 0.2960937500000001 0.459375 0.2531250000000001 0.459375 0.2531250000000001 0.5015625 0.2960937500000001 0.5015625
19 0.62109375 0.4609375 0.571875 0.4609375 0.571875 0.5015625 0.62109375 0.5015625
19 0.51328125 0.4609375 0.46875 0.4609375 0.46875 0.50078125 0.51328125 0.50078125
19 0.3460937500000001 0.4796875 0.3031250000000001 0.4796875 0.3031250000000001 0.50234375 0.3460937500000001 0.50234375
19 0.2234375000000001 0.5421875 0.14062500000000006 0.5421875 0.14062500000000006 0.5953125 0.2234375000000001 0.5953125
19 0.13125000000000006 0.5421875 0.05156250000000007 0.5421875 0.05156250000000007 0.59765625 0.1312500000000001 0.59765625