19 1 0.1440095531250001 0.89614825625 0.14400955312500008 0.89614825625 0.21250000000000008 1 0.21250000000000008
19 0.7671875 0.15668345000000009 0.649096759375 0.15668345000000009 0.649096759375 0.21067016093750007 0.7671875 0.21067016093750007
19 0.8625 0.1282625625000001 0.807698296875 0.1282625625000001 0.807698296875 0.2406250000000001 0.8625 0.2406250000000001
19 0.13281250000000003 0.1611243765625 0.05196999531250002 0.1611243765625 0.05196999531250002 0.2078125 0.13281250000000006 0.2078125
19 0.17187500000000003 0.143332121875 0.12699335625 0.143332121875 0.12699335625000002 0.228125 0.17187500000000006 0.228125
19 0.7984375 0.1296875000000001 0.7421875 0.1296875000000001 0.7421875 0.2453125000000001 0.7984375 0.2453125000000001
19 0.9515625 0.1618251656250001 0.8412038000000001 0.1618251656250001 0.8412038000000001 0.2140625000000001 0.9515625 0.2140625000000001
19 0.2328125 0.14907599531250004 0.18648775 0.14907599531250004 0.18648775 0.2296875 0.2328125 0.2296875
19 0.5671875 0.3671875000000001 0.4921875 0.3671875000000001 0.4921875 0.4233752078125 0.5671875 0.4233752078125
19 0.37968750000000007 0.352053053125 0.325 0.352053053125 0.32500000000000007 0.42763444687499996 0.37968750000000007 0.42763444687499996
19 0.45 0.3643765578125001 0.3726640359375001 0.3643765578125001 0.3726640359375001 0.4171875 0.45 0.4171875
19 0.4984375 0.35449024062500006 0.4411830359375 0.35449024062500006 0.4411830359375 0.43125 0.4984375 0.43125
19 0.2171875000000001 0.37560215937499997 0.17039815312500003 0.37560215937499997 0.17039815312500003 0.421875 0.2171875000000001 0.421875
19 0.3218750000000001 0.377042671875 0.27677792812500013 0.377042671875 0.27677792812500013 0.4234375 0.3218750000000001 0.4234375
19 0.2671875000000001 0.376842815625 0.22031250000000008 0.376842815625 0.22031250000000008 0.420032184375 0.2671875000000001 0.420032184375
19 0.71680076875 0.49970930312500006 0.6071662171875001 0.49970930312500006 0.6071662171875001 0.5796875 0.71680076875 0.5796875
19 0.8043293171875 0.4957485468750001 0.6930336359375 0.495748546875 0.6930336359375 0.5859375000000001 0.8043293171875 0.5859375000000002
19 0.6109375 0.488128115625 0.5272788625 0.488128115625 0.5272788625 0.59375 0.6109375 0.59375
19 0.8875 0.5001920687500002 0.788673171875 0.5001920687500002 0.788673171875 0.5921875000000002 0.8875 0.5921875000000002
19 0.5203125 0.5099849453124999 0.45786700468749997 0.5099849453124999 0.45786700468749997 0.59375 0.5203125 0.59375
19 0.4609375 0.5203125 0.37626401562500006 0.5203125 0.37626401562500006 0.584375 0.4609375 0.584375
19 0.17777720156250007 0.512588246875 0.11299314843750004 0.512588246875 0.11299314843750005 0.59375 0.1777772015625001 0.59375
19 0.3359375000000001 0.5206135781250001 0.2580201406250001 0.5206135781250001 0.2580201406250001 0.5875 0.3359375000000001 0.5875
19 0.25468750000000007 0.5184593015625001 0.18782184375000005 0.5184593015625001 0.18782184375000005 0.5921875 0.25468750000000007 0.5921875
19 0.3859375000000001 0.5300093453125 0.33683554687500006 0.5300093453125 0.33683554687500006 0.5921875 0.3859375000000001 0.5921875