19 0.798234578125 0.03459821406250009 0.767390421875 0.03459821406250009 0.767390421875 0.10468750000000009 0.798234578125 0.10468750000000009
19 0.78125 0.05468750000000009 0.7099228890625 0.05468750000000009 0.7099228890625 0.08437500000000009 0.78125 0.08437500000000009
19 0.71875 0.03419237031250009 0.690046671875 0.03419237031250009 0.690046671875 0.10468750000000009 0.71875 0.10468750000000009
19 0.6828125 0.03567370156250008 0.6555803578125 0.035673701562500076 0.6555803578125 0.1062500000000001 0.6828125 0.1062500000000001
19 0.6984375 0.2132508125000001 0.6233664765625 0.2132508125000001 0.6233664765625 0.2656250000000001 0.6984375 0.2656250000000001
19 0.6296875 0.2048092531250001 0.5841517859375001 0.2048092531250001 0.5841517859375001 0.2671875000000001 0.6296875 0.2671875000000001
19 0.5828125 0.2146509734375001 0.521428571875 0.2146509734375001 0.521428571875 0.2609375000000001 0.5828125 0.2609375000000001
19 0.975 0.3201907468750001 0.9076907468750001 0.3201907468750001 0.9076907468750001 0.38750000000000007 0.975 0.38750000000000007
19 0.9015625 0.31865868437500006 0.834375 0.31865868437500006 0.834375 0.3843750000000001 0.9015625 0.3843750000000001
19 0.828125 0.3201907468750001 0.7609375 0.3201907468750001 0.7609375 0.38750000000000007 0.828125 0.38750000000000007
19 0.7546875 0.3241172890625001 0.6892045453125 0.3241172890625001 0.6892045453125 0.38750000000000007 0.7546875 0.38750000000000007
19 0.290625 0.33458806874999997 0.234375 0.33458806874999997 0.23437500000000006 0.384375 0.2906250000000001 0.384375
19 0.36406250000000007 0.33028611875 0.3063007296875 0.33028611875 0.30630072968750005 0.39359780781250003 0.36406250000000007 0.3935978078125001
19 0.434375 0.3307325484375001 0.377729303125 0.3307325484375001 0.3777293031250001 0.3937500000000001 0.434375 0.3937500000000001
19 0.22812500000000005 0.334375 0.16601055156250005 0.334375 0.16601055156250005 0.3921875 0.22812500000000008 0.3921875
19 0.5484375 0.33927556718750007 0.5015625 0.33927556718750007 0.5015625 0.3904119312500001 0.5484375 0.3904119312500001
19 0.16403206093750006 0.3359679390625 0.10315543906250005 0.3359679390625 0.10315543906250005 0.3968445625 0.16403206093750006 0.3968445625
19 0.49375 0.3409801125000001 0.44446022812499997 0.3409801125000001 0.44446022812499997 0.3921164765625001 0.49375 0.3921164765625001
19 0.68125 0.3440543828125001 0.6219054374999999 0.3440543828125001 0.6219054374999999 0.3903206171875001 0.68125 0.3903206171875001
19 0.6151887171875 0.3437500000000001 0.5551237828125 0.3437500000000001 0.5551237828125 0.3906250000000001 0.6151887171875 0.3906250000000001
19 0.8703125 0.5781250000000002 0.821875 0.5781250000000002 0.821875 0.6328125000000002 0.8703125 0.6328125000000002
19 0.684375 0.589853896875 0.6401887171875 0.589853896875 0.6401887171875 0.626379871875 0.684375 0.626379871875
19 0.9453125 0.5753145296875002 0.8965909078125 0.5753145296875002 0.8965909078125 0.6359375000000002 0.9453125 0.6359375000000002
19 0.775 0.5921875000000002 0.7282264609375 0.5921875000000002 0.7282264609375 0.6234375000000002 0.775 0.6234375000000002
19 0.6375 0.5858056015625001 0.605428165625 0.5858056015625001 0.605428165625 0.6296875 0.6375 0.6296875
19 0.725 0.59375 0.6824269484375 0.59375 0.6824269484375 0.625 0.725 0.625
19 0.8140625 0.5909598218750002 0.7704951296875 0.5909598218750002 0.7704951296875 0.6265625000000001 0.8140625 0.6265625000000001
19 0.68125 0.66896306875 0.644297890625 0.66896306875 0.644297890625 0.6953125 0.68125 0.6953125
19 0.7140625 0.664153815625 0.6871753234375 0.664153815625 0.6871753234375 0.7 0.7140625 0.7
19 0.75625 0.6637784093750001 0.726095778125 0.6637784093750001 0.726095778125 0.7000000000000002 0.75625 0.7000000000000002
19 0.7950487015625 0.6656250000000001 0.7674512984375 0.6656250000000001 0.7674512984375 0.7000000000000002 0.7950487015625 0.7000000000000002
19 0.9015625 0.7031250000000002 0.872077921875 0.7031250000000002 0.872077921875 0.7250000000000002 0.9015625 0.7250000000000002
19 0.8359375 0.7027698875000001 0.81046063125 0.7027698875000001 0.81046063125 0.7250000000000002 0.8359375 0.7250000000000002
19 0.865625 0.7000913156250002 0.8415990265625 0.7000913156250002 0.8415990265625 0.7296875000000002 0.865625 0.7296875000000002
19 0.9453125 0.7062500000000002 0.909375 0.7062500000000002 0.909375 0.7265625000000002 0.9453125 0.7265625000000002
19 0.6843750000000001 0.722270696875 0.653125 0.722270696875 0.6531250000000001 0.7636668015625 0.6843750000000002 0.7636668015625
19 0.7265625000000001 0.721875 0.6934862015625 0.721875 0.6934862015625001 0.7656250000000001 0.7265625000000002 0.7656250000000002
19 0.7734375000000002 0.7296875000000002 0.7319906656250001 0.7296875000000002 0.7319906656250001 0.7625000000000002 0.7734375000000002 0.7625000000000002
19 0.8150568187499999 0.7312500000000002 0.7752840906250003 0.7312500000000002 0.7752840906250003 0.7625000000000002 0.8150568187499999 0.7625000000000002
19 0.915625 0.7369521109375002 0.8935166390625 0.7369521109375002 0.8935166390625 0.7703125000000002 0.915625 0.7703125000000002
19 0.8515625 0.7436992703125002 0.8203125 0.7436992703125002 0.8203125 0.7656250000000002 0.8515625 0.7656250000000002
19 0.878125 0.7405336843750001 0.8569196421875 0.7405336843750001 0.8569196421875 0.7687500000000002 0.878125 0.7687500000000002
19 0.9578125 0.7453733765625001 0.9254768671875 0.7453733765625001 0.9254768671875 0.7671875000000001 0.9578125 0.7671875000000001