19 0.7890625 0.08945312500000009 0.734765625 0.08945312500000009 0.734765625 0.19531250000000008 0.7890625 0.19531250000000008
19 0.9203125 0.11718750000000011 0.812890625 0.11718750000000008 0.812890625 0.1718750000000001 0.9203125 0.17187500000000014
19 0.8640625 0.1160156250000001 0.7640625 0.1160156250000001 0.7640625 0.17187500000000008 0.8640625 0.17187500000000008
19 0.7609375 0.12031250000000009 0.65625 0.12031250000000009 0.65625 0.17187500000000008 0.7609375 0.17187500000000008
19 0.5203125 0.3519531250000001 0.482421875 0.3519531250000001 0.482421875 0.425 0.5203125 0.425
19 0.5796875 0.3703125000000001 0.506640625 0.3703125000000001 0.506640625 0.409375 0.5796875 0.409375
19 0.6234375 0.3753906250000001 0.549609375 0.3753906250000001 0.549609375 0.4171875 0.6234375 0.4171875
19 0.66875 0.3792968750000001 0.59375 0.3792968750000001 0.59375 0.4203125 0.66875 0.4203125
19 0.7671875 0.37968750000000007 0.684375 0.37968750000000007 0.684375 0.4281250000000001 0.7671875 0.4281250000000002
19 0.7171875 0.3812500000000001 0.6390625 0.3812500000000001 0.6390625 0.428125 0.7171875 0.428125
19 0.3125000000000001 0.45625 0.2890625000000001 0.45625 0.2890625000000001 0.5125 0.3125000000000001 0.5125
19 0.5 0.475 0.4796875 0.475 0.4796875 0.5390625 0.5 0.5390625
19 0.3468750000000001 0.50078125 0.3003906250000001 0.50078125 0.3003906250000001 0.5203125 0.3468750000000001 0.5203125
19 0.5375 0.52734375 0.48515625 0.52734375 0.48515625 0.54375 0.5375 0.54375
19 0.5421875 0.5109375 0.525 0.5109375 0.525 0.5640625 0.5421875 0.5640625
19 0.2921875000000001 0.53125 0.2699218750000001 0.53125 0.2699218750000001 0.59375 0.2921875000000001 0.59375
19 0.440625 0.5484375 0.4265625 0.5484375 0.4265625 0.575 0.440625 0.575
19 0.3421875000000001 0.5359375 0.3183593750000001 0.5359375 0.3183593750000001 0.6046875 0.3421875000000001 0.6046875
19 0.3687500000000001 0.5375 0.3437500000000001 0.5375 0.3437500000000001 0.60625 0.3687500000000001 0.60625
19 0.5015625 0.565234375 0.411328125 0.565234375 0.411328125 0.5875 0.5015625 0.5875
19 0.39531250000000007 0.539453125 0.3722656250000001 0.539453125 0.3722656250000001 0.6078125 0.39531250000000007 0.6078125
19 0.3140625000000001 0.553125 0.29375000000000007 0.553125 0.29375000000000007 0.6 0.3140625000000001 0.6
19 0.49375 0.5453125 0.471875 0.5453125 0.471875 0.6234375 0.49375 0.6234375
19 0.4359375 0.578515625 0.3828125000000001 0.578515625 0.3828125000000001 0.6 0.4359375 0.6
19 0.5328125 0.58828125 0.48046875 0.58828125 0.48046875 0.6078125 0.5328125 0.6078125
19 0.44453125 0.590234375 0.415625 0.590234375 0.415625 0.609375 0.44453125 0.609375
19 0.5359375 0.575 0.518359375 0.575 0.518359375 0.63125 0.5359375 0.63125
19 0.8 0.6179687500000002 0.733984375 0.6179687500000002 0.733984375 0.6562500000000002 0.8 0.6562500000000002
19 0.8390625 0.6093750000000002 0.796875 0.6093750000000002 0.796875 0.6781250000000002 0.8390625 0.6781250000000002
19 0.41406250000000017 0.758203125 0.3828125000000001 0.758203125 0.3828125000000001 0.8078125 0.41406250000000017 0.8078125
19 0.4593750000000002 0.778125 0.4109375000000002 0.778125 0.4109375000000002 0.8078125 0.4593750000000002 0.8078125