19 0.5126582281250001 0.2579113921875001 0.4992088609375 0.2579113921875001 0.4992088609375 0.2856012656250001 0.5126582281250001 0.2856012656250001
19 0.4952531640625 0.2579113921875001 0.48101265781249997 0.2579113921875001 0.48101265781249997 0.2848101265625001 0.4952531640625 0.2848101265625001
19 0.458860759375 0.2594936703125001 0.441455696875 0.2594936703125001 0.441455696875 0.2848101265625001 0.458860759375 0.2848101265625001
19 0.4762658234375 0.2594936703125001 0.4604430375 0.2594936703125001 0.4604430375 0.28639240468750005 0.4762658234375 0.28639240468750005
19 0.4367088609375 0.26424050625000006 0.41930379687499997 0.26424050625000006 0.41930379687499997 0.2911392406250001 0.4367088609375 0.2911392406250001
19 0.3987341765625 0.26424050625000006 0.3829113921875 0.26424050625000006 0.3829113921875 0.2919303796875001 0.3987341765625 0.2919303796875001
19 0.38132911406250003 0.26424050625000006 0.36550632968749996 0.26424050625000006 0.36550632968749996 0.2919303796875001 0.38132911406250003 0.2919303796875001
19 0.416139240625 0.26424050625000006 0.401898734375 0.26424050625000006 0.401898734375 0.2919303796875001 0.416139240625 0.2919303796875001
19 0.36075949375 0.265822784375 0.344936709375 0.265822784375 0.344936709375 0.2935126578125 0.36075949375 0.2935126578125
19 0.3243670890625 0.265822784375 0.3101265828125 0.265822784375 0.3101265828125 0.29272151874999996 0.3243670890625 0.29272151874999996
19 0.30379746875 0.265822784375 0.2879746828125 0.265822784375 0.2879746828125 0.2935126578125 0.30379746875 0.2935126578125
19 0.34177215156249996 0.265822784375 0.3275316453125 0.265822784375 0.3275316453125 0.2935126578125 0.34177215156249996 0.2935126578125
19 0.5490506328125 0.2563291140625001 0.5348101265625 0.2563291140625001 0.5348101265625 0.3077531640625001 0.5490506328125 0.3077531640625001
19 0.5316455703125 0.2594936703125001 0.515822784375 0.2594936703125001 0.515822784375 0.3069620250000001 0.5316455703125 0.3069620250000001
19 0.18512658281250005 0.2737341765625 0.15506329062500004 0.2737341765625 0.15506329062500004 0.3125 0.18512658281250005 0.3125
19 0.15189873437500007 0.2721518984375 0.12420886093750005 0.2721518984375 0.12420886093750005 0.31566455625 0.15189873437500007 0.31566455625
19 0.11708860781250004 0.2737341765625 0.08702531718750003 0.2737341765625 0.08702531718750003 0.3148734171875 0.11708860781250004 0.3148734171875
19 0.21835442968750002 0.27531645625 0.18908227812500006 0.27531645625 0.18908227812500006 0.31566455625 0.21835442968750002 0.31566455625
19 0.8006329109375001 0.4066455703125002 0.7674050640625001 0.4066455703125002 0.7674050640625001 0.4525316453125002 0.8006329109375001 0.4525316453125002
19 0.7610759500000001 0.4066455703125002 0.7310126578125 0.4066455703125002 0.7310126578125 0.4525316453125002 0.7610759500000001 0.4525316453125002
19 0.6613924046874999 0.4113924046875 0.6360759500000001 0.4113924046875 0.6360759500000001 0.45490506406250003 0.6613924046874999 0.45490506406250003
19 0.34018987343750007 0.4034810125 0.3172468359375001 0.4034810125 0.3172468359375001 0.46281645625 0.34018987343750007 0.46281645625
19 0.2879746828125001 0.4034810125 0.2658227843750001 0.4034810125 0.2658227843750001 0.464398734375 0.2879746828125001 0.464398734375
19 0.18670886093750005 0.40506329062499996 0.16218354375000005 0.40506329062499996 0.16218354375000005 0.464398734375 0.18670886093750005 0.464398734375
19 0.26424050625000006 0.4034810125 0.23971519062500007 0.4034810125 0.23971519062500007 0.464398734375 0.26424050625000006 0.464398734375
19 0.7294303796875 0.41139240468750005 0.6993670890625 0.4113924046875 0.6993670890625 0.45490506406250014 0.7294303796875 0.4549050640625002
19 0.31329113906250006 0.40506329062499996 0.28876582343750007 0.40506329062499996 0.28876582343750007 0.464398734375 0.31329113906250006 0.464398734375
19 0.21360759531250012 0.40664557031250004 0.18908227812500006 0.40664557031250004 0.18908227812500006 0.4636075953125 0.21360759531250012 0.4636075953125
19 0.13607595000000003 0.40506329062499996 0.11155063281250004 0.40506329062499996 0.11155063281250004 0.464398734375 0.13607595000000003 0.464398734375
19 0.2357594937500001 0.40506329062499996 0.21360759531250012 0.40506329062499996 0.21360759531250012 0.4636075953125 0.2357594937500001 0.4636075953125
19 0.15981012656250004 0.40664557031250004 0.13924050625000003 0.40664557031250004 0.13924050625000003 0.4651898734375 0.15981012656250004 0.4651898734375
19 0.694620253125 0.41930379687499997 0.6645569625000001 0.41930379687499997 0.6645569625000001 0.45727848125000004 0.694620253125 0.45727848125000004
19 0.6297468359375 0.4145569625 0.598101265625 0.4145569625 0.598101265625 0.4580696203125 0.6297468359375 0.4580696203125
19 0.44303797500000003 0.416139240625 0.42325949375 0.416139240625 0.42325949375 0.4612341765625 0.44303797500000003 0.4612341765625
19 0.3813291140625001 0.416139240625 0.3615506328125001 0.416139240625 0.3615506328125001 0.4636075953125 0.3813291140625001 0.4636075953125
19 0.3607594937500001 0.41772151874999996 0.34098101250000007 0.41772151874999996 0.34098101250000007 0.4636075953125 0.3607594937500001 0.4636075953125
19 0.40031645625 0.41772151874999996 0.3821202531250001 0.41772151874999996 0.3821202531250001 0.4651898734375 0.40031645625 0.4651898734375
19 0.4240506328125 0.41930379687499997 0.40427215156249996 0.41930379687499997 0.40427215156249996 0.464398734375 0.4240506328125 0.464398734375
19 0.4082278484375001 0.697784809375 0.37262658281250005 0.697784809375 0.37262658281250005 0.768196203125 0.4082278484375002 0.768196203125
19 0.24050632968750008 0.694620253125 0.2049050640625001 0.694620253125 0.2049050640625001 0.76977848125 0.24050632968750008 0.76977848125
19 0.2721518984375001 0.6993670890625 0.2389240500000001 0.6993670890625 0.2389240500000001 0.7666139234375 0.2721518984375001 0.7666139234375
19 0.3069620250000001 0.697784809375 0.2713607593750001 0.697784809375 0.2713607593750001 0.76977848125 0.3069620250000001 0.76977848125
19 0.3702531640625001 0.6993670890625 0.33702531718750006 0.6993670890625 0.33702531718750006 0.7666139234375 0.3702531640625001 0.7666139234375
19 0.3354430375000001 0.7025316453125 0.3053797468750001 0.7025316453125 0.3053797468750001 0.7705696203125 0.3354430375000001 0.7705696203125
19 0.43354430312500014 0.901898734375 0.4042721515625002 0.901898734375 0.4042721515625002 0.9691455703124999 0.43354430312500014 0.9691455703124999
19 0.40031645625000023 0.9034810125 0.3710443031250001 0.9034810125 0.3710443031250001 0.9691455703124999 0.40031645625000023 0.9691455703124999
19 0.26424050625000006 0.905063290625 0.23259493593750008 0.905063290625 0.23259493593750008 0.9723101265625 0.26424050625000006 0.9723101265625
19 0.3306962031250001 0.9066455703124999 0.3030063296875001 0.9066455703124999 0.3030063296875001 0.9715189875 0.3306962031250001 0.9715189875
19 0.2974683546875001 0.9082278484374999 0.2681962031250001 0.9082278484374999 0.2681962031250001 0.973101265625 0.2974683546875001 0.973101265625
19 0.3655063296875001 0.9082278484374999 0.3362341765625001 0.9082278484374999 0.3362341765625001 0.973101265625 0.3655063296875001 0.973101265625
19 0.22943037968750007 0.9066455703124999 0.19620253125000015 0.9066455703124999 0.19620253125000015 0.97468354375 0.22943037968750007 0.97468354375
19 0.16297468281250013 0.9082278484374999 0.12974683593750014 0.9082278484374999 0.12974683593750014 0.9754746828125 0.16297468281250013 0.9754746828125
19 0.19462025312500014 0.9082278484374999 0.16534810156250013 0.9082278484374999 0.16534810156250013 0.9754746828125 0.19462025312500014 0.9754746828125
19 0.12658227812500014 0.916139240625 0.0933544296875001 0.916139240625 0.0933544296875001 0.9794303796875001 0.12658227812500014 0.9794303796875001