19 0.821875 0.6246093750000001 0.8 0.6246093750000001 0.8 0.6421875000000001 0.821875 0.6421875000000001
19 0.8421875 0.6246093750000001 0.824609375 0.6246093750000001 0.824609375 0.6421875000000001 0.8421875 0.6421875000000001
19 0.865625 0.6250000000000002 0.847265625 0.6250000000000002 0.847265625 0.6437500000000002 0.865625 0.6437500000000002
19 0.890625 0.6257812500000002 0.87109375 0.6257812500000002 0.87109375 0.6468750000000002 0.890625 0.6468750000000002
19 0.9140625 0.6269531250000002 0.897265625 0.6269531250000002 0.897265625 0.6437500000000002 0.9140625 0.6437500000000002
19 0.8109375 0.6460937500000001 0.77578125 0.6460937500000001 0.77578125 0.6703125000000002 0.8109375 0.6703125000000002
19 0.75390625 0.6449218750000001 0.7203125 0.644921875 0.7203125 0.6687500000000001 0.75390625 0.6687500000000002
19 0.609375 0.64609375 0.57421875 0.64609375 0.57421875 0.6703125 0.609375 0.6703125
19 0.6328125 0.640625 0.60625 0.640625 0.60625 0.6765625 0.6328125 0.6765625
19 0.5515625 0.64453125 0.51484375 0.64453125 0.51484375 0.6703125 0.5515625 0.6703125
19 0.575 0.640625 0.55 0.640625 0.55 0.6765625 0.575 0.6765625
19 0.66875 0.645703125 0.630859375 0.645703125 0.630859375 0.669921875 0.66875 0.669921875
19 0.7828125 0.6453125000000002 0.747265625 0.6453125000000002 0.747265625 0.6718750000000002 0.7828125 0.6718750000000002
19 0.5171875 0.641015625 0.4921875 0.641015625 0.4921875 0.675 0.5171875 0.675
19 0.696875 0.6453125 0.6609375 0.6453125 0.6609375 0.671875 0.696875 0.671875
19 0.721875 0.644140625 0.689453125 0.644140625 0.689453125 0.673046875 0.721875 0.673046875
19 0.93125 0.6546875000000002 0.911328125 0.6546875000000002 0.911328125 0.6718750000000002 0.93125 0.6718750000000002
19 0.83125 0.6531250000000002 0.808203125 0.6531250000000002 0.808203125 0.6750000000000002 0.83125 0.6750000000000002
19 0.88125 0.6542968750000002 0.8609375 0.6542968750000002 0.8609375 0.6734375000000001 0.88125 0.6734375000000001
19 0.85625 0.6546875000000002 0.8359375 0.6546875000000002 0.8359375 0.6750000000000002 0.85625 0.6750000000000002
19 0.90625 0.6566406250000002 0.8875 0.6566406250000002 0.8875 0.6750000000000002 0.90625 0.6750000000000002
19 0.6875000000000001 0.703125 0.632421875 0.703125 0.6324218750000001 0.7453125 0.6875000000000002 0.7453125
19 0.6390625000000001 0.6953125 0.59375 0.6953125 0.5937500000000001 0.753125 0.6390625000000002 0.753125
19 0.5468750000000001 0.694921875 0.497265625 0.694921875 0.4972656250000001 0.7546875 0.5468750000000002 0.7546875
19 0.5984375000000001 0.70390625 0.542578125 0.70390625 0.5425781250000001 0.7484375 0.5984375000000002 0.7484375
19 0.925 0.6984375000000002 0.881640625 0.6984375000000002 0.881640625 0.7546875000000002 0.925 0.7546875000000002
19 0.7828125000000001 0.6984375000000002 0.734765625 0.6984375000000002 0.7347656250000001 0.7562500000000002 0.7828125000000001 0.7562500000000002
19 0.83125 0.7085937500000001 0.78515625 0.7085937500000001 0.7851562500000001 0.7500000000000002 0.83125 0.7500000000000002
19 0.735546875 0.7050781250000001 0.684765625 0.705078125 0.684765625 0.753125 0.7355468750000002 0.7531250000000002
19 0.8828125 0.7078125000000002 0.830078125 0.7078125000000002 0.830078125 0.7515625000000001 0.8828125 0.7515625000000001
19 0.7281250000000001 0.7781250000000001 0.6859375000000002 0.778125 0.6859375000000002 0.8296875 0.7281250000000001 0.8296875
19 0.7781250000000002 0.7812500000000002 0.7296875000000002 0.7812500000000002 0.7296875000000002 0.8265625 0.7781250000000002 0.8265625
19 0.6875000000000002 0.783984375 0.6351562500000002 0.783984375 0.6351562500000002 0.825 0.6875000000000002 0.825
19 0.92109375 0.7839843750000002 0.8765625 0.7839843750000002 0.8765625 0.825 0.92109375 0.825
19 0.825 0.7843750000000002 0.7777343750000002 0.7843750000000002 0.7777343750000002 0.82890625 0.825 0.82890625
19 0.5875000000000001 0.7828125 0.5441406250000002 0.7828125 0.5441406250000002 0.83125 0.5875000000000001 0.83125
19 0.8765625 0.7843750000000002 0.833984375 0.7843750000000002 0.833984375 0.8328125 0.8765625 0.8328125
19 0.6375000000000002 0.784375 0.5921875000000002 0.784375 0.5921875000000002 0.8328125 0.6375000000000002 0.8328125
19 0.5343750000000002 0.791015625 0.5015625000000001 0.791015625 0.5015625000000001 0.8390625 0.5343750000000002 0.8390625
19 0.7265625000000002 0.875 0.6890625000000001 0.875 0.6890625000000001 0.915625 0.7265625000000002 0.915625
19 0.6890625000000001 0.87734375 0.6476562500000002 0.87734375 0.6476562500000002 0.9140625 0.6890625000000001 0.9140625
19 0.6093750000000002 0.8765625 0.5718750000000001 0.8765625 0.5718750000000001 0.915625 0.6093750000000002 0.915625
19 0.6500000000000001 0.878125 0.6093750000000002 0.878125 0.6093750000000002 0.915625 0.6500000000000001 0.915625
19 0.5703125000000002 0.878125 0.5328125000000001 0.878125 0.5328125000000001 0.91875 0.5703125000000002 0.91875
19 0.89296875 0.885546875 0.859375 0.885546875 0.859375 0.909375 0.89296875 0.909375
19 0.8609375 0.880859375 0.833984375 0.880859375 0.833984375 0.9140625 0.8609375 0.9140625
19 0.834375 0.880859375 0.8078125 0.880859375 0.8078125 0.9140625 0.834375 0.9140625
19 0.9171875 0.8828125 0.891015625 0.8828125 0.891015625 0.915625 0.9171875 0.915625
19 0.7812500000000002 0.886328125 0.7468750000000002 0.886328125 0.7468750000000002 0.9109375 0.7812500000000002 0.9109375
19 0.809375 0.88671875 0.7773437500000002 0.88671875 0.7773437500000002 0.9109375 0.809375 0.9109375
19 0.7531250000000002 0.888671875 0.7214843750000002 0.888671875 0.7214843750000002 0.9109375 0.7531250000000002 0.9109375
19 0.5312500000000002 0.8828125 0.4937500000000002 0.8828125 0.4937500000000002 0.91875 0.5312500000000002 0.91875
19 0.8421875 0.5156250000000002 0.8046875 0.5156250000000002 0.8046875 0.5796875000000001 0.8421875 0.5796875000000001
19 0.9328125 0.5156250000000002 0.8921875 0.5156250000000002 0.8921875 0.5796875000000001 0.9328125 0.5796875000000001
19 0.9 0.5281250000000002 0.837890625 0.5281250000000002 0.837890625 0.5656250000000002 0.9 0.5656250000000002
19 0.715625 0.52890625 0.65546875 0.52890625 0.65546875 0.56875 0.715625 0.56875
19 0.7515625 0.5171875000000001 0.7140625 0.5171875 0.7140625 0.58125 0.7515625 0.5812500000000002
19 0.7953125 0.5171875000000001 0.758203125 0.5171875000000001 0.758203125 0.5812500000000002 0.7953125 0.5812500000000002