19 0.3203125 0.05000000000000003 0.253125 0.050000000000000024 0.253125 0.15000000000000005 0.3203125 0.15000000000000005
19 0.39296875 0.05625000000000004 0.3265625 0.05625000000000004 0.3265625 0.15156250000000004 0.39296875 0.15156250000000004
19 0.2867187500000001 0.53125 0.2171875000000001 0.53125 0.2171875000000001 0.603125 0.2867187500000001 0.603125
19 0.2140625000000001 0.546875 0.1625000000000001 0.546875 0.1625000000000001 0.603125 0.2140625000000001 0.603125
19 0.15781250000000008 0.5625 0.11093750000000009 0.5625 0.11093750000000009 0.60234375 0.15781250000000008 0.60234375
19 0.10703125000000009 0.5640625 0.06250000000000007 0.5640625 0.06250000000000007 0.6015625 0.10703125000000009 0.6015625
19 0.72734375 0.565625 0.6828125 0.565625 0.6828125 0.6140625000000001 0.72734375 0.6140625000000002
19 0.7984375 0.5562500000000001 0.734375 0.5562500000000001 0.734375 0.6164062500000002 0.7984375 0.6164062500000002
19 0.67734375 0.5640625 0.628125 0.5640625 0.628125 0.6125 0.67734375 0.6125
19 0.54921875 0.6390625 0.478125 0.6390625 0.478125 0.69921875 0.54921875 0.69921875
19 0.63359375 0.640625 0.5578125 0.640625 0.5578125 0.70078125 0.63359375 0.70078125
19 0.1 0.01875000000000001 0.0359375 0.018750000000000006 0.035937500000000004 0.1265625 0.1 0.1265625
19 0.2257812500000001 0.6421875 0.1453125000000001 0.6421875 0.1453125000000001 0.7109375 0.2257812500000001 0.7109375
19 0.14062500000000008 0.6453125 0.057812500000000086 0.6453125 0.057812500000000086 0.71015625 0.14062500000000008 0.71015625