19 0.9353035140625 0.2667731625000001 0.8578274765625 0.2667731625000001 0.8578274765625 0.3394568687500001 0.9353035140625 0.3394568687500001
19 0.3738019171875 0.27156549531250007 0.3210862625 0.2715654953125 0.3210862625 0.3474440890625 0.3738019171875 0.34744408906250007
19 0.311501596875 0.2731629390625 0.2587859421875 0.2731629390625 0.2587859421875 0.3490415328125 0.311501596875 0.3490415328125
19 0.2468051125 0.2731629390625 0.19009584687500006 0.2731629390625 0.19009584687500006 0.3482428109375 0.2468051125 0.3482428109375
19 0.49361022343750005 0.29233226875000007 0.4456869015625 0.29233226875000007 0.4456869015625 0.3466453671875001 0.49361022343750005 0.3466453671875001
19 0.43769968125 0.2939297125000001 0.3881789140625 0.2939297125000001 0.3881789140625 0.3482428109375001 0.43769968125 0.3482428109375001
19 0.514376996875 0.42012779531250005 0.4456869015625 0.42012779531250005 0.4456869015625 0.48003194843749997 0.514376996875 0.48003194843749997
19 0.17252396093750005 0.428115015625 0.09744408906250004 0.428115015625 0.09744408906250004 0.48482428125 0.17252396093750005 0.48482428125
19 0.2635782750000001 0.429712459375 0.18530351406250006 0.429712459375 0.18530351406250006 0.486421725 0.2635782750000001 0.486421725
19 0.43690095781249993 0.43769968125 0.3849840250000001 0.43769968125 0.3849840250000001 0.4808306703125 0.43690095781249993 0.4808306703125
19 0.3785942484375001 0.44089456875 0.3290734828125001 0.44089456875 0.3290734828125001 0.484025559375 0.3785942484375001 0.484025559375
19 0.3202875406250001 0.45686900937499997 0.2683706062500001 0.45686900937499997 0.2683706062500001 0.48162939375 0.3202875406250001 0.48162939375
19 0.36501597500000005 0.5191693296875 0.2827476031250001 0.5191693296875 0.2827476031250001 0.57587859375 0.36501597500000005 0.57587859375
19 0.19329073437500005 0.5223642171875 0.10383386562500005 0.5223642171875 0.10383386562500008 0.5790734828125 0.19329073437500008 0.5790734828125
19 0.10223642187500007 0.5239616609375 0.011182109375000065 0.5239616609375 0.011182109375000068 0.5782747609375 0.10223642187500008 0.5782747609375
19 0.2763578281250001 0.5271565500000001 0.19488817968750005 0.5271565500000001 0.19488817968750008 0.5822683703125 0.2763578281250001 0.5822683703125
19 0.1964856234375001 0.632587859375 0.12619808281250008 0.632587859375 0.12619808281250008 0.67412140625 0.1964856234375001 0.67412140625
19 0.2803514375000001 0.634185303125 0.21405750781250008 0.634185303125 0.21405750781250008 0.67731629375 0.2803514375000001 0.67731629375
19 0.1126198078125001 0.6389776359375 0.039936101562500076 0.6389776359375 0.039936101562500076 0.67731629375 0.1126198078125001 0.67731629375
19 0.1429712453125001 0.7140575078125 0.07667731562500009 0.7140575078125 0.07667731562500009 0.7531948875000001 0.1429712453125001 0.7531948875000001
19 0.3801916937500001 0.717252396875 0.3146964859375001 0.717252396875 0.3146964859375001 0.7539936109375 0.3801916937500001 0.7539936109375
19 0.2252396171875001 0.718849840625 0.1613418531250001 0.718849840625 0.1613418531250001 0.752396165625 0.2252396171875001 0.752396165625
19 0.4568690093750001 0.7204472843749999 0.38658147031250006 0.7204472843749999 0.38658147031250006 0.75 0.4568690093750002 0.75
19 0.3043130984375001 0.718849840625 0.2380191687500001 0.718849840625 0.2380191687500001 0.752396165625 0.3043130984375001 0.752396165625