19 0.8258064515625 0.2225806453125001 0.7838709671874999 0.2225806453125001 0.7838709671874999 0.2887096781250001 0.8258064515625 0.2887096781250001
19 0.7774193546875 0.22419354843750008 0.7379032265625 0.22419354843750008 0.7379032265625 0.2887096781250001 0.7774193546875 0.2887096781250001
19 0.8709677421875 0.2225806453125001 0.8290322578125 0.2225806453125001 0.8290322578125 0.2887096781250001 0.8709677421875 0.2887096781250001
19 0.7338709671875 0.2225806453125001 0.695161290625 0.2225806453125001 0.695161290625 0.2887096781250001 0.7338709671875 0.2887096781250001
19 0.9338709671875 0.2629032265625001 0.883064515625 0.2629032265625001 0.883064515625 0.3532258062500001 0.9338709671875 0.3532258062500001
19 0.695161290625 0.2532258062500001 0.6266129031250001 0.2532258062500001 0.6266129031250001 0.3596774187500001 0.695161290625 0.3596774187500001
19 0.6241935484375001 0.2758064515625001 0.5637096781250001 0.2758064515625001 0.5637096781250001 0.35887096718750006 0.6241935484375001 0.35887096718750006
19 0.5645161296875 0.27741935468750006 0.5040322578125 0.27741935468750006 0.5040322578125 0.3596774187500001 0.5645161296875 0.3596774187500001
19 0.8822580640625001 0.2903225812500001 0.8411290328125001 0.2903225812500001 0.8411290328125001 0.3532258062500001 0.8822580640625001 0.3532258062500001
19 0.8322580640625 0.29193548437500005 0.79032258125 0.29193548437500005 0.79032258125 0.3548387093750001 0.8322580640625 0.3548387093750001
19 0.788709678125 0.2935483875000001 0.74677419375 0.2935483875000001 0.74677419375 0.35645161250000007 0.788709678125 0.35645161250000007
19 0.74677419375 0.2935483875000001 0.7008064515625 0.2935483875000001 0.7008064515625 0.35645161250000007 0.74677419375 0.35645161250000007
19 0.49677419375 0.2983870968750001 0.4508064515625 0.2983870968750001 0.4508064515625 0.36048387031250007 0.49677419375 0.36048387031250007
19 0.448387096875 0.3000000000000001 0.4040322578125 0.3000000000000001 0.4040322578125 0.3596774187500001 0.448387096875 0.3596774187500001
19 0.39838709687499996 0.30161290312500005 0.35241935468749996 0.301612903125 0.35241935468749996 0.3620967734375001 0.39838709687499996 0.36209677343750013
19 0.35161290312500004 0.30322580625 0.3056451609375 0.30322580625 0.3056451609375 0.3604838703125 0.35161290312500004 0.3604838703125
19 0.24516129062500008 0.39677419375 0.2008064515625001 0.39677419375 0.2008064515625001 0.43870967812500006 0.24516129062500008 0.43870967812500006
19 0.29193548437500005 0.39677419375 0.2548387093750001 0.39677419375 0.2548387093750001 0.43790322656249997 0.29193548437500005 0.43790322656249997
19 0.19838709687500006 0.4 0.15645161250000003 0.4 0.15645161250000003 0.43870967812500006 0.19838709687500006 0.43870967812500006
19 1 0.40645161250000017 0.9677419359374999 0.40645161250000017 0.9677419359374999 0.4887096781250002 1 0.4887096781250002
19 0.9661290328125001 0.40645161250000017 0.929838709375 0.40645161250000017 0.929838709375 0.4895161296875002 0.9661290328125001 0.4895161296875002
19 0.9258064515625 0.40645161250000017 0.8895161296874999 0.40645161250000017 0.8895161296874999 0.4919354843750002 0.9258064515625 0.4919354843750002
19 0.85 0.40645161250000017 0.808064515625 0.40645161250000017 0.808064515625 0.4911290328125002 0.85 0.4911290328125002
19 0.8903225812500001 0.4080645156250002 0.8491935484375001 0.4080645156250002 0.8491935484375001 0.49596774218750017 0.8903225812500001 0.49596774218750017
19 0.811290321875 0.41129032187500014 0.7725806453125 0.41129032187500014 0.7725806453125 0.4935483875000002 0.811290321875 0.4935483875000002
19 0.5258064515624999 0.408064515625 0.4540322578125 0.408064515625 0.4540322578125 0.4975806453125 0.5258064515624999 0.4975806453125
19 0.448387096875 0.408064515625 0.3766129031250001 0.408064515625 0.3766129031250001 0.5 0.448387096875 0.5
19 0.3677419359375001 0.411290321875 0.2935483875000001 0.411290321875 0.2935483875000001 0.5016129031250001 0.3677419359375001 0.5016129031250001
19 0.65 0.4193548390625 0.5903225812499999 0.4193548390625 0.5903225812499999 0.4935483875 0.65 0.4935483875
19 0.7048387093749999 0.4193548390625 0.65 0.4193548390625 0.65 0.4959677421875 0.7048387093749999 0.4959677421875
19 0.7693548390625 0.4209677421875001 0.7137096781250001 0.4209677421875 0.7137096781250001 0.4975806453125001 0.7693548390625 0.4975806453125002
19 0.5903225812499999 0.4225806453125 0.5306451609375 0.4225806453125 0.5306451609375 0.4959677421875 0.5903225812499999 0.4959677421875
19 0.15161290312500003 0.42580645156249997 0.07741935468750004 0.42580645156249997 0.07741935468750005 0.504838709375 0.15161290312500003 0.504838709375
19 0.07096774218750006 0.43064516093750005 5.273882179104062e-17 0.43064516093750005 5.728186637160903e-17 0.504838709375 0.07096774218750007 0.504838709375
19 0.2016129031250001 0.43870967812500006 0.15725806406250004 0.43870967812500006 0.15725806406250004 0.5016129031250001 0.2016129031250001 0.5016129031250001
19 0.2500000000000001 0.43870967812500006 0.20564516093750007 0.43870967812500006 0.20564516093750007 0.5016129031250001 0.2500000000000001 0.5016129031250001
19 0.2935483875000001 0.44032258124999996 0.2500000000000001 0.44032258124999996 0.2500000000000001 0.504838709375 0.2935483875000001 0.504838709375
19 0.4693548390625 0.5338709671874999 0.4354838703125 0.5338709671874999 0.4354838703125 0.55967741875 0.4693548390625 0.55967741875
19 0.3935483875000001 0.5338709671874999 0.35887096718750006 0.5338709671874999 0.35887096718750006 0.55967741875 0.3935483875000001 0.55967741875
19 0.4290322578125 0.5354838703125 0.39516129062500005 0.5354838703125 0.39516129062500005 0.5604838703125 0.4290322578125 0.5604838703125
19 0.9790322578125 0.5306451609375002 0.9185483874999999 0.5306451609375002 0.9185483874999999 0.5725806453125002 0.9790322578125 0.5725806453125002
19 0.85322580625 0.5322580640625001 0.7935483875 0.5322580640625001 0.7935483875 0.5741935484375003 0.85322580625 0.5741935484375003
19 0.9161290328125 0.5306451609375002 0.8564516125000001 0.5306451609375002 0.8564516125000001 0.5750000000000002 0.9161290328125 0.5750000000000002
19 0.7209677421875 0.5322580640625 0.663709678125 0.5322580640625 0.663709678125 0.5741935484375 0.7209677421875 0.5741935484375
19 0.7870967734375001 0.5338709671875002 0.726612903125 0.5338709671875002 0.726612903125 0.5758064515625001 0.7870967734375001 0.5758064515625001
19 0.4677419359375 0.5661290328125 0.4290322578125 0.5661290328125 0.4290322578125 0.6 0.4677419359375 0.6
19 0.4290322578125 0.5693548390625 0.39274193593750006 0.5693548390625 0.39274193593750006 0.6 0.4290322578125 0.6
19 0.3903225812500001 0.5709677421875 0.3556451609375001 0.5709677421875 0.3556451609375001 0.598387096875 0.3903225812500001 0.598387096875
19 0.3532258062500001 0.5629032265625 0.2822580640625001 0.5629032265625 0.2822580640625001 0.648387096875 0.3532258062500001 0.648387096875
19 0.2000000000000001 0.5629032265625 0.1314516125000001 0.5629032265625 0.1314516125000001 0.65 0.2000000000000001 0.65
19 0.2758064515625001 0.5645161296875 0.20645161250000008 0.5645161296875 0.20645161250000008 0.64677419375 0.2758064515625001 0.64677419375
19 0.9193548390625 0.5758064515625001 0.8564516125000001 0.5758064515625001 0.8564516125000001 0.6419354843750001 0.9193548390625 0.6419354843750001
19 0.12096774218750009 0.5677419359375 0.05806451562500007 0.5677419359375 0.05806451562500008 0.6524193546875 0.12096774218750009 0.6524193546875
19 0.848387096875 0.5774193546875002 0.7862903218749999 0.5774193546875002 0.7862903218749999 0.6395161296875002 0.848387096875 0.6395161296875002
19 0.9903225812500001 0.5758064515625001 0.9241935484375 0.5758064515625001 0.9241935484375 0.6427419359375002 0.9903225812500001 0.6427419359375002
19 0.7790322578125 0.5806451609375002 0.726612903125 0.5806451609375002 0.726612903125 0.6403225812500002 0.7790322578125 0.6403225812500002
19 0.6596774187500001 0.5790322578125 0.5975806453125 0.5790322578125 0.5975806453125 0.645161290625 0.6596774187500001 0.645161290625
19 0.5306451609375 0.5790322578125 0.4725806453125 0.5790322578125 0.4725806453125 0.645161290625 0.5306451609375 0.645161290625
19 0.7225806453125 0.5806451609375001 0.6629032265625 0.5806451609375001 0.6629032265625 0.64677419375 0.7225806453125 0.64677419375
19 0.5903225812499999 0.5806451609375001 0.5354838703125 0.5806451609375001 0.5354838703125 0.64677419375 0.5903225812499999 0.64677419375
19 0.4661290328125 0.60967741875 0.42983870937499996 0.60967741875 0.42983870937499996 0.6443548390625 0.4661290328125 0.6443548390625
19 0.4241935484375 0.611290321875 0.3895161296875001 0.611290321875 0.3895161296875001 0.6459677421875 0.4241935484375 0.6459677421875
19 0.3903225812500001 0.611290321875 0.3540322578125001 0.611290321875 0.3540322578125001 0.6459677421875 0.3903225812500001 0.6459677421875