19 0.2140625 0.14062500000000003 0.165625 0.140625 0.165625 0.1609375 0.2140625 0.16093750000000004
19 0.1890625 0.14453125000000003 0.143359375 0.14453125 0.143359375 0.1609375 0.1890625 0.16093750000000004
19 0.25 0.12968750000000004 0.2328125 0.12968750000000004 0.2328125 0.17500000000000004 0.25 0.17500000000000004
19 0.2234375 0.13125000000000003 0.206640625 0.13125000000000003 0.206640625 0.17656250000000004 0.2234375 0.17656250000000004
19 0.2890625 0.14531250000000004 0.244921875 0.14531250000000004 0.244921875 0.16484375000000004 0.2890625 0.16484375000000004
19 0.759375 0.1781250000000001 0.7109375 0.1781250000000001 0.7109375 0.21093750000000008 0.759375 0.21093750000000008
19 0.573046875 0.18320312500000008 0.519140625 0.18320312500000005 0.519140625 0.2156250000000001 0.573046875 0.2156250000000001
19 0.6140625 0.1843750000000001 0.558984375 0.1843750000000001 0.558984375 0.2171875000000001 0.6140625 0.2171875000000001
19 0.6859375 0.17539062500000008 0.653125 0.17539062500000008 0.653125 0.22812500000000008 0.6859375 0.22812500000000008
19 0.71875 0.1750000000000001 0.6890625 0.1750000000000001 0.6890625 0.22812500000000008 0.71875 0.22812500000000008
19 0.64375 0.1750000000000001 0.6109375 0.1750000000000001 0.6109375 0.22812500000000008 0.64375 0.22812500000000008
19 0.16875000000000004 0.183203125 0.15195312500000005 0.183203125 0.15195312500000005 0.221875 0.16875000000000004 0.221875
19 0.2390625 0.18320312500000005 0.221484375 0.18320312500000005 0.221484375 0.221875 0.2390625 0.221875
19 0.203125 0.19609375 0.16367187500000005 0.19609375 0.16367187500000005 0.2140625 0.203125 0.2140625
19 0.2265625 0.19531250000000006 0.18710937500000005 0.19531250000000006 0.18710937500000005 0.2125 0.2265625 0.2125
19 0.271875 0.18476562500000004 0.2515625 0.18476562500000004 0.2515625 0.2234375 0.271875 0.2234375
19 0.4375 0.2890625000000001 0.387109375 0.2890625000000001 0.387109375 0.3117187500000001 0.4375 0.3117187500000001
19 0.553125 0.2863281250000001 0.498046875 0.2863281250000001 0.498046875 0.3125000000000001 0.553125 0.3125000000000001
19 0.465625 0.2886718750000001 0.41796875 0.2886718750000001 0.41796875 0.3125000000000001 0.465625 0.3125000000000001
19 0.56875 0.2718750000000001 0.54375 0.2718750000000001 0.54375 0.3296875000000001 0.56875 0.3296875000000001
19 0.6125 0.2890625000000001 0.5546875 0.2890625000000001 0.5546875 0.3156250000000001 0.6125 0.3156250000000001
19 0.625 0.27226562500000007 0.5984375 0.27226562500000007 0.5984375 0.3296875000000001 0.625 0.3296875000000001
19 0.5234375 0.28984375000000007 0.471484375 0.28984375000000007 0.471484375 0.3125000000000001 0.5234375 0.3125000000000001
19 0.48125 0.2765625000000001 0.459375 0.2765625000000001 0.459375 0.3281250000000001 0.48125 0.3281250000000001
19 0.3640625 0.29453125 0.31953125 0.29453125 0.31953125 0.32500000000000007 0.3640625 0.32500000000000007
19 0.334375 0.29609375 0.28671875 0.29609375 0.28671875 0.3265625 0.334375 0.3265625
19 0.3984375 0.29687500000000006 0.358984375 0.296875 0.358984375 0.33046875000000003 0.3984375 0.3304687500000001
19 0.44375 0.3507812500000001 0.376953125 0.3507812500000001 0.37695312500000006 0.3781250000000001 0.44375 0.3781250000000001
19 0.4734375 0.3511718750000001 0.40859375 0.3511718750000001 0.40859375 0.3750000000000001 0.4734375 0.3750000000000001
19 0.33437500000000003 0.349609375 0.2765625 0.349609375 0.27656250000000004 0.3796875 0.3343750000000001 0.3796875
19 0.36875 0.34843750000000007 0.3109375 0.3484375 0.31093750000000003 0.38125000000000003 0.3687500000000001 0.3812500000000001
19 0.5578125 0.3539062500000001 0.49140625 0.3539062500000001 0.49140625 0.3781250000000001 0.5578125 0.3781250000000001
19 0.4796875 0.3339843750000001 0.452734375 0.3339843750000001 0.452734375 0.3984375000000001 0.4796875 0.3984375000000001
19 0.6265625 0.3324218750000001 0.6 0.3324218750000001 0.6 0.3984375000000001 0.6265625 0.3984375000000001
19 0.5296875 0.3546875000000001 0.466015625 0.3546875000000001 0.466015625 0.3781250000000001 0.5296875 0.3781250000000001
19 0.5875 0.3519531250000001 0.5234375 0.3519531250000001 0.5234375 0.3781250000000001 0.5875 0.3781250000000001
19 0.5953125 0.3332031250000001 0.5703125 0.3332031250000001 0.5703125 0.3984375000000001 0.5953125 0.3984375000000001
19 0.403125 0.35195312500000003 0.349609375 0.351953125 0.34960937500000006 0.37968750000000007 0.403125 0.37968750000000007
19 0.55546875 0.499609375 0.48125 0.499609375 0.48125 0.5359375 0.55546875 0.5359375
19 0.5171875 0.500390625 0.44375 0.500390625 0.44375 0.5359375 0.5171875 0.5359375
19 0.4765625 0.50234375 0.40546875 0.50234375 0.40546875 0.5375 0.4765625 0.5375
19 0.578125 0.505859375 0.561328125 0.505859375 0.561328125 0.5546875 0.578125 0.5546875
19 0.6140625 0.523046875 0.565234375 0.523046875 0.565234375 0.540625 0.6140625 0.540625
19 0.559375 0.506640625 0.5421875 0.506640625 0.5421875 0.5546875 0.559375 0.5546875
19 0.621875 0.508203125 0.6046875 0.508203125 0.6046875 0.5578125 0.621875 0.5578125
19 0.5593750000000001 0.653515625 0.5265625 0.653515625 0.5265625 0.7390625 0.5593750000000002 0.7390625
19 0.5921875000000001 0.6578125 0.559375 0.6578125 0.5593750000000001 0.7421875 0.5921875000000002 0.7421875
19 0.6546875000000001 0.6578125 0.625 0.6578125 0.6250000000000001 0.740625 0.6546875000000002 0.740625
19 0.6234375000000001 0.6578125 0.59375 0.6578125 0.5937500000000001 0.7421875 0.6234375000000002 0.7421875
19 0.2656250000000001 0.475 0.22812500000000008 0.475 0.22812500000000008 0.5546875 0.2656250000000001 0.5546875
19 0.30156250000000007 0.4765625 0.2656250000000001 0.4765625 0.2656250000000001 0.553125 0.30156250000000007 0.553125
19 0.3421875000000001 0.4796875 0.30156250000000007 0.4796875 0.30156250000000007 0.55625 0.3421875000000001 0.55625
19 0.3984375000000001 0.5015625 0.3238281250000001 0.5015625 0.3238281250000001 0.5359375 0.3984375000000001 0.5359375
19 0.4359375 0.4984375 0.3593750000000001 0.4984375 0.3593750000000001 0.534375 0.4359375 0.534375