19 0.06089907656250002 0.129303278125 0.016636782812500018 0.129303278125 0.01663678281250002 0.19375 0.06089907656250002 0.19375
19 0.66875 0.2513319671875001 0.6131275609375 0.2513319671875001 0.6131275609375 0.3593750000000001 0.66875 0.3593750000000001
19 0.759375 0.2810066609375001 0.65043545 0.2810066609375001 0.65043545 0.3343750000000001 0.759375 0.3343750000000001
19 0.8091700828124999 0.29049692500000013 0.74375 0.29049692500000013 0.74375 0.36406250000000007 0.8091700828124999 0.36406250000000007
19 0.89375 0.2982197750000001 0.8242699796874999 0.2982197750000001 0.8242699796874999 0.3609375000000001 0.89375 0.3609375000000001
19 0.9703125 0.29472336093750007 0.91137295 0.29472336093750007 0.91137295 0.3656250000000001 0.9703125 0.3656250000000001
19 0.2843750000000001 0.39167520312500004 0.19670850312500004 0.39167520312500004 0.19670850312500004 0.484375 0.2843750000000001 0.484375
19 0.18906250000000005 0.39167520312500004 0.10312500000000005 0.39167520312500004 0.10312500000000005 0.484375 0.18906250000000005 0.484375
19 0.09375000000000006 0.40476434375 0.00528944687500005 0.40476434375 0.005289446875000055 0.4875 0.09375000000000007 0.4875
19 0.3812500000000001 0.39857838125 0.2932761281250001 0.39857838125 0.2932761281250001 0.49375 0.3812500000000001 0.49375
19 0.6828125 0.4203125 0.6290343234375 0.4203125 0.6290343234375 0.496875 0.6828125 0.496875
19 0.75625 0.4328125000000001 0.6828125 0.4328125 0.6828125 0.4875000000000001 0.75625 0.48750000000000016
19 0.8234375 0.4348872953125002 0.74610655625 0.4348872953125002 0.74610655625 0.48750000000000016 0.8234375 0.48750000000000016
19 0.871875 0.42479508281250017 0.8182248968750001 0.42479508281250017 0.8182248968750001 0.4984375000000002 0.871875 0.4984375000000002
19 0.9386142421875 0.42613985625000017 0.8820568640625 0.42613985625000017 0.8820568640625 0.5015625000000001 0.9386142421875 0.5015625000000001
19 0.459375 0.44227715156249997 0.40397028593749995 0.44227715156249997 0.40397028593749995 0.4859375 0.459375 0.4859375
19 0.5625 0.44595286874999995 0.5070184421875 0.44595286874999995 0.5070184421875 0.484375 0.5625 0.484375
19 0.6203125 0.44346823750000003 0.56320440625 0.44346823750000003 0.56320440625 0.4859375 0.6203125 0.4859375
19 0.509375 0.44227715156249997 0.45326588125 0.44227715156249997 0.45326588125 0.490625 0.509375 0.490625
19 0.9203125 0.7078125000000002 0.8870645484375 0.7078125000000002 0.8870645484375 0.7421875000000002 0.9203125 0.7421875000000002
19 0.8826203890625001 0.7093878062500002 0.8408171109374999 0.7093878062500002 0.8408171109374999 0.7421746937500002 0.8826203890625001 0.7421746937500002
19 0.865625 0.7410220296875002 0.8334400609375001 0.7410220296875002 0.8334400609375001 0.7828125000000001 0.865625 0.7828125000000001
19 0.9245901640625 0.7453253062500002 0.8754098359375 0.7453253062500002 0.8754098359375 0.7781121937500002 0.9245901640625 0.7781121937500002
19 0.921875 0.8737833 0.8569159828125 0.8737833 0.8569159828125 0.94345543125 0.921875 0.94345543125
19 0.8493468249999999 0.880020490625 0.7862320703125002 0.880020490625 0.7862320703125002 0.9453125 0.8493468249999999 0.9453125