19 0.60625 0.60875 0.4548437515625 0.60875 0.4548437515625 0.6859375 0.60625 0.6859375
19 0.5234375 0.6036458328125 0.37187500000000007 0.6036458328125 0.37187500000000007 0.684375 0.5234375 0.684375
19 0.401302084375 0.591770834375 0.33463541718750006 0.591770834375 0.33463541718750006 0.728125 0.40130208437500003 0.728125
19 0.9765625 0.6038020828125001 0.8984375 0.6038020828125001 0.8984375 0.7234375000000002 0.9765625 0.7234375000000002
19 0.509375 5.979720698961685e-17 0.4671875 5.72139676476654e-17 0.4671875 0.14062500000000006 0.509375 0.14062500000000006
19 0.503125 0.049114584375000055 0.360208334375 0.04911458437500004 0.360208334375 0.09375000000000006 0.503125 0.09375000000000007
19 0.96875 0.7873437500000001 0.9179687484375 0.7873437500000001 0.9179687484375 0.959375 0.96875 0.959375
19 0.8453125 0.8671354171875001 0.7058333328125002 0.8671354171875001 0.7058333328125002 0.9203125 0.8453125 0.9203125
19 0.7416145843750002 0.828125 0.6849479171875001 0.828125 0.6849479171875001 0.959375 0.7416145843750002 0.959375
19 0.7203125000000001 0.86640625 0.5870833343750002 0.86640625 0.5870833343750002 0.9203125 0.7203125000000001 0.9203125
19 0.8826562499999999 0.88828125 0.7784895828125002 0.88828125 0.7784895828125002 0.9328125 0.8826562499999999 0.9328125
19 0.9046875 0.8596875 0.8578125 0.8596875 0.8578125 0.9621875 0.9046875 0.9621875
19 0.6265625000000001 0.9102083328124999 0.5651041671875002 0.9102083328124999 0.5651041671875002 0.946875 0.6265625000000001 0.946875
19 0.5703125000000002 0.8979166656249999 0.5305208328125002 0.8979166656249999 0.5305208328125002 0.9625 0.5703125000000002 0.9625
19 0.684375 0.01656250156250008 0.6453125 0.016562501562500078 0.6453125 0.14062500000000008 0.684375 0.14062500000000008
19 0.7765625 0.06208333281250009 0.647447915625 0.06208333281250009 0.647447915625 0.10156250000000008 0.7765625 0.10156250000000008