19 0.8140625 0.23312200468750008 0.7749450875 0.23312200468750008 0.7749450875 0.2762529953125001 0.8140625 0.2762529953125001
19 0.7375 0.23771964687500008 0.6975788734374999 0.23771964687500008 0.6975788734374999 0.2718750000000001 0.7375 0.2718750000000001
19 0.6951477625 0.2399011578125001 0.6515625 0.2399011578125001 0.6515625 0.2734375000000001 0.6951477625 0.2734375000000001
19 0.7745856625 0.23437500000000008 0.7410393375 0.23437500000000008 0.7410393375 0.27812500000000007 0.7745856625 0.27812500000000007
19 0.6484375 0.23821136093750012 0.618021165625 0.23821136093750012 0.618021165625 0.2796875000000001 0.6484375 0.2796875000000001
19 0.934375 0.2601812093750001 0.9027780546875 0.2601812093750001 0.9027780546875 0.2890625000000001 0.934375 0.2890625000000001
19 0.9 0.2581769171875001 0.8675893578125 0.2581769171875001 0.8675893578125 0.2921875000000001 0.9 0.2921875000000001
19 0.865625 0.2621505593750001 0.8265075875000001 0.2621505593750001 0.8265075875000001 0.2921875000000001 0.865625 0.2921875000000001
19 0.3640625 0.2571460656250001 0.2751198078125 0.25714606562500003 0.2751198078125 0.31718750000000007 0.3640625 0.31718750000000007
19 0.4109375 0.24277156562500007 0.3515625 0.24277156562500002 0.3515625 0.33222843437500005 0.4109375 0.33222843437500005
19 0.4859375 0.2572833468750001 0.398185403125 0.2572833468750001 0.398185403125 0.3156250000000001 0.4859375 0.3156250000000001
19 0.292052715625 0.244334065625 0.232947284375 0.244334065625 0.232947284375 0.33379093437499996 0.292052715625 0.33379093437499996
19 0.2453125 0.2566917921875 0.15662440156250004 0.2566917921875 0.15662440156250004 0.3203125 0.2453125 0.3203125
19 0.5296875 0.27201727187500013 0.46430710781249995 0.27201727187500013 0.46430710781249995 0.3203125000000001 0.5296875 0.3203125000000001
19 0.621875 0.2618135984375001 0.5720547140625001 0.2618135984375001 0.5720547140625001 0.3281250000000001 0.621875 0.3281250000000001
19 0.571875 0.2614317093750001 0.522231928125 0.2614317093750001 0.522231928125 0.3296875000000001 0.571875 0.3296875000000001
19 0.7015625 0.28062100468750006 0.6664362015624999 0.28062100468750006 0.6664362015624999 0.31718750000000007 0.7015625 0.31718750000000007
19 0.825 0.2783646171875001 0.7890625 0.2783646171875001 0.7890625 0.3265625000000001 0.825 0.3265625000000001
19 0.790625 0.2846944906250001 0.741623403125 0.2846944906250001 0.741623403125 0.3203125000000001 0.790625 0.3203125000000001
19 0.740625 0.2807932312500001 0.7075079875 0.2807932312500001 0.7075079875 0.3281250000000001 0.740625 0.3281250000000001
19 0.6653953687499999 0.2883361609375001 0.6190694890625 0.2883361609375001 0.6190694890625 0.3234375000000001 0.6653953687499999 0.3234375000000001
19 0.893118509375 0.29181060312500007 0.867559403125 0.29181060312500007 0.867559403125 0.3265625000000001 0.893118509375 0.3265625000000001
19 0.9328125 0.29375000000000007 0.9062799515625001 0.29375000000000007 0.9062799515625001 0.32500000000000007 0.9328125 0.32500000000000007
19 0.8578125 0.2938124000000001 0.8295851640624999 0.2938124000000001 0.8295851640624999 0.3234375000000001 0.8578125 0.3234375000000001
19 0.4265625 0.3753694093750001 0.36750199687500007 0.3753694093750001 0.36750199687500007 0.4421875 0.4265625 0.4421875
19 0.4859375 0.3738318687500001 0.42983975625 0.3738318687500001 0.42983975625 0.44375 0.4859375 0.44375
19 0.2375000000000001 0.377111621875 0.16656349843750004 0.377111621875 0.16656349843750004 0.440625 0.2375000000000001 0.440625
19 0.2953125000000001 0.3750124796875 0.23645417343750008 0.3750124796875 0.23645417343750008 0.4453000203125 0.2953125000000001 0.4453000203125
19 0.55 0.3737719656250001 0.490625 0.3737719656250001 0.490625 0.44375 0.55 0.44375
19 0.3671875000000001 0.38082817500000005 0.29632088593750006 0.380828175 0.29632088593750006 0.440625 0.3671875000000001 0.440625
19 0.6046875 0.3860897562500001 0.5515625 0.3860897562500001 0.5515625 0.44359774218750003 0.6046875 0.44359774218750003
19 0.89375 0.38830621093750006 0.8413138968749999 0.38830621093750006 0.8413138968749999 0.4450154765625002 0.89375 0.4450154765625002
19 0.7216878 0.38963158906250006 0.6673747015625 0.38963158906250006 0.6673747015625 0.4447434109375 0.7216878 0.4447434109375
19 0.8359375 0.3912614812500001 0.781294928125 0.3912614812500001 0.781294928125 0.4421875000000002 0.8359375 0.4421875000000002
19 0.7796875 0.3880516171875001 0.725 0.3880516171875001 0.725 0.44476088281250015 0.7796875 0.4447608828125002
19 0.66875 0.3928689093750001 0.6064496796875 0.3928689093750001 0.6064496796875 0.44375 0.66875 0.44375
19 0.846875 0.4772538937500002 0.812068190625 0.4772538937500002 0.812068190625 0.5218750000000002 0.846875 0.5218750000000002
19 0.7703125 0.47968750000000016 0.7352760578125 0.47968750000000016 0.7352760578125 0.5250000000000001 0.7703125 0.5250000000000001
19 0.8890625 0.4829847250000002 0.8446660343750001 0.4829847250000002 0.8446660343750001 0.5187500000000002 0.8890625 0.5187500000000002
19 0.734375 0.4843750000000001 0.6896440703125 0.484375 0.6896440703125 0.5199455859375001 0.734375 0.5199455859375002
19 0.8125 0.48437500000000017 0.76791883125 0.48437500000000017 0.76791883125 0.5200953468750001 0.8125 0.5200953468750001
19 0.6484375 0.48125 0.6127770546875 0.48125 0.6127770546875 0.5265625 0.6484375 0.5265625
19 0.6875 0.48125 0.651572484375 0.48125 0.651572484375 0.5265625 0.6875 0.5265625
19 0.4279377984375 0.52046475625 0.3736247000000001 0.52046475625 0.3736247000000001 0.57797274375 0.4279377984375 0.57797274375
19 0.6125 0.5208641171874999 0.5564022578125 0.5208641171874999 0.5564022578125 0.5765625 0.6125 0.5765625
19 0.3703125000000001 0.521068790625 0.3119309093750001 0.521068790625 0.3119309093750001 0.578125 0.3703125000000001 0.578125
19 0.4890625 0.519893171875 0.431806609375 0.519893171875 0.431806609375 0.578125 0.4890625 0.578125
19 0.5515625 0.5208641171874999 0.490625 0.5208641171874999 0.490625 0.5765625 0.5515625 0.5765625
19 0.3078125000000001 0.5194364031250001 0.2522963250000001 0.5194364031250001 0.2522963250000001 0.5765625 0.3078125000000001 0.5765625
19 0.24837510000000007 0.52262879375 0.19166583437500004 0.52262879375 0.19166583437500007 0.58125 0.24837510000000007 0.58125
19 0.859013078125 0.5315245609375002 0.8206744203125 0.5315245609375002 0.8206744203125 0.5778504390625001 0.859013078125 0.5778504390625001
19 0.7328125 0.5335038937500001 0.698435003125 0.5335038937500001 0.698435003125 0.5774336062500001 0.7328125 0.5774336062500002
19 0.8984375 0.5315245609375002 0.861299421875 0.5315245609375002 0.861299421875 0.5778504390625001 0.8984375 0.5778504390625001
19 0.6578125 0.53969149375 0.6126797140625 0.53969149375 0.6126797140625 0.5734375 0.6578125 0.5734375
19 0.7765150765625 0.5340055921875002 0.7381764171875 0.5340055921875002 0.7381764171875 0.5796875000000001 0.7765150765625 0.5796875000000001
19 0.6921875 0.5330870609375 0.65625 0.5330870609375 0.65625 0.5794129390625 0.6921875 0.5794129390625
19 0.8140625 0.5323732031250001 0.7794204265625 0.5323732031250001 0.7794204265625 0.5781250000000002 0.8140625 0.5781250000000002
19 0.7715654953125 0.6113867812500001 0.7260383390625 0.6113867812500001 0.7260383390625 0.6390625000000002 0.7715654953125 0.6390625000000002
19 0.7296875 0.6026357828125001 0.7009260171875 0.6026357828125 0.7009260171875 0.6484375000000001 0.7296875 0.6484375000000002
19 0.840625 0.6103010187500002 0.79552715625 0.6103010187500002 0.79552715625 0.6390625000000002 0.840625 0.6390625000000002
19 0.8745831671875001 0.6107128593750002 0.8306534546875 0.6107128593750002 0.8306534546875 0.6375000000000002 0.8745831671875001 0.6375000000000002
19 0.796875 0.6026357828125002 0.7679238203125001 0.6026357828125002 0.7679238203125001 0.6484375000000002 0.796875 0.6484375000000002
19 0.6703125 0.6125124796875 0.6246355828125 0.6125124796875 0.6246355828125 0.640625 0.6703125 0.640625
19 0.7040560109375 0.6099016578125 0.6601262984375 0.6099016578125 0.6601262984375 0.6418505390625 0.7040560109375 0.6418505390625
19 0.734375 0.654939596875 0.69348791875 0.654939596875 0.69348791875 0.6828125 0.734375 0.6828125000000002
19 0.90625 0.6571211062500002 0.8636681296875001 0.6571211062500002 0.8636681296875001 0.6859375000000002 0.90625 0.6859375000000002
19 0.69642571875 0.6502745609375 0.66607428125 0.6502745609375 0.66607428125 0.6953125 0.69642571875 0.6953125
19 0.7703125 0.6588932703125001 0.724955071875 0.6588932703125 0.724955071875 0.6875000000000001 0.7703125 0.6875000000000002
19 0.8734375 0.6598692078125001 0.8277605828124999 0.6598692078125001 0.8277605828124999 0.6859375000000002 0.8734375 0.6859375000000002
19 0.7953125 0.6502745609375002 0.765275559375 0.6502745609375002 0.765275559375 0.6953125000000002 0.7953125 0.6953125000000002
19 0.83125 0.6500449265625001 0.8018220843750001 0.6500449265625001 0.8018220843750001 0.6953125000000002 0.83125 0.6953125000000002
19 0.6703125 0.659375 0.6253020171875 0.659375 0.6253020171875 0.6890625 0.6703125 0.6890625