19 0.521875 0.16591965781250004 0.42635164375 0.16591965781250004 0.42635164375 0.2140625000000001 0.521875 0.2140625000000001
19 0.8015625 0.1682390781250001 0.706195934375 0.1682390781250001 0.706195934375 0.21250000000000008 0.8015625 0.21250000000000008
19 0.6640625 0.14062500000000008 0.6180255203125 0.14062500000000008 0.6180255203125 0.2406250000000001 0.6640625 0.2406250000000001
19 0.74375 0.1642841687500001 0.6484375 0.1642841687500001 0.6484375 0.2140625000000001 0.74375 0.2140625000000001
19 0.5515625 0.14062500000000006 0.5085423875 0.14062500000000006 0.5085423875 0.2390625000000001 0.5515625 0.2390625000000001
19 0.6328125 0.17252649218750007 0.5367863328125 0.17252649218750005 0.5367863328125 0.2140625000000001 0.6328125 0.2140625000000001
19 0.95 0.1866187296875001 0.882552984375 0.1866187296875001 0.882552984375 0.22656250000000008 0.95 0.22656250000000008
19 1 0.18651330000000013 0.93791630625 0.18651330000000013 0.93791630625 0.22803579062500007 1 0.22803579062500007
19 0.76875 0.3218750000000001 0.7265625 0.3218750000000001 0.7265625 0.35625000000000007 0.76875 0.35625000000000007
19 0.715625 0.3234375000000001 0.6828125 0.3234375000000001 0.6828125 0.3531250000000001 0.715625 0.3531250000000001
19 0.8171875 0.3172172359375001 0.784723725 0.3172172359375001 0.784723725 0.3621999359375001 0.8171875 0.3621999359375001
19 0.13437500000000005 0.3055498484375 0.02105049843750004 0.3055498484375 0.021050498437500044 0.375 0.13437500000000005 0.375
19 0.18437500000000004 0.28552659999999996 0.12343750000000005 0.28552659999999996 0.12343750000000005 0.396875 0.18437500000000004 0.396875
19 0.026562500000000037 0.28552659999999996 3.496692367614266e-17 0.28552659999999996 4.178504675865162e-17 0.396875 0.026562500000000044 0.396875
19 0.25745296250000005 0.3113511015625 0.20035953750000002 0.3113511015625 0.20035953750000007 0.399586396875 0.25745296250000005 0.399586396875
19 0.34154411718750005 0.328125 0.2550389265625 0.328125 0.25503892656250005 0.384375 0.3415441171875001 0.384375
19 0.4700881265625 0.3273302328125001 0.38125 0.3273302328125001 0.38125000000000003 0.3828125000000001 0.4700881265625 0.3828125000000001
19 0.40625 0.3286764703125 0.318103915625 0.32867647031249997 0.31810391562500007 0.384375 0.40625 0.3843750000000001
19 0.69375 0.3478806218750001 0.631558175 0.3478806218750001 0.631558175 0.3906250000000001 0.69375 0.3906250000000001
19 0.5859375 0.34837262031250005 0.521723615625 0.34837262031250005 0.521723615625 0.3937500000000001 0.5859375 0.3937500000000001
19 0.6390625 0.3500648781250001 0.5747296703125 0.3500648781250001 0.5747296703125 0.3921875000000001 0.6390625 0.3921875000000001
19 0.778125 0.36277843906250007 0.7390625 0.36277843906250007 0.7390625 0.3984375000000001 0.778125 0.3984375000000001
19 0.825 0.3593750000000001 0.7892490265625 0.3593750000000001 0.7892490265625 0.4031250000000002 0.825 0.4031250000000002
19 0.73125 0.3629460437500001 0.690097859375 0.3629460437500001 0.690097859375 0.4015625000000001 0.73125 0.40156250000000016
19 0.14531250000000004 0.43848129374999995 0.06133758593750005 0.43848129374999995 0.061337585937500064 0.5140625 0.14531250000000004 0.5140625
19 0.2375000000000001 0.43960586093750004 0.15362781093750005 0.43960586093750004 0.15362781093750005 0.5125 0.2375000000000001 0.5125
19 0.3187500000000001 0.4362348609375 0.24064122031250007 0.4362348609375 0.24064122031250007 0.5203125 0.3187500000000001 0.5203125
19 0.06406250000000006 0.45389814062499995 5.558649050553414e-17 0.45389814062499995 5.879211735618445e-17 0.50625 0.06406250000000006 0.50625
19 0.39027627500000006 0.44806714999999997 0.3305876937500001 0.44806714999999997 0.3305876937500001 0.5171875 0.39027627500000006 0.5171875
19 0.459375 0.4578125 0.39164684218750007 0.4578125 0.39164684218750007 0.5140625 0.459375 0.5140625
19 0.5203125 0.4597183171875 0.4640625 0.4597183171875 0.4640625 0.5203125 0.5203125 0.5203125