19 0.9890625 0.2296875000000001 0.867966065625 0.2296875000000001 0.867966065625 0.3000000000000001 0.9890625 0.3000000000000001
19 0.8828125 0.20797626562500007 0.8108489046875 0.20797626562500007 0.8108489046875 0.3281250000000001 0.8828125 0.3281250000000001
19 1 0.2642880156250001 0.9400880578124999 0.2642880156250001 0.9400880578124999 0.2917794250000001 1 0.2917794250000001
19 0.9265625 0.3931566781250001 0.8337789953125 0.3931566781250001 0.8337789953125 0.4593750000000002 0.9265625 0.4593750000000002
19 0.5744845375 0.3750000000000001 0.5255154640625 0.3750000000000001 0.5255154640625 0.4796875 0.5744845375 0.4796875
19 0.27812500000000007 0.3989422234375 0.19406142656250006 0.3989422234375 0.19406142656250006 0.4828125 0.27812500000000007 0.4828125
19 0.3593750000000001 0.40036511875 0.2767289515625001 0.40036511875 0.2767289515625001 0.48112113437500004 0.3593750000000001 0.48112113437500004
19 0.8421875 0.4078232390625002 0.79375 0.4078232390625002 0.79375 0.4750000000000002 0.8421875 0.4750000000000002
19 0.10756282187500003 0.39790324374999997 0.01907485000000005 0.39790324374999997 0.019074850000000053 0.4828125 0.10756282187500003 0.4828125
19 0.515625 0.40496939374999996 0.4731743984375 0.40496939374999996 0.4731743984375 0.478125 0.515625 0.478125
19 0.7828125 0.4066097515625001 0.7351186640625 0.4066097515625001 0.7351186640625 0.4750000000000002 0.7828125 0.4750000000000002
19 0.19479166718750004 0.40165378125 0.11145833281250003 0.40165378125 0.11145833281250003 0.48584621875 0.19479166718750004 0.48584621875
19 0.409375 0.41590152343750003 0.3642182140625001 0.41590152343750003 0.3642182140625001 0.4828125 0.409375 0.4828125
19 0.471875 0.4359375 0.41875 0.4359375 0.41875 0.4796875 0.471875 0.4796875