19 0.45625 0.17219654375000004 0.3855556671875 0.17219654375000004 0.3855556671875 0.2843750000000001 0.45625 0.2843750000000001
19 0.5484375 0.19531250000000006 0.43750753593749997 0.19531250000000006 0.43750753593749997 0.26250000000000007 0.5484375 0.26250000000000007
19 0.33125 0.19743267812500004 0.25975180781249996 0.19743267812500004 0.25975180781249996 0.278125 0.33125 0.278125
19 0.6028310890624999 0.2130199953125001 0.507975784375 0.2130199953125001 0.507975784375 0.2640625000000001 0.6028310890624999 0.2640625000000001
19 0.2484375 0.20037429687500002 0.17860982656250005 0.20037429687500002 0.17860982656250005 0.28125 0.2484375 0.28125
19 0.65625 0.2163107921875001 0.5608219453125 0.2163107921875001 0.5608219453125 0.2640625000000001 0.65625 0.2640625000000001
19 0.3875 0.22248291875000006 0.32199055312499997 0.22248291875 0.32199055312499997 0.27343750000000006 0.3875 0.2734375000000001
19 0.628125 0.3611460015625001 0.5522784359374999 0.3611460015625001 0.5522784359374999 0.41875 0.628125 0.41875
19 0.6887886859375 0.3644468437500001 0.6100105499999999 0.3644468437500001 0.6100105499999999 0.421875 0.6887886859375 0.421875
19 0.7453125 0.3657706984375001 0.66935289375 0.3657706984375001 0.66935289375 0.4218750000000001 0.7453125 0.42187500000000017
19 0.7953125 0.3551421828125001 0.7390625 0.3551421828125001 0.7390625 0.4339203171875002 0.7953125 0.4339203171875002
19 0.8484375 0.38464881406250007 0.790137659375 0.38464881406250007 0.790137659375 0.4234375000000002 0.8484375 0.4234375000000002
19 0.8921875 0.38498542968750005 0.8332998390625 0.38498542968750005 0.8332998390625 0.4265625000000002 0.8921875 0.4265625000000002
19 0.9355004031249999 0.3765072343750001 0.883249596875 0.3765072343750001 0.883249596875 0.4343750000000002 0.9355004031249999 0.4343750000000002