19 0.8658333328125 0.3916666671875001 0.7849999999999999 0.3916666671875001 0.7849999999999999 0.4483333328125002 0.8658333328125 0.4483333328125002
19 0.6933333328125 0.3916666671875001 0.6116666671875 0.3916666671875001 0.6116666671875 0.4483333328125 0.6933333328125 0.4483333328125
19 1 0.39333333281250005 0.9683333328125 0.39333333281250005 0.9683333328125 0.4475000000000001 1 0.4475000000000001
19 0.9616666671875 0.39500000000000013 0.8800000000000001 0.39500000000000013 0.8800000000000001 0.44916666718750015 0.9616666671875 0.44916666718750015
19 0.6033333328125 0.3983333328125001 0.51 0.3983333328125001 0.51 0.44666666718750003 0.6033333328125 0.44666666718750003
19 0.7825 0.3983333328125001 0.6916666671875 0.3983333328125001 0.6916666671875 0.45000000000000007 0.7825 0.4500000000000002
19 0.2108333328125001 0.48666666718749996 0.15666666718750005 0.48666666718749996 0.15666666718750005 0.5491666671875 0.2108333328125001 0.5491666671875
19 0.27000000000000013 0.4883333328125 0.21500000000000008 0.4883333328125 0.21500000000000008 0.55 0.27000000000000013 0.55
19 0.04166666718750007 0.505 6.184466335694134e-17 0.505 6.44980647232021e-17 0.5483333328125 0.04166666718750007 0.5483333328125
19 0.09500000000000006 0.505 0.05166666718750007 0.505 0.05166666718750007 0.5475 0.09500000000000006 0.5475
19 0.15083333281250005 0.505 0.11000000000000006 0.505 0.11000000000000007 0.5483333328125 0.15083333281250008 0.5483333328125
19 0.8766666671875001 0.5000000000000002 0.795 0.5000000000000002 0.795 0.5525000000000002 0.8766666671875001 0.5525000000000002
19 0.97 0.5000000000000002 0.8883333328124999 0.5000000000000002 0.8883333328124999 0.5525000000000002 0.97 0.5525000000000002
19 0.79 0.5050000000000001 0.7 0.505 0.7 0.555 0.79 0.5550000000000002