19 0.53515625 0.6 0.5 0.6 0.5 0.6421875 0.53515625 0.6421875
19 0.490625 0.6015625 0.4546875 0.6015625 0.4546875 0.64140625 0.490625 0.64140625
19 0.44375 0.6 0.4078125 0.6 0.4078125 0.64296875 0.44375 0.64296875
19 0.58125 0.603125 0.54375 0.603125 0.54375 0.64296875 0.58125 0.64296875
19 0.3960937500000001 0.6015625 0.35625000000000007 0.6015625 0.35625000000000007 0.6421875 0.3960937500000001 0.6421875
19 0.3460937500000001 0.603125 0.3125000000000001 0.603125 0.3125000000000001 0.64375 0.3460937500000001 0.64375
19 0.70390625 0.628125 0.665625 0.628125 0.665625 0.6609375 0.70390625 0.6609375
19 0.74140625 0.6312500000000001 0.7015625 0.63125 0.7015625 0.6609375000000001 0.74140625 0.6609375000000002
19 0.621875 0.6296875 0.5890625 0.6296875 0.5890625 0.6609375 0.621875 0.6609375
19 0.66328125 0.628125 0.625 0.628125 0.625 0.66171875 0.66328125 0.66171875
19 0.77890625 0.6296875000000002 0.7453125 0.6296875000000002 0.7453125 0.6625000000000002 0.77890625 0.6625000000000002
19 0.8234375 0.6296875000000002 0.7859375 0.6296875000000002 0.7859375 0.6625000000000002 0.8234375 0.6625000000000002
19 0.24375000000000008 0.6375 0.1906250000000001 0.6375 0.1906250000000001 0.7109375 0.24375000000000008 0.7109375
19 0.3007812500000001 0.6375 0.24218750000000008 0.6375 0.24218750000000008 0.715625 0.3007812500000001 0.715625
19 0.18515625000000008 0.6375 0.1312500000000001 0.6375 0.1312500000000001 0.7140625 0.18515625000000008 0.7140625
19 0.12656250000000008 0.6375 0.07031250000000008 0.6375 0.07031250000000008 0.715625 0.12656250000000008 0.715625
19 0.9234375 0.6546875000000002 0.88125 0.6546875000000002 0.88125 0.7085937500000001 0.9234375 0.7085937500000001
19 0.878125 0.6562500000000002 0.8375 0.6562500000000002 0.8375 0.7101562500000002 0.878125 0.7101562500000002
19 0.3554687500000001 0.653125 0.3046875000000001 0.653125 0.3046875000000001 0.71328125 0.3554687500000001 0.71328125
19 0.3984375000000001 0.6546875 0.35625000000000007 0.6546875 0.35625000000000007 0.7109375 0.3984375000000001 0.7109375
19 0.4453125 0.65625 0.403125 0.65625 0.403125 0.71015625 0.4453125 0.71015625
19 0.54375 0.6578125 0.4984375 0.6578125 0.4984375 0.7109375 0.54375 0.7109375
19 0.58828125 0.65625 0.5484375 0.65625 0.5484375 0.71171875 0.58828125 0.71171875
19 0.49375 0.65625 0.4453125 0.65625 0.4453125 0.71015625 0.49375 0.71015625
19 0.7484375 0.675 0.7125 0.675 0.7125 0.70625 0.7484375 0.7062500000000002
19 0.71015625 0.675 0.6703125 0.675 0.6703125 0.7046875 0.71015625 0.7046875
19 0.63046875 0.675 0.5921875 0.675 0.5921875 0.7078125 0.63046875 0.7078125
19 0.79140625 0.6734375000000001 0.7515625 0.6734375000000001 0.7515625 0.7062500000000002 0.79140625 0.7062500000000002
19 0.8328125 0.6734375000000001 0.7921875 0.6734375000000001 0.7921875 0.7085937500000001 0.8328125 0.7085937500000001
19 0.67109375 0.6765625 0.6328125 0.6765625 0.6328125 0.709375 0.67109375 0.709375
19 0.90859375 0.7484375000000002 0.84375 0.7484375000000002 0.84375 0.82265625 0.90859375 0.82265625
19 0.5351562500000002 0.753125 0.46875000000000017 0.753125 0.46875000000000017 0.821875 0.5351562500000002 0.821875
19 0.7617187500000002 0.7484375000000001 0.6921875000000002 0.7484375 0.6921875000000002 0.82890625 0.7617187500000002 0.82890625
19 0.6859375000000002 0.7484375 0.6125000000000002 0.7484375 0.6125000000000002 0.82890625 0.6859375000000002 0.82890625
19 0.8359375 0.7500000000000002 0.7671875000000001 0.7500000000000002 0.7671875000000001 0.82578125 0.8359375 0.82578125
19 0.46484375000000017 0.7546875 0.3937500000000001 0.7546875 0.3937500000000001 0.82421875 0.46484375000000017 0.82421875
19 0.6054687500000002 0.753125 0.5390625000000002 0.753125 0.5390625000000002 0.82890625 0.6054687500000002 0.82890625
19 0.3890625000000001 0.7578125 0.3203125000000001 0.7578125 0.3203125000000001 0.8265625 0.3890625000000001 0.8265625
19 0.3117187500000001 0.7546875 0.24218750000000008 0.7546875 0.24218750000000008 0.83125 0.3117187500000001 0.83125
19 0.1664062500000001 0.765625 0.1062500000000001 0.765625 0.1062500000000001 0.8328125 0.1664062500000001 0.8328125
19 0.10078125000000009 0.7671875 0.05156250000000009 0.7671875 0.0515625000000001 0.8296875 0.10078125000000009 0.8296875
19 0.23593750000000008 0.7671875 0.17187500000000008 0.7671875 0.17187500000000008 0.8359375 0.23593750000000008 0.8359375
19 0.5054687500000001 0.896875 0.4359375000000002 0.896875 0.4359375000000002 0.97734375 0.5054687500000001 0.97734375
19 0.2117187500000001 0.890625 0.1375000000000001 0.890625 0.13750000000000012 0.9828125 0.2117187500000001 0.9828125
19 0.13515625000000012 0.8921875 0.06093750000000011 0.8921875 0.06093750000000011 0.984375 0.13515625000000014 0.984375
19 0.2835937500000001 0.8953125 0.21250000000000008 0.8953125 0.21250000000000008 0.984375 0.2835937500000001 0.984375
19 0.43281250000000016 0.8984375 0.3609375000000001 0.8984375 0.3609375000000001 0.98359375 0.43281250000000016 0.98359375
19 0.3578125000000001 0.896875 0.28593750000000007 0.896875 0.28593750000000007 0.984375 0.3578125000000001 0.984375