19 0.9984375 0.2513302359375001 0.8766891890625 0.2513302359375001 0.8766891890625 0.3734375000000001 0.9984375 0.3734375000000001
19 0.8796875 0.2551309125000001 0.76875 0.2551309125000001 0.76875 0.3716849671875001 0.8796875 0.3716849671875001
19 0.16718750000000004 0.283340371875 0.07225506718750005 0.283340371875 0.07225506718750005 0.35 0.16718750000000004 0.35
19 0.02812500000000004 0.2909628375 3.563267076152065e-17 0.2909628375 4.0108734146489484e-17 0.3640625 0.028125000000000046 0.3640625
19 0.7421663859375001 0.27920185781250006 0.66277449375 0.27920185781250006 0.66277449375 0.37968750000000007 0.7421663859375001 0.37968750000000007
19 0.646875 0.29556587812500007 0.5885979734375 0.29556587812500007 0.5885979734375 0.3687500000000001 0.646875 0.3687500000000001
19 0.584375 0.2973184109375001 0.5273015203125 0.2973184109375001 0.5273015203125 0.3699535468750001 0.584375 0.3699535468750001
19 0.08593750000000004 0.32421875 0.04619932500000005 0.32421875 0.04619932500000005 0.36875 0.08593750000000004 0.36875
19 0.7828125 0.43207347968750004 0.6875 0.4320734796875 0.6875 0.49203969687500015 0.7828125 0.4920396968750002
19 0.715625 0.434733953125 0.6228040546875 0.434733953125 0.6228040546875 0.4890625 0.715625 0.4890625
19 0.646875 0.45061233125 0.581841215625 0.45061233125 0.581841215625 0.4984375 0.646875 0.4984375
19 0.596875 0.454581925 0.5314611484375 0.454581925 0.5314611484375 0.4984375 0.596875 0.4984375
19 0.2500000000000001 0.5399493234375 0.16188766875000005 0.5399493234375 0.16188766875000007 0.6015625 0.2500000000000001 0.6015625
19 0.2953125000000001 0.549028715625 0.2400337843750001 0.549028715625 0.2400337843750001 0.615625 0.2953125000000001 0.615625
19 0.35625000000000007 0.5567778718749999 0.2941300687500001 0.5567778718749999 0.2941300687500001 0.6140625 0.35625000000000007 0.6140625
19 0.4125 0.5609375 0.3592694265625001 0.5609375 0.3592694265625001 0.6234375 0.4125 0.6234375
19 0.4765625 0.5626266890625 0.41545608125 0.5626266890625 0.41545608125 0.628125 0.4765625 0.628125
19 0.5390625 0.5640625 0.4809543921875 0.5640625 0.4809543921875 0.63125 0.5390625 0.63125