19 0.14531250000000007 0.4859375 0.07812500000000007 0.4859375 0.07812500000000007 0.58671875 0.1453125000000001 0.58671875
19 0.07031250000000007 0.4859375 0.0031250000000000596 0.4859375 0.003125000000000066 0.5859375 0.07031250000000007 0.5859375
19 0.3812500000000001 0.49375 0.2875000000000001 0.49375 0.2875000000000001 0.5875 0.3812500000000001 0.5875
19 0.4703125 0.4953125 0.3828125000000001 0.4953125 0.3828125000000001 0.5875 0.4703125 0.5875
19 0.5671875 0.49375 0.478125 0.49375 0.478125 0.5875 0.5671875 0.5875
19 0.28203125000000007 0.515625 0.22812500000000008 0.515625 0.22812500000000008 0.58515625 0.28203125000000007 0.58515625
19 0.2140625000000001 0.5171875 0.15781250000000005 0.5171875 0.15781250000000008 0.5859375 0.2140625000000001 0.5859375
19 0.8671875 0.5140625000000002 0.76875 0.5140625000000002 0.76875 0.5882812500000002 0.8671875 0.5882812500000002
19 0.76484375 0.5156250000000001 0.66875 0.515625 0.66875 0.5875000000000001 0.76484375 0.5875000000000001
19 0.66953125 0.5125 0.571875 0.5125 0.571875 0.58671875 0.66953125 0.58671875
19 0.990625 0.5453125000000002 0.9390625 0.5453125000000002 0.9390625 0.5851562500000002 0.990625 0.5851562500000002
19 0.9234375 0.5468750000000002 0.8765625 0.5468750000000002 0.8765625 0.5851562500000002 0.9234375 0.5851562500000002
19 0.58671875 0.6171875 0.46875 0.6171875 0.46875 0.709375 0.58671875 0.709375
19 0.053125000000000075 0.6171875 7.558366963487571e-17 0.6171875 8.122852597469554e-17 0.709375 0.05312500000000009 0.709375
19 0.27421875000000007 0.615625 0.17343750000000008 0.615625 0.17343750000000008 0.715625 0.27421875000000007 0.715625
19 0.1664062500000001 0.615625 0.06093750000000007 0.615625 0.060937500000000075 0.71328125 0.1664062500000001 0.71328125
19 0.46015625 0.6234375 0.3734375000000001 0.6234375 0.3734375000000001 0.71328125 0.46015625 0.71328125
19 0.3671875000000001 0.625 0.2796875000000001 0.625 0.2796875000000001 0.7125 0.3671875000000001 0.7125
19 0.696875 0.640625 0.5890625 0.640625 0.5890625 0.71015625 0.696875 0.71015625