19 0.24531250000000004 0.346677815625 0.209375 0.346677815625 0.20937500000000003 0.434375 0.2453125000000001 0.434375
19 0.20142521875000002 0.34661291875 0.16947633750000005 0.34661291875 0.16947633750000005 0.434375 0.20142521875000008 0.434375
19 0.30937500000000007 0.373439996875 0.2292132593750001 0.373439996875 0.2292132593750001 0.4140625 0.30937500000000007 0.4140625
19 0.7951053328125 0.39293879843750007 0.7383960671875001 0.39293879843750007 0.7383960671875001 0.4312500000000002 0.7951053328125 0.4312500000000002
19 0.834375 0.3833641171875001 0.7984375 0.3833641171875001 0.7984375 0.4400733828125002 0.834375 0.4400733828125002
19 0.728125 0.48544079375000015 0.646875 0.48544079375000004 0.646875 0.5609375000000001 0.728125 0.5609375000000002
19 0.8015625 0.5012654750000002 0.7271016375 0.5012654750000002 0.7271016375 0.5578125000000002 0.8015625 0.5578125000000002
19 0.2750000000000001 0.5095322484375 0.22092901406250007 0.5095322484375 0.22092901406250007 0.553125 0.2750000000000001 0.553125
19 0.2234375000000001 0.5091753203125 0.16964606718750003 0.5091753203125 0.16964606718750005 0.5546875 0.2234375000000001 0.5546875
19 0.32500000000000007 0.510268571875 0.2704497812500001 0.510268571875 0.2704497812500001 0.553125 0.32500000000000007 0.553125
19 0.4734375 0.503259784375 0.4125998390625 0.503259784375 0.4125998390625 0.5609375 0.4734375 0.5609375
19 0.54375 0.5003793921875 0.492052715625 0.5003793921875 0.492052715625 0.575 0.54375 0.575
19 0.6328125 0.5112395171874999 0.5653354625 0.5112395171874999 0.5653354625 0.5655526156249999 0.6328125 0.5655526156249999
19 0.36406250000000007 0.524470846875 0.3236172125000001 0.524470846875 0.3236172125000001 0.5578125 0.36406250000000007 0.5578125
19 0.403125 0.5236995796875 0.3699530750000001 0.5236995796875 0.3699530750000001 0.5609375 0.403125 0.5609375