19 0.08984375000000003 0.165625 2.0283212610878037e-17 0.165625 2.898968594856625e-17 0.3078125 0.08984375000000004 0.3078125
19 0.18593750000000003 0.17343750000000002 0.103125 0.1734375 0.10312500000000002 0.30546875 0.18593750000000003 0.30546875
19 0.28125 0.18125000000000005 0.1921875 0.18125000000000005 0.1921875 0.3109375 0.28125 0.3109375
19 0.36484375 0.18281250000000004 0.2828125 0.18281250000000004 0.2828125 0.3140625 0.36484375 0.3140625000000001
19 0.48203125 0.421875 0.4421875 0.421875 0.4421875 0.46171875 0.48203125 0.46171875
19 0.60625 0.425 0.5734375 0.425 0.5734375 0.46328125 0.60625 0.46328125
19 0.5203125 0.4234375 0.4875 0.4234375 0.4875 0.46640625 0.5203125 0.46640625
19 0.56484375 0.425 0.5296875 0.425 0.5296875 0.465625 0.56484375 0.465625
19 0.9796875 0.4359375000000002 0.953125 0.4359375000000002 0.953125 0.4890625000000002 0.9796875 0.4890625000000002
19 0.9453125 0.43750000000000017 0.9140625 0.43750000000000017 0.9140625 0.4890625000000002 0.9453125 0.4890625000000002
19 0.90703125 0.43750000000000017 0.878125 0.43750000000000017 0.878125 0.4906250000000002 0.90703125 0.4906250000000002
19 0.86953125 0.4390625000000002 0.8359375 0.4390625000000002 0.8359375 0.4906250000000002 0.86953125 0.4906250000000002
19 0.2117187500000001 0.4171875 0.13750000000000004 0.4171875 0.13750000000000004 0.51328125 0.2117187500000001 0.51328125
19 0.78203125 0.4390625000000002 0.7484375 0.4390625000000002 0.7484375 0.4945312500000002 0.78203125 0.4945312500000002
19 0.74375 0.4359375000000001 0.70625 0.4359375 0.70625 0.4960937500000001 0.74375 0.49609375000000017
19 0.64921875 0.4359375 0.6140625 0.4359375 0.6140625 0.5 0.64921875 0.5
19 0.82734375 0.4390625000000002 0.7921875 0.4390625000000002 0.7921875 0.4945312500000002 0.82734375 0.4945312500000002
19 0.69765625 0.4359375 0.6625 0.4359375 0.6625 0.4984375 0.69765625 0.4984375
19 0.3843750000000001 0.4421875 0.3390625000000001 0.4421875 0.3390625000000001 0.50703125 0.3843750000000001 0.50703125
19 0.43359375 0.4421875 0.3937500000000001 0.4421875 0.3937500000000001 0.50703125 0.43359375 0.50703125
19 0.2671875000000001 0.4421875 0.21875000000000008 0.4421875 0.21875000000000008 0.5109375 0.2671875000000001 0.5109375
19 0.3257812500000001 0.4421875 0.2765625000000001 0.4421875 0.2765625000000001 0.5109375 0.3257812500000001 0.5109375
19 0.6046875 0.4703125 0.571875 0.4703125 0.571875 0.49765625 0.6046875 0.49765625
19 0.48125 0.46875 0.4390625 0.46875 0.4390625 0.50390625 0.48125 0.50390625
19 0.52265625 0.4703125 0.4890625 0.4703125 0.4890625 0.50546875 0.52265625 0.50546875
19 0.5640625 0.4734375 0.53125 0.4734375 0.53125 0.5046875 0.5640625 0.5046875
19 0.3335937500000001 0.571875 0.2515625000000001 0.571875 0.2515625000000001 0.6671875 0.3335937500000001 0.6671875
19 0.2429687500000001 0.5765625 0.15781250000000008 0.5765625 0.15781250000000008 0.6765625 0.2429687500000001 0.6765625
19 0.1515625000000001 0.575 0.05312500000000007 0.575 0.053125000000000075 0.6828125 0.1515625000000001 0.6828125
19 0.86875 0.6765625000000002 0.8109375 0.6765625000000002 0.8109375 0.7500000000000002 0.86875 0.7500000000000002
19 0.8125 0.6750000000000002 0.75625 0.6750000000000002 0.7562500000000001 0.7546875000000002 0.8125 0.7546875000000002
19 0.7523437500000001 0.6843750000000001 0.69375 0.684375 0.6937500000000001 0.7640625000000001 0.7523437500000002 0.7640625000000002
19 0.6937500000000001 0.690625 0.63125 0.690625 0.6312500000000001 0.77265625 0.6937500000000002 0.77265625
19 0.6226562500000001 0.7 0.55625 0.7 0.5562500000000001 0.78203125 0.6226562500000001 0.78203125
19 0.5523437500000001 0.7078125 0.48125 0.7078125 0.48125000000000007 0.78828125 0.5523437500000001 0.78828125
19 0.4804687500000001 0.7171875 0.4046875 0.7171875 0.4046875000000001 0.8015625 0.48046875000000017 0.8015625
19 0.4007812500000001 0.7203125 0.3187500000000001 0.7203125 0.3187500000000001 0.81015625 0.4007812500000002 0.81015625
19 0.3179687500000001 0.73125 0.2375000000000001 0.73125 0.2375000000000001 0.81796875 0.3179687500000001 0.81796875
19 0.2289062500000001 0.734375 0.14218750000000008 0.734375 0.14218750000000008 0.83046875 0.2289062500000001 0.83046875
19 0.13437500000000008 0.740625 0.050000000000000086 0.740625 0.0500000000000001 0.8390625 0.13437500000000008 0.8390625
19 0.40234375000000017 0.875 0.33281250000000007 0.875 0.33281250000000007 0.93515625 0.40234375000000017 0.93515625
19 0.3242187500000001 0.8875 0.24375000000000008 0.8875 0.24375000000000008 0.9484375 0.3242187500000001 0.9484375
19 0.2328125000000001 0.8984375 0.1546875000000001 0.8984375 0.15468750000000012 0.96328125 0.2328125000000001 0.96328125
19 0.14218750000000013 0.909375 0.06875000000000012 0.909375 0.06875000000000012 0.971875 0.14218750000000013 0.971875