19 0.56875 0.5718229171875 0.492083334375 0.5718229171875 0.492083334375 0.721875 0.56875 0.721875
19 0.5234375 0.6036458328125 0.37187500000000007 0.6036458328125 0.37187500000000007 0.684375 0.5234375 0.684375
19 0.4359375 0.6271354171875 0.2990625015625001 0.6271354171875 0.2990625015625001 0.69375 0.4359375 0.69375
19 0.9765625 0.6038020828125001 0.8984375 0.6038020828125001 0.8984375 0.7234375000000002 0.9765625 0.7234375000000002
19 0.5589062515625 0.04911458437500006 0.417239584375 0.049114584375000055 0.417239584375 0.09062500000000005 0.5589062515625 0.09062500000000007
19 0.503125 0.04921875156250006 0.3597916671875 0.049218751562500045 0.3597916671875 0.09375000000000006 0.503125 0.09375000000000007
19 1 0.8471354171875 0.856822915625 0.8471354171875 0.856822915625 0.8984375 1 0.8984375
19 0.8453125 0.8661979171875 0.7058333328125002 0.8661979171875 0.7058333328125002 0.9203125 0.8453125 0.9203125
19 0.7417187515625001 0.8287499984375 0.6850520843750002 0.8287499984375 0.6850520843750002 0.959375 0.7417187515625001 0.959375
19 0.6812500000000001 0.827083334375 0.6269270843750002 0.827083334375 0.6269270843750002 0.9609375 0.6812500000000001 0.9609375
19 0.8826562499999999 0.88828125 0.7784895828125002 0.88828125 0.7784895828125002 0.9328125 0.8826562499999999 0.9328125
19 0.9328125 0.8875 0.8303125 0.8875 0.8303125 0.934375 0.9328125 0.934375
19 0.6265625000000001 0.9102083328124999 0.5651041671875002 0.9102083328124999 0.5651041671875002 0.946875 0.6265625000000001 0.946875
19 0.5828125000000002 0.9101041656250001 0.5191666671875002 0.9101041656250001 0.5191666671875002 0.95 0.5828125000000002 0.95
19 0.684375 0.01656250156250008 0.6453125 0.016562501562500078 0.6453125 0.14062500000000008 0.684375 0.14062500000000008
19 0.7765625 0.06208333281250009 0.647447915625 0.06208333281250009 0.647447915625 0.10156250000000008 0.7765625 0.10156250000000008