19 0.5294117640625 0.13840830468750004 0.4723183390625 0.13840830468750004 0.4723183390625 0.2223183390625001 0.5294117640625 0.2223183390625001
19 0.46366782031250003 0.14186851250000004 0.4100346015625 0.14186851250000004 0.4100346015625 0.2240484421875001 0.46366782031250003 0.2240484421875001
19 0.3391003453125 0.13321799375000004 0.274221453125 0.13321799375000004 0.274221453125 0.23010380625 0.3391003453125 0.23010380625
19 0.40311418750000005 0.14359861562500004 0.34948096875 0.14359861562500004 0.34948096875 0.22577854687500004 0.40311418750000005 0.22577854687500007
19 0.261245675 0.13840830468750004 0.19636678125 0.13840830468750004 0.19636678125 0.23442906562500002 0.261245675 0.23442906562500002
19 0.6384083046875 0.1557093421875001 0.5942906578125 0.1557093421875001 0.5942906578125 0.21539792343750008 0.6384083046875 0.21539792343750008
19 0.5847750859375 0.16089965468750006 0.53719723125 0.16089965468750006 0.53719723125 0.2179930796875001 0.5847750859375 0.2179930796875001
19 0.1868512109375 0.14359861562500004 0.12543252656249998 0.143598615625 0.1254325265625 0.2396193765625 0.18685121093750004 0.2396193765625
19 0.11418685156250001 0.1487889265625 0.05449827031250002 0.1487889265625 0.05449827031250002 0.2422145328125 0.11418685156250004 0.2422145328125
19 0.04498269843750003 0.1539792390625 1.8857018225303572e-17 0.1539792390625 2.4418779218184256e-17 0.2448096890625 0.04498269843750004 0.2448096890625
19 1 0.24913494843750011 0.9100346015625 0.24913494843750011 0.9100346015625 0.3425605531250001 1 0.3425605531250001
19 0.9013840828124999 0.24913494843750011 0.807958478125 0.24913494843750011 0.807958478125 0.3425605531250001 0.9013840828124999 0.3425605531250001
19 0.7975778546875001 0.25259515625000006 0.705882353125 0.25259515625000006 0.705882353125 0.3468858125000001 0.7975778546875001 0.3468858125000001
19 0.6989619375 0.2543252593750001 0.6055363328125 0.2543252593750001 0.6055363328125 0.34861591718750007 0.6989619375 0.34861591718750007
19 0.5916955015625 0.2889273359375001 0.5025951562500001 0.2889273359375001 0.5025951562500001 0.35294117656250007 0.5916955015625 0.35294117656250007
19 0.14186851250000004 0.276816609375 0.07093425625000005 0.276816609375 0.07093425625000005 0.36851211093749997 0.14186851250000004 0.36851211093749997
19 0.06228373750000005 0.27854671249999996 3.41121339876143e-17 0.27854671249999996 3.967389498049499e-17 0.3693771625 0.06228373750000005 0.3693771625
19 0.49134948125 0.2975778546875001 0.4351211078125 0.2975778546875001 0.4351211078125 0.35640138437500013 0.49134948125 0.35640138437500013
19 0.3512110734375 0.2958477515625 0.256920415625 0.2958477515625 0.256920415625 0.36072664374999996 0.3512110734375 0.36072664374999996
19 0.4256055359375 0.2975778546875001 0.36851211093749997 0.2975778546875001 0.36851211093749997 0.35726643593750007 0.4256055359375 0.35726643593750007
19 0.25259515625000006 0.30968858125 0.20847750937499998 0.30968858125 0.20847750937500004 0.3641868515625 0.25259515625000006 0.3641868515625
19 0.19896193750000005 0.30968858125 0.14878892656250003 0.30968858125 0.14878892656250003 0.36591695468749996 0.19896193750000005 0.36591695468749996