19 0.45078125 0.2062500000000001 0.4125 0.2062500000000001 0.4125 0.25468750000000007 0.45078125 0.25468750000000007
19 0.4890625 0.20468750000000008 0.453125 0.20468750000000008 0.453125 0.2554687500000001 0.4890625 0.2554687500000001
19 0.4109375 0.2078125000000001 0.3734375 0.2078125000000001 0.3734375 0.2523437500000001 0.4109375 0.2523437500000001
19 0.36875 0.20625000000000004 0.3328125 0.20625 0.3328125 0.25468750000000007 0.36875 0.25468750000000007
19 0.5609375 0.2468750000000001 0.5296875 0.2468750000000001 0.5296875 0.27421875000000007 0.5609375 0.27421875000000007
19 0.596875 0.2500000000000001 0.565625 0.2500000000000001 0.565625 0.2726562500000001 0.596875 0.2726562500000001
19 0.5265625 0.2484375000000001 0.4953125 0.2484375000000001 0.4953125 0.2757812500000001 0.5265625 0.2757812500000001
19 0.4453125 0.2578125000000001 0.4125 0.2578125000000001 0.4125 0.3023437500000001 0.4453125 0.3023437500000001
19 0.4859375 0.2593750000000001 0.45 0.2593750000000001 0.45 0.3046875000000001 0.4859375 0.3046875000000001
19 0.3671875 0.25625000000000003 0.33125 0.25625 0.33125 0.30546875000000007 0.3671875 0.30546875000000007
19 0.4078125 0.2578125000000001 0.3703125 0.2578125000000001 0.3703125 0.3062500000000001 0.4078125 0.3062500000000001
19 0.56015625 0.2750000000000001 0.5265625 0.2750000000000001 0.5265625 0.3039062500000001 0.56015625 0.3039062500000001
19 0.52265625 0.2765625000000001 0.4890625 0.2765625000000001 0.4890625 0.30546875000000007 0.52265625 0.30546875000000007
19 0.59140625 0.27812500000000007 0.5625 0.27812500000000007 0.5625 0.3046875000000001 0.59140625 0.3046875000000001
19 0.6046875 0.4125 0.5484375 0.4125 0.5484375 0.4609375 0.6046875 0.4609375
19 0.47890625 0.4140625 0.41875 0.4140625 0.41875 0.4625 0.47890625 0.4625
19 0.54140625 0.4125 0.48125 0.4125 0.48125 0.46328125 0.54140625 0.46328125
19 0.66796875 0.4140625 0.609375 0.4140625 0.609375 0.46328125 0.66796875 0.46328125
19 0.603125 0.4859375 0.5578125 0.4859375 0.5578125 0.54453125 0.603125 0.54453125
19 0.6546875 0.484375 0.609375 0.484375 0.609375 0.546875 0.6546875 0.546875
19 0.3960937500000001 0.53125 0.3531250000000001 0.53125 0.3531250000000001 0.61171875 0.3960937500000001 0.61171875
19 0.5640625 0.5375 0.5078125 0.5375 0.5078125 0.6171875 0.5640625 0.6171875
19 0.43515625 0.5453125 0.4 0.5453125 0.4 0.6171875 0.43515625 0.6171875
19 0.6609375 0.553125 0.6140625 0.553125 0.6140625 0.6171875 0.6609375 0.6171875
19 0.60859375 0.553125 0.565625 0.553125 0.565625 0.61796875 0.60859375 0.61796875
19 0.7078125 0.5546875 0.6609375 0.5546875 0.6609375 0.61875 0.7078125 0.61875
19 0.509375 0.565625 0.4796875 0.565625 0.4796875 0.61640625 0.509375 0.61640625
19 0.6000000000000001 0.6921875 0.5390625 0.6921875 0.5390625000000001 0.76875 0.6000000000000002 0.76875
19 0.4742187500000001 0.6953125 0.415625 0.6953125 0.4156250000000001 0.76484375 0.4742187500000002 0.76484375
19 0.5359375000000001 0.6953125 0.4796875 0.6953125 0.4796875000000001 0.76484375 0.5359375000000002 0.76484375
19 0.67109375 0.696875 0.6125 0.696875 0.6125 0.77109375 0.6710937500000002 0.77109375