19 0.4617187500000002 0.8203125 0.41718750000000016 0.8203125 0.41718750000000016 0.8625 0.4617187500000002 0.8625
19 0.4125000000000002 0.8203125 0.3656250000000001 0.8203125 0.3656250000000001 0.86328125 0.4125000000000002 0.86328125
19 0.21875000000000008 0.821875 0.1703125000000001 0.821875 0.1703125000000001 0.8640625 0.21875000000000008 0.8640625
19 0.2671875000000001 0.821875 0.22031250000000008 0.821875 0.22031250000000008 0.8640625 0.2671875000000001 0.8640625
19 0.1671875000000001 0.8203125 0.12031250000000009 0.8203125 0.12031250000000009 0.86328125 0.1671875000000001 0.86328125
19 0.3140625000000001 0.8203125 0.2687500000000001 0.8203125 0.2687500000000001 0.86328125 0.3140625000000001 0.86328125
19 0.5109375000000002 0.821875 0.46406250000000016 0.821875 0.46406250000000016 0.8625 0.5109375000000002 0.8625
19 0.3617187500000001 0.821875 0.31718750000000007 0.821875 0.31718750000000007 0.8625 0.3617187500000001 0.8625
19 0.5640625000000001 0.8203125 0.5171875000000001 0.8203125 0.5171875000000001 0.86328125 0.5640625000000001 0.86328125
19 0.6109375000000001 0.81875 0.5640625000000001 0.81875 0.5640625000000001 0.8609375 0.6109375000000001 0.8609375
19 0.2875000000000001 0.4484375 0.21875000000000008 0.4484375 0.21875000000000008 0.5203125 0.2875000000000001 0.5203125
19 0.14687500000000003 0.4484375 0.07500000000000004 0.4484375 0.07500000000000005 0.5203125 0.14687500000000003 0.5203125
19 0.3578125000000001 0.45 0.28593750000000007 0.45 0.28593750000000007 0.521875 0.3578125000000001 0.521875
19 0.42734375 0.45 0.3578125000000001 0.45 0.3578125000000001 0.52109375 0.42734375 0.52109375
19 0.21640625000000008 0.45 0.14687500000000003 0.45 0.14687500000000003 0.51953125 0.21640625000000008 0.51953125
19 0.50078125 0.4515625 0.4296875 0.4515625 0.4296875 0.52109375 0.50078125 0.52109375
19 0.52578125 0.54375 0.4609375 0.54375 0.4609375 0.6078125 0.52578125 0.6078125
19 0.3906250000000001 0.5484375 0.3265625000000001 0.5484375 0.3265625000000001 0.609375 0.3906250000000001 0.609375
19 0.45625 0.5484375 0.3937500000000001 0.5484375 0.3937500000000001 0.609375 0.45625 0.609375
19 0.678125 0.55625 0.63125 0.55625 0.63125 0.609375 0.678125 0.609375
19 0.628125 0.559375 0.5796875 0.559375 0.5796875 0.61015625 0.628125 0.61015625
19 0.5765625 0.559375 0.53125 0.559375 0.53125 0.61015625 0.5765625 0.61015625
19 0.2656250000000001 0.5625 0.2078125000000001 0.5625 0.2078125000000001 0.609375 0.2656250000000001 0.609375
19 0.20859375000000008 0.5609375 0.14843750000000008 0.5609375 0.14843750000000008 0.609375 0.20859375000000008 0.609375
19 0.3218750000000001 0.5640625 0.2656250000000001 0.5640625 0.2656250000000001 0.609375 0.3218750000000001 0.609375
19 0.1453125000000001 0.5640625 0.08750000000000006 0.5640625 0.08750000000000006 0.6109375 0.1453125000000001 0.6109375
19 0.71796875 0.5703125 0.6796875 0.5703125 0.6796875 0.60859375 0.71796875 0.60859375
19 0.5265625 0.64375 0.490625 0.64375 0.490625 0.6953125 0.5265625 0.6953125
19 0.3234375000000001 0.646875 0.28593750000000007 0.646875 0.28593750000000007 0.6953125 0.3234375000000001 0.6953125
19 0.48515625 0.6453125 0.45 0.6453125 0.45 0.69609375 0.48515625 0.69609375
19 0.3656250000000001 0.646875 0.3281250000000001 0.646875 0.3281250000000001 0.69765625 0.3656250000000001 0.69765625
19 0.4046875 0.6453125 0.3687500000000001 0.6453125 0.3687500000000001 0.69609375 0.4046875 0.69609375
19 0.446875 0.6453125 0.4109375 0.6453125 0.4109375 0.69609375 0.446875 0.69609375
19 0.1750000000000001 0.659375 0.14218750000000008 0.659375 0.14218750000000008 0.69765625 0.1750000000000001 0.69765625
19 0.2093750000000001 0.6609375 0.1765625000000001 0.6609375 0.1765625000000001 0.696875 0.2093750000000001 0.696875
19 0.2835937500000001 0.659375 0.2500000000000001 0.659375 0.2500000000000001 0.696875 0.2835937500000001 0.696875
19 0.24609375000000008 0.6609375 0.21250000000000008 0.6609375 0.21250000000000008 0.696875 0.24609375000000008 0.696875
19 0.1390625000000001 0.6625 0.1062500000000001 0.6625 0.1062500000000001 0.6984375 0.1390625000000001 0.6984375