19 0.75703125 0.21250000000000008 0.721875 0.21250000000000008 0.721875 0.2656250000000001 0.75703125 0.2656250000000001
19 0.7203125 0.21250000000000008 0.690625 0.21250000000000008 0.690625 0.2656250000000001 0.7203125 0.2656250000000001
19 0.6484375 0.21093750000000008 0.615625 0.21093750000000008 0.615625 0.26640625000000007 0.6484375 0.26640625000000007
19 0.6828125 0.2140625000000001 0.653125 0.2140625000000001 0.653125 0.2656250000000001 0.6828125 0.2656250000000001
19 0.7640625 0.3234375000000001 0.734375 0.3234375000000001 0.734375 0.34843750000000007 0.7640625 0.34843750000000007
19 0.728125 0.32500000000000007 0.696875 0.32500000000000007 0.696875 0.3492187500000001 0.728125 0.3492187500000001
19 0.27734375000000006 0.30625 0.21875 0.30625 0.21875000000000006 0.37578125 0.2773437500000001 0.37578125
19 0.40703125 0.30468750000000006 0.346875 0.3046875 0.34687500000000004 0.37890625000000006 0.40703125 0.3789062500000001
19 0.22265625000000006 0.30625 0.15625000000000006 0.30625 0.15625000000000006 0.378125 0.22265625000000008 0.378125
19 0.3453125 0.3078125 0.28125 0.3078125 0.28125000000000006 0.3796875 0.3453125000000001 0.3796875
19 0.553125 0.3125000000000001 0.50625 0.3125000000000001 0.50625 0.3812500000000001 0.553125 0.3812500000000001
19 0.50390625 0.3125000000000001 0.4546875 0.3125000000000001 0.4546875 0.3789062500000001 0.50390625 0.3789062500000001
19 0.45546875 0.3156250000000001 0.4125 0.3156250000000001 0.4125 0.3820312500000001 0.45546875 0.3820312500000001
19 0.69375 0.32500000000000007 0.6421875 0.32500000000000007 0.6421875 0.3789062500000001 0.69375 0.3789062500000001
19 0.63046875 0.3296875000000001 0.596875 0.3296875000000001 0.596875 0.3804687500000001 0.63046875 0.3804687500000001
19 0.59140625 0.3312500000000001 0.55625 0.3312500000000001 0.55625 0.37968750000000007 0.59140625 0.37968750000000007
19 0.72578125 0.3500000000000001 0.696875 0.3500000000000001 0.696875 0.37968750000000007 0.72578125 0.37968750000000007
19 0.7609375 0.3500000000000001 0.73125 0.3500000000000001 0.73125 0.3773437500000001 0.7609375 0.3773437500000001
19 0.44921875 0.415625 0.3843750000000001 0.415625 0.3843750000000001 0.48984375 0.44921875 0.48984375
19 0.38359375000000007 0.41875 0.31718750000000007 0.41875 0.31718750000000007 0.4921875 0.38359375000000007 0.4921875
19 0.3187500000000001 0.4171875 0.25468750000000007 0.4171875 0.25468750000000007 0.49140625 0.3187500000000001 0.49140625
19 0.2492187500000001 0.41875 0.18437500000000004 0.41875 0.18437500000000004 0.4921875 0.2492187500000001 0.4921875
19 0.57890625 0.421875 0.5203125 0.421875 0.5203125 0.490625 0.57890625 0.490625
19 0.51171875 0.421875 0.453125 0.421875 0.453125 0.490625 0.51171875 0.490625
19 0.64296875 0.4296875 0.584375 0.4296875 0.584375 0.4921875 0.64296875 0.4921875
19 0.72421875 0.4421875 0.684375 0.4421875 0.684375 0.490625 0.72421875 0.490625
19 0.76328125 0.4421875000000002 0.728125 0.4421875000000002 0.728125 0.4906250000000002 0.76328125 0.4906250000000002
19 0.684375 0.44375 0.646875 0.44375 0.646875 0.490625 0.684375 0.490625