19 0.7140625000000002 0.859765625 0.6824218750000002 0.859765625 0.6824218750000002 0.9125 0.7140625000000002 0.9125
19 0.5968750000000002 0.865625 0.5593750000000002 0.865625 0.5593750000000002 0.9125 0.5968750000000002 0.9125
19 0.6625000000000002 0.871484375 0.6128906250000001 0.871484375 0.6128906250000001 0.9046875 0.6625000000000002 0.9046875
19 0.09062500000000011 0.8734375 0.018750000000000107 0.8734375 0.01875000000000011 0.9453125 0.09062500000000011 0.9453125
19 0.17031250000000012 0.871875 0.09843750000000011 0.871875 0.09843750000000011 0.95 0.17031250000000014 0.95
19 0.5156250000000002 0.873046875 0.4363281250000002 0.873046875 0.4363281250000002 0.9484375 0.5156250000000002 0.9484375
19 0.2562500000000001 0.871875 0.1843750000000001 0.871875 0.18437500000000012 0.95 0.2562500000000001 0.95
19 0.3343750000000001 0.876171875 0.2660156250000001 0.876171875 0.2660156250000001 0.9484375 0.3343750000000001 0.9484375
19 0.41992187500000017 0.875390625 0.3488281250000001 0.875390625 0.3488281250000001 0.95 0.41992187500000017 0.95
19 0.5718750000000001 0.9140625 0.5234375000000002 0.9140625 0.5234375000000002 0.9515625 0.5718750000000001 0.9515625
19 0.6203125000000002 0.915625 0.5750000000000002 0.915625 0.5750000000000002 0.9515625 0.6203125000000002 0.9515625
19 0.7468750000000002 0.916015625 0.6906250000000002 0.916015625 0.6906250000000002 0.95 0.7468750000000002 0.95
19 0.6734375000000001 0.90859375 0.6367187500000002 0.90859375 0.6367187500000002 0.959375 0.6734375000000001 0.959375
19 0.5328125000000001 0.638671875 0.446484375 0.638671875 0.4464843750000001 0.7390625 0.5328125000000001 0.7390625
19 0.6359375 0.64375 0.553125 0.64375 0.5531250000000001 0.7390625 0.6359375000000002 0.7390625
19 0.8625 0.6437500000000002 0.770703125 0.6437500000000002 0.770703125 0.7484375000000002 0.8625 0.7484375000000002
19 0.9796875 0.6531250000000002 0.8765625 0.6531250000000002 0.8765625 0.7406250000000002 0.9796875 0.7406250000000002
19 0.7484375000000001 0.6429687500000001 0.66171875 0.64296875 0.6617187500000001 0.7500000000000001 0.7484375000000002 0.7500000000000002
19 0.4468750000000001 0.662109375 0.37382812500000007 0.662109375 0.37382812500000007 0.7359375 0.4468750000000002 0.7359375
19 0.3687500000000001 0.6625 0.3000000000000001 0.6625 0.3000000000000001 0.7390625 0.3687500000000001 0.7390625
19 0.2843750000000001 0.675390625 0.2292968750000001 0.675390625 0.2292968750000001 0.741796875 0.2843750000000001 0.741796875
19 0.21875000000000008 0.683984375 0.1609375000000001 0.683984375 0.1609375000000001 0.7390625 0.21875000000000008 0.7390625
19 0.09687500000000009 0.680859375 0.038281250000000086 0.680859375 0.038281250000000086 0.740625 0.09687500000000009 0.740625
19 0.15781250000000008 0.684375 0.1003906250000001 0.684375 0.1003906250000001 0.7390625 0.15781250000000008 0.7390625