19 0.2419082890625 0.15000000000000005 0.20496671093750002 0.15000000000000005 0.20496671093750002 0.18750000000000006 0.2419082890625 0.18750000000000006
19 0.9125 0.14105186875000011 0.8231582890625001 0.1410518687500001 0.8231582890625001 0.21665324375000009 0.9125 0.21665324375000009
19 0.8328125 0.1441607609375001 0.749119415625 0.1441607609375001 0.749119415625 0.2171875000000001 0.8328125 0.2171875000000001
19 0.675 0.1395484328125001 0.6037908078124999 0.1395484328125001 0.6037908078124999 0.2218750000000001 0.675 0.2218750000000001
19 0.75625 0.14552995937500007 0.6757087625 0.14552995937500007 0.6757087625 0.2171875000000001 0.75625 0.2171875000000001
19 0.6042069375 0.14532592343750006 0.5225918171874999 0.14532592343750003 0.5225918171874999 0.22031250000000008 0.6042069375 0.22031250000000008
19 0.51875 0.14926975937500003 0.4657162796875 0.14926975937500003 0.4657162796875 0.2234375000000001 0.51875 0.2234375000000001
19 0.4609375 0.14926975937500003 0.4103602859375 0.14926975937500003 0.4103602859375 0.2234375000000001 0.4609375 0.2234375000000001
19 0.3109375 0.15653189531250006 0.2542069375 0.15653189531250006 0.2542069375 0.2265625 0.3109375 0.2265625
19 0.4109375 0.17656250000000004 0.3553747859375 0.17656250000000004 0.3553747859375 0.21250000000000005 0.4109375 0.21250000000000008
19 0.365625 0.17546445468750005 0.310003221875 0.17546445468750005 0.310003221875 0.21406250000000004 0.365625 0.2140625000000001
19 0.2421875 0.19070822656250003 0.207310459375 0.19070822656250003 0.207310459375 0.22335427343749997 0.2421875 0.22335427343749997
19 0.21986683906249999 0.2647014609375 0.16144759531250003 0.2647014609375 0.16144759531250003 0.3231207046875 0.21986683906249999 0.3231207046875
19 0.895213165625 0.3099844296875001 0.834375 0.3099844296875001 0.834375 0.3453125000000001 0.895213165625 0.3453125000000001
19 0.840625 0.2976562515625001 0.8055063375 0.2976562515625001 0.8055063375 0.3578125000000001 0.840625 0.3578125000000001
19 0.8093025125000001 0.3100112765625001 0.7484375 0.3100112765625001 0.7484375 0.3453125000000001 0.8093025125000001 0.3453125000000001
19 0.7577346453125 0.2976562515625001 0.7250885968749999 0.2976562515625001 0.7250885968749999 0.3578125000000001 0.7577346453125 0.3578125000000001
19 0.20781250000000004 0.32167633125 0.16370543437500004 0.32167633125 0.16370543437500004 0.3859375 0.2078125000000001 0.3859375
19 0.2171875000000001 0.39513530937499997 0.15665002187500005 0.39513530937499997 0.15665002187500005 0.446875 0.2171875000000001 0.446875
19 0.723230778125 0.4015625 0.650206721875 0.4015625 0.650206721875 0.4890625 0.723230778125 0.4890625
19 0.7953125 0.4059895828125001 0.7244254734375 0.40598958281249997 0.7244254734375 0.4875000000000001 0.7953125 0.48750000000000016
19 0.8794807765625 0.4055600296875002 0.8064567234375 0.4055600296875002 0.8064567234375 0.48750000000000016 0.8794807765625 0.48750000000000016
19 0.647809278125 0.41031733125000003 0.5773625421874999 0.41031733125000003 0.5773625421874999 0.4859375 0.647809278125 0.4859375
19 0.5765625 0.4203125 0.510285115625 0.4203125 0.510285115625 0.484375 0.5765625 0.484375
19 0.45625 0.4369845375 0.41781840625 0.4369845375 0.41781840625 0.4890625 0.45625 0.4890625
19 0.509375 0.44279692812500004 0.45527544999999997 0.44279692812500004 0.45527544999999997 0.48125 0.509375 0.48125
19 0.21250000000000008 0.4546821296875 0.15995489687500003 0.4546821296875 0.15995489687500003 0.5125 0.21250000000000008 0.5125
19 0.2156250000000001 0.521875 0.15688896093750004 0.521875 0.15688896093750007 0.5746832046875 0.2156250000000001 0.5746832046875
19 0.2156250000000001 0.613759128125 0.1611415375000001 0.613759128125 0.1611415375000001 0.6703125 0.2156250000000001 0.6703125