19 0.6155115515625001 0.8250825078125 0.5618811875000002 0.8250825078125 0.5618811875000002 0.9719471953125 0.6155115515625001 0.9719471953125
19 0.5544554453125002 0.8333333328125001 0.49752475312500016 0.8333333328125001 0.49752475312500016 0.9744224421875 0.5544554453125002 0.9744224421875
19 0.49174917500000015 0.8630363031250001 0.44719471875000016 0.8630363031250001 0.44719471875000016 0.973597359375 0.49174917500000015 0.973597359375
19 0.44719471875000016 0.8646864687500001 0.3960396046875001 0.8646864687500001 0.3960396046875001 0.975247525 0.44719471875000016 0.975247525
19 0.1386138609375001 0.8597359734375001 0.0891089109375001 0.8597359734375001 0.0891089109375001 0.9851485156249999 0.13861386093750014 0.9851485156249999
19 0.3960396046875001 0.8646864687500001 0.3424092406250001 0.8646864687500001 0.3424092406250001 0.9785478546874999 0.3960396046875001 0.9785478546874999
19 0.08415841562500012 0.8630363031250001 0.03300330000000011 0.8630363031250001 0.03300330000000012 0.9950495046875 0.08415841562500012 0.9950495046875
19 0.3415841578125001 0.8960396046874999 0.3011551156250001 0.8960396046874999 0.3011551156250001 0.9785478546874999 0.3415841578125001 0.9785478546874999
19 0.29537953750000007 0.8943894390624999 0.2574257421875001 0.8943894390624999 0.2574257421875001 0.981848184375 0.29537953750000007 0.981848184375
19 0.2541254125000001 0.8960396046874999 0.21864686406250006 0.8960396046874999 0.21864686406250006 0.9810231015624999 0.2541254125000001 0.9810231015624999
19 0.024752475000000114 0.9009900984374999 1.1033946401149431e-16 0.9009900984374999 1.162505068049864e-16 0.997524753125 0.02475247500000012 0.997524753125
19 0.2145214515625001 0.9240924093749999 0.18151815156250012 0.9240924093749999 0.18151815156250012 0.9760726078124999 0.2145214515625001 0.9760726078124999
19 0.17821782187500013 0.9290429046875 0.14026402656250014 0.9290429046875 0.14026402656250014 0.9851485156249999 0.17821782187500013 0.9851485156249999
19 0.4801980203125 0.35478547812500005 0.4125412546875 0.35478547812500005 0.4125412546875 0.505775578125 0.4801980203125 0.505775578125
19 0.24752475312500005 0.354785478125 0.17656765625000004 0.354785478125 0.17656765625000004 0.508250825 0.24752475312500008 0.508250825
19 0.40594059375 0.3597359734375 0.3349834984375 0.35973597343749997 0.3349834984375001 0.508250825 0.40594059375 0.508250825
19 0.3250825078125001 0.363036303125 0.2500000000000001 0.363036303125 0.2500000000000001 0.5049504953125 0.3250825078125001 0.5049504953125
19 0.93894389375 0.4273927390625002 0.9042904296875 0.4273927390625002 0.9042904296875 0.5123762375000002 0.93894389375 0.5123762375000002
19 0.89768976875 0.4323432343750002 0.8671617156250001 0.4323432343750002 0.8671617156250001 0.5107260718750002 0.89768976875 0.5107260718750002
19 1 0.4323432343750002 0.9843234328125 0.4323432343750002 0.9843234328125 0.5107260718750002 1 0.5107260718750002
19 0.9801980203125 0.44719471875000016 0.9447194718749999 0.44719471875000016 0.9447194718749999 0.5148514843750002 0.9801980203125 0.5148514843750002
19 0.2970297031250001 0.567656765625 0.2400990093750001 0.567656765625 0.2400990093750001 0.6452145218750001 0.2970297031250001 0.6452145218750001
19 0.6534653468750001 0.669966996875 0.5915841578125 0.669966996875 0.5915841578125001 0.7549504953125 0.6534653468750002 0.7549504953125
19 0.5280528046875002 0.669966996875 0.46452145156249997 0.669966996875 0.4645214515625001 0.7574257421875 0.5280528046875002 0.7574257421875
19 0.5891089109375001 0.6732673265625 0.5297029703125 0.6732673265625 0.5297029703125001 0.755775578125 0.5891089109375002 0.755775578125
19 0.27722772343750013 0.669966996875 0.21287128750000012 0.669966996875 0.21287128750000012 0.764026403125 0.27722772343750013 0.764026403125
19 0.1386138609375001 0.661716171875 0.06848184843750009 0.661716171875 0.06848184843750009 0.772277228125 0.1386138609375001 0.772277228125
19 0.2079207921875001 0.669966996875 0.1402640265625001 0.669966996875 0.1402640265625001 0.7689768984375001 0.2079207921875001 0.7689768984375001