19 0.2412587406250001 0.7517482515625 0.1555944062500001 0.7517482515625 0.1555944062500001 0.797202796875 0.2412587406250001 0.797202796875
19 0.41608391562500013 0.7517482515625 0.34440559375000007 0.7517482515625 0.34440559375000007 0.7989510484375 0.41608391562500013 0.7989510484375
19 0.5856643359375002 0.7534965031249999 0.5139860140625002 0.7534965031249999 0.5139860140625002 0.796328671875 0.5856643359375002 0.796328671875
19 0.33041957968750013 0.7552447546875001 0.2587412593750001 0.7552447546875001 0.2587412593750001 0.8006993 0.33041957968750013 0.8006993
19 0.53059440625 0.41258741250000003 0.4388111890625 0.41258741250000003 0.4388111890625 0.48951048906250005 0.53059440625 0.48951048906250005
19 0.43269230781249995 0.4143356640625 0.3409090906250001 0.4143356640625 0.3409090906250001 0.491258740625 0.43269230781249995 0.491258740625
19 0.6267482515625 0.4143356640625 0.53146853125 0.4143356640625 0.53146853125 0.491258740625 0.6267482515625 0.491258740625
19 0.15646853125000004 0.44405594375 0.10839160781250004 0.44405594375 0.10839160781250004 0.48863636406250005 0.15646853125000004 0.48863636406250005
19 0.2185314687500001 0.4458041953125 0.16783216718750005 0.4458041953125 0.16783216718750005 0.48863636406250005 0.2185314687500001 0.48863636406250005
19 0.3347902093750001 0.44755244687499995 0.28671328593750006 0.44755244687499995 0.28671328593750006 0.4877622375 0.3347902093750001 0.4877622375
19 0.27972027968750013 0.44755244687499995 0.2255244750000001 0.44755244687499995 0.2255244750000001 0.490384615625 0.27972027968750013 0.490384615625
19 0.41958042031250004 0.5209790203125 0.33041957968750013 0.5209790203125 0.33041957968750013 0.5865384609375 0.41958042031250004 0.5865384609375
19 0.3243007000000001 0.5244755249999999 0.2342657343750001 0.5244755249999999 0.2342657343750001 0.5874125875 0.3243007000000001 0.5874125875
19 0.5104895109375 0.5244755249999999 0.421328671875 0.5244755249999999 0.421328671875 0.5865384609375 0.5104895109375 0.5865384609375
19 0.2298951046875001 0.527972028125 0.13461538437500004 0.527972028125 0.13461538437500006 0.5874125875 0.2298951046875001 0.5874125875
19 0.60664335625 0.5262237765625 0.5174825171874999 0.5262237765625 0.5174825171874999 0.5882867140625 0.60664335625 0.5882867140625
19 0.2805944062500001 0.6363636359375 0.20804195781250007 0.6363636359375 0.20804195781250007 0.684440559375 0.2805944062500001 0.684440559375
19 0.36451048906250005 0.6363636359375 0.2989510484375001 0.6363636359375 0.2989510484375001 0.684440559375 0.36451048906250005 0.684440559375
19 0.5332167828125 0.6381118875 0.4632867140625 0.6381118875 0.4632867140625 0.6835664328125 0.5332167828125 0.6835664328125
19 0.7106643359375 0.639860140625 0.6381118875 0.639860140625 0.6381118875 0.6826923078125 0.7106643359375 0.6826923078125
19 0.44930070000000005 0.6363636359375 0.37937062968750007 0.6363636359375 0.37937062968750007 0.684440559375 0.44930070000000005 0.684440559375
19 0.61800699375 0.6381118875 0.5454545453125 0.6381118875 0.5454545453125 0.6826923078125 0.61800699375 0.6826923078125
19 0.1975524468750001 0.6363636359375 0.12762237812500007 0.6363636359375 0.12762237812500007 0.6870629375 0.1975524468750001 0.6870629375
19 0.6678321671875002 0.7395104890625 0.5961538468750002 0.7395104890625 0.5961538468750002 0.7823426578125 0.6678321671875002 0.7823426578125
19 0.5000000000000002 0.75 0.4300699296875002 0.75 0.4300699296875002 0.797202796875 0.5000000000000002 0.797202796875