19 0.2718750000000001 0.37329522656249997 0.18293979531250004 0.37329522656249997 0.18293979531250004 0.4078125 0.2718750000000001 0.4078125
19 0.20142521875000002 0.34661291875 0.16947633750000005 0.34661291875 0.16947633750000005 0.434375 0.20142521875000008 0.434375
19 0.29029802343750005 0.353125 0.24876447656249998 0.353125 0.24876447656250003 0.434375 0.2902980234375001 0.434375
19 0.7951053328125 0.39293879843750007 0.7383960671875001 0.39293879843750007 0.7383960671875001 0.4312500000000002 0.7951053328125 0.4312500000000002
19 0.8450703875000001 0.3937500000000001 0.788361121875 0.3937500000000001 0.788361121875 0.4294254187500002 0.8450703875000001 0.4294254187500002
19 0.728125 0.4858052109375001 0.6470896578125 0.48580521093750006 0.6470896578125 0.5609375000000001 0.728125 0.5609375000000002
19 0.7921875 0.4918779953125002 0.7363543328125 0.4918779953125002 0.7363543328125 0.5656250000000002 0.7921875 0.5656250000000002
19 0.27031250000000007 0.504709965625 0.22558656250000012 0.504709965625 0.22558656250000012 0.5578125 0.27031250000000007 0.5578125
19 0.2196385781250001 0.5048747015624999 0.17411142187500003 0.5048747015624999 0.17411142187500006 0.5578125 0.2196385781250001 0.5578125
19 0.3187500000000001 0.5051093265625 0.27624301250000005 0.5051093265625 0.27624301250000005 0.559375 0.3187500000000001 0.559375
19 0.4734375 0.503259784375 0.4125998390625 0.503259784375 0.4125998390625 0.5609375 0.4734375 0.5609375
19 0.5546875 0.511142171875 0.48121006250000004 0.511142171875 0.48121006250000004 0.563857828125 0.5546875 0.563857828125
19 0.6265625 0.5041533546875 0.5727411140625 0.5041533546875 0.5727411140625 0.571875 0.6265625 0.571875
19 0.3609375000000001 0.5214307109375 0.3279852234375001 0.5214307109375 0.3279852234375001 0.5609375 0.3609375000000001 0.5609375
19 0.4046875 0.525014975 0.3675494203125001 0.525014975 0.3675494203125001 0.5593600234375 0.4046875 0.5593600234375