19 0.13593750000000002 0.148046875 0.09375000000000003 0.148046875 0.09375000000000003 0.2171875 0.13593750000000004 0.2171875
19 0.17968750000000003 0.150390625 0.1375 0.150390625 0.1375 0.2140625 0.17968750000000006 0.2140625
19 0.2171875 0.153125 0.179296875 0.153125 0.17929687500000002 0.2140625 0.2171875 0.2140625
19 0.2796875 0.16562500000000005 0.211328125 0.16562500000000005 0.211328125 0.203125 0.2796875 0.203125
19 0.18125000000000005 0.2203125 0.14375000000000004 0.2203125 0.14375000000000004 0.284375 0.18125000000000005 0.284375
19 0.284375 0.233203125 0.21875 0.233203125 0.21875 0.2703125 0.284375 0.2703125
19 0.225 0.221484375 0.18437500000000004 0.221484375 0.18437500000000004 0.2859375 0.225 0.2859375
19 0.15156250000000004 0.234375 0.08554687500000002 0.234375 0.08554687500000002 0.271875 0.15156250000000004 0.271875
19 0.5546875 0.3144531250000001 0.5171875 0.3144531250000001 0.5171875 0.36406250000000007 0.5546875 0.36406250000000007
19 0.509375 0.31718750000000007 0.46875 0.31718750000000007 0.46875 0.3656250000000001 0.509375 0.3656250000000001
19 0.6109375 0.32109375000000007 0.55859375 0.32109375000000007 0.55859375 0.3625000000000001 0.6109375 0.3625000000000001
19 0.5265625 0.0011718750000000605 0.460546875 0.0011718750000000566 0.460546875 0.07031250000000007 0.5265625 0.07031250000000007
19 0.446875 5.1186409183112037e-17 0.3890625 4.7646414529326714e-17 0.3890625 0.07187500000000005 0.446875 0.07187500000000005
19 0.7578125 0.3472656250000001 0.661328125 0.3472656250000001 0.661328125 0.4062500000000001 0.7578125 0.40625000000000017
19 0.18906250000000005 0.339453125 0.09375000000000004 0.339453125 0.09375000000000004 0.415625 0.18906250000000005 0.415625
19 0.26250000000000007 0.33125 0.18437500000000004 0.33125 0.18437500000000004 0.425 0.26250000000000007 0.425
19 0.6953125 0.3468750000000001 0.596875 0.3468750000000001 0.596875 0.4109375 0.6953125 0.4109375
19 0.3453125 0.340625 0.254296875 0.340625 0.25429687500000003 0.415625 0.3453125000000001 0.415625
19 0.825 0.3453125000000001 0.727734375 0.3453125000000001 0.727734375 0.4109375000000002 0.825 0.4109375000000002
19 0.4078125 0.358984375 0.33828125 0.358984375 0.33828125000000003 0.41875 0.4078125 0.41875
19 0.4703125 0.3558593750000001 0.4078125 0.3558593750000001 0.4078125 0.4265625 0.4703125 0.4265625
19 0.39375 0.016796875000000044 0.33046875 0.016796875000000037 0.33046875 0.06250000000000004 0.39375 0.06250000000000004
19 0.5125 0.37187500000000007 0.475 0.37187500000000007 0.475 0.4234375 0.5125 0.4234375
19 0.609375 0.3753906250000001 0.555078125 0.3753906250000001 0.555078125 0.4171875 0.609375 0.4171875
19 0.55625 0.3707031250000001 0.5140625 0.3707031250000001 0.5140625 0.425 0.55625 0.425
19 0.5796875 0.4515625 0.5421875 0.4515625 0.5421875 0.4828125 0.5796875 0.4828125
19 0.4875 0.453125 0.457421875 0.453125 0.457421875 0.48046875 0.4875 0.48046875
19 0.5296875 0.450390625 0.503125 0.450390625 0.503125 0.4859375 0.5296875 0.4859375
19 0.6203125 0.4546875 0.5828125 0.4546875 0.5828125 0.484375 0.6203125 0.484375
19 0.409375 0.453125 0.3734375000000001 0.453125 0.3734375000000001 0.484375 0.409375 0.484375
19 0.446875 0.45078125 0.42109375 0.45078125 0.42109375 0.4875 0.446875 0.4875
19 0.2859375 0.028125000000000032 0.241015625 0.028125000000000032 0.241015625 0.07031250000000003 0.2859375 0.07031250000000004
19 0.7046875 0.480078125 0.6734375 0.480078125 0.6734375 0.503125 0.7046875 0.503125
19 0.7359375 0.4777343750000001 0.71171875 0.477734375 0.71171875 0.5078125000000001 0.7359375 0.5078125000000002
19 0.7765625 0.4828125000000002 0.750390625 0.4828125000000002 0.750390625 0.5093750000000001 0.7765625 0.5093750000000001
19 0.328125 0.02968750000000004 0.288671875 0.029687500000000033 0.288671875 0.07265625000000005 0.328125 0.07265625000000005
19 0.17500000000000007 0.484765625 0.12343750000000005 0.484765625 0.12343750000000006 0.55 0.1750000000000001 0.55
19 0.2406250000000001 0.492578125 0.17617187500000003 0.492578125 0.17617187500000003 0.540625 0.2406250000000001 0.540625
19 0.2875000000000001 0.484375 0.2390625000000001 0.484375 0.2390625000000001 0.55 0.2875000000000001 0.55
19 0.3500000000000001 0.49375 0.2832031250000001 0.49375 0.2832031250000001 0.5421875 0.3500000000000001 0.5421875
19 0.49140625 0.504296875 0.4359375 0.504296875 0.4359375 0.54375 0.49140625 0.54375
19 0.404296875 0.505859375 0.3488281250000001 0.505859375 0.3488281250000001 0.54375 0.404296875 0.54375
19 0.446875 0.506640625 0.3937500000000001 0.506640625 0.3937500000000001 0.54375 0.446875 0.54375
19 0.5375 0.50703125 0.484765625 0.50703125 0.484765625 0.5453125 0.5375 0.5453125
19 0.673046875 0.505859375 0.617578125 0.505859375 0.617578125 0.54375 0.673046875 0.54375
19 0.6265625 0.505078125 0.572265625 0.505078125 0.572265625 0.54375 0.6265625 0.54375
19 0.5796875 0.50859375 0.52890625 0.50859375 0.52890625 0.5453125 0.5796875 0.5453125
19 0.7015625 0.5203125 0.66875 0.5203125 0.66875 0.546875 0.7015625 0.546875
19 0.7375 0.51875 0.709765625 0.51875 0.709765625 0.5531250000000001 0.7375 0.5531250000000002
19 0.7796875 0.5230468750000001 0.7484375 0.5230468750000001 0.7484375 0.5515625000000002 0.7796875 0.5515625000000002
19 0.61875 0.5828125 0.55625 0.5828125 0.55625 0.665625 0.61875 0.665625
19 0.478125 0.583203125 0.409375 0.583203125 0.409375 0.6640625 0.478125 0.6640625
19 0.4109375 0.587890625 0.3312500000000001 0.587890625 0.3312500000000001 0.6609375 0.4109375 0.6609375
19 0.5578125 0.596875 0.478515625 0.596875 0.478515625 0.6546875 0.5578125 0.6546875
19 0.2734375000000001 0.59765625 0.1902343750000001 0.59765625 0.1902343750000001 0.65625 0.2734375000000001 0.65625
19 0.2078125000000001 0.6 0.12343750000000009 0.6 0.12343750000000009 0.65625 0.2078125000000001 0.65625
19 0.3218750000000001 0.5859375 0.2671875000000001 0.5859375 0.2671875000000001 0.66875 0.3218750000000001 0.66875
19 0.7375 0.6089843750000001 0.673046875 0.608984375 0.673046875 0.6609375000000001 0.7375 0.6609375000000002
19 0.796875 0.6066406250000002 0.73203125 0.6066406250000002 0.73203125 0.6640625000000002 0.796875 0.6640625000000002
19 0.678125 0.6 0.621875 0.6 0.621875 0.6734375 0.678125 0.6734375
19 0.6625000000000001 0.718359375 0.59921875 0.718359375 0.5992187500000001 0.7796875 0.6625000000000002 0.7796875
19 0.7500000000000001 0.7171875000000001 0.6890625 0.7171875 0.6890625000000001 0.7812500000000001 0.7500000000000002 0.7812500000000002