19 0.48750000000000016 0.76484375 0.40429687500000017 0.76484375 0.40429687500000017 0.828125 0.48750000000000016 0.828125
19 0.3437500000000001 0.76328125 0.2574218750000001 0.76328125 0.2574218750000001 0.834375 0.3437500000000001 0.834375
19 0.4156250000000002 0.759375 0.3292968750000001 0.759375 0.3292968750000001 0.8328125 0.4156250000000002 0.8328125
19 0.2640625000000001 0.761328125 0.1828125000000001 0.761328125 0.1828125000000001 0.8453125 0.2640625000000001 0.8453125
19 0.5921875000000002 0.780078125 0.5265625000000002 0.780078125 0.5265625000000002 0.8265625 0.5921875000000002 0.8265625
19 0.5296875000000002 0.771875 0.4890625000000002 0.771875 0.4890625000000002 0.8375 0.5296875000000002 0.8375
19 0.24375000000000008 0.592578125 0.11679687500000009 0.592578125 0.11679687500000009 0.665625 0.24375000000000008 0.665625
19 0.3234375000000001 0.596875 0.1980468750000001 0.596875 0.1980468750000001 0.66640625 0.3234375000000001 0.66640625
19 0.3734375000000001 0.569140625 0.3097656250000001 0.569140625 0.3097656250000001 0.6953125 0.3734375000000001 0.6953125
19 0.43125 0.621875 0.3890625000000001 0.621875 0.3890625000000001 0.69375 0.43125 0.69375
19 0.4953125 0.638671875 0.426953125 0.638671875 0.426953125 0.6828125 0.4953125 0.6828125
19 0.5515625 0.637109375 0.478125 0.637109375 0.478125 0.6828125 0.5515625 0.6828125