19 0.7204861109375001 0.8975694437499999 0.6267361109375001 0.8975694437499999 0.6267361109375001 0.9921875 0.7204861109375001 0.9921875
19 0.6232638890625002 0.8975694437499999 0.5321180562500002 0.8975694437499999 0.5321180562500002 0.9939236109375 0.6232638890625002 0.9939236109375
19 0.222222221875 2.1314382246004656e-17 0.12586805625 1.541439122014615e-17 0.12586805625 0.08940972187500003 0.222222221875 0.08940972187500003
19 0.1197916671875 8.770257057035649e-18 0.0234375 2.8702659355016093e-18 0.023437500000000007 0.09027777812500001 0.1197916671875 0.09027777812500001
19 0.3263888890625 3.391166055037579e-17 0.22743055625 2.7852210273986456e-17 0.22743055625 0.09288194375000003 0.3263888890625 0.09288194375000004
19 0.4322916671875 4.6721551125004326e-17 0.3307291671875 4.050264159808417e-17 0.3307291671875 0.09461805625000005 0.4322916671875 0.09461805625000005
19 0.78125 0.13020833281250008 0.698784721875 0.13020833281250008 0.698784721875 0.2152777781250001 0.78125 0.2152777781250001
19 0.8645833328125001 0.13020833281250008 0.7829861109375 0.13020833281250008 0.7829861109375 0.21875000000000008 0.8645833328125001 0.21875000000000008
19 0.237847221875 0.1423611109375 0.17795138906250002 0.14236111093749998 0.17795138906250002 0.207465278125 0.237847221875 0.207465278125
19 0.9600694437499999 0.1302083328125001 0.8689236109375 0.13020833281250008 0.8689236109375 0.22656250000000008 0.9600694437499999 0.22656250000000008
19 0.2986111109375 0.14236111093750003 0.23697916718749998 0.14236111093750003 0.23697916718749998 0.214409721875 0.2986111109375 0.214409721875
19 0.6944444437499999 0.14930555625000008 0.6276041671875 0.14930555625000008 0.6276041671875 0.21354166718750006 0.6944444437499999 0.21354166718750006
19 0.550347221875 0.14756944375000008 0.48524305625 0.14756944375000006 0.48524305625 0.21440972187500007 0.550347221875 0.21440972187500007
19 0.6232638890625 0.14930555625000008 0.5564236109375 0.14930555625000008 0.5564236109375 0.21440972187500007 0.6232638890625 0.21440972187500007
19 0.3541666671875 0.17013888906250005 0.3046875 0.17013888906250005 0.3046875 0.20920138906250002 0.3541666671875 0.20920138906250002
19 0.4166666671875 0.17187500000000006 0.36631944375000003 0.17187500000000006 0.36631944375000003 0.21180555625000008 0.4166666671875 0.21180555625000008
19 0.4791666671875 0.17361111093750003 0.42881944375 0.17361111093750003 0.42881944375 0.21006944375000008 0.4791666671875 0.21006944375000008
19 0.05902777812500003 0.26215277812500004 3.2104456061836754e-17 0.26215277812500004 3.800444708769527e-17 0.35850694375000003 0.05902777812500004 0.35850694375000003
19 0.17361111093750003 0.26215277812500004 0.06684027812500001 0.26215277812500004 0.06684027812500003 0.35850694375000003 0.17361111093750003 0.35850694375000003
19 0.28819444375000003 0.265625 0.17708333281250005 0.265625 0.17708333281250005 0.36284722187499996 0.2881944437500001 0.36284722187499996
19 0.4045138890625 0.26736111093750003 0.3046875 0.2673611109375 0.30468750000000006 0.36631944375000003 0.4045138890625 0.3663194437500001
19 0.871527778125 0.26909722187500007 0.769097221875 0.26909722187500007 0.769097221875 0.3654513890625001 0.871527778125 0.3654513890625001
19 0.6475694437499999 0.26909722187500007 0.5416666671875 0.26909722187500007 0.5416666671875 0.3654513890625001 0.6475694437499999 0.3654513890625001
19 0.7517361109375 0.2708333328125001 0.652777778125 0.2708333328125001 0.652777778125 0.3671875000000001 0.7517361109375 0.3671875000000001
19 0.9913194437499999 0.2708333328125001 0.8828125 0.2708333328125001 0.8828125 0.3671875000000001 0.9913194437499999 0.3671875000000001
19 0.5208333328125 0.26909722187500007 0.421875 0.26909722187500007 0.421875 0.3689236109375001 0.5208333328125 0.3689236109375001
19 0.8697916671874999 0.42881944375000014 0.7760416671875 0.42881944375000014 0.7760416671875 0.5086805562500002 0.8697916671874999 0.5086805562500002
19 0.769097221875 0.42881944375000003 0.6692708328125 0.42881944375 0.6692708328125 0.5104166671875001 0.769097221875 0.5104166671875002
19 1 0.4305555562500002 0.890625 0.4305555562500002 0.890625 0.5095486109375001 1 0.5095486109375001
19 0.48090277812500004 0.4392361109375 0.3914930562500001 0.4392361109375 0.3914930562500001 0.5104166671875 0.48090277812500004 0.5104166671875
19 0.17361111093750003 0.44097222187499996 0.08680555625000005 0.44097222187499996 0.08680555625000005 0.5086805562500001 0.17361111093750003 0.5086805562500001
19 0.3871527781250001 0.44097222187499996 0.2812500000000001 0.44097222187499996 0.2812500000000001 0.5104166671875 0.3871527781250001 0.5104166671875
19 0.5677083328125 0.44444444375 0.48784722187499996 0.44444444375 0.48784722187499996 0.5086805562500001 0.5677083328125 0.5086805562500001
19 0.2743055562500001 0.44097222187499996 0.18489583281250005 0.44097222187499996 0.18489583281250005 0.512152778125 0.2743055562500001 0.512152778125
19 0.06597222187500006 0.4427083328125 5.4216134273468926e-17 0.4427083328125 5.836207402186604e-17 0.5104166671875 0.06597222187500007 0.5104166671875
19 0.668402778125 0.44965277812500004 0.5720486109375 0.44965277812500004 0.5720486109375 0.5086805562500001 0.668402778125 0.5086805562500001
19 0.47569444375 0.5572916671875 0.3845486109375001 0.5572916671875 0.3845486109375001 0.6493055562500001 0.47569444375 0.6493055562500001
19 0.581597221875 0.5625 0.4826388890625 0.5625 0.4826388890625 0.6493055562500001 0.581597221875 0.6493055562500001
19 0.36979166718750006 0.5694444437499999 0.27604166718750006 0.5694444437499999 0.27604166718750006 0.6458333328125 0.36979166718750006 0.6458333328125
19 0.7100694437499999 0.590277778125 0.6579861109375 0.590277778125 0.6579861109375 0.651909721875 0.7100694437499999 0.651909721875
19 0.784722221875 0.5920138890625001 0.7248263890625 0.5920138890625 0.7248263890625 0.6510416671875001 0.784722221875 0.6510416671875002
19 0.6475694437499999 0.5920138890625 0.59375 0.5920138890625 0.59375 0.6493055562500001 0.6475694437499999 0.6493055562500001
19 0.8506944437499999 0.5937500000000002 0.793402778125 0.5937500000000002 0.793402778125 0.6536458328125001 0.8506944437499999 0.6536458328125001
19 0.921875 0.5937500000000002 0.8602430562500001 0.5937500000000002 0.8602430562500001 0.6527777781250002 0.921875 0.6527777781250002
19 0.9913194437499999 0.5920138890625002 0.9288194437499999 0.5920138890625002 0.9288194437499999 0.6536458328125001 0.9913194437499999 0.6536458328125001