19 0.7596774187500002 0.7596774187500002 0.7096774187500002 0.75967741875 0.7096774187500002 0.838709678125 0.7596774187500002 0.838709678125
19 0.8177419359375 0.7612903218750001 0.7620967734375002 0.7612903218750001 0.7620967734375002 0.8395161296874999 0.8177419359375 0.8395161296874999
19 0.8709677421875 0.7629032265625002 0.8185483874999999 0.7629032265625002 0.8185483874999999 0.838709678125 0.8709677421875 0.838709678125
19 0.7080645156250002 0.7774193546875 0.6637096781250003 0.7774193546875 0.6637096781250003 0.8370967734375 0.7080645156250002 0.8370967734375
19 0.5725806453125002 0.7790322578125 0.5266129031250002 0.7790322578125 0.5266129031250002 0.8395161296874999 0.5725806453125002 0.8395161296874999
19 0.6596774187500002 0.7790322578125 0.6201612906250002 0.7790322578125 0.6201612906250002 0.8370967734375 0.6596774187500002 0.8370967734375
19 0.6161290328125002 0.7790322578125 0.5717741937500002 0.7790322578125 0.5717741937500002 0.8370967734375 0.6161290328125002 0.8370967734375
19 0.5241935484375002 0.7806451609375 0.47983870937500017 0.7806451609375 0.47983870937500017 0.8411290328125001 0.5241935484375002 0.8411290328125001
19 0.4774193546875002 0.7790322578125 0.4330645156250002 0.7790322578125 0.4330645156250002 0.8395161296874999 0.4774193546875002 0.8395161296874999
19 0.4290322578125002 0.7935483875 0.39435483906250013 0.7935483875 0.39435483906250013 0.84032258125 0.4290322578125002 0.84032258125
19 0.28387096718750005 0.7951612906250001 0.24193548437500006 0.7951612906250001 0.24193548437500006 0.8395161296874999 0.28387096718750005 0.8395161296874999
19 0.32096774218750007 0.7951612906250001 0.2798387093750001 0.7951612906250001 0.2798387093750001 0.841935484375 0.32096774218750007 0.841935484375
19 0.3935483875000001 0.7951612906250001 0.3572580640625001 0.7951612906250001 0.3572580640625001 0.8435483874999999 0.3935483875000001 0.8435483874999999
19 0.3548387093750001 0.7951612906250001 0.32096774218750007 0.7951612906250001 0.32096774218750007 0.8411290328125001 0.3548387093750001 0.8411290328125001
19 0.1629032265625001 0.7967741937499999 0.12419354843750008 0.7967741937499999 0.12419354843750008 0.8435483874999999 0.1629032265625001 0.8435483874999999
19 0.2403225812500001 0.7967741937499999 0.2040322578125001 0.7967741937499999 0.2040322578125001 0.8435483874999999 0.2403225812500001 0.8435483874999999
19 0.20322580625000009 0.798387096875 0.1645161296875001 0.798387096875 0.1645161296875001 0.845161290625 0.20322580625000009 0.845161290625
19 0.37741935468750004 0.2806451609375 0.28467741874999997 0.28064516093749997 0.28467741875 0.4 0.3774193546875001 0.4
19 0.27580645156250005 0.3258064515625 0.21532258125 0.3258064515625 0.21532258125000006 0.3943548390625 0.2758064515625001 0.3943548390625
19 0.21129032187500005 0.341935484375 0.15806451562500004 0.341935484375 0.15806451562500004 0.3943548390625 0.2112903218750001 0.3943548390625
19 0.15161290312500003 0.3435483875 0.09596774218750005 0.3435483875 0.09596774218750005 0.39596774218749997 0.15161290312500003 0.39596774218749997
19 0.591935484375 0.42580645156249997 0.5475806453125001 0.42580645156249997 0.5475806453125001 0.5064516125 0.591935484375 0.5064516125
19 0.4274193546875 0.4354838703125 0.3911290328125001 0.4354838703125 0.3911290328125001 0.5040322578125 0.4274193546875 0.5040322578125
19 0.3903225812500001 0.4354838703125 0.3540322578125001 0.4354838703125 0.3540322578125001 0.5040322578125 0.3903225812500001 0.5040322578125
19 0.4693548390625 0.4354838703125 0.42983870937499996 0.4354838703125 0.42983870937499996 0.5024193546875 0.4693548390625 0.5024193546875
19 0.5064516125 0.4354838703125 0.470161290625 0.4354838703125 0.470161290625 0.504838709375 0.5064516125 0.504838709375
19 0.3516129031250001 0.454838709375 0.3193548390625001 0.454838709375 0.3193548390625001 0.504838709375 0.3516129031250001 0.504838709375
19 0.3161290328125001 0.4564516125 0.2862903218750001 0.4564516125 0.2862903218750001 0.50322580625 0.3161290328125001 0.50322580625
19 0.5306451609375 0.548387096875 0.48064516093750004 0.548387096875 0.48064516093750004 0.611290321875 0.5306451609375 0.611290321875
19 0.43709677343750003 0.548387096875 0.3870967734375001 0.548387096875 0.3870967734375001 0.611290321875 0.43709677343750003 0.611290321875
19 0.38870967812500007 0.548387096875 0.3427419359375001 0.548387096875 0.3427419359375001 0.611290321875 0.38870967812500007 0.611290321875
19 0.5741935484375 0.548387096875 0.5258064515624999 0.548387096875 0.5258064515624999 0.6129032265625 0.5741935484375 0.6129032265625
19 0.6693548390624999 0.55 0.6193548390625 0.55 0.6193548390625 0.6129032265625 0.6693548390624999 0.6129032265625
19 0.7161290328125001 0.55 0.6661290328125 0.55 0.6661290328125 0.6104838703125 0.7161290328125001 0.6104838703125
19 0.6225806453125 0.548387096875 0.5741935484375 0.548387096875 0.5741935484375 0.6145161296875 0.6225806453125 0.6145161296875
19 0.48225806406249994 0.548387096875 0.43629032187499994 0.548387096875 0.43629032187499994 0.6129032265625 0.48225806406249994 0.6129032265625
19 0.75967741875 0.55 0.7161290328125001 0.55 0.7161290328125001 0.6129032265625001 0.75967741875 0.6129032265625002
19 0.2661290328125001 0.5661290328125 0.22741935468750007 0.5661290328125 0.22741935468750007 0.6145161296875 0.2661290328125001 0.6145161296875
19 0.30322580625000006 0.5661290328125 0.2669354843750001 0.5661290328125 0.2669354843750001 0.6129032265625 0.30322580625000006 0.6129032265625
19 0.3403225812500001 0.5661290328125 0.30322580625000006 0.5661290328125 0.30322580625000006 0.6145161296875 0.3403225812500001 0.6145161296875
19 0.2258064515625001 0.5806451609375001 0.1919354843750001 0.5806451609375001 0.1919354843750001 0.611290321875 0.2258064515625001 0.611290321875
19 0.18870967812500009 0.5806451609375001 0.1588709671875001 0.5806451609375001 0.1588709671875001 0.611290321875 0.18870967812500009 0.611290321875
19 0.1596774187500001 0.5822580640624999 0.12338709687500009 0.5822580640624999 0.12338709687500009 0.6104838703125 0.1596774187500001 0.6104838703125
19 0.41129032187500003 0.6612903218749999 0.3516129031250001 0.6612903218749999 0.3516129031250001 0.7354838703125 0.41129032187500014 0.7354838703125
19 0.3500000000000001 0.6596774187500001 0.28951612968750007 0.6596774187500001 0.28951612968750007 0.7379032265625 0.3500000000000001 0.7379032265625
19 0.27741935468750006 0.6822580640625 0.21774193593750008 0.6822580640625 0.21774193593750008 0.7379032265625 0.27741935468750006 0.7379032265625