19 0.08593750000000003 0.159375 0.007812500000000019 0.159375 0.007812500000000028 0.28671875 0.08593750000000004 0.28671875
19 0.16953125000000002 0.1640625 0.09375000000000003 0.1640625 0.09375000000000003 0.29140625 0.16953125000000005 0.29140625
19 0.2296875 0.1921875 0.17187500000000006 0.1921875 0.17187500000000006 0.2953125 0.2296875 0.2953125
19 0.28828125 0.19062500000000004 0.228125 0.19062500000000004 0.228125 0.2984375 0.28828125 0.2984375
19 0.34609375 0.19218750000000004 0.2875 0.19218750000000004 0.2875 0.29765625 0.34609375 0.29765625
19 0.5828125 0.21093750000000008 0.515625 0.21093750000000008 0.515625 0.3023437500000001 0.5828125 0.3023437500000001
19 0.65234375 0.21093750000000008 0.5828125 0.21093750000000008 0.5828125 0.3031250000000001 0.65234375 0.3031250000000001
19 0.39921875 0.22656250000000006 0.3546875 0.2265625 0.3546875 0.2984375 0.39921875 0.2984375000000001
19 0.87734375 0.2250000000000001 0.8125 0.2250000000000001 0.8125 0.3070312500000001 0.87734375 0.3070312500000001
19 0.803125 0.2328125000000001 0.7234375 0.2328125000000001 0.7234375 0.3062500000000001 0.803125 0.3062500000000001
19 0.946875 0.2296875000000001 0.884375 0.2296875000000001 0.884375 0.30937500000000007 0.946875 0.30937500000000007
19 0.70703125 0.2406250000000001 0.653125 0.2406250000000001 0.653125 0.3046875000000001 0.70703125 0.3046875000000001
19 0.98984375 0.27031250000000007 0.95 0.27031250000000007 0.95 0.3078125000000001 0.98984375 0.3078125000000001
19 0.77734375 0.3906250000000001 0.7109375 0.3906250000000001 0.7109375 0.4601562500000001 0.77734375 0.46015625000000016
19 0.7125 0.3921875000000001 0.6453125 0.3921875000000001 0.6453125 0.46171875 0.7125 0.46171875
19 0.6359375 0.3906250000000001 0.5671875 0.3906250000000001 0.5671875 0.4625 0.6359375 0.4625
19 0.46875 0.3937500000000001 0.3843750000000001 0.3937500000000001 0.3843750000000001 0.46328125 0.46875 0.46328125
19 0.559375 0.3968750000000001 0.48125 0.3968750000000001 0.48125 0.465625 0.559375 0.465625
19 0.10859375000000004 0.3984375 0.05312500000000005 0.3984375 0.053125000000000054 0.465625 0.10859375000000004 0.465625
19 0.2335937500000001 0.4015625 0.17812500000000003 0.4015625 0.17812500000000003 0.465625 0.2335937500000001 0.465625
19 0.3789062500000001 0.39531250000000007 0.29375000000000007 0.3953125 0.29375000000000007 0.4671875 0.3789062500000001 0.4671875
19 0.2875000000000001 0.3984375 0.23593750000000008 0.3984375 0.23593750000000008 0.46484375 0.2875000000000001 0.46484375
19 0.17343750000000005 0.4 0.11562500000000005 0.4 0.11562500000000005 0.4671875 0.17343750000000005 0.4671875