19 0.7625 0.1296875000000001 0.676171875 0.1296875000000001 0.676171875 0.1843750000000001 0.7625 0.1843750000000001
19 0.65 0.2375000000000001 0.6046875 0.2375000000000001 0.6046875 0.3218750000000001 0.65 0.3218750000000001
19 0.7203125 0.2597656250000001 0.633984375 0.2597656250000001 0.633984375 0.30156250000000007 0.7203125 0.30156250000000007
19 0.6171875 0.2582031250000001 0.530859375 0.2582031250000001 0.530859375 0.3027343750000001 0.6171875 0.3027343750000001
19 0.5640625 0.2601562500000001 0.47734375 0.2601562500000001 0.47734375 0.3078125000000001 0.5640625 0.3078125000000001
19 0.8953125 0.2816406250000001 0.845703125 0.2816406250000001 0.845703125 0.30937500000000007 0.8953125 0.30937500000000007
19 0.8515625 0.2699218750000001 0.8203125 0.2699218750000001 0.8203125 0.3203125000000001 0.8515625 0.3203125000000001
19 0.8109375 0.2707031250000001 0.783984375 0.2707031250000001 0.783984375 0.3187500000000001 0.8109375 0.3187500000000001
19 0.746875 0.2824218750000001 0.69921875 0.2824218750000001 0.69921875 0.3125000000000001 0.746875 0.3125000000000001
19 0.778125 0.2738281250000001 0.746875 0.2738281250000001 0.746875 0.3234375000000001 0.778125 0.3234375000000001
19 0.2796875000000001 0.474609375 0.2132812500000001 0.474609375 0.2132812500000001 0.5375 0.2796875000000001 0.5375
19 0.4234375 0.479296875 0.3546875000000001 0.479296875 0.3546875000000001 0.5390625 0.4234375 0.5390625
19 0.7875 0.4792968750000002 0.746875 0.4792968750000002 0.746875 0.5390625000000002 0.7875 0.5390625000000002
19 0.846875 0.4910156250000002 0.78671875 0.4910156250000002 0.78671875 0.5281250000000002 0.846875 0.5281250000000002
19 0.7375 0.4796875000000001 0.6953125 0.4796875 0.6953125 0.5437500000000001 0.7375 0.5437500000000002
19 0.6484375 0.4890625 0.589453125 0.4890625 0.589453125 0.5328125 0.6484375 0.5328125
19 0.21250000000000008 0.4796875 0.14882812500000003 0.4796875 0.14882812500000003 0.54375 0.21250000000000008 0.54375
19 0.5921875 0.481640625 0.5515625 0.481640625 0.5515625 0.540625 0.5921875 0.540625
19 0.14375000000000004 0.478515625 0.07968750000000006 0.478515625 0.07968750000000006 0.54375 0.14375000000000004 0.54375
19 0.6890625 0.4796875 0.644921875 0.4796875 0.644921875 0.5421875 0.6890625 0.5421875
19 0.3500000000000001 0.480078125 0.2906250000000001 0.480078125 0.2906250000000001 0.5421875 0.3500000000000001 0.5421875
19 0.4765625 0.490625 0.429296875 0.490625 0.429296875 0.54453125 0.4765625 0.54453125
19 0.5453125 0.49375 0.4921875 0.49375 0.4921875 0.5421875 0.5453125 0.5421875