19 1 0.3844884484375001 0.895214521875 0.3844884484375001 0.895214521875 0.4653465343750002 1 0.4653465343750002
19 0.891089109375 0.3943894390625001 0.7904290421875 0.3943894390625001 0.7904290421875 0.4628712875000002 0.891089109375 0.4628712875000002
19 0.6914191421875 0.4042904296875 0.5948844890625 0.4042904296875 0.5948844890625 0.4603960390625 0.6914191421875 0.4603960390625
19 0.5907590765624999 0.407590759375 0.509900990625 0.407590759375 0.509900990625 0.46204620468749996 0.5907590765624999 0.46204620468749996
19 0.7854785484375 0.4075907593750001 0.6938943890625 0.407590759375 0.6938943890625 0.4612211218750001 0.7854785484375 0.46122112187500014
19 0.17656765625000007 0.5049504953125 0.11963696406250005 0.5049504953125 0.11963696406250006 0.5618811874999999 0.1765676562500001 0.5618811874999999
19 0.7227722765625 0.4950495046875 0.6419141921875 0.4950495046875 0.6419141921875 0.5750825078124999 0.7227722765625 0.5750825078124999
19 0.23597359687500008 0.506600659375 0.17904290468750003 0.506600659375 0.17904290468750006 0.56105610625 0.23597359687500008 0.56105610625
19 0.8102310234375001 0.4983498343750002 0.7301980203125 0.4983498343750002 0.7301980203125 0.5783828390625001 0.8102310234375001 0.5783828390625001
19 0.5643564359375 0.509900990625 0.498349834375 0.509900990625 0.498349834375 0.5709570953124999 0.5643564359375 0.5709570953124999
19 0.11221122187500006 0.51650165 0.06930693125000006 0.51650165 0.06930693125000006 0.56105610625 0.11221122187500007 0.56105610625
19 0.63531353125 0.5115511546875 0.5668316828125 0.5115511546875 0.5668316828125 0.5726072609374999 0.63531353125 0.5726072609374999
19 0.3811881187500001 0.5214521453125001 0.3316831687500001 0.5214521453125001 0.3316831687500001 0.5684818484374999 0.3811881187500001 0.5684818484374999
19 0.43564356406250004 0.5231023109375 0.3844884484375001 0.5231023109375 0.3844884484375001 0.567656765625 0.43564356406250004 0.567656765625
19 0.4884488453125 0.524752475 0.43894389375 0.524752475 0.43894389375 0.56930693125 0.4884488453125 0.56930693125
19 0.2805280531250001 0.5363036296875 0.24257425781250008 0.5363036296875 0.24257425781250008 0.5602310234375001 0.2805280531250001 0.5602310234375001
19 0.3234323437500001 0.5363036296875 0.28382838281250006 0.5363036296875 0.28382838281250006 0.5618811874999999 0.3234323437500001 0.5618811874999999
19 0.8712871281250001 0.5280528046875002 0.8242574250000001 0.5280528046875002 0.8242574250000001 0.5792079203125001 0.8712871281250001 0.5792079203125001
19 0.98349835 0.5313531359375002 0.9381188125 0.5313531359375002 0.9381188125 0.5833333328125001 0.98349835 0.5833333328125001
19 0.9290429046875 0.5313531359375002 0.8778877890624999 0.5313531359375002 0.8778877890624999 0.5825082515625002 0.9290429046875 0.5825082515625002