19 0.9742765265625 0.27170417968750005 0.893890675 0.27170417968750005 0.893890675 0.3705787781250001 0.9742765265625 0.3705787781250001
19 0.8794212218749999 0.2765273312500001 0.79662379375 0.2765273312500001 0.79662379375 0.3713826359375001 0.8794212218749999 0.3713826359375001
19 0.78778135 0.2974276531250001 0.7274919609375 0.2974276531250001 0.7274919609375 0.3713826359375001 0.78778135 0.3713826359375001
19 0.71221865 0.3006430875000001 0.649517684375 0.3006430875000001 0.649517684375 0.3762057875000001 0.71221865 0.3762057875000001
19 0.3295819937500001 0.3006430875 0.23553054687500002 0.3006430875 0.23553054687500005 0.3810289390625 0.3295819937500001 0.3810289390625
19 0.421221865625 0.3054662375 0.3368167203125 0.3054662375 0.33681672031250004 0.37942122187500005 0.421221865625 0.37942122187500005
19 0.520900321875 0.30385852031250005 0.4284565921875 0.30385852031250005 0.4284565921875 0.3754019296875001 0.520900321875 0.3754019296875001
19 0.22668810312500004 0.3070739546875 0.13183279687500005 0.3070739546875 0.13183279687500005 0.3874598078125 0.2266881031250001 0.3874598078125
19 0.6398713828125 0.32154340781250007 0.587620578125 0.32154340781250007 0.587620578125 0.3745980703125001 0.6398713828125 0.3745980703125001
19 0.13344051406250004 0.323151125 0.05948553125000004 0.323151125 0.05948553125000004 0.3890675234375 0.13344051406250004 0.3890675234375
19 0.578778134375 0.3440514468750001 0.5329582 0.3440514468750001 0.5329582 0.3762057875000001 0.578778134375 0.3762057875000001
19 0.9935691312499999 0.46141479062500024 0.9067524109375 0.46141479062500024 0.9067524109375 0.5458199359375001 0.9935691312499999 0.5458199359375001
19 0.8954983921874999 0.46784565937500017 0.8110932468750001 0.46784565937500017 0.8110932468750001 0.5442122187500001 0.8954983921874999 0.5442122187500001
19 0.8006430874999999 0.46623794218750014 0.7186495171875 0.46623794218750003 0.7186495171875 0.5450160765625001 0.8006430874999999 0.5450160765625002
19 0.702572346875 0.47106109375000005 0.618167203125 0.47106109375000005 0.618167203125 0.5490353703124999 0.702572346875 0.5490353703124999
19 0.614147909375 0.4774919609375 0.5200964625 0.4774919609375 0.5200964625 0.5490353703124999 0.614147909375 0.5490353703124999
19 0.50643086875 0.4823151125 0.417202571875 0.4823151125 0.417202571875 0.5514469453124999 0.50643086875 0.5514469453124999
19 0.40675241093750003 0.4871382640625 0.3239549843750001 0.4871382640625 0.3239549843750001 0.5554662375 0.40675241093750003 0.5554662375
19 0.2942122187500001 0.4951768484375 0.21784565937500008 0.4951768484375 0.21784565937500008 0.5554662375 0.2942122187500001 0.5554662375
19 0.20096462968750012 0.5016077171875 0.11897106093750005 0.5016077171875 0.11897106093750007 0.558681671875 0.20096462968750012 0.558681671875