19 0.48750000000000016 0.76484375 0.40429687500000017 0.76484375 0.40429687500000017 0.828125 0.48750000000000016 0.828125
19 0.3359375000000001 0.7546875 0.2660156250000001 0.7546875 0.2660156250000001 0.8421875 0.3359375000000001 0.8421875
19 0.4156250000000002 0.759765625 0.3300781250000001 0.759765625 0.3300781250000001 0.8328125 0.4156250000000002 0.8328125
19 0.2656250000000001 0.762890625 0.18164062500000008 0.762890625 0.18164062500000008 0.84375 0.2656250000000001 0.84375
19 0.5828125000000002 0.769921875 0.5359375000000002 0.769921875 0.5359375000000002 0.8359375 0.5828125000000002 0.8359375
19 0.5296875000000002 0.771875 0.4890625000000002 0.771875 0.4890625000000002 0.8375 0.5296875000000002 0.8375
19 0.2171875000000001 0.566015625 0.14414062500000008 0.566015625 0.14414062500000008 0.6921875 0.2171875000000001 0.6921875
19 0.3234375000000001 0.59765625 0.1980468750000001 0.59765625 0.1980468750000001 0.6671875 0.3234375000000001 0.6671875
19 0.3734375000000001 0.569140625 0.3097656250000001 0.569140625 0.3097656250000001 0.6953125 0.3734375000000001 0.6953125
19 0.43125 0.621875 0.3890625000000001 0.621875 0.3890625000000001 0.69375 0.43125 0.69375
19 0.4953125 0.639453125 0.426171875 0.639453125 0.426171875 0.6828125 0.4953125 0.6828125
19 0.5390625 0.623828125 0.4921875 0.623828125 0.4921875 0.696875 0.5390625 0.696875