19 0.770161290625 0.3516129031250001 0.7338709671875 0.3516129031250001 0.7338709671875 0.40887096718750016 0.770161290625 0.40887096718750016
19 0.7314516125 0.3532258062500001 0.695161290625 0.3532258062500001 0.695161290625 0.41290322656250006 0.7314516125 0.41290322656250017
19 0.80967741875 0.3596774187500001 0.7725806453125 0.3596774187500001 0.7725806453125 0.41048387031250017 0.80967741875 0.41048387031250017
19 0.6895161296875 0.3580645156250001 0.654838709375 0.3580645156250001 0.654838709375 0.4129032265625 0.6895161296875 0.4129032265625
19 0.6072580640624999 0.3596774187500001 0.5709677421875 0.3596774187500001 0.5709677421875 0.4120967734375 0.6072580640624999 0.4120967734375
19 0.648387096875 0.3596774187500001 0.611290321875 0.3596774187500001 0.611290321875 0.4120967734375 0.648387096875 0.4120967734375
19 0.5693548390625 0.3596774187500001 0.5354838703125 0.3596774187500001 0.5354838703125 0.4129032265625 0.5693548390625 0.4129032265625
19 0.533064515625 0.35645161250000007 0.498387096875 0.35645161250000007 0.498387096875 0.4161290328125 0.533064515625 0.4161290328125
19 0.85322580625 0.4661290328125002 0.8032258062500001 0.4661290328125002 0.8032258062500001 0.5725806453125002 0.85322580625 0.5725806453125002
19 0.7459677421875 0.46774193593750013 0.695161290625 0.4677419359375 0.695161290625 0.5733870968750001 0.7459677421875 0.5733870968750001
19 0.8008064515625 0.46935483906250014 0.7483870968749999 0.46935483906250014 0.7483870968749999 0.5733870968750001 0.8008064515625 0.5733870968750001
19 0.6943548390625 0.4693548390625 0.6435483875 0.4693548390625 0.6435483875 0.575 0.6943548390625 0.575
19 0.6411290328125 0.4709677421875 0.5903225812499999 0.4709677421875 0.5903225812499999 0.5790322578125 0.6411290328125 0.5790322578125
19 0.5588709671875 0.5145161296875 0.5338709671874999 0.5145161296875 0.5338709671874999 0.575 0.5588709671875 0.575
19 0.5887096781250001 0.511290321875 0.5629032265625 0.511290321875 0.5629032265625 0.5774193546874999 0.5887096781250001 0.5774193546874999
19 0.5024193546875 0.511290321875 0.47741935468749996 0.511290321875 0.47741935468749996 0.5774193546874999 0.5024193546875 0.5774193546874999
19 0.47580645156249995 0.5129032265625 0.448387096875 0.5129032265625 0.448387096875 0.5790322578125 0.47580645156249995 0.5790322578125
19 0.5314516125 0.5129032265625 0.5064516125 0.5129032265625 0.5064516125 0.5798387093749999 0.5314516125 0.5798387093749999
19 0.41370967812500004 0.5161290328125 0.38870967812500007 0.5161290328125 0.38870967812500007 0.5790322578125 0.41370967812500004 0.5790322578125
19 0.44435483906249995 0.5145161296875 0.4193548390625 0.5145161296875 0.4193548390625 0.5814516125 0.44435483906249995 0.5814516125
19 0.7879032265625001 0.6403225812500002 0.7370967734375 0.6403225812500002 0.7370967734375001 0.7467741937500001 0.7879032265625001 0.7467741937500001
19 0.8427419359374999 0.6403225812500002 0.7919354843749999 0.6403225812500002 0.791935484375 0.7483870968750002 0.8427419359374999 0.7483870968750002
19 0.6830645156250001 0.6354838703125 0.6322580640625 0.6354838703125 0.6322580640625001 0.7524193546875 0.6830645156250001 0.7524193546875
19 0.7322580640625 0.6370967734375002 0.6822580640625 0.6370967734375 0.6822580640625 0.7500000000000001 0.7322580640625002 0.7500000000000002
19 0.6266129031250001 0.641935484375 0.5806451609375001 0.641935484375 0.5806451609375001 0.7475806453125 0.6266129031250002 0.7475806453125
19 0.5733870968750001 0.6435483875 0.5209677421875 0.6435483875 0.5209677421875001 0.7524193546875 0.5733870968750001 0.7524193546875