19 0.13125000000000003 0.07084254531250002 0.056347970312499995 0.0708425453125 0.05634797031250001 0.2265625 0.13125000000000003 0.2265625
19 0.45 0.10845809843750005 0.27504270625 0.10845809843750005 0.27504270625 0.20625000000000004 0.45 0.2062500000000001
19 0.5140625 0.07740655312500005 0.421121384375 0.07740655312500004 0.421121384375 0.2453125000000001 0.5140625 0.2453125000000001
19 0.303125 0.08573151093750003 0.234375 0.08573151093750002 0.234375 0.2375 0.303125 0.2375
19 0.84375 0.12004119687500008 0.6652758234375 0.12004119687500008 0.6652758234375 0.21875000000000008 0.84375 0.21875000000000008
19 0.2234375000000001 0.3745729484375 0.14605607031250006 0.3745729484375 0.14605607031250006 0.4828125 0.2234375000000001 0.4828125
19 0.3218750000000001 0.3974050453125 0.22440966718750008 0.3974050453125 0.22440966718750008 0.4826140484375 0.3218750000000001 0.4826140484375
19 0.13906250000000003 0.39999748749999997 0.048545518750000044 0.39999748749999997 0.04854551875000005 0.48125 0.13906250000000003 0.48125
19 0.4046875 0.39705838125000004 0.32820036093750005 0.39705838125000004 0.32820036093750005 0.49512911875 0.4046875 0.49512911875
19 0.5 0.40316519375000004 0.4187625609375 0.40316519375000004 0.4187625609375 0.4890625 0.5 0.4890625
19 0.16406250000000008 0.5516529343750001 0.12107616562500009 0.5516529343750001 0.12107616562500009 0.6015625 0.16406250000000008 0.6015625
19 0.21875000000000008 0.5574557875 0.1673306890625001 0.5574557875 0.1673306890625001 0.6 0.21875000000000008 0.6
19 0.4375 0.5719503625 0.39072799375000006 0.5719503625 0.39072799375000006 0.6499246390625 0.4375 0.6499246390625
19 0.3296875000000001 0.5738921828125 0.27812500000000007 0.5738921828125 0.27812500000000007 0.6526703171875 0.3296875000000001 0.6526703171875
19 0.3812500000000001 0.57446493125 0.33797226562500005 0.57446493125 0.33797226562500005 0.65625 0.3812500000000001 0.65625
19 0.1670618968750001 0.6094779953125 0.1204381031250001 0.6094779953125 0.1204381031250001 0.65625 0.1670618968750001 0.65625
19 0.2154365968750001 0.6111585625 0.17363595312500008 0.6111585625 0.17363595312500008 0.6546875 0.2154365968750001 0.6546875