19 0.45078125 0.2609375000000001 0.415625 0.2609375000000001 0.415625 0.3117187500000001 0.45078125 0.3117187500000001
19 0.76875 0.4578125000000002 0.73125 0.4578125000000002 0.73125 0.48437500000000017 0.76875 0.48437500000000017
19 0.44296875 0.4640625 0.3781250000000001 0.4640625 0.3781250000000001 0.51328125 0.44296875 0.51328125
19 0.515625 0.46875 0.44375 0.46875 0.44375 0.51171875 0.515625 0.51171875
19 0.7703125 0.48750000000000016 0.7296875 0.48750000000000016 0.7296875 0.5117187500000002 0.7703125 0.5117187500000002
19 0.59765625 0.5296875 0.521875 0.5296875 0.521875 0.590625 0.59765625 0.590625
19 0.75234375 0.534375 0.703125 0.534375 0.703125 0.5875000000000001 0.75234375 0.5875000000000001
19 0.64296875 0.534375 0.5984375 0.534375 0.5984375 0.5921875 0.64296875 0.5921875
19 0.69765625 0.534375 0.6484375 0.534375 0.6484375 0.590625 0.69765625 0.590625
19 0.3296875000000001 0.5359375 0.2828125000000001 0.5359375 0.2828125000000001 0.59375 0.3296875000000001 0.59375
19 0.27421875000000007 0.5359375 0.19843750000000004 0.5359375 0.19843750000000007 0.596875 0.27421875000000007 0.596875
19 0.3734375000000001 0.5484375 0.3359375000000001 0.5484375 0.3359375000000001 0.590625 0.3734375000000001 0.590625
19 0.51171875 0.5484375 0.4734375 0.5484375 0.4734375 0.590625 0.51171875 0.590625
19 0.425 0.5484375 0.3843750000000001 0.5484375 0.3843750000000001 0.59140625 0.425 0.59140625
19 0.4703125 0.5484375 0.4328125 0.5484375 0.4328125 0.590625 0.4703125 0.590625
19 0.15000000000000008 0.55 0.10937500000000008 0.55 0.10937500000000008 0.59296875 0.15000000000000008 0.59296875
19 0.19531250000000008 0.55 0.1546875000000001 0.55 0.1546875000000001 0.5953125 0.19531250000000008 0.5953125
19 0.7765625 0.6125000000000002 0.7296875 0.6125000000000002 0.7296875 0.6812500000000001 0.7765625 0.6812500000000001