19 0.821875 0.6410156250000002 0.7796875 0.6410156250000002 0.7796875 0.6906250000000002 0.821875 0.6906250000000002
19 0.878125 0.6414062500000002 0.83203125 0.6414062500000002 0.83203125 0.6890625000000001 0.878125 0.6890625000000001
19 0.1625 0.039062500000000014 0.078515625 0.039062500000000014 0.078515625 0.1046875 0.1625 0.1046875
19 0.2953125 0.033203125000000035 0.230859375 0.033203125000000035 0.230859375 0.11250000000000004 0.2953125 0.11250000000000004
19 0.225 0.03476562500000002 0.15625 0.03476562500000002 0.15625 0.11406250000000002 0.225 0.11406250000000004
19 0.375 0.04414062500000004 0.2953125 0.04414062500000003 0.2953125 0.10781250000000005 0.375 0.10781250000000005
19 0.5796875 0.044531250000000064 0.501953125 0.044531250000000064 0.501953125 0.11093750000000006 0.5796875 0.11093750000000009
19 0.715625 0.040625000000000085 0.6515625 0.04062500000000008 0.6515625 0.11718750000000008 0.715625 0.11718750000000008
19 0.865625 0.044531250000000105 0.78671875 0.0445312500000001 0.78671875 0.11250000000000009 0.865625 0.11250000000000009
19 0.509375 0.044531250000000064 0.43203125 0.04453125000000006 0.43203125 0.11093750000000005 0.509375 0.11093750000000005
19 0.7890625 0.04218750000000009 0.720703125 0.042187500000000086 0.720703125 0.11875000000000009 0.7890625 0.11875000000000009
19 0.440625 0.04570312500000005 0.362109375 0.045703125000000046 0.362109375 0.11093750000000005 0.440625 0.11093750000000005
19 0.6484375 0.04882812500000007 0.57890625 0.04882812500000007 0.57890625 0.11093750000000009 0.6484375 0.11093750000000009
19 0.9296875 0.04062500000000011 0.863671875 0.04062500000000011 0.863671875 0.12031250000000011 0.9296875 0.12031250000000013
19 0.6921875000000002 0.9046875 0.6285156250000001 0.9046875 0.6285156250000001 0.9625 0.6921875000000002 0.9625
19 0.7625000000000002 0.904296875 0.7023437500000002 0.904296875 0.7023437500000002 0.9640625 0.7625000000000002 0.9640625
19 0.8234375 0.9078125 0.7656250000000002 0.9078125 0.7656250000000002 0.9640625 0.8234375 0.9640625
19 0.8859375 0.916796875 0.827734375 0.916796875 0.827734375 0.9703125 0.8859375 0.9703125
19 0.88125 0.3371093750000001 0.838671875 0.3371093750000001 0.838671875 0.40156250000000016 0.88125 0.40156250000000016
19 0.4890625 0.3710937500000001 0.412890625 0.3710937500000001 0.412890625 0.4296875 0.4890625 0.4296875
19 0.55 0.3722656250000001 0.480078125 0.3722656250000001 0.480078125 0.4359375 0.55 0.4359375
19 0.8265625 0.3707031250000001 0.7625 0.3707031250000001 0.7625 0.44062500000000016 0.8265625 0.44062500000000016
19 0.757421875 0.3746093750000001 0.692578125 0.3746093750000001 0.692578125 0.4406250000000001 0.757421875 0.44062500000000016
19 0.615625 0.37578125000000007 0.548046875 0.37578125000000007 0.548046875 0.440625 0.615625 0.440625
19 0.6828125 0.3761718750000001 0.6171875 0.3761718750000001 0.6171875 0.4390625 0.6828125 0.4390625
19 0.8921875 0.3863281250000001 0.8390625 0.3863281250000001 0.8390625 0.44843750000000016 0.8921875 0.44843750000000016
19 0.2062500000000001 0.48125 0.16250000000000003 0.48125 0.16250000000000003 0.54375 0.2062500000000001 0.54375
19 0.15781250000000008 0.48125 0.11523437500000004 0.48125 0.11523437500000007 0.5453125 0.15781250000000008 0.5453125
19 0.26250000000000007 0.4828125 0.2156250000000001 0.4828125 0.2156250000000001 0.5453125 0.26250000000000007 0.5453125
19 0.2968750000000001 0.4984375 0.2656250000000001 0.4984375 0.2656250000000001 0.546875 0.2968750000000001 0.546875
19 0.3750000000000001 0.5109375 0.3285156250000001 0.5109375 0.3285156250000001 0.5390625 0.3750000000000001 0.5390625
19 0.3437500000000001 0.509375 0.2953125000000001 0.509375 0.2953125000000001 0.5390625 0.3437500000000001 0.5390625
19 0.4171875 0.5078125 0.3687500000000001 0.5078125 0.3687500000000001 0.54375 0.4171875 0.54375
19 0.4484375 0.503125 0.415625 0.503125 0.415625 0.5515625 0.4484375 0.5515625
19 0.4890625 0.503125 0.455859375 0.503125 0.455859375 0.5515625 0.4890625 0.5515625
19 0.6140625 0.511328125 0.571875 0.511328125 0.571875 0.546875 0.6140625 0.546875
19 0.5359375 0.51328125 0.490234375 0.51328125 0.490234375 0.546875 0.5359375 0.546875
19 0.5734375 0.5125 0.528515625 0.5125 0.528515625 0.5453125 0.5734375 0.5453125
19 0.6515625 0.5078125 0.618359375 0.5078125 0.618359375 0.553125 0.6515625 0.553125
19 0.696875 0.512109375 0.648828125 0.512109375 0.648828125 0.5453125 0.696875 0.5453125
19 0.7234375 0.5234375 0.6921875 0.5234375 0.6921875 0.5546875 0.7234375 0.5546875
19 0.7625 0.5265625000000002 0.7296875 0.5265625000000002 0.7296875 0.5593750000000002 0.7625 0.5593750000000002
19 0.8015625 0.5246093750000002 0.769140625 0.5246093750000002 0.769140625 0.5578125000000002 0.8015625 0.5578125000000002
19 0.834375 0.5296875000000002 0.8046875 0.5296875000000002 0.8046875 0.5593750000000002 0.834375 0.5593750000000002