19 0.7640625000000001 0.6694919421875001 0.7115566046875 0.6694919421875001 0.7115566046875001 0.7296875 0.7640625000000002 0.7296875000000002
19 0.6968750000000001 0.6722680828125001 0.6447327046875 0.6722680828125001 0.6447327046875001 0.7280856921875001 0.6968750000000001 0.7280856921875001
19 0.503125 0.6703125 0.44323408124999997 0.6703125 0.4432340812500001 0.7296875 0.5031250000000002 0.7296875
19 0.628125 0.66770341875 0.5741990953125 0.66770341875 0.5741990953125 0.736885809375 0.6281250000000002 0.736885809375
19 0.8484375 0.6826601812500002 0.7796875 0.6826601812500002 0.7796875000000001 0.7296875000000002 0.8484375 0.7296875000000002
19 0.5640625000000001 0.6810829390625 0.5125 0.6810829390625 0.5125000000000001 0.7328125 0.5640625000000001 0.7328125
19 0.5187500000000002 0.7939858484375 0.4945066812500002 0.7939858484375 0.4945066812500002 0.8340801875 0.5187500000000002 0.8340801875
19 0.4359375000000002 0.8 0.4115369500000002 0.8 0.4115369500000002 0.83125 0.4359375000000002 0.83125
19 0.4750000000000002 0.8004766125 0.4508451250000002 0.8004766125 0.4508451250000002 0.8296875 0.4750000000000002 0.8296875
19 0.4437500000000002 0.84817216875 0.4047955984375002 0.84817216875 0.4047955984375002 0.871875 0.4437500000000002 0.871875
19 0.47968750000000016 0.8461330578125 0.4499901734375002 0.8461330578125 0.4499901734375002 0.875 0.47968750000000016 0.875
19 0.5234375000000002 0.845597484375 0.48750000000000016 0.845597484375 0.48750000000000016 0.8794025156249999 0.5234375000000002 0.8794025156249999
19 0.4109375000000002 0.8700373421875 0.35106623437500006 0.8700373421875 0.35106623437500006 0.928125 0.4109375000000002 0.928125
19 0.3437500000000001 0.87320165 0.28341686093750007 0.87320165 0.28341686093750007 0.93125 0.3437500000000001 0.93125
19 0.2718750000000001 0.8706367937499999 0.21366941875000006 0.8706367937499999 0.21366941875000006 0.9328125 0.2718750000000001 0.9328125
19 0.5234375000000002 0.89605935625 0.49218750000000017 0.89605935625 0.49218750000000017 0.9234375 0.5234375000000002 0.9234375
19 0.48437500000000017 0.89605935625 0.45065841250000016 0.89605935625 0.45065841250000016 0.9234375 0.48437500000000017 0.9234375
19 0.4421875000000002 0.8954893875 0.4145341984375002 0.8954893875 0.4145341984375002 0.925 0.4421875000000002 0.925
19 0.9625 0.39770538593750004 0.8814170609374999 0.39770538593750004 0.8814170609374999 0.4359375000000002 0.9625 0.4359375000000002
19 0.790625 0.3856967375000001 0.7390625 0.3856967375000001 0.7390625 0.46093750000000017 0.790625 0.46093750000000017
19 0.7325963062499999 0.3872592375000001 0.6767786953125 0.3872592375000001 0.6767786953125 0.4625000000000001 0.7325963062499999 0.4625000000000002
19 0.55625 0.3984669812500001 0.4798791265625 0.3984669812500001 0.4798791265625 0.4515625 0.55625 0.4515625
19 0.4984375 0.3956859281250001 0.42209610781249995 0.3956859281250001 0.42209610781249995 0.4546481921875 0.4984375 0.4546481921875
19 0.682714228125 0.400039309375 0.6046875 0.400039309375 0.6046875 0.4515625 0.682714228125 0.4515625
19 0.4390625 0.40078125 0.3609375000000001 0.40078125 0.3609375000000001 0.4515625 0.4390625 0.4515625
19 0.621875 0.3998919015625001 0.5444870296875 0.3998919015625001 0.5444870296875 0.4515625 0.621875 0.4515625
19 0.8359375 0.4036654859375002 0.803125 0.4036654859375002 0.803125 0.4593750000000002 0.8359375 0.4593750000000002
19 0.8875 0.4041077031250002 0.850663325 0.4041077031250002 0.850663325 0.4625000000000002 0.8875 0.4625000000000002
19 0.65 0.516391509375 0.5609375 0.516391509375 0.5609375 0.590625 0.65 0.590625
19 0.5578125 0.5213443390625 0.4784148984375 0.5213443390625 0.4784148984375 0.5921875 0.5578125 0.5921875
19 0.4796875 0.520027515625 0.400525746875 0.520027515625 0.400525746875 0.596875 0.4796875 0.596875
19 0.896875 0.5333284187500003 0.8254913515625001 0.5333284187500003 0.8254913515625001 0.5843750000000002 0.896875 0.5843750000000002
19 0.8234375 0.5250000000000001 0.7744496859375001 0.5250000000000001 0.7744496859375001 0.5968750000000002 0.8234375 0.5968750000000002
19 0.9421875 0.5265625000000002 0.8920253546874999 0.5265625000000002 0.8920253546874999 0.5953125000000001 0.9421875 0.5953125000000001
19 0.775 0.55 0.720568003125 0.55 0.720568003125 0.5906250000000001 0.775 0.5906250000000002