19 0.5140625 0.12198733593750004 0.4383935859375 0.12198733593750004 0.4383935859375 0.16562500000000005 0.5140625 0.16562500000000005
19 0.5498621328125 0.10966094687500008 0.5049274921875 0.10966094687500005 0.5049274921875 0.18437500000000007 0.5498621328125 0.1843750000000001
19 0.603125 0.11119280937500009 0.559375 0.11119280937500009 0.559375 0.18750000000000008 0.603125 0.18750000000000008
19 0.671875 0.1302951390625001 0.5953125 0.1302951390625001 0.5953125 0.17187500000000008 0.671875 0.17187500000000008
19 0.7046875 0.1161815765625001 0.6616217328125 0.1161815765625001 0.6616217328125 0.19531250000000008 0.7046875 0.19531250000000008
19 0.4515625 0.42155841406250005 0.3703125000000001 0.42155841406250005 0.3703125000000001 0.4953125 0.4515625 0.4953125
19 0.53125 0.41811172343749997 0.4546875 0.41811172343749997 0.4546875 0.5 0.53125 0.5
19 0.8765012249999999 0.4302134406250002 0.780095996875 0.4302134406250002 0.780095996875 0.5093750000000001 0.8765012249999999 0.5093750000000001
19 0.7061376640625 0.4296875 0.6219873375 0.4296875 0.6219873375 0.5125 0.7061376640625 0.5125
19 0.61875 0.4296875 0.54375 0.4296875 0.54375 0.5125 0.61875 0.5125
19 0.7921875 0.4310712828125001 0.701664625 0.4310712828125 0.701664625 0.5093750000000001 0.7921875 0.5093750000000001
19 0.9578125 0.4265625000000002 0.8748161765625 0.4265625000000002 0.8748161765625 0.5218750000000002 0.9578125 0.5218750000000002
19 0.9984375 0.42988664218750017 0.9544679328125 0.42988664218750017 0.9544679328125 0.5265625000000002 0.9984375 0.5265625000000002
19 0.4546568625 0.5412939140625 0.4203431375 0.5412939140625 0.4203431375 0.5828125 0.4546568625 0.5828125
19 0.4953125 0.54850388125 0.45933415 0.54850388125 0.45933415 0.58118361875 0.4953125 0.58118361875
19 0.534375 0.543295546875 0.5012969765624999 0.543295546875 0.5012969765624999 0.584375 0.534375 0.584375
19 0.08281250000000007 0.5390625 0.026465481250000072 0.5390625 0.02646548125000008 0.6140625 0.08281250000000007 0.6140625
19 0.14942299843750007 0.540625 0.08651450156250007 0.540625 0.08651450156250007 0.615625 0.1494229984375001 0.615625
19 0.21683517031250008 0.5519658890625 0.14412275312500009 0.5519658890625 0.14412275312500009 0.6124234078125 0.21683517031250008 0.6124234078125
19 0.2796875000000001 0.5519658890625 0.2037632750000001 0.5519658890625 0.2037632750000001 0.6124234078125 0.2796875000000001 0.6124234078125
19 0.3656250000000001 0.570608659375 0.32209967343750007 0.570608659375 0.32209967343750007 0.6234375 0.3656250000000001 0.6234375
19 0.3187500000000001 0.575 0.2670955875000001 0.575 0.2670955875000001 0.61875 0.3187500000000001 0.61875
19 0.5984375 0.560396240625 0.541171365625 0.560396240625 0.541171365625 0.63125 0.5984375 0.63125
19 0.415625 0.5703125 0.3713286359375001 0.5703125 0.3713286359375001 0.6265625 0.415625 0.6265625
19 0.65625 0.565625 0.59990298125 0.565625 0.59990298125 0.634375 0.65625 0.634375
19 0.715625 0.56725388125 0.6614634390624999 0.56725388125 0.6614634390624999 0.640625 0.715625 0.640625
19 0.778125 0.5698478343750001 0.7209609890625 0.569847834375 0.7209609890625 0.6421875000000001 0.778125 0.6421875000000001
19 0.84375 0.5797640921875001 0.7750561671875 0.5797640921875001 0.7750561671875 0.6406250000000002 0.84375 0.6406250000000002
19 0.4546875 0.5953431375 0.41711090781250004 0.5953431375 0.41711090781250004 0.628125 0.4546875 0.628125
19 0.9107843140625 0.5821435875000002 0.8364379078124999 0.5821435875000002 0.8364379078124999 0.6421875000000001 0.9107843140625 0.6421875000000001
19 0.496875 0.5969056375 0.4578125 0.5969056375 0.4578125 0.6296875 0.496875 0.6296875
19 0.9671875 0.5784517968750003 0.9124387265625 0.5784517968750003 0.9124387265625 0.6515625000000002 0.9671875 0.6515625000000002
19 0.5359375 0.59362234375 0.5008731609375 0.59362234375 0.5008731609375 0.634375 0.5359375 0.634375
19 1 0.6063470187500002 0.9487438718750001 0.6063470187500002 0.9487438718750001 0.6343750000000001 1 0.6343750000000001
19 0.4687500000000001 0.6880565765625 0.3968750000000001 0.6880565765625 0.3968750000000001 0.76875 0.46875000000000017 0.76875
19 0.6263378265625 0.6929942812500001 0.5421875 0.6929942812500001 0.5421875 0.7671875 0.6263378265625001 0.7671875
19 0.5453125000000001 0.6943576390625 0.466988359375 0.6943576390625 0.46698835937500005 0.76707005625 0.5453125000000002 0.76707005625
19 0.6937500000000001 0.6946180546875 0.62490298125 0.6946180546875 0.6249029812500001 0.7779513890625 0.6937500000000002 0.7779513890625
19 0.7531250000000002 0.726848446875 0.6802032265625002 0.7268484468749999 0.6802032265625002 0.7515625000000001 0.7531250000000002 0.7515625000000001
19 0.7843750000000002 0.7316176468750001 0.7133578437500001 0.731617646875 0.7133578437500001 0.7562500000000001 0.7843750000000002 0.7562500000000002
19 0.7984375000000001 0.7078125000000002 0.7734375 0.7078125000000002 0.7734375000000001 0.7796875000000002 0.7984375000000001 0.7796875000000002
19 0.9328125 0.7343750000000002 0.8609375 0.7343750000000002 0.8609375 0.7593750000000001 0.9328125 0.7593750000000001
19 0.871875 0.7109375000000002 0.8482741015625 0.7109375000000002 0.8482741015625 0.7843750000000002 0.871875 0.7843750000000002
19 1 0.7346813718750002 0.9320823125000001 0.7346813718750002 0.9320823125000001 0.7593750000000001 1 0.7593750000000001
19 0.8328125 0.7108558000000003 0.8108098437500001 0.7108558000000003 0.8108098437500001 0.7843750000000002 0.8328125 0.7843750000000002
19 0.946875 0.7103758171875001 0.9193831703124999 0.7103758171875001 0.9193831703124999 0.7875000000000002 0.946875 0.7875000000000002