19 0.728125 0.596875 0.675 0.596875 0.675 0.690625 0.728125 0.6906250000000002
19 0.6625 0.596875 0.6140625 0.596875 0.6140625 0.6890625 0.6625 0.6890625
19 0.8703125 0.6078125000000002 0.8328125 0.6078125000000002 0.8328125 0.6875000000000002 0.8703125 0.6875000000000002
19 0.84375 0.6292968750000002 0.76328125 0.6292968750000002 0.76328125 0.6640625000000002 0.84375 0.6640625000000002
19 0.9125 0.6316406250000002 0.8796875 0.6316406250000002 0.8796875 0.6859375000000002 0.9125 0.6859375000000002
19 0.9703125 0.6437500000000002 0.9125 0.6437500000000002 0.9125 0.6765625000000002 0.9703125 0.6765625000000002
19 0.3296875000000001 0.637890625 0.2875000000000001 0.637890625 0.2875000000000001 0.696875 0.3296875000000001 0.696875
19 0.2875000000000001 0.646875 0.2308593750000001 0.646875 0.2308593750000001 0.690625 0.2875000000000001 0.690625
19 0.23437500000000008 0.642578125 0.1921875000000001 0.642578125 0.1921875000000001 0.696875 0.23437500000000008 0.696875
19 0.1906250000000001 0.6484375 0.13476562500000008 0.6484375 0.13476562500000008 0.6921875 0.1906250000000001 0.6921875
19 0.14218750000000008 0.64921875 0.08632812500000009 0.64921875 0.08632812500000009 0.69375 0.14218750000000008 0.69375
19 0.38906250000000003 0.30546875000000007 0.28046875 0.30546875 0.28046875000000004 0.37812500000000004 0.3890625000000001 0.3781250000000001
19 0.31562500000000004 0.3078125 0.2078125 0.3078125 0.20781250000000004 0.375 0.3156250000000001 0.375
19 0.15000000000000005 0.303515625 0.04960937500000003 0.303515625 0.04960937500000004 0.3875 0.15000000000000005 0.3875
19 0.22343750000000004 0.305078125 0.14375000000000004 0.305078125 0.14375000000000004 0.3953125 0.2234375000000001 0.3953125
19 0.871875 0.30937500000000007 0.7921875 0.30937500000000007 0.7921875 0.3921875000000001 0.871875 0.3921875000000001
19 0.9515625 0.30937500000000007 0.875 0.30937500000000007 0.875 0.3921875000000001 0.9515625 0.3921875000000001
19 0.784375 0.3296875000000001 0.7390625 0.3296875000000001 0.7390625 0.3937500000000001 0.784375 0.3937500000000001
19 0.7359375 0.3312500000000001 0.6875 0.3312500000000001 0.6875 0.3937500000000001 0.7359375 0.3937500000000001
19 0.690625 0.3390625000000001 0.627734375 0.3390625000000001 0.627734375 0.3828125000000001 0.690625 0.3828125000000001
19 0.7578125 0.4449218750000001 0.707421875 0.444921875 0.707421875 0.5453125000000001 0.7578125 0.5453125000000002
19 0.5921875 0.471484375 0.495703125 0.471484375 0.495703125 0.51875 0.5921875 0.51875
19 0.653125 0.4703125 0.555859375 0.4703125 0.555859375 0.5234375 0.653125 0.5234375
19 0.7171875 0.475 0.6171875 0.475 0.6171875 0.521875 0.7171875 0.521875
19 0.3187500000000001 0.484765625 0.24375000000000008 0.484765625 0.24375000000000008 0.540625 0.3187500000000001 0.540625
19 0.2578125000000001 0.484765625 0.18281250000000004 0.484765625 0.18281250000000004 0.540625 0.2578125000000001 0.540625
19 0.19687500000000005 0.486328125 0.12343750000000005 0.486328125 0.12343750000000005 0.540625 0.19687500000000005 0.540625
19 0.13593750000000004 0.485546875 0.060156250000000064 0.485546875 0.060156250000000064 0.5421875 0.13593750000000004 0.5421875
19 0.3351562500000001 0.588671875 0.2812500000000001 0.588671875 0.2812500000000001 0.6296875 0.3351562500000001 0.6296875
19 0.2843750000000001 0.5875 0.2328125000000001 0.5875 0.2328125000000001 0.6359375 0.2843750000000001 0.6359375
19 0.1843750000000001 0.585546875 0.1375000000000001 0.585546875 0.1375000000000001 0.6390625 0.1843750000000001 0.6390625
19 0.13281250000000008 0.5890625 0.09062500000000007 0.5890625 0.09062500000000008 0.6421875 0.13281250000000008 0.6421875