19 0.534375 0.6625 0.49375 0.6625 0.49375 0.709375 0.534375 0.709375
19 0.3218750000000001 0.67421875 0.2851562500000001 0.67421875 0.2851562500000001 0.703125 0.3218750000000001 0.703125
19 0.2890625000000001 0.675 0.24804687500000008 0.675 0.24804687500000008 0.70390625 0.2890625000000001 0.70390625
19 0.2140625000000001 0.66875 0.18906250000000008 0.66875 0.18906250000000008 0.709375 0.2140625000000001 0.709375
19 0.584375 0.66875 0.541015625 0.66875 0.541015625 0.7109375 0.584375 0.7109375
19 0.2500000000000001 0.66875 0.2218750000000001 0.66875 0.2218750000000001 0.7109375 0.2500000000000001 0.7109375
19 0.6890625 0.666796875 0.647265625 0.666796875 0.647265625 0.709375 0.6890625 0.709375
19 0.4890625 0.668359375 0.455859375 0.668359375 0.455859375 0.7078125 0.4890625 0.7078125
19 0.3921875000000001 0.675 0.3546875000000001 0.675 0.3546875000000001 0.70625 0.3921875000000001 0.70625
19 0.425 0.676171875 0.3871093750000001 0.676171875 0.3871093750000001 0.7046875 0.425 0.7046875
19 0.4578125 0.67734375 0.418359375 0.67734375 0.418359375 0.7046875 0.4578125 0.7046875
19 0.35625000000000007 0.675390625 0.31718750000000007 0.675390625 0.31718750000000007 0.7046875 0.35625000000000007 0.7046875
19 0.6359375 0.6640625 0.594921875 0.6640625 0.594921875 0.7140625 0.6359375 0.7140625
19 0.7421875 0.6703125000000001 0.7 0.6703125 0.7 0.7125000000000001 0.7421875 0.7125000000000001
19 0.790625 0.6707031250000002 0.748828125 0.6707031250000002 0.748828125 0.7125000000000001 0.790625 0.7125000000000001
19 0.7046875 0.3078125000000001 0.681640625 0.3078125000000001 0.681640625 0.3468750000000001 0.7046875 0.3468750000000001
19 0.73125 0.3097656250000001 0.70625 0.3097656250000001 0.70625 0.34843750000000007 0.73125 0.34843750000000007
19 0.5046875 0.31718750000000007 0.466015625 0.31718750000000007 0.466015625 0.38750000000000007 0.5046875 0.38750000000000007
19 0.5609375 0.3363281250000001 0.4921875 0.3363281250000001 0.4921875 0.3703125000000001 0.5609375 0.3703125000000001
19 0.6140625 0.3312500000000001 0.585546875 0.3312500000000001 0.585546875 0.3890625000000001 0.6140625 0.3890625000000001
19 0.65 0.3312500000000001 0.6203125 0.3312500000000001 0.6203125 0.3890625000000001 0.65 0.3890625000000001
19 0.6953125 0.3453125000000001 0.639453125 0.3453125000000001 0.639453125 0.3734375000000001 0.6953125 0.3734375000000001
19 0.7203125 0.35625000000000007 0.680078125 0.35625000000000007 0.680078125 0.3843750000000001 0.7203125 0.3843750000000001
19 0.749609375 0.3566406250000001 0.711328125 0.3566406250000001 0.711328125 0.3828125000000001 0.749609375 0.3828125000000001
19 0.7125 0.3871093750000001 0.7109375 0.3871093750000001 0.7109375 0.3890625000000001 0.7125 0.3890625000000001
19 0.2515625000000001 0.4171875 0.20273437500000008 0.4171875 0.20273437500000008 0.45625 0.2515625000000001 0.45625
19 0.5375 0.414453125 0.478515625 0.414453125 0.478515625 0.4640625 0.5375 0.4640625
19 0.29375000000000007 0.4203125 0.24570312500000008 0.4203125 0.24570312500000008 0.459375 0.29375000000000007 0.459375
19 0.428125 0.41328125 0.3710937500000001 0.41328125 0.3710937500000001 0.465625 0.428125 0.465625
19 0.4859375 0.4140625 0.425 0.4140625 0.425 0.465625 0.4859375 0.465625
19 0.3734375000000001 0.417578125 0.3359375000000001 0.417578125 0.3359375000000001 0.4671875 0.3734375000000001 0.4671875
19 0.3375000000000001 0.42421875 0.2902343750000001 0.42421875 0.2902343750000001 0.4625 0.3375000000000001 0.4625
19 0.5890625 0.417578125 0.53359375 0.417578125 0.53359375 0.46875 0.5890625 0.46875
19 0.23437500000000008 0.495703125 0.19375000000000003 0.495703125 0.19375000000000006 0.5484375 0.23437500000000008 0.5484375
19 0.4109375 0.4953125 0.38945312500000007 0.4953125 0.38945312500000007 0.5515625 0.4109375 0.5515625
19 0.4375 0.49375 0.4140625 0.49375 0.4140625 0.5515625 0.4375 0.5515625
19 0.2828125000000001 0.502734375 0.23046875000000008 0.502734375 0.23046875000000008 0.54375 0.2828125000000001 0.54375
19 0.3859375000000001 0.4953125 0.3593750000000001 0.4953125 0.3593750000000001 0.553125 0.3859375000000001 0.553125
19 0.32500000000000007 0.50546875 0.2730468750000001 0.50546875 0.2730468750000001 0.54375 0.32500000000000007 0.54375
19 0.3656250000000001 0.5078125 0.3140625000000001 0.5078125 0.3140625000000001 0.54375 0.3656250000000001 0.54375
19 0.490625 0.5 0.4421875 0.5 0.4421875 0.5515625 0.490625 0.5515625
19 0.5453125 0.5046875 0.496875 0.5046875 0.496875 0.55 0.5453125 0.55
19 0.596875 0.50234375 0.551953125 0.50234375 0.551953125 0.5515625 0.596875 0.5515625
19 0.6546875 0.505859375 0.604296875 0.505859375 0.604296875 0.5546875 0.6546875 0.5546875
19 0.7609375 0.5078125000000001 0.7140625 0.5078125 0.7140625 0.5546875000000001 0.7609375 0.5546875000000002
19 0.703125 0.50703125 0.658203125 0.50703125 0.658203125 0.55625 0.703125 0.55625
19 0.609375 0.5828125 0.5859375 0.5828125 0.5859375 0.5984375 0.609375 0.5984375
19 0.66875 0.583203125 0.64375 0.583203125 0.64375 0.6 0.66875 0.6
19 0.6359375 0.5828125 0.6140625 0.5828125 0.6140625 0.6 0.6359375 0.6
19 0.7 0.584375 0.6734375 0.584375 0.6734375 0.6015625 0.7 0.6015625
19 0.728125 0.583203125 0.703125 0.583203125 0.703125 0.6000000000000001 0.728125 0.6000000000000002
19 0.7890625 0.5847656250000002 0.7625 0.5847656250000002 0.7625 0.6015625000000002 0.7890625 0.6015625000000002
19 0.2375000000000001 0.579296875 0.19296875000000008 0.579296875 0.19296875000000008 0.6234375 0.2375000000000001 0.6234375
19 0.2968750000000001 0.5828125 0.2472656250000001 0.5828125 0.2472656250000001 0.6234375 0.2968750000000001 0.6234375
19 0.3656250000000001 0.590625 0.3281250000000001 0.590625 0.3281250000000001 0.621875 0.3656250000000001 0.621875
19 0.43125 0.59296875 0.3945312500000001 0.59296875 0.3945312500000001 0.61875 0.43125 0.61875
19 0.3906250000000001 0.585546875 0.36406250000000007 0.585546875 0.36406250000000007 0.6234375 0.3906250000000001 0.6234375
19 0.459375 0.5875 0.434375 0.5875 0.434375 0.625 0.459375 0.625
19 0.490625 0.5875 0.4640625 0.5875 0.4640625 0.625 0.490625 0.625
19 0.3265625000000001 0.588671875 0.3000000000000001 0.588671875 0.3000000000000001 0.6234375 0.3265625000000001 0.6234375
19 0.521875 0.606640625 0.5015625 0.606640625 0.5015625 0.6234375 0.521875 0.6234375
19 0.546875 0.603125 0.529296875 0.603125 0.529296875 0.6265625 0.546875 0.6265625
19 0.578125 0.6015625 0.5609375 0.6015625 0.5609375 0.63125 0.578125 0.63125
19 0.6015625 0.60703125 0.588671875 0.60703125 0.588671875 0.628125 0.6015625 0.628125
19 0.6390625 0.608984375 0.612109375 0.608984375 0.612109375 0.6265625 0.6390625 0.6265625
19 0.690625 0.6046875 0.677734375 0.6046875 0.677734375 0.63359375 0.690625 0.63359375
19 0.7234375 0.60703125 0.70703125 0.60703125 0.70703125 0.63125 0.7234375 0.63125
19 0.6671875 0.6125 0.6421875 0.6125 0.6421875 0.6296875 0.6671875 0.6296875
19 0.7875 0.6144531250000002 0.759375 0.6144531250000002 0.759375 0.6265625000000001 0.7875 0.6265625000000001
19 0.75 0.6109375000000001 0.734765625 0.6109375000000001 0.734765625 0.6328125000000002 0.75 0.6328125000000002