19 0.21718750000000003 0.3625 0.17187500000000006 0.3625 0.17187500000000006 0.42109375 0.2171875000000001 0.42109375
19 0.16875000000000004 0.3671875 0.11718750000000004 0.3671875 0.11718750000000004 0.4203125 0.16875000000000004 0.4203125
19 0.10937500000000004 0.3671875 0.06093750000000005 0.3671875 0.06093750000000005 0.42109375 0.10937500000000004 0.42109375
19 0.3140625000000001 0.3984375 0.21093750000000008 0.3984375 0.21093750000000008 0.4875 0.3140625000000001 0.4875
19 0.41796875 0.39687500000000003 0.31718750000000007 0.396875 0.31718750000000007 0.48671875 0.41796875 0.48671875
19 0.5296875 0.409375 0.43125 0.409375 0.43125 0.4859375 0.5296875 0.4859375
19 0.8765625 0.4078125000000002 0.79375 0.4078125000000002 0.79375 0.48750000000000016 0.8765625 0.48750000000000016
19 0.2078125000000001 0.4234375 0.15156250000000004 0.4234375 0.15156250000000004 0.48203125 0.2078125000000001 0.48203125
19 0.15390625000000005 0.4234375 0.09843750000000004 0.4234375 0.09843750000000005 0.484375 0.15390625000000005 0.484375
19 0.09062500000000005 0.421875 0.039062500000000056 0.421875 0.039062500000000056 0.4859375 0.09062500000000007 0.4859375
19 0.5953125 0.4265625 0.5328125 0.4265625 0.5328125 0.48515625 0.5953125 0.48515625
19 0.7234375 0.4296875 0.6609375 0.4296875 0.6609375 0.4859375 0.7234375 0.4859375
19 0.78828125 0.4281250000000001 0.7234375 0.428125 0.7234375 0.4867187500000001 0.78828125 0.4867187500000002
19 0.93828125 0.42968750000000017 0.8828125 0.42968750000000017 0.8828125 0.4859375000000002 0.93828125 0.4859375000000002
19 0.659375 0.4296875 0.5984375 0.4296875 0.5984375 0.4875 0.659375 0.4875
19 1 0.4515625000000002 0.946875 0.4515625000000002 0.946875 0.4890625000000002 1 0.4890625000000002
19 0.43671875 0.540625 0.3453125000000001 0.540625 0.3453125000000001 0.64375 0.43671875 0.64375
19 0.25078125000000007 0.540625 0.15312500000000004 0.540625 0.15312500000000007 0.64375 0.25078125000000007 0.64375
19 0.3460937500000001 0.540625 0.2484375000000001 0.540625 0.2484375000000001 0.64375 0.3460937500000001 0.64375
19 0.15312500000000007 0.5421875 0.06093750000000007 0.5421875 0.060937500000000075 0.6421875 0.1531250000000001 0.6421875
19 0.98125 0.5562500000000001 0.871875 0.5562500000000001 0.871875 0.6429687500000002 0.98125 0.6429687500000002
19 0.86796875 0.5562500000000001 0.7703125 0.5562500000000001 0.7703125 0.6453125000000002 0.86796875 0.6453125000000002
19 0.5109375 0.5734375 0.434375 0.5734375 0.434375 0.6421875 0.5109375 0.6421875
19 0.5953125 0.5734375 0.51875 0.5734375 0.51875 0.6421875 0.5953125 0.6421875
19 0.675 0.575 0.603125 0.575 0.603125 0.6421875 0.675 0.6421875
19 0.7625 0.5781250000000001 0.6890625 0.578125 0.6890625 0.6453125000000001 0.7625 0.6453125000000002
19 0.2156250000000001 0.6984375 0.1281250000000001 0.6984375 0.1281250000000001 0.7875 0.2156250000000001 0.7875
19 0.3882812500000001 0.6953125 0.30156250000000007 0.6953125 0.30156250000000007 0.790625 0.3882812500000001 0.790625
19 0.3046875000000001 0.696875 0.2156250000000001 0.696875 0.2156250000000001 0.7890625 0.3046875000000001 0.7890625
19 0.12656250000000008 0.6984375 0.04375000000000009 0.6984375 0.043750000000000094 0.78828125 0.12656250000000008 0.78828125
19 0.5375000000000001 0.7203125 0.46875 0.7203125 0.4687500000000001 0.78984375 0.5375000000000002 0.78984375
19 0.6125 0.7203125 0.534375 0.7203125 0.534375 0.78984375 0.6125000000000002 0.78984375
19 0.4625000000000001 0.7203125 0.3906250000000001 0.7203125 0.3906250000000001 0.7921875 0.4625000000000002 0.7921875