19 0.3603830640625 3.865291459808834e-17 0.2708669359375 3.317163260907106e-17 0.2708669359375 0.09687500000000003 0.3603830640625 0.09687500000000004
19 0.74375 0.018170364062500083 0.6532510078125 0.018170364062500076 0.6532510078125 0.08429939375000009 0.74375 0.08429939375000009
19 0.6640625 0.017187500000000078 0.5745463703125 0.01718750000000007 0.5745463703125 0.08533266093750008 0.6640625 0.0853326609375001
19 0.465625 0.01433971718750005 0.3759072578125 0.014339717187500045 0.3759072578125 0.09659778281250006 0.465625 0.09659778281250006
19 0.5671118953125001 0.010231854687500066 0.490625 0.01023185468750006 0.490625 0.10312500000000006 0.5671118953125001 0.10312500000000009
19 0.8015625 0.034551410937500096 0.7400201609375 0.03455141093750009 0.7400201609375 0.0828125000000001 0.8015625 0.0828125000000001
19 0.8625 0.03155242031250011 0.8038810484375001 0.0315524203125001 0.8038810484375001 0.0828125000000001 0.8625 0.08281250000000011
19 0.9703125 0.04445564531250011 0.9339717734375 0.04445564531250011 0.9339717734375 0.09687500000000011 0.9703125 0.09687500000000011
19 0.9125 0.04697580625000011 0.8749243953124999 0.04697580625000011 0.8749243953124999 0.09687500000000011 0.9125 0.09687500000000011
19 0.40768649218749997 0.23077117031250002 0.3 0.2307711703125 0.3 0.29367439531250006 0.40768649218749997 0.2936743953125001
19 0.4625 0.2080645156250001 0.396875 0.2080645156250001 0.396875 0.3169354843750001 0.4625 0.3169354843750001
19 0.603125 0.24375000000000008 0.5166834671875 0.24375000000000008 0.5166834671875 0.2953125000000001 0.603125 0.2953125000000001
19 0.5234375 0.2257056453125001 0.4765625 0.2257056453125001 0.4765625 0.3156250000000001 0.5234375 0.3156250000000001
19 0.825 0.2418346781250001 0.7423891125 0.2418346781250001 0.7423891125 0.3031250000000001 0.825 0.3031250000000001
19 0.6890625 0.25178931562500007 0.6485635078125 0.25178931562500007 0.6485635078125 0.3109375000000001 0.6890625 0.3109375000000001
19 0.7390625 0.25178931562500007 0.6985635078125 0.25178931562500007 0.6985635078125 0.3109375000000001 0.7390625 0.3109375000000001
19 0.6453125 0.2595766125000001 0.5840725796874999 0.2595766125000001 0.5840725796874999 0.30156250000000007 0.6453125 0.30156250000000007
19 0.8796875 0.2518145156250001 0.8251260078125 0.2518145156250001 0.8251260078125 0.3109375000000001 0.8796875 0.3109375000000001
19 0.940625 0.2497983875000001 0.888407259375 0.2497983875000001 0.888407259375 0.3109375000000001 0.940625 0.3109375000000001
19 0.535559475 0.36373487968750007 0.4412046375 0.36373487968750007 0.4412046375 0.4546875 0.535559475 0.4546875
19 0.6375 0.3658266125000001 0.5415826609375001 0.3658266125000001 0.5415826609375001 0.45614919218749994 0.6375 0.45614919218749994
19 0.815625 0.3784526203125001 0.7472278218749999 0.3784526203125001 0.7472278218749999 0.4671875000000002 0.815625 0.4671875000000002
19 0.734375 0.39228830781250007 0.6453125 0.39228830781250007 0.6453125 0.4593750000000001 0.734375 0.4593750000000002