19 0.060655737500000015 0.12950819687499998 0.016393442187500017 0.12950819687499998 0.01639344218750002 0.19508196718749998 0.060655737500000015 0.19508196718749998
19 0.66967213125 0.2508196718750001 0.6131147546875 0.2508196718750001 0.6131147546875 0.3606557375000001 0.66967213125 0.3606557375000001
19 0.7327868859375 0.25245901562500006 0.678688525 0.25245901562500006 0.678688525 0.3631147546875001 0.7327868859375 0.3631147546875001
19 0.8139344265625 0.2950819671875001 0.7393442625 0.2950819671875001 0.7393442625 0.3606557375000001 0.8139344265625 0.3606557375000001
19 0.8950819671874999 0.2983606562500001 0.8245901640625 0.2983606562500001 0.8245901640625 0.3622950812500001 0.8950819671874999 0.3622950812500001
19 0.9770491796874999 0.3016393437500001 0.9049180328125 0.3016393437500001 0.9049180328125 0.3606557375000001 0.9770491796874999 0.3606557375000001
19 0.28606557343750005 0.391803278125 0.19672131093750006 0.391803278125 0.19672131093750006 0.4860655734375 0.28606557343750005 0.4860655734375
19 0.19016393437500007 0.391803278125 0.10327868906250004 0.391803278125 0.10327868906250004 0.4860655734375 0.19016393437500007 0.4860655734375
19 0.09426229531250005 0.4049180328125 0.00491803281250005 0.4049180328125 0.004918032812500054 0.488524590625 0.09426229531250006 0.488524590625
19 0.3827868859375001 0.39836065625000006 0.2934426234375001 0.39836065625 0.2934426234375001 0.49426229531250004 0.3827868859375001 0.49426229531250004
19 0.6836065578125 0.41967213125 0.629508196875 0.41967213125 0.629508196875 0.49754098437499994 0.6836065578125 0.49754098437499994
19 0.7475409843749999 0.42295082031250014 0.691803278125 0.42295082031250003 0.691803278125 0.49754098437500005 0.7475409843749999 0.49754098437500016
19 0.811475409375 0.4229508203125002 0.7573770484375 0.4229508203125002 0.7573770484375 0.5008196718750002 0.811475409375 0.5008196718750002
19 0.8737704921875 0.42459016406250016 0.8180327875 0.42459016406250016 0.8180327875 0.5000000000000002 0.8737704921875 0.5000000000000002
19 0.938524590625 0.42622950781250013 0.8819672125 0.42622950781250013 0.8819672125 0.5032786890625002 0.938524590625 0.5032786890625002
19 0.4540983609375 0.4360655734375 0.40983606562499997 0.4360655734375 0.40983606562499997 0.49262295156249997 0.4540983609375 0.49262295156249997
19 0.5549180328125 0.43770491875 0.5147540984375001 0.43770491875 0.5147540984375001 0.49344262343749995 0.5549180328125 0.49344262343749995
19 0.6147540984375001 0.4360655734375 0.570491803125 0.4360655734375 0.570491803125 0.49426229531250004 0.6147540984375001 0.49426229531250004
19 0.5065573765625 0.43770491875 0.45737704843750004 0.43770491875 0.45737704843750004 0.4959016390625 0.5065573765625 0.4959016390625
19 0.9221311468750001 0.7081967218750002 0.8868852453124999 0.7081967218750002 0.8868852453124999 0.7426229515625001 0.9221311468750001 0.7426229515625001
19 0.8827868859375 0.7098360656250001 0.84098360625 0.7098360656250001 0.84098360625 0.7426229515625001 0.8827868859375 0.7426229515625001
19 0.8713114750000001 0.7459016390625002 0.8295081968750001 0.7459016390625002 0.8295081968750001 0.7786885250000002 0.8713114750000001 0.7786885250000002
19 0.9245901640625 0.7459016390625002 0.8754098359375 0.7459016390625002 0.8754098359375 0.7786885250000002 0.9245901640625 0.7786885250000002
19 0.9229508203125001 0.8737704921875 0.8573770484375001 0.8737704921875 0.8573770484375001 0.9434426234375 0.9229508203125001 0.9434426234375
19 0.850819671875 0.8819672125 0.7852459015625002 0.8819672125 0.7852459015625002 0.9450819671874999 0.850819671875 0.9450819671874999