19 0.6812500000000001 0.85975439375 0.6504318093750002 0.85975439375 0.6504318093750002 0.8953125 0.6812500000000001 0.8953125
19 0.7609375000000002 0.8640625 0.7179462859375001 0.8640625 0.7179462859375001 0.8935428328125001 0.7609375000000002 0.8935428328125001
19 0.7203125000000001 0.8627870390625001 0.6863967640625002 0.8627870390625001 0.6863967640625002 0.8953125 0.7203125000000001 0.8953125
19 0.7968750000000002 0.8665235625 0.7461286937500001 0.8665235625 0.7461286937500001 0.89375 0.7968750000000002 0.89375
19 0.6281250000000002 0.8515625 0.5937475031250001 0.8515625 0.5937475031250001 0.9109375 0.6281250000000002 0.9109375
19 0.921875 0.8659519781249999 0.8953973640624999 0.8659519781249999 0.8953973640624999 0.90625 0.921875 0.90625
19 0.859375 0.8698482437499999 0.8153928703125001 0.8698482437499999 0.8153928703125001 0.90625 0.859375 0.90625
19 0.8929712453124999 0.8689421921875 0.8570287546875001 0.8689421921875 0.8570287546875001 0.909375 0.8929712453124999 0.909375
19 0.9171875 0.05238119062500011 0.877520965625 0.05238119062500011 0.877520965625 0.12968750000000012 0.9171875 0.12968750000000012
19 0.834375 0.052381190625000094 0.7970122796875 0.05238119062500009 0.7970122796875 0.1296875000000001 0.834375 0.1296875000000001
19 0.9578125 0.05312500000000011 0.918330671875 0.05312500000000011 0.918330671875 0.12968750000000012 0.9578125 0.12968750000000012
19 0.796875 0.05468750000000009 0.7581993812500001 0.05468750000000009 0.7581993812500001 0.1296875000000001 0.796875 0.1296875000000001
19 0.8734375 0.05464756406250011 0.8370806703125 0.05464756406250011 0.8370806703125 0.1281250000000001 0.8734375 0.1281250000000001
19 0.7734375 0.07361970937500009 0.7015625 0.07361970937500009 0.7015625 0.11250000000000009 0.7734375 0.11250000000000009
19 0.7140625 0.06093750000000009 0.67928564375 0.06093750000000009 0.67928564375 0.1312500000000001 0.7140625 0.1312500000000001
19 0.653125 0.07683456406250008 0.5828199875 0.07683456406250007 0.5828199875 0.1151732234375001 0.653125 0.1151732234375001
19 0.5984375 0.06093750000000007 0.5578125 0.06093750000000007 0.5578125 0.1312500000000001 0.5984375 0.1312500000000001
19 0.690625 0.07904352968750009 0.6259934109375 0.07904352968750007 0.6259934109375 0.11818091093750009 0.690625 0.11818091093750009
19 0.81875 0.2710538140625001 0.796875 0.2710538140625001 0.796875 0.3593750000000001 0.81875 0.3593750000000001
19 0.9765625 0.3034195281250001 0.88806659375 0.3034195281250001 0.88806659375 0.3281250000000001 0.9765625 0.3281250000000001
19 0.9151233031249999 0.2716778156250001 0.8895641968750001 0.2716778156250001 0.8895641968750001 0.3593750000000001 0.9151233031249999 0.3593750000000001
19 0.88125 0.3019119406250001 0.7956569484375 0.3019119406250001 0.7956569484375 0.3265625000000001 0.88125 0.3265625000000001
19 0.88125 0.2716778156250001 0.858713559375 0.2716778156250001 0.858713559375 0.3593750000000001 0.88125 0.3593750000000001
19 0.6796875 0.3043854828125001 0.61217551875 0.3043854828125001 0.61217551875 0.3421875000000001 0.6796875 0.3421875000000001
19 0.721290934375 0.3045477234375001 0.650204671875 0.3045477234375001 0.650204671875 0.34062500000000007 0.721290934375 0.34062500000000007
19 0.7984375 0.3042457062500001 0.7315495203125 0.3042457062500001 0.7315495203125 0.3453125000000001 0.7984375 0.3453125000000001
19 0.74375 0.29727435937500013 0.7091229015625 0.29727435937500013 0.7091229015625 0.3593750000000001 0.74375 0.3593750000000001
19 0.8961836062499999 0.4888503390625002 0.8211037343750001 0.4888503390625002 0.8211037343750001 0.5078125000000002 0.8961836062499999 0.5078125000000002
19 0.9453125 0.4616788140625002 0.9234375 0.4616788140625002 0.9234375 0.5359375000000002 0.9453125 0.5359375000000002
19 0.91875 0.46164387031250015 0.89691743125 0.46164387031250015 0.89691743125 0.5359375000000002 0.91875 0.5359375000000002
19 0.9203125 0.48702825468750016 0.8453948703125 0.48702825468750016 0.8453948703125 0.5093750000000001 0.9203125 0.5093750000000001
19 0.6734375 0.4871705265625 0.6066119203125 0.4871705265625 0.6066119203125 0.5140625 0.6734375 0.5140625
19 0.734375 0.4867237421875001 0.665625 0.48672374218750003 0.665625 0.5125000000000001 0.734375 0.5125000000000002
19 0.7640625 0.4859375000000001 0.6960862609375 0.4859375 0.6960862609375 0.5140625000000001 0.7640625 0.5140625000000002
19 0.626078275 0.4668355625 0.5989217250000001 0.4668355625 0.5989217250000001 0.5328125 0.626078275 0.5328125
19 0.703125 0.48858576249999996 0.6375 0.48858576249999996 0.6375 0.5140625 0.703125 0.5140625
19 0.8265625 0.48750000000000016 0.761217053125 0.48750000000000016 0.761217053125 0.5140625000000002 0.8265625 0.5140625000000002
19 0.8625 0.4866363812500002 0.7953125 0.4866363812500002 0.7953125 0.5140625000000002 0.8625 0.5140625000000002
19 0.7765625 0.46770417343750015 0.7503319687500001 0.46770417343750015 0.7503319687500001 0.5343750000000002 0.7765625 0.5343750000000002
19 0.69375 0.6675344453125 0.6441593453125 0.6675344453125 0.6441593453125 0.6890625 0.69375 0.6890625
19 0.7453125 0.6671875 0.6961112218750001 0.6671875 0.6961112218750001 0.69155850625 0.7453125 0.6915585062500001
19 0.7046875 0.6549770359375 0.68328175 0.6549770359375 0.68328175 0.704497803125 0.7046875 0.704497803125
19 0.7703125 0.6686177109375001 0.72087160625 0.6686177109375 0.72087160625 0.690625 0.7703125 0.6906250000000002
19 0.7921875 0.6703125000000002 0.7435503203125 0.6703125000000002 0.7435503203125 0.6921126203125001 0.7921875 0.6921126203125001
19 0.8703125 0.6744034531250002 0.8179862218749999 0.6744034531250002 0.8179862218749999 0.6906250000000002 0.8703125 0.6906250000000002
19 0.803125 0.6570087843750001 0.7829098421875 0.6570087843750001 0.7829098421875 0.7062500000000002 0.803125 0.7062500000000002
19 0.8921875 0.6734799312500002 0.842329771875 0.6734799312500002 0.842329771875 0.6906250000000002 0.8921875 0.6906250000000002
19 0.915625 0.6737719640625002 0.8646939890625 0.6737719640625002 0.8646939890625 0.6906250000000002 0.915625 0.6906250000000002
19 0.940625 0.6566443671875002 0.9234375 0.6566443671875002 0.9234375 0.7093600218750001 0.940625 0.7093600218750001
19 0.8453125 0.6725663937500002 0.7924445875 0.6725663937500002 0.7924445875 0.6949306109375002 0.8453125 0.6949306109375002
19 0.9217477031250001 0.6570262562500002 0.901779653125 0.6570262562500002 0.901779653125 0.7078125000000002 0.9217477031250001 0.7078125000000002
19 0.60625 0.6719423921875001 0.5890625 0.6719423921875001 0.5890625 0.7014951078125 0.60625 0.7014951078125
19 0.65625 0.6777306296875001 0.628377096875 0.6777306296875001 0.628377096875 0.6953125 0.65625 0.6953125
19 0.5921875 0.67678464375 0.5636806109375 0.67678464375 0.5636806109375 0.6967526953125 0.5921875 0.6967526953125
19 0.5447334265625 0.6727411140624999 0.5271615421875 0.6727411140624999 0.5271615421875 0.7046875 0.5447334265625 0.7046875
19 0.5625 0.673522365625 0.5466828078125 0.673522365625 0.5466828078125 0.7014776359375 0.5625 0.7014776359375
19 0.6328125 0.6786541546875 0.6036341843749999 0.6786541546875 0.6036341843749999 0.696875 0.6328125 0.696875