19 0.9875 0.3724757625000001 0.9072607265625001 0.3724757625000001 0.9072607265625001 0.47656250000000017 0.9875 0.47656250000000017
19 0.890625 0.39388407500000006 0.790625 0.39388407500000006 0.790625 0.4623659234375002 0.890625 0.4623659234375002
19 0.690625 0.4047596953125 0.5954826734374999 0.4047596953125 0.5954826734374999 0.459375 0.690625 0.459375
19 0.5765625 0.39405940625000013 0.5227645421875 0.39405940625000013 0.5227645421875 0.4749174921875 0.5765625 0.4749174921875
19 0.784375 0.4078125000000001 0.6937371078125001 0.4078125 0.6937371078125001 0.4609375000000001 0.784375 0.46093750000000017
19 0.17500000000000007 0.5051284046875 0.11997215468750004 0.5051284046875 0.11997215468750007 0.5609375 0.1750000000000001 0.5609375
19 0.721875 0.49495926093750003 0.6414449265625 0.49495926093750003 0.6414449265625 0.5734375 0.721875 0.5734375
19 0.23437500000000008 0.5068352921875 0.17873865468750005 0.5068352921875 0.17873865468750008 0.5609375 0.23437500000000008 0.5609375
19 0.809375 0.4984375000000002 0.7302959984374999 0.4984375000000002 0.7302959984374999 0.5781250000000002 0.809375 0.5781250000000002
19 0.5609375 0.5075288765625 0.5002397890625 0.5075288765625 0.5002397890625 0.571875 0.5609375 0.571875
19 0.11207714531250006 0.516785271875 0.06917285468750006 0.516785271875 0.06917285468750006 0.559375 0.11207714531250008 0.559375
19 0.6309277015625 0.507348390625 0.5703125 0.507348390625 0.5703125 0.575 0.6309277015625 0.575
19 0.3796049921875001 0.520028878125 0.33281250000000007 0.520028878125 0.33281250000000007 0.56875 0.3796049921875001 0.56875
19 0.43125 0.5197117359375001 0.3877217406250001 0.5197117359375001 0.3877217406250001 0.5703125 0.43125 0.5703125
19 0.484375 0.521911096875 0.4412644390625 0.521911096875 0.4412644390625 0.5714160484375 0.484375 0.5714160484375
19 0.2796875000000001 0.53613345625 0.24240666406250008 0.53613345625 0.24240666406250008 0.559375 0.2796875000000001 0.559375
19 0.3218750000000001 0.536429971875 0.28410426875000006 0.536429971875 0.28410426875000006 0.5609375 0.3218750000000001 0.5609375
19 0.8703125 0.5283286921875001 0.8249226484375001 0.5283286921875001 0.8249226484375001 0.5781250000000002 0.8703125 0.5781250000000002
19 0.9828125 0.5316651203125001 0.93877114375 0.5316651203125001 0.93877114375 0.5828125000000002 0.9828125 0.5828125000000002
19 0.928125 0.5312525796875002 0.8774468859375 0.5312525796875002 0.8774468859375 0.5812500000000002 0.928125 0.5812500000000002