19 0.51796875 0.15000000000000005 0.4109375 0.15000000000000005 0.4109375 0.24765625000000008 0.51796875 0.24765625000000008
19 0.64765625 0.1515625000000001 0.5515625 0.1515625000000001 0.5515625 0.2468750000000001 0.64765625 0.2468750000000001
19 0.76484375 0.1531250000000001 0.6625 0.1531250000000001 0.6625 0.2484375000000001 0.76484375 0.2484375000000001
19 0.8796875 0.1531250000000001 0.775 0.1531250000000001 0.775 0.2492187500000001 0.8796875 0.2492187500000001
19 0.9953125 0.1562500000000001 0.890625 0.15625000000000008 0.890625 0.2515625000000001 0.9953125 0.2515625000000001
19 0.94921875 0.34843750000000007 0.878125 0.34843750000000007 0.878125 0.4046875000000002 0.94921875 0.4046875000000002
19 0.646875 0.6046875 0.5671875 0.6046875 0.5671875 0.7 0.646875 0.7
19 0.55234375 0.6046875 0.471875 0.6046875 0.471875 0.70078125 0.55234375 0.70078125
19 0.71484375 0.64375 0.65625 0.64375 0.65625 0.70234375 0.71484375 0.70234375
19 0.9125 0.6468750000000002 0.85625 0.6468750000000002 0.85625 0.7007812500000001 0.9125 0.7007812500000001
19 0.85234375 0.6453125000000002 0.796875 0.6453125000000002 0.796875 0.7007812500000001 0.85234375 0.7007812500000001
19 0.7890625 0.6453125000000001 0.725 0.6453125 0.725 0.7007812500000001 0.7890625 0.7007812500000001