19 0.31875 0.13303931562500004 0.22908266249999998 0.13303931562500004 0.22908266249999998 0.18906250000000005 0.31875 0.18906250000000005
19 0.4125 0.26426411250000004 0.326209678125 0.2642641125 0.326209678125 0.31093750000000003 0.4125 0.3109375000000001
19 0.3401461703125 0.24375 0.29579133125 0.24375 0.29579133125 0.3328125 0.3401461703125 0.3328125
19 0.446875 0.24375000000000008 0.4027973796875 0.24375000000000008 0.4027973796875 0.33281250000000007 0.446875 0.33281250000000007
19 0.5247479828125 0.2667842750000001 0.434425403125 0.2667842750000001 0.434425403125 0.3156250000000001 0.5247479828125 0.3156250000000001
19 0.13281250000000006 0.2771421375 0.10345262031250005 0.2771421375 0.10345262031250005 0.328125 0.13281250000000006 0.328125
19 0.17031250000000003 0.2771421375 0.13906250000000003 0.2771421375 0.13906250000000003 0.328125 0.17031250000000003 0.328125
19 0.2078125 0.27772177343750004 0.17968750000000006 0.27772177343750004 0.17968750000000006 0.3265625 0.2078125 0.3265625
19 0.2953125 0.28979334687499997 0.2457661296875 0.28979334687499997 0.2457661296875 0.321875 0.2953125 0.321875
19 0.246875 0.2804687484375 0.21469254218749997 0.2804687484375 0.21469254218749997 0.33125 0.246875 0.33125
19 0.7953125 0.48760080625000024 0.730997984375 0.48760080625000024 0.730997984375 0.5546875000000002 0.7953125 0.5546875000000002
19 0.6453125 0.488306453125 0.583568546875 0.488306453125 0.583568546875 0.559375 0.6453125 0.559375
19 0.2562500000000001 0.5036038296875 0.19435483906250003 0.5036038296875 0.19435483906250006 0.5453125 0.2562500000000001 0.5453125
19 0.20468750000000008 0.5052167328125 0.14354838750000004 0.5052167328125 0.14354838750000004 0.54375 0.20468750000000008 0.54375
19 0.3000000000000001 0.49375 0.25655241875000007 0.49375 0.25655241875000007 0.559375 0.3000000000000001 0.559375
19 0.4 0.4955141140625 0.35592237968750007 0.4955141140625 0.35592237968750007 0.55625 0.4 0.55625
19 0.8625 0.4937247984375002 0.7979334687499999 0.4937247984375002 0.7979334687499999 0.5593750000000002 0.8625 0.5593750000000002
19 0.4578125 0.505317540625 0.3967237906250001 0.505317540625 0.3967237906250001 0.546875 0.4578125 0.546875
19 0.9359375 0.4932207671875002 0.868497984375 0.4932207671875002 0.868497984375 0.5593497984375002 0.9359375 0.5593497984375002
19 0.3500000000000001 0.49375 0.3053679437500001 0.49375 0.3053679437500001 0.5578125 0.3500000000000001 0.5578125
19 0.71875 0.4955141140625 0.6546875 0.4955141140625 0.6546875 0.55625 0.71875 0.55625
19 0.5765625 0.5078125 0.52217741875 0.5078125 0.52217741875 0.5578125 0.5765625 0.5578125
19 0.50625 0.505418346875 0.45751007968749996 0.505418346875 0.45751007968749996 0.559375 0.50625 0.559375