19 0.49918300625 0.10620915000000004 0.454248365625 0.10620915000000004 0.454248365625 0.18300653593750005 0.49918300625 0.18300653593750005
19 0.5498366015625 0.10947712343750007 0.5049019609375 0.10947712343750005 0.5049019609375 0.18464052343750006 0.5498366015625 0.1846405234375001
19 0.6037581703125 0.11111111093750008 0.5588235296875 0.11111111093750008 0.5588235296875 0.18872549062500008 0.6037581703125 0.18872549062500008
19 0.6552287578125 0.1127450984375001 0.6127450984375 0.1127450984375001 0.6127450984375 0.1895424843750001 0.6552287578125 0.1895424843750001
19 0.706699346875 0.1160130718750001 0.66176470625 0.1160130718750001 0.66176470625 0.19526143750000008 0.706699346875 0.19526143750000008
19 0.4485294125 0.41830065312500003 0.3741830062500001 0.41830065312500003 0.3741830062500001 0.5 0.4485294125 0.5
19 0.5318627453125 0.41830065312500003 0.454248365625 0.41830065312500003 0.454248365625 0.5016339875 0.5318627453125 0.5016339875
19 0.8684640515625001 0.4215686281250002 0.7892156859375 0.4215686281250002 0.7892156859375 0.5179738562500001 0.8684640515625001 0.5179738562500001
19 0.706699346875 0.42973856250000003 0.6225490203125 0.42973856250000003 0.6225490203125 0.5130718953125 0.706699346875 0.5130718953125
19 0.6192810453125001 0.42973856250000003 0.544117646875 0.42973856250000003 0.544117646875 0.5130718953125 0.6192810453125001 0.5130718953125
19 0.78676470625 0.4248366015625001 0.707516340625 0.42483660156249997 0.707516340625 0.5155228765625001 0.78676470625 0.5155228765625002
19 0.9583333328125001 0.42647058750000016 0.87418300625 0.42647058750000016 0.87418300625 0.5220588234375001 0.9583333328125001 0.5220588234375001
19 1 0.4297385625000002 0.954248365625 0.4297385625000002 0.954248365625 0.5277777781250002 1 0.5277777781250002
19 0.4591503265625 0.545751634375 0.4166666671875 0.545751634375 0.4166666671875 0.580065359375 0.4591503265625 0.580065359375
19 0.49673202656250004 0.5490196078125 0.4591503265625 0.5490196078125 0.4591503265625 0.581699346875 0.49673202656250004 0.581699346875
19 0.5392156859375 0.5473856203125 0.49673202656250004 0.5473856203125 0.49673202656250004 0.581699346875 0.5392156859375 0.581699346875
19 0.08415032656250007 0.5392156859375 0.02614379062500007 0.5392156859375 0.026143790625000073 0.614379084375 0.08415032656250007 0.614379084375
19 0.14950980468750005 0.5408496734375 0.08660130781250006 0.5408496734375 0.08660130781250006 0.616013071875 0.14950980468750008 0.616013071875
19 0.2107843140625001 0.545751634375 0.15032679687500008 0.545751634375 0.15032679687500008 0.6184640515625001 0.2107843140625001 0.6184640515625001
19 0.2728758171875001 0.544117646875 0.2124183000000001 0.544117646875 0.2124183000000001 0.6209150328125 0.2728758171875001 0.6209150328125
19 0.3660130718750001 0.5702614374999999 0.32189542500000007 0.5702614374999999 0.32189542500000007 0.62418300625 0.3660130718750001 0.62418300625
19 0.31617647031250007 0.5702614374999999 0.2712418296875001 0.5702614374999999 0.2712418296875001 0.62418300625 0.31617647031250007 0.62418300625
19 0.598856209375 0.560457515625 0.5408496734375 0.560457515625 0.5408496734375 0.633169934375 0.598856209375 0.633169934375
19 0.4158496734375 0.5702614374999999 0.37091503281250005 0.5702614374999999 0.37091503281250005 0.6266339875 0.4158496734375 0.6266339875
19 0.6576797390625 0.5653594765625 0.5996732031249999 0.5653594765625 0.5996732031249999 0.634803921875 0.6576797390625 0.634803921875
19 0.7173202609375 0.5669934640625 0.66176470625 0.5669934640625 0.66176470625 0.64133986875 0.7173202609375 0.64133986875
19 0.778594771875 0.5702614375 0.7205882359375 0.5702614374999999 0.7205882359375 0.64297385625 0.778594771875 0.6429738562500001
19 0.840686275 0.5751633984375002 0.7794117640625 0.5751633984375002 0.7794117640625 0.6454248359375001 0.840686275 0.6454248359375001
19 0.455882353125 0.5947712421875 0.4166666671875 0.5947712421875 0.4166666671875 0.6290849671875 0.455882353125 0.6290849671875
19 0.9044117640625 0.5751633984375002 0.8431372546875 0.5751633984375002 0.8431372546875 0.6495098046875002 0.9044117640625 0.6495098046875002
19 0.49754902031250003 0.596405228125 0.45751634062499996 0.596405228125 0.45751634062499996 0.6307189546874999 0.49754902031250003 0.6307189546874999
19 0.9681372546875 0.5784313718750002 0.91176470625 0.5784313718750002 0.91176470625 0.6527777781250002 0.9681372546875 0.6527777781250002
19 0.5400326796875 0.596405228125 0.4983660125 0.596405228125 0.4983660125 0.633169934375 0.5400326796875 0.633169934375
19 1 0.5849673203125001 0.9705882359375 0.5849673203125001 0.9705882359375 0.6568627453125002 1 0.6568627453125002
19 0.4689542484375001 0.687908496875 0.3970588234375001 0.687908496875 0.3970588234375001 0.76960784375 0.46895424843750017 0.76960784375
19 0.6217320265625002 0.687908496875 0.5473856203125 0.687908496875 0.5473856203125 0.7720588234375 0.6217320265625002 0.7720588234375
19 0.5433006531250001 0.6911764703125 0.4705882359375 0.6911764703125 0.4705882359375001 0.7704248359375 0.5433006531250002 0.7704248359375
19 0.69444444375 0.6944444437499999 0.62418300625 0.6944444437499999 0.6241830062500001 0.777777778125 0.6944444437500001 0.777777778125
19 0.7303921562500001 0.7026143796875001 0.704248365625 0.7026143796875 0.704248365625 0.7769607843750002 0.7303921562500002 0.7769607843750002
19 0.7622549015625001 0.7075163406250001 0.7369281046875 0.7075163406250001 0.7369281046875 0.7802287578125002 0.7622549015625002 0.7802287578125002
19 0.7990196078125 0.7075163406250001 0.7728758171875 0.7075163406250001 0.7728758171875001 0.7802287578125002 0.7990196078125001 0.7802287578125002
19 0.91013071875 0.7107843140625001 0.8839869281249999 0.7107843140625001 0.8839869281249999 0.7834967312500002 0.91013071875 0.7834967312500002
19 0.8733660125 0.7107843140625001 0.848039215625 0.7107843140625001 0.848039215625 0.7851307187500002 0.8733660125 0.7851307187500002
19 0.98202614375 0.7107843140625001 0.955882353125 0.7107843140625001 0.955882353125 0.7851307187500002 0.98202614375 0.7851307187500002
19 0.8341503265625001 0.7107843140625001 0.810457515625 0.7107843140625001 0.810457515625 0.7859477125000002 0.8341503265625001 0.7859477125000002
19 0.9477124187499999 0.7107843140625001 0.919934640625 0.7107843140625001 0.919934640625 0.7883986921875001 0.9477124187499999 0.7883986921875001