19 0.1982638890625 0.00026041562500001925 0.11579861093749999 0.00026041562500001415 0.11579861093749999 0.13437500000000002 0.1982638890625 0.13437500000000005
19 0.2828125 0.00017361093750002977 0.203125 0.0001736109375000249 0.203125 0.13593750000000004 0.2828125 0.13593750000000004
19 0.815625 0.03385416562500009 0.6908854171875001 0.033854165625000085 0.6908854171875001 0.1375000000000001 0.815625 0.1375000000000001
19 0.6140625 0.02968750000000007 0.5351562484375 0.029687500000000068 0.5351562484375 0.14531250000000007 0.6140625 0.1453125000000001
19 0.7122395828125 0.04782985937500008 0.6015625 0.047829859375000075 0.6015625 0.13281250000000008 0.7122395828125 0.13281250000000008
19 0.9140625 0.04375000000000011 0.8006944453125 0.0437500000000001 0.8006944453125 0.14531250000000012 0.9140625 0.14531250000000012
19 0.5203125 0.2513020828125001 0.44739583437499997 0.2513020828125001 0.44739583437499997 0.29375000000000007 0.5203125 0.29375000000000007
19 0.5546875 0.2381076375000001 0.5120659734374999 0.2381076375000001 0.5120659734374999 0.3140625000000001 0.5546875 0.3140625000000001
19 0.31562500000000004 0.2765625 0.25859375 0.2765625 0.25859375000000007 0.3890625 0.3156250000000001 0.3890625
19 0.4107638890625 0.30251736250000005 0.3 0.3025173625 0.3 0.36250000000000004 0.4107638890625 0.3625000000000001
19 0.5140625 0.3283854171875001 0.435503471875 0.3283854171875001 0.435503471875 0.3781250000000001 0.5140625 0.3781250000000001
19 0.5703125 0.33281250000000007 0.493402778125 0.33281250000000007 0.493402778125 0.3790798625000001 0.5703125 0.3790798625000001
19 0.6701388890625 0.3217013890625001 0.6111111109375 0.3217013890625001 0.6111111109375 0.3937500000000001 0.6701388890625 0.3937500000000001
19 0.740625 0.3312500000000001 0.665625 0.3312500000000001 0.665625 0.3871527781250001 0.740625 0.3871527781250001
19 0.803125 0.3318576406250001 0.7315104171875 0.3318576406250001 0.7315104171875 0.38750000000000007 0.803125 0.38750000000000007
19 0.84375 0.3505208328125001 0.80078125 0.3505208328125001 0.80078125 0.3982638890625001 0.84375 0.3982638890625001
19 0.4890625 0.53359375 0.39019097187500007 0.53359375 0.39019097187500007 0.575 0.4890625 0.575
19 0.5046875 0.5049479171875 0.46388888906250003 0.5049479171875 0.46388888906250003 0.609114584375 0.5046875 0.609114584375
19 0.5546875 0.5049479171875 0.512239584375 0.5049479171875 0.512239584375 0.609114584375 0.5546875 0.609114584375
19 0.3078125000000001 0.52569444375 0.2250000000000001 0.52569444375 0.2250000000000001 0.610763890625 0.3078125000000001 0.610763890625
19 0.40625 0.5272569453125 0.3251736109375001 0.5272569453125 0.3251736109375001 0.609375 0.40625 0.609375
19 0.2140625000000001 0.528125 0.12500000000000006 0.528125 0.12500000000000006 0.60625 0.2140625000000001 0.60625