19 0.26250000000000007 0.709765625 0.2410156250000001 0.709765625 0.2410156250000001 0.753125 0.26250000000000007 0.753125
19 0.2875000000000001 0.7109375 0.2660156250000001 0.7109375 0.2660156250000001 0.753125 0.2875000000000001 0.753125
19 0.3218750000000001 0.7234375 0.2808593750000001 0.7234375 0.2808593750000001 0.7453125 0.3218750000000001 0.7453125
19 0.4078125000000001 0.719921875 0.3664062500000001 0.719921875 0.3664062500000001 0.74375 0.4078125000000002 0.74375
19 0.3500000000000001 0.7203125 0.3097656250000001 0.7203125 0.3097656250000001 0.7484375 0.3500000000000001 0.7484375
19 0.3765625000000001 0.721875 0.3371093750000001 0.721875 0.3371093750000001 0.7453125 0.3765625000000001 0.7453125
19 0.4375000000000001 0.721875 0.39531250000000007 0.721875 0.39531250000000007 0.7484375 0.43750000000000017 0.7484375
19 0.2687500000000001 0.819140625 0.2472656250000001 0.819140625 0.2472656250000001 0.840625 0.2687500000000001 0.840625
19 0.2921875000000001 0.82421875 0.2714843750000001 0.82421875 0.2714843750000001 0.840625 0.2921875000000001 0.840625
19 0.5375000000000002 0.8296875 0.48554687500000016 0.8296875 0.48554687500000016 0.87265625 0.5375000000000002 0.87265625
19 0.4437500000000002 0.833203125 0.3941406250000001 0.833203125 0.3941406250000001 0.873046875 0.4437500000000002 0.873046875
19 0.40156250000000016 0.833203125 0.3535156250000001 0.833203125 0.3535156250000001 0.871875 0.40156250000000016 0.871875
19 0.4906250000000002 0.8328125 0.4421875000000002 0.8328125 0.4421875000000002 0.878125 0.4906250000000002 0.878125
19 0.2671875000000001 0.855859375 0.2449218750000001 0.855859375 0.2449218750000001 0.8796875 0.2671875000000001 0.8796875
19 0.29375000000000007 0.85703125 0.2730468750000001 0.85703125 0.2730468750000001 0.88125 0.29375000000000007 0.88125
19 0.2703125 0.2046875 0.21875 0.2046875 0.21875 0.29375 0.2703125 0.29375
19 0.6921875 0.21250000000000008 0.643359375 0.21250000000000008 0.643359375 0.2921875000000001 0.6921875 0.2921875000000001
19 0.375 0.20937500000000003 0.325 0.209375 0.325 0.29375000000000007 0.375 0.29375000000000007
19 0.7609375 0.2273437500000001 0.679296875 0.2273437500000001 0.679296875 0.27812500000000007 0.7609375 0.27812500000000007
19 0.790625 0.21093750000000008 0.746875 0.21093750000000008 0.746875 0.29375000000000007 0.790625 0.29375000000000007
19 0.65625 0.2269531250000001 0.57578125 0.2269531250000001 0.57578125 0.27812500000000007 0.65625 0.27812500000000007
19 0.584375 0.2160156250000001 0.5390625 0.2160156250000001 0.5390625 0.2890625000000001 0.584375 0.2890625000000001
19 0.3390625 0.228515625 0.258203125 0.228515625 0.258203125 0.278125 0.3390625 0.278125
19 0.4921875 0.2292968750000001 0.417578125 0.2292968750000001 0.417578125 0.2796875000000001 0.4921875 0.2796875000000001
19 0.534375 0.21875000000000008 0.4859375 0.21875000000000008 0.4859375 0.2906250000000001 0.534375 0.2906250000000001
19 0.4265625 0.2156250000000001 0.378515625 0.2156250000000001 0.378515625 0.29375000000000007 0.4265625 0.29375000000000007
19 0.36406250000000007 0.35468750000000004 0.2796875 0.3546875 0.27968750000000003 0.39531250000000007 0.36406250000000007 0.39531250000000007
19 0.409375 0.35585937500000003 0.325 0.355859375 0.32500000000000007 0.39687500000000003 0.409375 0.3968750000000001
19 0.709375 0.3644531250000001 0.6453125 0.3644531250000001 0.6453125 0.4 0.709375 0.4
19 0.5828125 0.3480468750000001 0.546875 0.3480468750000001 0.546875 0.4140625 0.5828125 0.4140625
19 0.784375 0.36406250000000007 0.7203125 0.36406250000000007 0.7203125 0.4000000000000001 0.784375 0.4000000000000002
19 0.65625 0.3500000000000001 0.6203125 0.3500000000000001 0.6203125 0.4140625 0.65625 0.4140625
19 0.73125 0.3515625000000001 0.6984375 0.3515625000000001 0.6984375 0.4140625000000001 0.73125 0.41406250000000017
19 0.6328125 0.3656250000000001 0.566015625 0.3656250000000001 0.566015625 0.3984375000000001 0.6328125 0.3984375000000001
19 0.5578125 0.3652343750000001 0.4921875 0.3652343750000001 0.4921875 0.4 0.5578125 0.4
19 0.4421875 0.36796875000000007 0.3785156250000001 0.36796875000000007 0.3785156250000001 0.4015625 0.4421875 0.4015625
19 0.5046875 0.3519531250000001 0.46875 0.3519531250000001 0.46875 0.415625 0.5046875 0.415625
19 0.465625 0.3531250000000001 0.43125 0.3531250000000001 0.43125 0.4171875 0.465625 0.4171875
19 0.4203125 0.45 0.38750000000000007 0.45 0.38750000000000007 0.5296875 0.4203125 0.5296875
19 0.4578125 0.45 0.421875 0.45 0.421875 0.528125 0.4578125 0.528125
19 0.3671875000000001 0.473046875 0.2867187500000001 0.473046875 0.2867187500000001 0.5078125 0.3671875000000001 0.5078125
19 0.3062500000000001 0.449609375 0.2738281250000001 0.449609375 0.2738281250000001 0.5296875 0.3062500000000001 0.5296875
19 0.2921875000000001 0.4734375 0.21250000000000008 0.4734375 0.21250000000000008 0.509375 0.2921875000000001 0.509375
19 0.696875 0.462890625 0.6703125 0.462890625 0.6703125 0.528125 0.696875 0.528125
19 0.4015625 0.476953125 0.33085937500000007 0.476953125 0.33085937500000007 0.512109375 0.4015625 0.512109375
19 0.60625 0.462890625 0.5796875 0.462890625 0.5796875 0.5265625 0.60625 0.5265625
19 0.6671875 0.4625 0.638671875 0.4625 0.638671875 0.5296875 0.6671875 0.5296875
19 0.65625 0.48203125 0.588671875 0.48203125 0.588671875 0.509375 0.65625 0.509375
19 0.4875 0.4625 0.4625 0.4625 0.4625 0.528125 0.4875 0.528125
19 0.5671875 0.482421875 0.502734375 0.482421875 0.502734375 0.509375 0.5671875 0.509375
19 0.5171875 0.4625 0.491015625 0.4625 0.491015625 0.5296875 0.5171875 0.5296875
19 0.5953125 0.483984375 0.53125 0.483984375 0.53125 0.5078125 0.5953125 0.5078125
19 0.475 0.5734375 0.43125 0.5734375 0.43125 0.63125 0.475 0.63125
19 0.4296875 0.575 0.38554687500000007 0.575 0.38554687500000007 0.6328125 0.4296875 0.6328125