19 0.11406250000000004 0.2359375 0.027734375000000033 0.2359375 0.027734375000000033 0.31640625 0.11406250000000004 0.31640625
19 0.19218750000000004 0.245703125 0.11875000000000005 0.245703125 0.11875000000000005 0.325 0.19218750000000004 0.325
19 0.2796875 0.253515625 0.205859375 0.253515625 0.205859375 0.321875 0.2796875 0.321875
19 0.325 0.269921875 0.2828125 0.269921875 0.2828125 0.3234375 0.325 0.3234375
19 0.8703125 0.28789062500000007 0.811328125 0.28789062500000007 0.811328125 0.3453125000000001 0.8703125 0.3453125000000001
19 0.8109375 0.29960937500000007 0.7609375 0.29960937500000007 0.7609375 0.3375000000000001 0.8109375 0.3375000000000001
19 0.7546875 0.3105468750000001 0.72578125 0.3105468750000001 0.72578125 0.3453125000000001 0.7546875 0.3453125000000001
19 0.14843750000000006 0.375390625 0.10976562500000005 0.375390625 0.10976562500000005 0.4328125 0.14843750000000006 0.4328125
19 0.11562500000000005 0.38515625 0.05859375000000004 0.38515625 0.05859375000000004 0.421875 0.11562500000000005 0.421875
19 0.6078125 0.37187500000000007 0.5546875 0.37187500000000007 0.5546875 0.4453125 0.6078125 0.4453125
19 0.671875 0.3828125000000001 0.600390625 0.3828125000000001 0.600390625 0.4359375 0.671875 0.4359375
19 0.7234375 0.3839843750000001 0.654296875 0.3839843750000001 0.654296875 0.434375 0.7234375 0.434375
19 0.534375 0.48984375 0.447265625 0.48984375 0.447265625 0.55 0.534375 0.55
19 0.584375 0.474609375 0.5234375 0.474609375 0.5234375 0.5640625 0.584375 0.5640625