19 0.11064760312500004 0.36158117343749996 4.428092266821783e-17 0.36158117343749996 4.988636537729114e-17 0.453125 0.11064760312500004 0.453125
19 0.16856820000000003 0.3778449296875 0.10174430000000005 0.3778449296875 0.10174430000000005 0.465625 0.16856820000000003 0.465625
19 0.43251768906250004 0.38678262656250006 0.3586183171875001 0.3867826265625 0.3586183171875001 0.4828125 0.43251768906250004 0.4828125
19 0.2218750000000001 0.40369988125 0.17105444375000006 0.40369988125 0.17105444375000006 0.4703125 0.2218750000000001 0.4703125
19 0.5203125 0.40625 0.42101021875000005 0.40625 0.42101021875000005 0.475 0.5203125 0.475
19 0.2796875000000001 0.4046875 0.22678360781250012 0.4046875 0.22678360781250012 0.478125 0.2796875000000001 0.478125
19 0.9213443390625 0.3984571546875001 0.8411556609374999 0.3984571546875001 0.8411556609374999 0.5156250000000002 0.9213443390625 0.5156250000000002
19 0.596875 0.4046875 0.5171875 0.4046875 0.5171875 0.509375 0.596875 0.509375
19 0.996875 0.40157232656250014 0.9247690640625 0.40157232656250014 0.9247690640625 0.5218750000000002 0.996875 0.5218750000000002
19 0.3500000000000001 0.4389298359375 0.2890625000000001 0.4389298359375 0.2890625000000001 0.4796875 0.3500000000000001 0.4796875
19 0.709375 0.415625 0.6227987421875001 0.415625 0.6227987421875001 0.5072081359375 0.709375 0.5072081359375
19 0.825 0.4247199296875001 0.721875 0.42471992968750005 0.721875 0.5125000000000001 0.825 0.5125000000000002
19 0.7061173359375 0.53795204375 0.6235701640625 0.53795204375 0.6235701640625 0.6421875 0.7061173359375 0.6421875
19 0.6109375 0.5626670593750001 0.521875 0.5626670593750001 0.521875 0.634207940625 0.6109375 0.634207940625
19 0.796875 0.5691627343750001 0.708996659375 0.569162734375 0.708996659375 0.6406250000000001 0.796875 0.6406250000000002
19 0.8765625 0.5714229562500002 0.7856869109375 0.5714229562500002 0.7856869109375 0.6515625000000002 0.8765625 0.6515625000000002