19 0.3843750000000001 0.5 0.3156250000000001 0.5 0.3156250000000001 0.5953125 0.3843750000000001 0.5953125
19 0.26250000000000007 0.514453125 0.16523437500000004 0.514453125 0.16523437500000007 0.579296875 0.26250000000000007 0.579296875
19 0.3156250000000001 0.5 0.2468750000000001 0.5 0.2468750000000001 0.5984375 0.3156250000000001 0.5984375
19 0.4375 0.5390625 0.3890625000000001 0.5390625 0.3890625000000001 0.59375 0.4375 0.59375
19 0.534375 0.54296875 0.479296875 0.54296875 0.479296875 0.590625 0.534375 0.590625
19 0.4093750000000001 0.6703125 0.3183593750000001 0.6703125 0.3183593750000001 0.74609375 0.40937500000000016 0.74609375
19 0.4937500000000001 0.671484375 0.3968750000000001 0.671484375 0.3968750000000001 0.74375 0.4937500000000002 0.74375
19 0.3375000000000001 0.671875 0.2390625000000001 0.671875 0.2390625000000001 0.7484375 0.3375000000000001 0.7484375
19 0.5746093750000001 0.672265625 0.476953125 0.672265625 0.4769531250000001 0.7453125 0.5746093750000002 0.7453125
19 0.6515625 0.67890625 0.55859375 0.67890625 0.5585937500000001 0.7515625 0.6515625000000002 0.7515625
19 0.7187500000000001 0.6953125 0.6453125 0.6953125 0.6453125000000001 0.7640625 0.7187500000000002 0.7640625
19 0.7859375000000001 0.6984375 0.722265625 0.6984375 0.7222656250000001 0.7609375 0.7859375000000002 0.7609375000000002
19 0.871875 0.7015625000000002 0.7984375 0.7015625000000002 0.7984375000000001 0.7625000000000002 0.871875 0.7625000000000002