19 0.6265625 0.23437500000000008 0.5759153265625 0.23437500000000008 0.5759153265625 0.29467564062500007 0.6265625 0.29467564062500007
19 0.4984375 0.2399391515625001 0.44802753749999996 0.2399391515625001 0.44802753749999996 0.2890625000000001 0.4984375 0.2890625000000001
19 0.5609375 0.2379460609375001 0.5098932546875 0.2379460609375001 0.5098932546875 0.2921875000000001 0.5609375 0.2921875000000001
19 0.83125 0.2671875000000001 0.7921875 0.2671875000000001 0.7921875 0.2921875000000001 0.83125 0.2921875000000001
19 0.871875 0.2643873765625001 0.8456502671875 0.2643873765625001 0.8456502671875 0.2953125000000001 0.871875 0.2953125000000001
19 0.9515625 0.2648824265625001 0.9295147484375 0.2648824265625001 0.9295147484375 0.2953125000000001 0.9515625 0.2953125000000001
19 0.9171875 0.2671875000000001 0.8859375 0.2671875000000001 0.8859375 0.2921875000000001 0.9171875 0.2921875000000001
19 0.684375 0.2670431109375001 0.6440233078125 0.2670431109375001 0.6440233078125 0.3031250000000001 0.684375 0.3031250000000001
19 0.73125 0.2660865296875001 0.69042130625 0.2660865296875001 0.69042130625 0.3078125000000001 0.73125 0.3078125000000001
19 0.78125 0.26823174687500007 0.743809303125 0.26823174687500007 0.743809303125 0.30618554218750005 0.78125 0.30618554218750005
19 0.840625 0.2890625000000001 0.8187938328125 0.2890625000000001 0.8187938328125 0.32500000000000007 0.840625 0.32500000000000007
19 0.9375 0.2896091171875001 0.91502939375 0.2896091171875001 0.91502939375 0.3265625000000001 0.9375 0.3265625000000001
19 0.89375 0.2957353531250001 0.8568481859375 0.2957353531250001 0.8568481859375 0.3203125000000001 0.89375 0.3203125000000001
19 0.9828125 0.29163830468750007 0.959558065625 0.29163830468750007 0.959558065625 0.32629177031250006 0.9828125 0.32629177031250006
19 0.3671875 0.27851433750000004 0.2763278671875 0.2785143375 0.2763278671875 0.35000000000000003 0.3671875 0.3500000000000001
19 0.446875 0.27789294531250003 0.35651041562499997 0.2778929453125 0.35651041562499997 0.35156250000000006 0.446875 0.3515625000000001
19 0.509375 0.2953125000000001 0.44567089531250004 0.2953125000000001 0.44567089531250004 0.3560566218750001 0.509375 0.3560566218750001
19 0.65 0.2945364062500001 0.58506600625 0.2945364062500001 0.58506600625 0.3546875000000001 0.65 0.3546875000000001
19 0.58125 0.29375000000000007 0.5163314765625 0.29375000000000007 0.5163314765625 0.3592409250000001 0.58125 0.3592409250000001
19 0.23125 0.3111669765625 0.17754486406250006 0.3111669765625 0.17754486406250006 0.35625 0.23125 0.35625
19 0.2827428828125 0.3140625 0.2291125203125 0.3140625 0.2291125203125 0.353125 0.2827428828125 0.353125
19 0.80625 0.3083849000000001 0.7656791453125 0.3083849000000001 0.7656791453125 0.3603650984375001 0.80625 0.3603650984375001
19 0.7046875 0.31170070156250007 0.6546875 0.31170070156250007 0.6546875 0.3578125000000001 0.7046875 0.3578125000000001
19 0.759375 0.3123014640625001 0.7086607875000001 0.3123014640625001 0.7086607875000001 0.3593750000000001 0.759375 0.3593750000000001
19 0.8453125 0.3281250000000001 0.8155734328124999 0.3281250000000001 0.8155734328124999 0.3593750000000001 0.8453125 0.3593750000000001
19 0.8953125 0.3284859734375001 0.8578125 0.3284859734375001 0.8578125 0.3578125000000001 0.8953125 0.3578125000000001
19 0.9828125 0.3317115312500001 0.9443095078124999 0.3317115312500001 0.9443095078124999 0.3605894187500001 0.9828125 0.3605894187500001
19 0.940625 0.3282797031250001 0.9003197187499999 0.3282797031250001 0.9003197187499999 0.3578125000000001 0.940625 0.3578125000000001
19 0.8578125 0.3812500000000001 0.8203125 0.3812500000000001 0.8203125 0.42500000000000016 0.8578125 0.42500000000000016
19 0.9046875 0.3837329828125001 0.8625 0.3837329828125001 0.8625 0.4216867781250002 0.9046875 0.4216867781250002
19 0.9515625 0.3839315187500001 0.9097694921875 0.3839315187500001 0.9097694921875 0.4203125000000002 0.9515625 0.4203125000000002
19 0.4875 0.39612211250000007 0.4130724 0.39612211250000007 0.4130724 0.4796875 0.4875 0.4796875
19 0.40625 0.4011087046875 0.3203125000000001 0.4011087046875 0.3203125000000001 0.475 0.40625 0.475
19 0.07187500000000005 0.4063402421875 0.0000025781250000497623 0.4063402421875 0.0000025781250000539666 0.475 0.07187500000000006 0.475
19 0.16718750000000004 0.4043213703125 0.08281250000000004 0.4043213703125 0.08281250000000005 0.475 0.16718750000000004 0.475
19 0.6625 0.4125 0.5842022484375 0.4125 0.5842022484375 0.4734375 0.6625 0.4734375
19 0.5765625 0.4125 0.5018899546875 0.4125 0.5018899546875 0.4765625 0.5765625 0.4765625
19 0.7359375 0.42069925781250006 0.6728315796875 0.4206992578125 0.6728315796875 0.4718750000000001 0.7359375 0.47187500000000016
19 0.3184225453125001 0.41875 0.24251495468750012 0.41875 0.24251495468750012 0.478125 0.3184225453125001 0.478125
19 0.23102825937500007 0.41110509375 0.17244740156250005 0.41110509375 0.17244740156250005 0.484375 0.23102825937500007 0.484375
19 0.8139052187500001 0.40841326250000015 0.76027485625 0.40841326250000015 0.76027485625 0.4906250000000002 0.8139052187500001 0.4906250000000002
19 0.9249020218749999 0.4277227718750002 0.884472978125 0.4277227718750002 0.884472978125 0.4703125000000002 0.9249020218749999 0.4703125000000002
19 0.9765625 0.4322761968750002 0.9309354359374999 0.4322761968750002 0.9309354359374999 0.46875000000000017 0.9765625 0.46875000000000017
19 0.8747292718749999 0.4288882015625002 0.8367754765625 0.4288882015625002 0.8367754765625 0.4750000000000002 0.8747292718749999 0.4750000000000002
19 0.5078125000000002 0.76668729375 0.4546591359375002 0.76668729375 0.4546591359375002 0.834375 0.5078125000000002 0.834375
19 0.5875000000000001 0.7752036921875 0.5188402437500002 0.7752036921875 0.5188402437500002 0.8263588078125 0.5875000000000001 0.8263588078125
19 0.12623246562500007 0.7645111390625 0.0671875000000001 0.7645111390625 0.0671875000000001 0.8390625 0.12623246562500007 0.8390625
19 0.2061778062500001 0.7677882640625 0.14759694687500008 0.7677882640625 0.14759694687500008 0.8375 0.2061778062500001 0.8375
19 0.36074154375000006 0.7673061062500001 0.3021606843750001 0.7673061062500001 0.3021606843750001 0.8421875 0.36074154375000006 0.8421875
19 0.4421875000000002 0.7867032796875 0.3710653875000001 0.7867032796875 0.3710653875000001 0.828125 0.4421875000000002 0.828125
19 0.2812500000000001 0.770846225 0.22656250000000008 0.770846225 0.22656250000000008 0.8453125 0.2812500000000001 0.8453125