19 0.22031250000000008 0.7625 0.1437500000000001 0.7625 0.1437500000000001 0.803125 0.22031250000000008 0.803125
19 0.3765625000000001 0.7625 0.3125000000000001 0.7625 0.3125000000000001 0.8046875 0.3765625000000001 0.8046875
19 0.5281250000000002 0.7640625 0.46406250000000016 0.7640625 0.46406250000000016 0.80234375 0.5281250000000002 0.80234375
19 0.3000000000000001 0.765625 0.23593750000000008 0.765625 0.23593750000000008 0.80625 0.3000000000000001 0.80625
19 0.47890625 0.459375 0.3968750000000001 0.459375 0.3968750000000001 0.528125 0.47890625 0.528125
19 0.39140625000000007 0.4609375 0.30937500000000007 0.4609375 0.30937500000000007 0.5296875 0.39140625000000007 0.5296875
19 0.56484375 0.4609375 0.4796875 0.4609375 0.4796875 0.5296875 0.56484375 0.5296875
19 0.14453125000000006 0.4875 0.10156250000000004 0.4875 0.10156250000000004 0.52734375 0.14453125000000006 0.52734375
19 0.2000000000000001 0.4890625 0.15468750000000003 0.4890625 0.15468750000000003 0.52734375 0.2000000000000001 0.52734375
19 0.3039062500000001 0.490625 0.2609375000000001 0.490625 0.2609375000000001 0.5265625 0.3039062500000001 0.5265625
19 0.25468750000000007 0.490625 0.2062500000000001 0.490625 0.2062500000000001 0.52890625 0.25468750000000007 0.52890625
19 0.37968750000000007 0.55625 0.3000000000000001 0.55625 0.3000000000000001 0.61484375 0.37968750000000007 0.61484375
19 0.2945312500000001 0.559375 0.2140625000000001 0.559375 0.2140625000000001 0.615625 0.2945312500000001 0.615625
19 0.4609375 0.559375 0.3812500000000001 0.559375 0.3812500000000001 0.61484375 0.4609375 0.61484375
19 0.2101562500000001 0.5625 0.12500000000000008 0.5625 0.12500000000000008 0.615625 0.2101562500000001 0.615625
19 0.546875 0.5609375 0.4671875 0.5609375 0.4671875 0.61640625 0.546875 0.61640625
19 0.2554687500000001 0.659375 0.1906250000000001 0.659375 0.1906250000000001 0.70234375 0.2554687500000001 0.70234375
19 0.3304687500000001 0.659375 0.2718750000000001 0.659375 0.2718750000000001 0.70234375 0.3304687500000001 0.70234375
19 0.48125 0.6609375 0.41875 0.6609375 0.41875 0.7015625 0.48125 0.7015625
19 0.63984375 0.6625 0.575 0.6625 0.575 0.70078125 0.63984375 0.70078125
19 0.40625 0.659375 0.3437500000000001 0.659375 0.3437500000000001 0.70234375 0.40625 0.70234375
19 0.55703125 0.6609375 0.4921875 0.6609375 0.4921875 0.70078125 0.55703125 0.70078125
19 0.18125000000000008 0.659375 0.11875000000000009 0.659375 0.11875000000000009 0.7046875 0.18125000000000008 0.7046875
19 0.6015625000000002 0.7515625 0.5375000000000002 0.7515625 0.5375000000000002 0.78984375 0.6015625000000002 0.78984375
19 0.4515625000000002 0.7609375 0.3890625000000001 0.7609375 0.3890625000000001 0.803125 0.4515625000000002 0.803125