19 0.746875 0.1140625000000001 0.692578125 0.1140625000000001 0.692578125 0.2015625000000001 0.746875 0.2015625000000001
19 0.65 0.2375000000000001 0.6046875 0.2375000000000001 0.6046875 0.3218750000000001 0.65 0.3218750000000001
19 0.6984375 0.23789062500000008 0.656640625 0.23789062500000008 0.656640625 0.3234375000000001 0.6984375 0.3234375000000001
19 0.6171875 0.2582031250000001 0.530859375 0.2582031250000001 0.530859375 0.3027343750000001 0.6171875 0.3027343750000001
19 0.5640625 0.2601562500000001 0.47734375 0.2601562500000001 0.47734375 0.3078125000000001 0.5640625 0.3078125000000001
19 0.884375 0.2707031250000001 0.85625 0.2707031250000001 0.85625 0.3203125000000001 0.884375 0.3203125000000001
19 0.8609375 0.28007812500000007 0.8109375 0.28007812500000007 0.8109375 0.3109375000000001 0.8609375 0.3109375000000001
19 0.8109375 0.27031250000000007 0.784765625 0.27031250000000007 0.784765625 0.3187500000000001 0.8109375 0.3187500000000001
19 0.7390625 0.2738281250000001 0.7078125 0.2738281250000001 0.7078125 0.3218750000000001 0.7390625 0.3218750000000001
19 0.7875 0.2832031250000001 0.7375 0.2832031250000001 0.7375 0.3140625000000001 0.7875 0.3140625000000001
19 0.2796875000000001 0.474609375 0.2132812500000001 0.474609375 0.2132812500000001 0.5375 0.2796875000000001 0.5375
19 0.4203125 0.475 0.3593750000000001 0.475 0.3593750000000001 0.54375 0.4203125 0.54375
19 0.796875 0.48945312500000016 0.7375 0.48945312500000016 0.7375 0.5296875000000002 0.796875 0.5296875000000002
19 0.8359375 0.4792968750000002 0.7984375 0.4792968750000002 0.7984375 0.5390625000000002 0.8359375 0.5390625000000002
19 0.7484375 0.4906250000000001 0.684375 0.490625 0.684375 0.5328125000000001 0.7484375 0.5328125000000001
19 0.640625 0.481640625 0.597265625 0.481640625 0.597265625 0.540625 0.640625 0.540625
19 0.21250000000000008 0.4796875 0.14882812500000003 0.4796875 0.14882812500000003 0.54375 0.21250000000000008 0.54375
19 0.5921875 0.481640625 0.5515625 0.481640625 0.5515625 0.540625 0.5921875 0.540625
19 0.14375000000000004 0.479296875 0.07812500000000007 0.479296875 0.07812500000000007 0.5421875 0.14375000000000004 0.5421875
19 0.6984375 0.48828125 0.636328125 0.48828125 0.636328125 0.5328125 0.6984375 0.5328125
19 0.3515625000000001 0.481640625 0.2890625000000001 0.481640625 0.2890625000000001 0.540625 0.3515625000000001 0.540625
19 0.4796875 0.49375 0.426171875 0.49375 0.426171875 0.5421875 0.4796875 0.5421875
19 0.5421875 0.49140625 0.49453125 0.49140625 0.49453125 0.54375 0.5421875 0.54375