19 0.9778521828125 0.10992063437500013 0.9318204359375001 0.10992063437500013 0.9318204359375001 0.19062500000000013 0.9778521828125 0.19062500000000013
19 0.3015625 0.2500620046875 0.2316220234375 0.2500620046875 0.2316220234375 0.3546875 0.3015625 0.3546875
19 0.8703125 0.2856398812500001 0.8381572421874999 0.2856398812500001 0.8381572421874999 0.3218750000000001 0.8703125 0.3218750000000001
19 0.375 0.25006200468750006 0.3033978171875 0.2500620046875 0.3033978171875 0.35468750000000004 0.375 0.3546875000000001
19 0.9125 0.2875000000000001 0.8735119046875001 0.2875000000000001 0.8735119046875001 0.3203125000000001 0.9125 0.3203125000000001
19 0.8359375 0.2879960328125001 0.8011036703125001 0.2879960328125001 0.8011036703125001 0.3218750000000001 0.8359375 0.3218750000000001
19 0.4640625 0.2696428578125 0.36103670625 0.26964285781249997 0.36103670625 0.3375 0.4640625 0.3375000000000001
19 0.9515625 0.2842881953125001 0.9173735125 0.2842881953125001 0.9173735125 0.32500000000000007 0.9515625 0.32500000000000007
19 0.5055679578125 0.2756696437500001 0.446044146875 0.2756696437500001 0.446044146875 0.35625000000000007 0.5055679578125 0.35625000000000007
19 0.575 0.2895337312500001 0.49274553593750003 0.2895337312500001 0.49274553593750003 0.3453125000000001 0.575 0.3453125000000001
19 0.6234375 0.2776909734375001 0.563405259375 0.2776909734375001 0.563405259375 0.3593750000000001 0.6234375 0.3593750000000001
19 0.6856150796875 0.2778645843750001 0.6268849203125 0.2778645843750001 0.6268849203125 0.3593750000000001 0.6856150796875 0.3593750000000001
19 0.8015625 0.2805059531250001 0.74601934375 0.2805059531250001 0.74601934375 0.3609375000000001 0.8015625 0.3609375000000001
19 0.7421875 0.2829613093750001 0.687450396875 0.2829613093750001 0.687450396875 0.3625000000000001 0.7421875 0.3625000000000001
19 0.8453125 0.3266865078125001 0.8046875 0.3266865078125001 0.8046875 0.3608134921875001 0.8453125 0.3608134921875001
19 0.884375 0.32605406562500006 0.8488963296875 0.32605406562500006 0.8488963296875 0.36406250000000007 0.884375 0.36406250000000007
19 0.9265625 0.3302083328125001 0.8890625 0.3302083328125001 0.8890625 0.3625000000000001 0.9265625 0.3625000000000001
19 0.9625 0.3286210312500001 0.9301091265625001 0.3286210312500001 0.9301091265625001 0.36406250000000007 0.9625 0.36406250000000007
19 0.55625 0.3922495046875001 0.51769593125 0.3922495046875001 0.51769593125 0.4265625 0.55625 0.4265625
19 0.6467633937499999 0.3937500000000001 0.6110491078125 0.3937500000000001 0.6110491078125 0.4296875 0.6467633937499999 0.4296875
19 0.509375 0.3906250000000001 0.47244543749999995 0.3906250000000001 0.47244543749999995 0.4308283734375 0.509375 0.4308283734375
19 0.5984375 0.39255952343750006 0.5625124015625 0.39255952343750006 0.5625124015625 0.4296875 0.5984375 0.4296875
19 0.7390625 0.3937500000000001 0.7016493046875001 0.3937500000000001 0.7016493046875001 0.4312500000000001 0.7390625 0.4312500000000002
19 0.88125 0.3934399796875001 0.8418650796874999 0.3934399796875001 0.8418650796874999 0.4312500000000002 0.88125 0.4312500000000002
19 0.69375 0.3938492062500001 0.656770834375 0.3938492062500001 0.656770834375 0.43125 0.69375 0.43125
19 0.790625 0.3913194437500001 0.7517733140625 0.3913194437500001 0.7517733140625 0.4312500000000002 0.790625 0.4312500000000002
19 0.8359375 0.3931175593750001 0.795436509375 0.3931175593750001 0.795436509375 0.4312500000000002 0.8359375 0.4312500000000002
19 0.9265625 0.3943204359375001 0.8871279765625 0.3943204359375001 0.8871279765625 0.4343750000000002 0.9265625 0.4343750000000002
19 0.06562500000000006 0.42581845312500005 5.2147720563740857e-17 0.42581845312500005 5.4011115387419425e-17 0.45625 0.06562500000000007 0.45625
19 0.14218750000000005 0.42785218281250004 0.06555059531250004 0.42785218281250004 0.06555059531250006 0.4609375 0.14218750000000005 0.4609375
19 0.10468750000000004 0.42961309375 0.026649304687500052 0.42961309375 0.026649304687500052 0.4625 0.10468750000000004 0.4625
19 0.15937500000000004 0.4079861109375 0.12235863125000004 0.4079861109375 0.12235863125000004 0.484375 0.15937500000000004 0.484375
19 0.19531250000000006 0.406411209375 0.16718750000000004 0.406411209375 0.16718750000000004 0.484375 0.19531250000000006 0.484375
19 0.2375000000000001 0.40796130937499997 0.20481150781250007 0.40796130937499997 0.20481150781250007 0.4875 0.2375000000000001 0.4875
19 0.27604166718750006 0.4078125 0.2427083328125001 0.4078125 0.2427083328125001 0.4890625 0.27604166718750006 0.4890625
19 0.3343750000000001 0.43101438437499995 0.2563368046875001 0.43101438437499995 0.2563368046875001 0.465625 0.3343750000000001 0.465625
19 0.4125 0.4313244046875 0.3333209328125001 0.4313244046875 0.3333209328125001 0.46875 0.4125 0.46875
19 0.4484375 0.43794642968749997 0.36985367031250005 0.43794642968749997 0.36985367031250005 0.4625 0.4484375 0.4625
19 0.3734375000000001 0.4330853171875 0.2936507937500001 0.4330853171875 0.2936507937500001 0.46641865156250006 0.3734375000000001 0.46641865156250006
19 0.484375 0.43485863125 0.40633680468750005 0.43485863125 0.40633680468750005 0.4666046640625 0.484375 0.4666046640625
19 0.5140625 0.444208828125 0.464471725 0.444208828125 0.464471725 0.4796875 0.5140625 0.4796875
19 0.5609375 0.44308035625000003 0.5097470234375 0.44308035625000003 0.5097470234375 0.4859375 0.5609375 0.4859375
19 0.6 0.440314978125 0.558420140625 0.440314978125 0.558420140625 0.490625 0.6 0.490625
19 0.6515625 0.43993055468750003 0.6060267859375 0.43993055468750003 0.6060267859375 0.4921875 0.6515625 0.4921875
19 0.7015625 0.4452008921875 0.6526289671875001 0.4452008921875 0.6526289671875001 0.4859375 0.7015625 0.4859375
19 0.746875 0.4409846218750001 0.7046875 0.44098462187500004 0.7046875 0.4949528765625001 0.746875 0.49495287656250014
19 0.7953125 0.44258432500000017 0.7559275796875 0.44258432500000017 0.7559275796875 0.4917906750000002 0.7953125 0.4917906750000002
19 0.8484375 0.4480654765625002 0.7951264874999999 0.4480654765625002 0.7951264874999999 0.48750000000000016 0.8484375 0.48750000000000016
19 0.9359375 0.44255952343750016 0.8985243046875 0.44255952343750016 0.8985243046875 0.4949404765625002 0.9359375 0.4949404765625002
19 0.896875 0.44873511875000016 0.84296875 0.44873511875000016 0.84296875 0.4859375000000002 0.896875 0.4859375000000002
19 0.1625000000000001 0.5572792671875 0.09218750000000006 0.5572792671875 0.09218750000000006 0.6234375 0.1625000000000001 0.6234375
19 0.2312500000000001 0.557056053125 0.1662698421875001 0.557056053125 0.1662698421875001 0.6296875 0.2312500000000001 0.6296875
19 0.6171875 0.5572420640625 0.5593005953125 0.5572420640625 0.5593005953125 0.628125 0.6171875 0.628125
19 0.553125 0.5588045640625 0.48736359062499995 0.5588045640625 0.48736359062499995 0.6296875 0.553125 0.6296875
19 0.3044146828125001 0.5623759921875 0.23933531718750006 0.5623759921875 0.23933531718750006 0.6265625 0.3044146828125001 0.6265625
19 0.09062500000000007 0.5586557546875001 0.021118550000000066 0.5586557546875001 0.021118550000000073 0.6296875 0.09062500000000007 0.6296875
19 0.3671875000000001 0.5703125 0.3046875000000001 0.5703125 0.3046875000000001 0.62958829375 0.3671875000000001 0.62958829375
19 0.6796875 0.56875 0.6210317453124999 0.56875 0.6210317453124999 0.6328125 0.6796875 0.6328125
19 0.425 0.57178819375 0.3698660718750001 0.57178819375 0.3698660718750001 0.63125 0.425 0.63125
19 0.4828125 0.5734375 0.428125 0.5734375 0.428125 0.63125 0.4828125 0.63125
19 0.8 0.5734375000000002 0.7412078359375001 0.5734375000000002 0.7412078359375001 0.6359375000000002 0.8 0.6359375000000002
19 0.7359375 0.5734375 0.680704365625 0.5734375 0.680704365625 0.6359375 0.7359375 0.6359375000000002
19 0.8609375 0.5717509921875001 0.8034474203125 0.5717509921875001 0.8034474203125 0.6359375000000002 0.8609375 0.6359375000000002
19 0.921875 0.5734375000000002 0.8629960328124999 0.5734375000000002 0.8629960328124999 0.6359375000000002 0.921875 0.6359375000000002