19 0.509375 0.3390625000000001 0.4203125 0.3390625000000001 0.4203125 0.4234375 0.509375 0.4234375
19 0.4140625 0.33593750000000006 0.330859375 0.3359375 0.33085937500000007 0.42578125 0.4140625 0.42578125
19 0.13710937500000003 0.354296875 0.06289062500000005 0.354296875 0.06289062500000005 0.4140625 0.13710937500000003 0.4140625
19 0.20000000000000004 0.347265625 0.13750000000000004 0.347265625 0.13750000000000004 0.4203125 0.2000000000000001 0.4203125
19 0.59375 0.35625000000000007 0.5140625 0.35625000000000007 0.5140625 0.4234375 0.59375 0.4234375
19 0.66875 0.3578125000000001 0.594140625 0.3578125000000001 0.594140625 0.425 0.66875 0.425
19 0.7484375 0.35820312500000007 0.671875 0.35820312500000007 0.671875 0.4234375000000001 0.7484375 0.4234375000000002
19 0.2609375000000001 0.36875 0.20664062500000008 0.36875 0.20664062500000008 0.421875 0.2609375000000001 0.421875
19 0.3187500000000001 0.36875 0.2660156250000001 0.36875 0.2660156250000001 0.421875 0.3187500000000001 0.421875
19 0.9296875 0.3511718750000001 0.87578125 0.3511718750000001 0.87578125 0.4421875000000002 0.9296875 0.4421875000000002
19 0.8015625 0.39531250000000007 0.753125 0.39531250000000007 0.753125 0.42187500000000017 0.8015625 0.42187500000000017
19 0.8375 0.3839843750000001 0.811328125 0.3839843750000001 0.811328125 0.43281250000000016 0.8375 0.43281250000000016
19 0.80546875 0.45117187500000017 0.7359375 0.45117187500000017 0.7359375 0.5390625000000002 0.80546875 0.5390625000000002
19 0.44375 0.466796875 0.3867187500000001 0.466796875 0.3867187500000001 0.5375 0.44375 0.5375
19 0.3750000000000001 0.473828125 0.30156250000000007 0.473828125 0.30156250000000007 0.53125 0.3750000000000001 0.53125
19 0.6296875 0.4765625 0.548828125 0.4765625 0.548828125 0.53125 0.6296875 0.53125
19 0.53125 0.462109375 0.47734375 0.462109375 0.47734375 0.5453125 0.53125 0.5453125
19 0.703125 0.463671875 0.649609375 0.463671875 0.649609375 0.5421875 0.703125 0.5421875
19 0.2328125000000001 0.4875 0.17656250000000004 0.4875 0.17656250000000004 0.5328125 0.2328125000000001 0.5328125
19 0.2875000000000001 0.48203125 0.2433593750000001 0.48203125 0.2433593750000001 0.5421875 0.2875000000000001 0.5421875
19 0.16875000000000004 0.490234375 0.11250000000000004 0.490234375 0.11250000000000004 0.5328125 0.16875000000000004 0.5328125