19 0.821875 0.6410156250000002 0.7796875 0.6410156250000002 0.7796875 0.6906250000000002 0.821875 0.6906250000000002
19 0.878125 0.6414062500000002 0.83203125 0.6414062500000002 0.83203125 0.6890625000000001 0.878125 0.6890625000000001
19 0.153125 0.029687500000000016 0.087890625 0.029687500000000012 0.08789062500000001 0.1140625 0.153125 0.1140625
19 0.2953125 0.032812500000000036 0.231640625 0.032812500000000036 0.231640625 0.11250000000000004 0.2953125 0.11250000000000004
19 0.225 0.033984375000000025 0.15625 0.033984375000000025 0.15625 0.11406250000000002 0.225 0.11406250000000004
19 0.375 0.04414062500000004 0.2953125 0.04414062500000003 0.2953125 0.10781250000000005 0.375 0.10781250000000005
19 0.5796875 0.044531250000000064 0.501953125 0.044531250000000064 0.501953125 0.11093750000000006 0.5796875 0.11093750000000009
19 0.721875 0.04687500000000008 0.645703125 0.046875000000000076 0.645703125 0.11093750000000009 0.721875 0.11093750000000009
19 0.865625 0.044531250000000105 0.78671875 0.0445312500000001 0.78671875 0.11250000000000009 0.865625 0.11250000000000009
19 0.509375 0.044531250000000064 0.43203125 0.04453125000000006 0.43203125 0.11093750000000005 0.509375 0.11093750000000005
19 0.7921875 0.045312500000000096 0.716796875 0.04531250000000009 0.716796875 0.11484375000000009 0.7921875 0.11484375000000009
19 0.434375 0.03906250000000005 0.36875 0.03906250000000004 0.36875 0.11875000000000005 0.434375 0.11875000000000005
19 0.6453125 0.045703125000000074 0.5828125 0.04570312500000007 0.5828125 0.1140625000000001 0.6453125 0.1140625000000001
19 0.9359375 0.046875000000000104 0.857421875 0.0468750000000001 0.857421875 0.11328125000000011 0.9359375 0.11328125000000014
19 0.6921875000000002 0.9046875 0.6285156250000001 0.9046875 0.6285156250000001 0.9625 0.6921875000000002 0.9625
19 0.7625000000000002 0.904296875 0.7023437500000002 0.904296875 0.7023437500000002 0.9640625 0.7625000000000002 0.9640625
19 0.821875 0.90703125 0.7664062500000002 0.90703125 0.7664062500000002 0.9640625 0.821875 0.9640625
19 0.884375 0.914453125 0.830859375 0.914453125 0.830859375 0.973046875 0.884375 0.973046875
19 0.8921875 0.3468750000000001 0.828515625 0.3468750000000001 0.828515625 0.3906250000000001 0.8921875 0.3906250000000001
19 0.4796875 0.3625000000000001 0.422265625 0.3625000000000001 0.422265625 0.4390625 0.4796875 0.4390625
19 0.546875 0.3691406250000001 0.4828125 0.3691406250000001 0.4828125 0.4390625 0.546875 0.4390625
19 0.8265625 0.3703125000000001 0.7625 0.3703125000000001 0.7625 0.44062500000000016 0.8265625 0.44062500000000016
19 0.757421875 0.3746093750000001 0.692578125 0.3746093750000001 0.692578125 0.4406250000000001 0.757421875 0.44062500000000016
19 0.615625 0.37578125000000007 0.548046875 0.37578125000000007 0.548046875 0.440625 0.615625 0.440625
19 0.6828125 0.3761718750000001 0.61796875 0.3761718750000001 0.61796875 0.4390625 0.6828125 0.4390625
19 0.8921875 0.3863281250000001 0.8390625 0.3863281250000001 0.8390625 0.44843750000000016 0.8921875 0.44843750000000016
19 0.2156250000000001 0.490625 0.15351562500000004 0.490625 0.15351562500000004 0.534375 0.2156250000000001 0.534375
19 0.16875000000000004 0.49140625 0.10507812500000005 0.49140625 0.10507812500000005 0.534375 0.16875000000000004 0.534375
19 0.26250000000000007 0.4828125 0.2156250000000001 0.4828125 0.2156250000000001 0.5453125 0.26250000000000007 0.5453125
19 0.3046875000000001 0.50703125 0.2570312500000001 0.50703125 0.2570312500000001 0.5375 0.3046875000000001 0.5375
19 0.3750000000000001 0.5109375 0.3285156250000001 0.5109375 0.3285156250000001 0.5390625 0.3750000000000001 0.5390625
19 0.3437500000000001 0.509375 0.2953125000000001 0.509375 0.2953125000000001 0.5390625 0.3437500000000001 0.5390625
19 0.4109375 0.5015625 0.3750000000000001 0.5015625 0.3750000000000001 0.55 0.4109375 0.55
19 0.4484375 0.503125 0.415625 0.503125 0.415625 0.5515625 0.4484375 0.5515625
19 0.496875 0.51015625 0.448828125 0.51015625 0.448828125 0.54375 0.496875 0.54375
19 0.6109375 0.5078125 0.575 0.5078125 0.575 0.55 0.6109375 0.55
19 0.5359375 0.51328125 0.490234375 0.51328125 0.490234375 0.546875 0.5359375 0.546875
19 0.5734375 0.51171875 0.528515625 0.51171875 0.528515625 0.5453125 0.5734375 0.5453125
19 0.6515625 0.5078125 0.619140625 0.5078125 0.619140625 0.553125 0.6515625 0.553125
19 0.696875 0.512109375 0.648828125 0.512109375 0.648828125 0.5453125 0.696875 0.5453125
19 0.7234375 0.5234375 0.6921875 0.5234375 0.6921875 0.5546875 0.7234375 0.5546875
19 0.7625 0.5265625000000002 0.7296875 0.5265625000000002 0.7296875 0.5593750000000002 0.7625 0.5593750000000002
19 0.8015625 0.5246093750000002 0.769140625 0.5246093750000002 0.769140625 0.5578125000000002 0.8015625 0.5578125000000002
19 0.834375 0.5296875000000002 0.8046875 0.5296875000000002 0.8046875 0.5593750000000002 0.834375 0.5593750000000002