19 0.8359375 0.10312500000000009 0.761328125 0.10312500000000009 0.761328125 0.1921875000000001 0.8359375 0.1921875000000001
19 0.921875 0.1109375000000001 0.8375 0.11093750000000009 0.8375 0.1890625000000001 0.921875 0.18906250000000013
19 0.4625 0.09531250000000005 0.3953125 0.09531250000000005 0.3953125 0.2062500000000001 0.4625 0.2062500000000001
19 0.553125 0.11796875000000007 0.449609375 0.11796875000000004 0.449609375 0.18750000000000006 0.553125 0.18750000000000008
19 0.99375 0.12500000000000014 0.925 0.12500000000000014 0.925 0.19218750000000012 0.99375 0.19218750000000012
19 0.3875 0.12070312500000005 0.312890625 0.12070312500000005 0.312890625 0.20625000000000004 0.3875 0.2062500000000001
19 0.6640625 0.1296875000000001 0.603125 0.1296875000000001 0.603125 0.2015625000000001 0.6640625 0.2015625000000001
19 0.3140625 0.13007812500000004 0.2296875 0.13007812500000004 0.2296875 0.19843750000000004 0.3140625 0.19843750000000004
19 0.6015625 0.13359375000000007 0.53359375 0.13359375000000004 0.53359375 0.19687500000000008 0.6015625 0.19687500000000008
19 0.7140625 0.1492187500000001 0.65703125 0.1492187500000001 0.65703125 0.18906250000000008 0.7140625 0.18906250000000008
19 0.7546875 0.14257812500000008 0.709375 0.14257812500000008 0.709375 0.19687500000000008 0.7546875 0.19687500000000008
19 0.2359375 0.13828125000000002 0.15703125 0.13828125 0.15703125 0.20625 0.2359375 0.20625
19 0.15781250000000002 0.136328125 0.08710937500000002 0.136328125 0.08710937500000002 0.215625 0.15781250000000005 0.215625
19 0.503125 0.2812500000000001 0.46875 0.2812500000000001 0.46875 0.3125000000000001 0.503125 0.3125000000000001
19 0.4609375 0.2828125000000001 0.426953125 0.2828125000000001 0.426953125 0.3125000000000001 0.4609375 0.3125000000000001
19 0.421875 0.2812500000000001 0.3890625 0.2812500000000001 0.3890625 0.31718750000000007 0.421875 0.31718750000000007
19 0.975 0.2578125000000001 0.8984375 0.2578125000000001 0.8984375 0.3500000000000001 0.975 0.3500000000000001
19 0.9015625 0.2671875000000001 0.809375 0.2671875000000001 0.809375 0.3437500000000001 0.9015625 0.3437500000000001
19 0.28125 0.26875 0.2234375 0.26875 0.2234375 0.3609375 0.28125 0.3609375
19 0.22031250000000005 0.269140625 0.15937500000000004 0.269140625 0.15937500000000004 0.3640625 0.22031250000000008 0.3640625
19 0.15781250000000005 0.2703125 0.09531250000000002 0.2703125 0.09531250000000004 0.3625 0.15781250000000005 0.3625
19 0.3515625 0.29453125 0.272265625 0.29453125 0.272265625 0.34375 0.3515625 0.34375
19 0.390625 0.30742187500000007 0.33203125 0.307421875 0.33203125 0.35156250000000006 0.390625 0.3515625000000001
19 0.4640625 0.3207031250000001 0.426953125 0.3207031250000001 0.426953125 0.3546875000000001 0.4640625 0.3546875000000001
19 0.5046875 0.3214843750000001 0.469921875 0.3214843750000001 0.469921875 0.3531250000000001 0.5046875 0.3531250000000001
19 0.4265625 0.3218750000000001 0.390625 0.3218750000000001 0.390625 0.3578125000000001 0.4265625 0.3578125000000001