19 0.61875 0.21250000000000008 0.509765625 0.21250000000000008 0.509765625 0.2812500000000001 0.61875 0.2812500000000001
19 0.546875 0.2140625000000001 0.440234375 0.2140625000000001 0.440234375 0.2804687500000001 0.546875 0.2804687500000001
19 0.7203125 0.2171875000000001 0.651953125 0.2171875000000001 0.651953125 0.2968750000000001 0.7203125 0.2968750000000001
19 0.478125 0.2312500000000001 0.387109375 0.2312500000000001 0.387109375 0.28203125000000007 0.478125 0.28203125000000007
19 0.7984375 0.21875000000000008 0.730859375 0.21875000000000008 0.730859375 0.2992187500000001 0.7984375 0.2992187500000001
19 0.428125 0.23515625000000004 0.33515625 0.23515625 0.33515625 0.2828125 0.428125 0.2828125000000001
19 0.659375 0.2414062500000001 0.596484375 0.2414062500000001 0.596484375 0.2906250000000001 0.659375 0.2906250000000001
19 0.428125 0.3675781250000001 0.37187500000000007 0.3675781250000001 0.37187500000000007 0.440625 0.428125 0.440625
19 0.3703125000000001 0.36875 0.3140625000000001 0.36875 0.3140625000000001 0.4453125 0.3703125000000001 0.4453125
19 0.3125000000000001 0.369921875 0.2582031250000001 0.369921875 0.2582031250000001 0.4453125 0.3125000000000001 0.4453125
19 0.25468750000000007 0.3703125 0.19960937500000003 0.3703125 0.19960937500000003 0.446875 0.25468750000000007 0.446875
19 0.20468750000000008 0.3984375 0.14804687500000005 0.3984375 0.14804687500000005 0.43671875 0.20468750000000008 0.43671875
19 0.16250000000000003 0.39921875 0.10546875000000004 0.39921875 0.10546875000000004 0.4390625 0.16250000000000003 0.4390625
19 0.11718750000000004 0.39453125 0.06054687500000004 0.39453125 0.06054687500000004 0.4453125 0.11718750000000004 0.4453125