19 0.853125 0.029082095312500094 0.7197899921875 0.02908209531250009 0.7197899921875 0.10464479531250008 0.853125 0.10464479531250008
19 0.746875 8.66820312521486e-17 0.66875 8.189825469297925e-17 0.66875 0.1359375000000001 0.746875 0.1359375000000001
19 0.90625 0.0003592234375001063 0.82935590625 0.00035922343750010156 0.82935590625 0.1359375000000001 0.90625 0.1359375000000001
19 0.6670895296875 7.701880260262651e-17 0.5907229703125 7.2342699477602e-17 0.5907229703125 0.1359375000000001 0.6670895296875 0.1359375000000001
19 0.446875 0.023249093750000047 0.32509043437499996 0.02324909375000004 0.32509043437499996 0.12031250000000004 0.446875 0.12031250000000004
19 0.346875 0.020757134375000034 0.2257686890625 0.020757134375000028 0.2257686890625 0.12500000000000006 0.346875 0.12500000000000006
19 0.5109375 0.02847668750000006 0.43530194843750003 0.028476687500000052 0.43530194843750003 0.13125000000000003 0.5109375 0.13125000000000003
19 0.603125 0.04570437968750007 0.49760349687499994 0.04570437968750006 0.49760349687499994 0.11875000000000006 0.603125 0.11875000000000009
19 0.15625000000000006 0.285987740625 0.05450663125000005 0.285987740625 0.05450663125000005 0.334375 0.15625000000000006 0.334375
19 0.17031250000000003 0.2615002015625 0.12773311875000004 0.2615002015625 0.12773311875000004 0.3640625 0.17031250000000003 0.3640625
19 0.246875 0.291423834375 0.14286324375000004 0.291423834375 0.14286324375000004 0.334375 0.246875 0.334375
19 0.779674940625 0.26574055468750013 0.725012559375 0.26574055468750013 0.725012559375 0.3671875000000001 0.779674940625 0.3671875000000001
19 0.74375 0.2869573953125001 0.6427501999999999 0.2869573953125001 0.6427501999999999 0.3453125000000001 0.74375 0.3453125000000001
19 0.403125 0.30240906250000005 0.3359525734375 0.3024090625 0.3359525734375 0.35937500000000006 0.403125 0.3593750000000001
19 0.34375 0.30625 0.27531400625 0.30625 0.27531400625 0.3609375 0.34375 0.3609375
19 0.4625 0.3041675046875001 0.3922980296875 0.3041675046875001 0.3922980296875 0.3609375000000001 0.4625 0.3609375000000001
19 0.5671875 0.30735279375000013 0.49672427656249996 0.30735279375000013 0.49672427656249996 0.3546875000000001 0.5671875 0.3546875000000001
19 0.61875 0.3090986734375001 0.5465861140625 0.3090986734375001 0.5465861140625 0.3546875000000001 0.61875 0.3546875000000001
19 0.7125 0.500190915625 0.63569131875 0.500190915625 0.63569131875 0.56875 0.7125 0.56875
19 0.7953125 0.5018438500000001 0.7184284578125 0.50184385 0.7184284578125 0.5703125000000001 0.7953125 0.5703125000000002
19 0.8796096265625 0.5015097468750002 0.8008314921874999 0.5015097468750002 0.8008314921874999 0.5734375000000002 0.8796096265625 0.5734375000000002