19 0.5984375 0.1791752046875001 0.5479123984375 0.1791752046875001 0.5479123984375 0.21875000000000008 0.5984375 0.21875000000000008
19 0.5578125 0.17998206875000006 0.505660859375 0.17998206875000006 0.505660859375 0.2171875000000001 0.5578125 0.2171875000000001
19 0.6328125 0.1757428265625001 0.594992315625 0.1757428265625001 0.594992315625 0.2218750000000001 0.6328125 0.2218750000000001
19 0.6828125 0.17994364843750008 0.6327484625 0.17994364843750008 0.6327484625 0.2171875000000001 0.6828125 0.2171875000000001
19 0.46817366875 0.2145363734375001 0.43948514375 0.2145363734375001 0.43948514375 0.2468750000000001 0.46817366875 0.2468750000000001
19 0.43125 0.2191982578125001 0.39998719375 0.2191982578125001 0.39998719375 0.24218750000000008 0.43125 0.24218750000000008
19 0.50625 0.21759733750000007 0.4740906765625 0.21759733750000007 0.4740906765625 0.2453125000000001 0.50625 0.2453125000000001
19 0.5921875 0.22753586093750008 0.5586834015625 0.22753586093750008 0.5586834015625 0.2734375000000001 0.5921875 0.2734375000000001
19 0.5578125 0.2343365781250001 0.5116290984375 0.2343365781250001 0.5116290984375 0.2718750000000001 0.5578125 0.2718750000000001
19 0.684375 0.2336577875000001 0.6343109625000001 0.2336577875000001 0.6343109625000001 0.27031250000000007 0.684375 0.27031250000000007
19 0.6375 0.22812500000000008 0.5984375 0.22812500000000008 0.5984375 0.27812500000000007 0.6375 0.27812500000000007
19 0.4703125 0.24375000000000008 0.4411116796875 0.24375000000000008 0.4411116796875 0.27812500000000007 0.4703125 0.27812500000000007
19 0.5125 0.24774590312500008 0.478125 0.24774590312500008 0.478125 0.2780737718750001 0.5125 0.2780737718750001
19 0.434375 0.2481429296875001 0.4075819671875 0.2481429296875001 0.4075819671875 0.2765625000000001 0.434375 0.2765625000000001
19 0.4453125 0.3855020484375001 0.39595286875000013 0.3855020484375001 0.39595286875000013 0.44375 0.4453125 0.44375
19 0.5796875 0.3855148578125001 0.5298924171875 0.3855148578125001 0.5298924171875 0.4484375 0.5796875 0.4484375
19 0.5203125 0.39054815625000006 0.45828637343749995 0.39054815625000006 0.45828637343749995 0.4421875 0.5203125 0.4421875
19 0.3859375000000001 0.39145747812500004 0.3253073765625001 0.391457478125 0.3253073765625001 0.4421875 0.3859375000000001 0.4421875
19 0.446875 0.4741547125 0.3867699781250001 0.4741547125 0.3867699781250001 0.5203125 0.446875 0.5203125
19 0.3859375000000001 0.46565061406249997 0.3395107578125001 0.46565061406249997 0.3395107578125001 0.5296875 0.3859375000000001 0.5296875
19 0.6546875 0.5140625 0.6110527671875 0.5140625 0.6110527671875 0.5984375 0.6546875 0.5984375
19 0.5046875 0.53373463125 0.42196465156249996 0.53373463125 0.42196465156249996 0.5921875 0.5046875 0.5921875
19 0.6046875 0.5296875 0.5698386265625001 0.5296875 0.5698386265625001 0.6046875 0.6046875 0.6046875
19 0.3812500000000001 0.53792264375 0.33313268593750006 0.53792264375 0.33313268593750006 0.6046875 0.3812500000000001 0.6046875
19 0.44375 0.549090675 0.3760758218750001 0.549090675 0.3760758218750001 0.59375 0.44375 0.59375
19 0.3312500000000001 0.53963883125 0.2832095296875001 0.53963883125 0.2832095296875001 0.60625 0.3312500000000001 0.60625
19 0.521875 0.55148565625 0.49223872812499997 0.55148565625 0.49223872812499997 0.603125 0.521875 0.603125
19 0.4593750000000001 0.6831583 0.3965035843750001 0.6831583 0.3965035843750001 0.7625 0.4593750000000002 0.7625
19 0.5953125000000001 0.6925717203125 0.5234375 0.6925717203125 0.5234375000000001 0.753125 0.5953125000000001 0.753125
19 0.5281250000000001 0.69354508125 0.4570440578125 0.69354508125 0.45704405781250007 0.7515625 0.5281250000000002 0.7515625
19 0.3906250000000001 0.696977459375 0.3140625000000001 0.696977459375 0.3140625000000001 0.7578125 0.3906250000000001 0.7578125