19 0.17187500000000003 0.1108546015625 0.016180165625000013 0.1108546015625 0.016180165625000017 0.1859375 0.17187500000000006 0.1859375
19 0.4109375 0.06965685312500004 0.313165696875 0.06965685312500004 0.313165696875 0.24531250000000004 0.4109375 0.2453125000000001
19 0.5140625 0.07693428437500005 0.421322346875 0.07693428437500004 0.421322346875 0.24494071562500008 0.5140625 0.24494071562500008
19 0.3453125 0.12686897187500004 0.1921875 0.12686897187500004 0.1921875 0.19531250000000006 0.3453125 0.19531250000000006
19 0.803125 0.08087067812500008 0.7039137859375 0.08087067812500008 0.7039137859375 0.2593750000000001 0.803125 0.2593750000000001
19 0.2234375000000001 0.3745729484375 0.14605607031250006 0.3745729484375 0.14605607031250006 0.4828125 0.2234375000000001 0.4828125
19 0.3218750000000001 0.3974050453125 0.22440966718750008 0.3974050453125 0.22440966718750008 0.4826140484375 0.3218750000000001 0.4826140484375
19 0.13437500000000005 0.3955863140625 0.053132535937500044 0.3955863140625 0.05313253593750006 0.4859375 0.13437500000000005 0.4859375
19 0.415625 0.4073804265625 0.3179737734375001 0.4073804265625 0.3179737734375001 0.484375 0.415625 0.484375
19 0.5 0.4023010453125 0.4188580203125 0.4023010453125 0.4188580203125 0.4890625 0.5 0.4890625
19 0.16406250000000008 0.5516529343750001 0.12107616562500009 0.5516529343750001 0.12107616562500009 0.6015625 0.16406250000000008 0.6015625
19 0.2140625000000001 0.553125 0.17204581875000008 0.553125 0.17204581875000008 0.6046875 0.2140625000000001 0.6046875
19 0.4375 0.5727441734375 0.39062248750000006 0.5727441734375 0.39062248750000006 0.65 0.4375 0.65
19 0.3435867156250001 0.58757285 0.2648085812500001 0.58757285 0.2648085812500001 0.6390625 0.3435867156250001 0.6390625
19 0.4 0.593599275 0.3178180265625001 0.593599275 0.3178180265625001 0.6359375 0.4 0.6359375
19 0.1671875000000001 0.609171525 0.1207194531250001 0.609171525 0.1207194531250001 0.65625 0.1671875000000001 0.65625
19 0.2154365968750001 0.6111585625 0.17363595312500008 0.6111585625 0.17363595312500008 0.6546875 0.2154365968750001 0.6546875