19 0.7640625 0.2472656250000001 0.682421875 0.2472656250000001 0.682421875 0.3375000000000001 0.7640625 0.3375000000000001
19 0.2296875 0.253125 0.17148437500000005 0.253125 0.17148437500000005 0.3328125 0.2296875 0.3328125
19 0.3046875 0.264453125 0.2234375 0.264453125 0.2234375 0.3203125 0.3046875 0.3203125
19 0.6796875 0.2640625000000001 0.603125 0.2640625000000001 0.603125 0.34062500000000007 0.6796875 0.34062500000000007
19 0.840625 0.2621093750000001 0.772265625 0.2621093750000001 0.772265625 0.3421875000000001 0.840625 0.3421875000000001
19 0.921875 0.2656250000000001 0.8484375 0.2656250000000001 0.8484375 0.3421875000000001 0.921875 0.3421875000000001
19 0.35 0.28203125 0.29453125 0.28203125 0.29453125 0.3296875 0.35 0.3296875
19 0.3921875 0.27812500000000007 0.348828125 0.278125 0.348828125 0.33437500000000003 0.3921875 0.3343750000000001
19 0.4890625 0.2785156250000001 0.445703125 0.2785156250000001 0.445703125 0.3359375000000001 0.4890625 0.3359375000000001
19 0.6015625 0.2828125000000001 0.542578125 0.2828125000000001 0.542578125 0.33281250000000007 0.6015625 0.33281250000000007
19 0.54375 0.2785156250000001 0.494140625 0.2785156250000001 0.494140625 0.3375000000000001 0.54375 0.3375000000000001
19 0.4375 0.30156250000000007 0.3984375 0.30156250000000007 0.3984375 0.3343750000000001 0.4375 0.3343750000000001