19 0.1375000000000001 0.7176619234375 0.05973081718750008 0.7176619234375 0.05973081718750008 0.7795431109375001 0.1375000000000001 0.7795431109375001
19 0.1859375000000001 0.7098958343749999 0.1332044140625001 0.7098958343749999 0.1332044140625001 0.7875 0.1859375000000001 0.7875
19 0.2531250000000001 0.7109375 0.1980971531250001 0.7109375 0.1980971531250001 0.790625 0.2531250000000001 0.790625
19 0.4312500000000001 0.7116774953125 0.38467924843750007 0.7116774953125 0.38467924843750007 0.790625 0.4312500000000002 0.790625
19 0.5078125000000002 0.7296875 0.4238551984375002 0.7296875 0.4238551984375002 0.7765625 0.5078125000000002 0.7765625
19 0.3140625000000001 0.750879228125 0.2609375000000001 0.750879228125 0.2609375000000001 0.7890625 0.3140625000000001 0.7890625
19 0.3765625000000001 0.750879228125 0.3219471937500001 0.750879228125 0.3219471937500001 0.7890625 0.3765625000000001 0.7890625
19 0.1343750000000001 0.8553011546875 0.0524262593750001 0.8553011546875 0.0524262593750001 0.9390625 0.13437500000000013 0.9390625
19 0.2250000000000001 0.8567940390625 0.1453125000000001 0.8567940390625 0.14531250000000012 0.9359375 0.2250000000000001 0.9359375
19 0.3218750000000001 0.8563196171874999 0.2380517750000001 0.8563196171874999 0.2380517750000001 0.946875 0.3218750000000001 0.946875
19 0.17031250000000003 0.178498865625 0.05421049843750002 0.178498865625 0.05421049843750003 0.3171875 0.17031250000000003 0.3171875
19 0.290625 0.18705651875 0.17651608750000006 0.18705651875 0.17651608750000006 0.3203125 0.290625 0.3203125
19 0.38125 0.21149185312500002 0.30426464375 0.211491853125 0.30426464375 0.32812500000000006 0.38125 0.3281250000000001
19 0.4859375 0.23354733906250008 0.3687783609375 0.23354733906250008 0.3687783609375 0.3125000000000001 0.4859375 0.3125000000000001
19 0.5703125 0.23717512343750008 0.45771194218750005 0.23717512343750008 0.45771194218750005 0.3140625000000001 0.5703125 0.3140625000000001
19 0.19218750000000004 0.3623349828125 0.08166254062500004 0.3623349828125 0.08166254062500006 0.4734375 0.19218750000000004 0.4734375
19 0.3109375000000001 0.365681725 0.20133818125000008 0.365681725 0.20133818125000008 0.48119327500000003 0.3109375000000001 0.48119327500000003
19 0.3359375000000001 0.5561210796875 0.2225943687500001 0.5561210796875 0.2225943687500001 0.6265625 0.3359375000000001 0.6265625
19 0.1590191828125001 0.55381600625 0.05340862187500006 0.55381600625 0.05340862187500006 0.63125 0.1590191828125001 0.63125
19 0.24375000000000008 0.5555486796875 0.1437500000000001 0.5555486796875 0.1437500000000001 0.6328125 0.24375000000000008 0.6328125
19 0.415625 0.5597385515625 0.30741542968750013 0.5597385515625 0.30741542968750013 0.634375 0.415625 0.634375
19 0.496875 0.56178063125 0.38790480625000007 0.56178063125 0.38790480625000007 0.634375 0.496875 0.634375