19 0.7250000000000002 0.870703125 0.6722656250000002 0.870703125 0.6722656250000002 0.903125 0.7250000000000002 0.903125
19 0.5968750000000002 0.865625 0.5593750000000002 0.865625 0.5593750000000002 0.9125 0.5968750000000002 0.9125
19 0.6625000000000002 0.872265625 0.6125000000000002 0.872265625 0.6125000000000002 0.9046875 0.6625000000000002 0.9046875
19 0.09062500000000011 0.8734375 0.018750000000000107 0.8734375 0.01875000000000011 0.9453125 0.09062500000000011 0.9453125
19 0.17031250000000012 0.871875 0.09843750000000011 0.871875 0.09843750000000011 0.95 0.17031250000000014 0.95
19 0.5156250000000002 0.873828125 0.4359375000000002 0.873828125 0.4359375000000002 0.9484375 0.5156250000000002 0.9484375
19 0.2562500000000001 0.871875 0.1843750000000001 0.871875 0.18437500000000012 0.95 0.2562500000000001 0.95
19 0.3375000000000001 0.878515625 0.26445312500000007 0.878515625 0.26445312500000007 0.946875 0.3375000000000001 0.946875
19 0.4203125000000002 0.876171875 0.3496093750000001 0.876171875 0.3496093750000001 0.95 0.4203125000000002 0.95
19 0.5718750000000001 0.9140625 0.5234375000000002 0.9140625 0.5234375000000002 0.9515625 0.5718750000000001 0.9515625
19 0.6156250000000002 0.9109375 0.5796875000000001 0.9109375 0.5796875000000001 0.95625 0.6156250000000002 0.95625
19 0.7468750000000002 0.916015625 0.6906250000000002 0.916015625 0.6906250000000002 0.95 0.7468750000000002 0.95
19 0.6812500000000001 0.915625 0.6296875000000002 0.915625 0.6296875000000002 0.953125 0.6812500000000001 0.953125
19 0.5328125000000001 0.638671875 0.446484375 0.638671875 0.4464843750000001 0.7390625 0.5328125000000001 0.7390625
19 0.6421875000000001 0.65 0.546875 0.65 0.5468750000000001 0.7328125 0.6421875000000001 0.7328125
19 0.8625 0.6437500000000002 0.770703125 0.6437500000000002 0.770703125 0.7484375000000002 0.8625 0.7484375000000002
19 0.9796875 0.6531250000000002 0.8765625 0.6531250000000002 0.8765625 0.7406250000000002 0.9796875 0.7406250000000002
19 0.7593750000000001 0.6531250000000001 0.6515625 0.653125 0.6515625 0.7406250000000001 0.7593750000000001 0.7406250000000002
19 0.4468750000000001 0.662109375 0.37382812500000007 0.662109375 0.37382812500000007 0.7359375 0.4468750000000002 0.7359375
19 0.37187500000000007 0.66640625 0.2960937500000001 0.66640625 0.2960937500000001 0.734375 0.37187500000000007 0.734375
19 0.28398437500000007 0.676171875 0.22851562500000008 0.676171875 0.22851562500000008 0.7421875 0.28398437500000007 0.7421875
19 0.2171875000000001 0.683203125 0.16210937500000008 0.683203125 0.16210937500000008 0.740625 0.2171875000000001 0.740625
19 0.09687500000000009 0.680859375 0.03750000000000009 0.680859375 0.03750000000000009 0.740625 0.09687500000000009 0.740625
19 0.15625000000000008 0.683203125 0.10195312500000009 0.683203125 0.10195312500000009 0.740625 0.15625000000000008 0.740625