19 0.2859375 0.12187500000000004 0.194921875 0.12187500000000004 0.194921875 0.17187500000000006 0.2859375 0.17187500000000006
19 0.2234375 0.12382812500000002 0.13203125 0.123828125 0.13203125 0.1765625 0.2234375 0.17656250000000004
19 0.4328125 0.11250000000000004 0.3859375 0.11250000000000004 0.3859375 0.18906250000000005 0.4328125 0.18906250000000005
19 0.1453125 0.106640625 0.08750000000000002 0.106640625 0.08750000000000002 0.196875 0.14531250000000004 0.196875
19 0.3265625 0.11406250000000004 0.28125 0.11406250000000004 0.28125 0.19062500000000004 0.3265625 0.19062500000000004
19 0.39375 0.13046875000000005 0.31640625 0.13046875000000005 0.31640625 0.17500000000000004 0.39375 0.17500000000000004
19 0.7109375 0.13085937500000008 0.656640625 0.13085937500000008 0.656640625 0.17343750000000008 0.7109375 0.17343750000000008
19 0.7609375 0.1339843750000001 0.70625 0.1339843750000001 0.70625 0.17343750000000008 0.7609375 0.17343750000000008
19 0.09218750000000002 0.130078125 0.000781250000000016 0.130078125 0.0007812500000000192 0.1828125 0.09218750000000002 0.1828125
19 0.64375 0.12851562500000008 0.6015625 0.12851562500000008 0.6015625 0.1828125000000001 0.64375 0.1828125000000001
19 0.19062500000000004 0.27578125 0.10390625000000005 0.27578125 0.10390625000000005 0.3421875 0.19062500000000004 0.3421875
19 0.266796875 0.280078125 0.17539062500000005 0.280078125 0.17539062500000005 0.3375 0.266796875 0.3375
19 0.4453125 0.2890625000000001 0.3765625 0.2890625000000001 0.3765625 0.3453125000000001 0.4453125 0.3453125000000001
19 0.38125 0.29218750000000004 0.312109375 0.2921875 0.312109375 0.34218750000000003 0.38125 0.3421875000000001
19 0.3125 0.283203125 0.258203125 0.283203125 0.258203125 0.353125 0.3125 0.353125
19 0.796875 0.2906250000000001 0.7140625 0.2906250000000001 0.7140625 0.3515625000000001 0.796875 0.3515625000000001
19 0.978125 0.2789062500000001 0.91796875 0.2789062500000001 0.91796875 0.3625000000000001 0.978125 0.3625000000000001
19 0.8921875 0.2910156250000001 0.812109375 0.2910156250000001 0.812109375 0.3500000000000001 0.8921875 0.3500000000000001
19 0.596875 0.2972656250000001 0.5546875 0.2972656250000001 0.5546875 0.3515625000000001 0.596875 0.3515625000000001
19 0.4953125 0.3046875000000001 0.442578125 0.3046875000000001 0.442578125 0.34843750000000007 0.4953125 0.34843750000000007
19 0.5484375 0.3031250000000001 0.4953125 0.3031250000000001 0.4953125 0.3500000000000001 0.5484375 0.3500000000000001
19 0.6984375 0.3187500000000001 0.653125 0.3187500000000001 0.653125 0.3500000000000001 0.6984375 0.3500000000000001
19 0.64375 0.3140625000000001 0.6109375 0.3140625000000001 0.6109375 0.35625000000000007 0.64375 0.35625000000000007
19 0.4390625 0.4 0.3683593750000001 0.4 0.3683593750000001 0.4796875 0.4390625 0.4796875
19 0.525 0.403125 0.444140625 0.403125 0.444140625 0.4796875 0.525 0.4796875
19 0.10000000000000005 0.41796875 0.04257812500000006 0.41796875 0.04257812500000006 0.4734375 0.10000000000000005 0.4734375
19 0.23593750000000008 0.415625 0.17070312500000004 0.415625 0.17070312500000004 0.475 0.23593750000000008 0.475
19 0.30156250000000007 0.419140625 0.2425781250000001 0.419140625 0.2425781250000001 0.4765625 0.30156250000000007 0.4765625
19 0.3687500000000001 0.4203125 0.3078125000000001 0.4203125 0.3078125000000001 0.4765625 0.3687500000000001 0.4765625
19 0.17031250000000003 0.421484375 0.10781250000000005 0.421484375 0.10781250000000005 0.4765625 0.17031250000000003 0.4765625
19 0.7390625 0.4281250000000001 0.697265625 0.428125 0.697265625 0.48125000000000007 0.7390625 0.4812500000000002
19 0.6875 0.428515625 0.6421875 0.428515625 0.6421875 0.48125 0.6875 0.48125
19 0.5796875 0.43359375 0.532421875 0.43359375 0.532421875 0.4765625 0.5796875 0.4765625
19 0.6328125 0.430078125 0.589453125 0.430078125 0.589453125 0.4796875 0.6328125 0.4796875
19 0.7984375 0.42968750000000017 0.75 0.42968750000000017 0.75 0.4859375000000002 0.7984375 0.4859375000000002
19 0.859375 0.4359375000000002 0.803515625 0.4359375000000002 0.803515625 0.47968750000000016 0.859375 0.47968750000000016
19 0.978125 0.4351562500000002 0.92265625 0.4351562500000002 0.92265625 0.47968750000000016 0.978125 0.47968750000000016
19 0.9125 0.4300781250000002 0.8640625 0.4300781250000002 0.8640625 0.48437500000000017 0.9125 0.48437500000000017