19 0.9578125 0.15625000000000014 0.9171875 0.15625000000000014 0.9171875 0.18750000000000014 0.9578125 0.18750000000000014
19 0.909375 0.1554687500000001 0.87890625 0.1554687500000001 0.87890625 0.1906250000000001 0.909375 0.19062500000000013
19 0.96875 0.18906250000000013 0.933203125 0.18906250000000013 0.933203125 0.2312500000000001 0.96875 0.2312500000000001
19 0.921875 0.19414062500000012 0.883203125 0.1941406250000001 0.883203125 0.22812500000000008 0.921875 0.22812500000000008
19 0.590625 0.17226562500000006 0.5265625 0.17226562500000003 0.5265625 0.2734375000000001 0.590625 0.2734375000000001
19 0.1765625 0.1765625 0.1203125 0.1765625 0.12031250000000002 0.2796875 0.17656250000000004 0.2796875
19 0.7796875 0.1921875000000001 0.7234375 0.1921875000000001 0.7234375 0.2718750000000001 0.7796875 0.2718750000000001
19 0.6546875 0.1937500000000001 0.5984375 0.1937500000000001 0.5984375 0.2734375000000001 0.6546875 0.2734375000000001
19 0.7265625 0.20312500000000008 0.644921875 0.20312500000000008 0.644921875 0.26250000000000007 0.7265625 0.26250000000000007
19 0.24375 0.215234375 0.15781250000000005 0.215234375 0.15781250000000005 0.2546875 0.24375 0.2546875
19 0.8859375 0.2191406250000001 0.826953125 0.2191406250000001 0.826953125 0.26250000000000007 0.8859375 0.26250000000000007
19 0.828125 0.21054687500000008 0.7828125 0.21054687500000008 0.7828125 0.27031250000000007 0.828125 0.27031250000000007
19 0.3140625 0.215625 0.275390625 0.215625 0.275390625 0.2765625 0.3140625 0.2765625
19 0.9640625 0.2328125000000001 0.9265625 0.2328125000000001 0.9265625 0.27031250000000007 0.9640625 0.27031250000000007
19 0.9203125 0.23437500000000008 0.8828125 0.23437500000000008 0.8828125 0.27031250000000007 0.9203125 0.27031250000000007
19 0.8265625 0.3605468750000001 0.730859375 0.3605468750000001 0.730859375 0.42500000000000016 0.8265625 0.42500000000000016
19 0.8859375 0.3421875000000001 0.8171875 0.3421875000000001 0.8171875 0.4421875000000002 0.8859375 0.4421875000000002
19 0.6953125 0.3593750000000001 0.661328125 0.3593750000000001 0.661328125 0.44375 0.6953125 0.44375
19 0.75 0.38945312500000007 0.69140625 0.38945312500000007 0.69140625 0.4312500000000001 0.75 0.4312500000000002
19 0.5796875 0.3839843750000001 0.51875 0.3839843750000001 0.51875 0.4390625 0.5796875 0.4390625
19 0.6484375 0.3812500000000001 0.592578125 0.3812500000000001 0.592578125 0.446875 0.6484375 0.446875
19 0.746875 0.5097656250000001 0.661328125 0.509765625 0.661328125 0.5855468750000001 0.746875 0.5855468750000001
19 0.821875 0.5066406250000002 0.7484375 0.5066406250000002 0.7484375 0.5921875000000002 0.821875 0.5921875000000002