19 0.6375 0.029296875000000066 0.496484375 0.029296875000000056 0.496484375 0.14218750000000008 0.6375 0.14218750000000008
19 0.6343750000000001 0.8796875 0.5972656250000001 0.8796875 0.5972656250000001 0.9875 0.6343750000000001 0.9875
19 0.7156250000000002 0.91484375 0.6113281250000002 0.91484375 0.6113281250000002 0.9546875 0.7156250000000002 0.9546875
19 0.7328125000000002 0.8828125 0.6902343750000002 0.8828125 0.6902343750000002 0.9921875 0.7328125000000002 0.9921875
19 0.8140625 0.91875 0.7097656250000002 0.91875 0.7097656250000002 0.9578125 0.8140625 0.9578125
19 0.92734375 0.0621093750000001 0.8046875 0.06210937500000009 0.8046875 0.13750000000000012 0.92734375 0.13750000000000012
19 1 0.060937500000000124 0.889453125 0.06093750000000011 0.889453125 0.1421875000000001 1 0.14218750000000013
19 0.7203125 0.06718750000000008 0.618359375 0.06718750000000007 0.618359375 0.1531250000000001 0.7203125 0.1531250000000001
19 0.8109375 0.06875000000000009 0.722265625 0.06875000000000009 0.722265625 0.16406250000000008 0.8109375 0.16406250000000008
19 0.6671875 0.2429687500000001 0.513671875 0.2429687500000001 0.513671875 0.3234375000000001 0.6671875 0.3234375000000001
19 0.753125 0.2445312500000001 0.59921875 0.2445312500000001 0.59921875 0.3312500000000001 0.753125 0.3312500000000001
19 0.7828125 0.2390625000000001 0.725 0.2390625000000001 0.725 0.3703125000000001 0.7828125 0.3703125000000001
19 0.9296875 0.2515625000000001 0.848828125 0.2515625000000001 0.848828125 0.3703125000000001 0.9296875 0.3703125000000001
19 0.84375 0.2765625000000001 0.789453125 0.2765625000000001 0.789453125 0.3687500000000001 0.84375 0.3687500000000001
19 0.69375 0.434375 0.5828125 0.434375 0.5828125 0.5578125 0.69375 0.5578125
19 0.803125 0.4359375000000001 0.69375 0.4359375 0.69375 0.5593750000000001 0.803125 0.5593750000000002