19 0.5421875 0.15190041093750004 0.459375 0.15190041093750004 0.459375 0.2078125000000001 0.5421875 0.2078125000000001
19 0.46380028125 0.14218750000000005 0.41016706249999996 0.14218750000000005 0.41016706249999996 0.2234375000000001 0.46380028125 0.2234375000000001
19 0.3375 0.13362889375000003 0.273851103125 0.13362889375000003 0.273851103125 0.2296875 0.3375 0.2296875
19 0.4015625 0.14391219687500006 0.34921604687499996 0.14391219687500006 0.34921604687499996 0.22500000000000003 0.4015625 0.2250000000000001
19 0.275 0.15387921718750003 0.18109591249999998 0.1538792171875 0.1810959125 0.2171875 0.275 0.2171875
19 0.6453125 0.1635515781250001 0.5861213234375 0.1635515781250001 0.5861213234375 0.20766922500000007 0.6453125 0.20766922500000007
19 0.5890625 0.16570609843750006 0.532836828125 0.16570609843750003 0.532836828125 0.21250000000000008 0.5890625 0.21250000000000008
19 0.203125 0.16079152343750003 0.1079287421875 0.1607915234375 0.10792874218750001 0.221875 0.203125 0.221875
19 0.11250000000000002 0.14897815625 0.05446583125000002 0.14897815625 0.05446583125000002 0.2421875 0.11250000000000004 0.2421875
19 0.043750000000000025 0.154584775 0.0001649000000000244 0.154584775 0.00016490000000002984 0.24375 0.04375000000000003 0.24375
19 1 0.2496701984375001 0.9103644031250001 0.2496701984375001 0.9103644031250001 0.3421875000000001 1 0.3421875000000001
19 0.9 0.2491187296875001 0.807423228125 0.2491187296875001 0.807423228125 0.3421875000000001 0.9 0.3421875000000001
19 0.796875 0.2523356406250001 0.70625 0.2523356406250001 0.70625 0.3453125000000001 0.796875 0.3453125000000001
19 0.6984375 0.25468750000000007 0.60519571875 0.25468750000000007 0.60519571875 0.3468750000000001 0.6984375 0.3468750000000001
19 0.578125 0.2768950046875001 0.514978915625 0.2768950046875001 0.514978915625 0.36406250000000007 0.578125 0.36406250000000007
19 0.14201989687500005 0.2768247203125 0.07108564062500004 0.2768247203125 0.07108564062500004 0.3685202203125 0.14201989687500005 0.3685202203125
19 0.06093750000000005 0.278125 0.00010813125000003405 0.278125 0.0001081312500000396 0.36875 0.06093750000000005 0.36875
19 0.4921875 0.2984375000000001 0.4342506484375 0.2984375000000001 0.4342506484375 0.3543685125000001 0.4921875 0.3543685125000001
19 0.33593750000000006 0.2809823734375 0.2717884953125 0.2809823734375 0.27178849531250004 0.375 0.3359375000000001 0.375
19 0.4265625 0.29905925625000007 0.3671361375 0.29905925625000007 0.3671361375 0.3546875000000001 0.4265625 0.3546875000000001
19 0.2575665015625 0.314946475 0.203125 0.314946475 0.203125 0.3590641234375 0.2575665015625 0.3590641234375
19 0.19843750000000004 0.30999135 0.14922685937500005 0.30999135 0.14922685937500005 0.365625 0.19843750000000004 0.365625