19 0.8670008546875 0.6330044781250002 0.8209257687499999 0.6330044781250002 0.8209257687499999 0.6875000000000002 0.8670008546875 0.6875000000000002
19 0.9296875 0.6350655921875001 0.8775917249999999 0.6350655921875001 0.8775917249999999 0.6859375000000002 0.9296875 0.6859375000000002
19 0.1359375 1.2322224738144318e-17 0.0652997015625 7.996907050379303e-18 0.0652997015625 0.05781250000000001 0.1359375 0.057812500000000024
19 0.2921875 0.0003226312500000315 0.221875 0.00032263125000002717 0.221875 0.056250000000000036 0.2921875 0.05625000000000004
19 0.20625 2.1678508009603642e-17 0.147786903125 1.8098675786793124e-17 0.147786903125 0.06562500000000002 0.20625 0.06562500000000002
19 0.365625 4.107696679071964e-17 0.3052127765625 3.737778498761419e-17 0.3052127765625 0.06406250000000005 0.365625 0.06406250000000005
19 0.5953125 6.853159930838417e-17 0.5238934515625 6.415844385502746e-17 0.5238934515625 0.06093750000000007 0.5953125 0.06093750000000007
19 0.7453125 8.76017245421169e-17 0.68533223125 8.392899233528261e-17 0.68533223125 0.06562500000000009 0.7453125 0.06562500000000009
19 0.903125 1.0677389280065986e-16 0.840625 1.0294687155332437e-16 0.840625 0.06875000000000012 0.903125 0.06875000000000012
19 0.52028316875 5.922315380251653e-17 0.44690433125 5.47299958790401e-17 0.44690433125 0.060937500000000054 0.52028316875 0.06093750000000007
19 0.825 9.721809504781106e-17 0.7626919796875 9.340282916596549e-17 0.7626919796875 0.0687500000000001 0.825 0.06875000000000012
19 0.44375 4.993168821587015e-17 0.37169635156249997 4.551967471957649e-17 0.37169635156249997 0.06250000000000004 0.44375 0.06250000000000004
19 0.6734375 0.00025063906250007834 0.60625 0.0002506390625000742 0.60625 0.05781250000000008 0.6734375 0.057812500000000086
19 0.9855082140625001 1.1624903588936999e-16 0.9129826156249999 1.1180812379023344e-16 0.9129826156249999 0.0640625000000001 0.9855082140625001 0.0640625000000001
19 0.7250000000000002 0.9203684937500001 0.6562500000000002 0.9203684937500001 0.6562500000000002 0.9843616671875 0.7250000000000002 0.9843616671875
19 0.8012851968750001 0.9210537546875001 0.7359375000000001 0.9210537546875001 0.7359375000000001 0.9859375 0.8012851968750001 0.9859375
19 0.8682887156250001 0.925 0.8051487843749999 0.925 0.8051487843749999 0.9859375 0.8682887156250001 0.9859375
19 0.934375 0.9328418296875001 0.8757519203124999 0.9328418296875001 0.8757519203124999 0.9953125 0.934375 0.9953125
19 0.9328125 0.3014398468750001 0.8846976312500001 0.3014398468750001 0.8846976312500001 0.37187500000000007 0.9328125 0.37187500000000007
19 0.503125 0.3394757890625001 0.4203125 0.3394757890625001 0.4203125 0.403125 0.503125 0.403125
19 0.565625 0.33617747500000006 0.49655236875000003 0.33617747500000006 0.49655236875000003 0.41382252499999994 0.565625 0.41382252499999994
19 0.875 0.34141158281250006 0.798352175 0.34141158281250006 0.798352175 0.4109375000000002 0.875 0.4109375000000002
19 0.7953125 0.34195019218750006 0.726602496875 0.34195019218750006 0.726602496875 0.41406250000000017 0.7953125 0.41406250000000017
19 0.6390625 0.3420115187500001 0.569872546875 0.3420115187500001 0.569872546875 0.415625 0.6390625 0.415625
19 0.7140625 0.34258212343750005 0.6446165749999999 0.34258212343750005 0.6446165749999999 0.4140625 0.7140625 0.4140625
19 0.946875 0.35962564062500013 0.8807140562500001 0.35962564062500013 0.8807140562500001 0.41849935937500016 0.946875 0.41849935937500016
19 0.19375000000000003 0.459375 0.14677634375000004 0.459375 0.14677634375000004 0.5265625 0.19375000000000003 0.5265625
19 0.14218750000000005 0.458540421875 0.09584044531250006 0.458540421875 0.09584044531250006 0.528125 0.14218750000000005 0.528125
19 0.2640625000000001 0.4693765984375 0.19581377968750005 0.4693765984375 0.19581377968750005 0.5203125 0.2640625000000001 0.5203125
19 0.30156250000000007 0.487089378125 0.2504212875000001 0.487089378125 0.2504212875000001 0.5203125 0.30156250000000007 0.5203125
19 0.3687500000000001 0.48143398125000003 0.3375000000000001 0.48143398125000003 0.3375000000000001 0.53125 0.3687500000000001 0.53125
19 0.3437500000000001 0.48947045625 0.2915315703125001 0.48947045625 0.2915315703125001 0.521875 0.3437500000000001 0.521875
19 0.4180620734375 0.48136198906249994 0.3788129265625001 0.48136198906249994 0.3788129265625001 0.5328125 0.4180620734375 0.5328125
19 0.4671875 0.49118760625 0.4146651015625 0.49118760625 0.4146651015625 0.5265625 0.4671875 0.5265625
19 0.5109375 0.4910249578125 0.4594603234375 0.4910249578125 0.4594603234375 0.5277143765625001 0.5109375 0.5277143765625001
19 0.6359375 0.4875 0.596875 0.4875 0.596875 0.534375 0.6359375 0.534375
19 0.5546875 0.49377933125 0.504919475 0.49377933125 0.504919475 0.5296875 0.5546875 0.5296875
19 0.5890625 0.48650277343750004 0.553125 0.48650277343750004 0.553125 0.5359375 0.5890625 0.5359375
19 0.6875 0.49433927187500004 0.6389505125 0.49433927187500004 0.6389505125 0.5296875 0.6875 0.5296875
19 0.73125 0.49205684687500006 0.6785276234375 0.492056846875 0.6785276234375 0.5296875000000001 0.73125 0.5296875000000002
19 0.7592523453125 0.5048101546875001 0.725122653125 0.5048101546875 0.725122653125 0.5389398468750001 0.7592523453125 0.5389398468750002
19 0.8015118375 0.5078631625000002 0.7656756625 0.5078631625000002 0.7656756625 0.5436993390625002 0.8015118375 0.5436993390625002
19 0.84375 0.5066552906250001 0.8089990406249999 0.5066552906250001 0.8089990406249999 0.5433447093750001 0.84375 0.5433447093750001
19 0.8796875 0.5125000000000002 0.8476135875 0.5125000000000002 0.8476135875 0.5437500000000002 0.8796875 0.5437500000000002