19 0.8716883546874999 0.6379052906250002 0.816227603125 0.6379052906250002 0.816227603125 0.6828125000000002 0.8716883546874999 0.6828125000000002
19 0.9295755124999999 0.6345589796875002 0.8766744875000001 0.6345589796875002 0.8766744875000001 0.6857535203125001 0.9295755124999999 0.6857535203125001
19 0.1296875 1.2349490542372024e-17 0.0719949859375 8.816842908301808e-18 0.0719949859375 0.06406250000000001 0.1296875 0.06406250000000002
19 0.2921875 3.148884180669249e-17 0.2220643125 2.7195034950798256e-17 0.2220643125 0.056250000000000036 0.2921875 0.05625000000000004
19 0.2140625 2.1636058115875005e-17 0.13928114375 1.705702068750199e-17 0.13928114375 0.057812500000000024 0.2140625 0.057812500000000024
19 0.365625 4.107696679071964e-17 0.3052127765625 3.737778498761419e-17 0.3052127765625 0.06406250000000005 0.365625 0.06406250000000005
19 0.5953125 6.853159930838417e-17 0.5238934515625 6.415844385502746e-17 0.5238934515625 0.06093750000000007 0.5953125 0.06093750000000007
19 0.7453125 8.76017245421169e-17 0.68533223125 8.392899233528261e-17 0.68533223125 0.06562500000000009 0.7453125 0.06562500000000009
19 0.909375 0.00031996562500010675 0.834609640625 0.00031996562500010215 0.834609640625 0.06250000000000011 0.909375 0.06250000000000011
19 0.52028316875 5.922315380251653e-17 0.44690433125 5.47299958790401e-17 0.44690433125 0.060937500000000054 0.52028316875 0.06093750000000007
19 0.825 9.720633968232116e-17 0.7625 9.337931843498569e-17 0.7625 0.0687500000000001 0.825 0.06875000000000012
19 0.44375 4.993168821587015e-17 0.37169635156249997 4.551967471957649e-17 0.37169635156249997 0.06250000000000004 0.44375 0.06250000000000004
19 0.66875 7.834650467370401e-17 0.6107455203125001 7.479475465442879e-17 0.6107455203125001 0.06250000000000008 0.66875 0.06250000000000008
19 0.98125 1.1619874902153107e-16 0.9164195828125001 1.122290308767281e-16 0.9164195828125001 0.06867267500000011 0.98125 0.06867267500000011
19 0.7218750000000002 0.9181420640625 0.6594096640625001 0.9181420640625 0.6594096640625001 0.9859375 0.7218750000000002 0.9859375
19 0.8015625 0.9218376703125 0.7359375000000001 0.9218376703125 0.7359375000000001 0.9859375 0.8015625 0.9859375
19 0.8682887156250001 0.925 0.8051487843749999 0.925 0.8051487843749999 0.9859375 0.8682887156250001 0.9859375
19 0.934375 0.9323458828125 0.8768078078125001 0.9323458828125 0.8768078078125001 0.9953125 0.934375 0.9953125
19 0.9328125 0.3014398468750001 0.8846976312500001 0.3014398468750001 0.8846976312500001 0.37187500000000007 0.9328125 0.37187500000000007
19 0.503125 0.3390625000000001 0.4203125 0.3390625000000001 0.4203125 0.40284502968749997 0.503125 0.40284502968749997
19 0.565625 0.33617747500000006 0.49662169375 0.33617747500000006 0.49662169375 0.41382252499999994 0.565625 0.41382252499999994
19 0.8717016843750001 0.3377399750000001 0.8017358140624999 0.3377399750000001 0.8017358140624999 0.41538502656250015 0.8717016843750001 0.41538502656250015
19 0.796875 0.3434966937500001 0.7254559515625 0.3434966937500001 0.7254559515625 0.4125000000000002 0.796875 0.4125000000000002
19 0.6390625 0.34062500000000007 0.5700591937499999 0.34062500000000007 0.5700591937499999 0.415625 0.6390625 0.415625
19 0.715625 0.3438486562500001 0.64419261875 0.3438486562500001 0.64419261875 0.4138145265625 0.715625 0.4138145265625
19 0.946875 0.3605108796875001 0.8803780937499999 0.3605108796875001 0.8803780937499999 0.4187500000000002 0.946875 0.4187500000000002
19 0.20312500000000008 0.468837990625 0.13674008125000003 0.468837990625 0.13674008125000003 0.5171875 0.20312500000000008 0.5171875
19 0.14218750000000005 0.458540421875 0.09584044531250006 0.458540421875 0.09584044531250006 0.528125 0.14218750000000005 0.528125
19 0.25468750000000007 0.46031889843749996 0.20468483281250008 0.46031889843749996 0.20468483281250008 0.528125 0.25468750000000007 0.528125
19 0.2921875000000001 0.47823698906249995 0.25949765312500006 0.47823698906249995 0.25949765312500006 0.5296875 0.2921875000000001 0.5296875
19 0.3781250000000001 0.490625 0.3278663609375001 0.490625 0.3278663609375001 0.521875 0.3781250000000001 0.521875
19 0.3437500000000001 0.4900517265625 0.29208617656250013 0.4900517265625 0.29208617656250013 0.521875 0.3437500000000001 0.521875
19 0.425 0.48808127187499994 0.37214697187500007 0.48808127187499994 0.37214697187500007 0.5265625 0.425 0.5265625
19 0.4671875 0.491747546875 0.4146864328125 0.491747546875 0.4146864328125 0.5265625 0.4671875 0.5265625
19 0.5109375 0.4910249578125 0.4594603234375 0.4910249578125 0.4594603234375 0.5277143765625001 0.5109375 0.5277143765625001
19 0.6390625 0.4923821453125 0.5928487640625 0.4923821453125 0.5928487640625 0.5296875 0.6390625 0.5296875
19 0.546875 0.48612148125 0.512124040625 0.48612148125 0.512124040625 0.5373160203125 0.546875 0.5373160203125
19 0.5890625 0.48650277343750004 0.553125 0.48650277343750004 0.553125 0.5359375 0.5890625 0.5359375
19 0.68125 0.48775597187499997 0.6453125 0.48775597187499997 0.6453125 0.537244028125 0.68125 0.537244028125
19 0.73125 0.49205684687500006 0.6785276234375 0.492056846875 0.6785276234375 0.5296875000000001 0.73125 0.5296875000000002
19 0.759375 0.5054287562500002 0.7253892921875 0.5054287562500002 0.7253892921875 0.5390625000000002 0.759375 0.5390625000000002
19 0.8015118375 0.5078631625000002 0.7656756625 0.5078631625000002 0.7656756625 0.5436993390625002 0.8015118375 0.5436993390625002
19 0.8453125 0.5067006187500002 0.808703071875 0.5067006187500002 0.808703071875 0.5421875000000002 0.8453125 0.5421875000000002
19 0.8796875 0.5124546703125001 0.8484375 0.5124546703125001 0.8484375 0.5437500000000002 0.8796875 0.5437500000000002