19 0.5171875 0.15000000000000005 0.411328125 0.15000000000000005 0.411328125 0.2468750000000001 0.5171875 0.2468750000000001
19 0.646875 0.1515625000000001 0.551953125 0.1515625000000001 0.551953125 0.2468750000000001 0.646875 0.2468750000000001
19 0.7640625 0.1531250000000001 0.662890625 0.1531250000000001 0.662890625 0.2484375000000001 0.7640625 0.2484375000000001
19 0.8796875 0.1527343750000001 0.775 0.1527343750000001 0.775 0.2484375000000001 0.8796875 0.2484375000000001
19 0.9953125 0.1562500000000001 0.890625 0.15625000000000008 0.890625 0.2515625000000001 0.9953125 0.2515625000000001
19 0.9484375 0.34843750000000007 0.877734375 0.34843750000000007 0.877734375 0.4046875000000002 0.9484375 0.4046875000000002
19 0.6546875 0.6125 0.559375 0.6125 0.559375 0.6921875 0.6546875 0.6921875
19 0.5515625 0.6046875 0.472265625 0.6046875 0.472265625 0.7 0.5515625 0.7
19 0.7140625 0.644140625 0.656640625 0.644140625 0.656640625 0.7015625 0.7140625 0.7015625
19 0.9125 0.6468750000000002 0.85625 0.6468750000000002 0.85625 0.7000000000000002 0.9125 0.7000000000000002
19 0.8515625 0.6453125000000002 0.797265625 0.6453125000000002 0.797265625 0.7000000000000002 0.8515625 0.7000000000000002
19 0.7890625 0.6453125000000001 0.725 0.6453125 0.725 0.7000000000000001 0.7890625 0.7000000000000002