19 0.8286163515625 0.21226415156250006 0.7877358484375 0.21226415156250006 0.7877358484375 0.2775157234375001 0.8286163515625 0.2775157234375001
19 0.7830188671875 0.2138364781250001 0.7492138359375 0.2138364781250001 0.7492138359375 0.2814465406250001 0.7830188671875 0.2814465406250001
19 0.7389937109375 0.2138364781250001 0.7004716984375 0.2138364781250001 0.7004716984375 0.2814465406250001 0.7389937109375 0.2814465406250001
19 0.6918238999999999 0.2154088046875001 0.65880503125 0.2154088046875001 0.65880503125 0.28223270468750006 0.6918238999999999 0.28223270468750006
19 0.6572327046875001 0.24371069218750008 0.5919811328125 0.24371069218750008 0.5919811328125 0.3490566031250001 0.6572327046875001 0.3490566031250001
19 0.88993710625 0.2562893078125001 0.8388364781250001 0.2562893078125001 0.8388364781250001 0.34433962187500006 0.88993710625 0.34433962187500006
19 0.58176100625 0.2672955968750001 0.5227987421875 0.2672955968750001 0.5227987421875 0.3522012578125001 0.58176100625 0.3522012578125001
19 0.518867925 0.26886792500000006 0.4622641515625 0.26886792500000006 0.4622641515625 0.35141509375000013 0.518867925 0.35141509375000013
19 0.84119496875 0.27987421406250007 0.797955975 0.27987421406250007 0.797955975 0.3466981125000001 0.84119496875 0.3466981125000001
19 0.699685534375 0.2814465406250001 0.65880503125 0.2814465406250001 0.65880503125 0.3459119500000001 0.699685534375 0.3459119500000001
19 0.7893081765625001 0.27987421406250007 0.7531446546875 0.27987421406250007 0.7531446546875 0.3466981125000001 0.7893081765625001 0.3466981125000001
19 0.7437106921875001 0.2814465406250001 0.7059748421875 0.2814465406250001 0.7059748421875 0.34827044062500007 0.7437106921875001 0.34827044062500007
19 0.454402515625 0.2908805031250001 0.41194968593750003 0.2908805031250001 0.41194968593750003 0.3522012578125001 0.454402515625 0.3522012578125001
19 0.40408805000000003 0.2924528296875001 0.3639937109375 0.2924528296875001 0.3639937109375 0.35141509375000013 0.40408805000000003 0.35141509375000013
19 0.3066037734375 0.2924528296875 0.2633647796875 0.2924528296875 0.2633647796875 0.353773584375 0.3066037734375 0.353773584375
19 0.35849056562500003 0.2924528296875 0.31289308125000004 0.2924528296875 0.31289308125000004 0.353773584375 0.35849056562500003 0.353773584375
19 0.2547169812500001 0.38522012656250004 0.21933962187500006 0.38522012656250004 0.21933962187500006 0.42767295625 0.2547169812500001 0.42767295625
19 0.2091194968750001 0.3883647796875 0.16666666718750006 0.3883647796875 0.16666666718750006 0.42924528281249996 0.2091194968750001 0.42924528281249996
19 0.16194968593750006 0.386792453125 0.12421383593750004 0.386792453125 0.12421383593750004 0.430031446875 0.16194968593750006 0.430031446875
19 0.968553459375 0.39622641562500005 0.9323899375 0.39622641562500005 0.9323899375 0.4834905656250002 0.968553459375 0.4834905656250002
19 0.8852201265625 0.39622641562500005 0.853773584375 0.39622641562500005 0.853773584375 0.48427672968750024 0.8852201265625 0.48427672968750024
19 0.92767295625 0.3977987421875001 0.8946540875 0.3977987421875001 0.8946540875 0.48742138437500016 0.92767295625 0.48742138437500016
19 0.8050314468750001 0.3993710687500001 0.7775157234375001 0.3993710687500001 0.7775157234375001 0.48742138437500016 0.8050314468750001 0.48742138437500016
19 0.7704402515625 0.3993710687500001 0.732704403125 0.3993710687500001 0.732704403125 0.48742138437500016 0.7704402515625 0.48742138437500016
19 0.8443396218749999 0.3993710687500001 0.81289308125 0.3993710687500001 0.81289308125 0.4897798734375002 0.8443396218749999 0.4897798734375002
19 0.3301886796875001 0.39937106875 0.2602201265625001 0.39937106875 0.2602201265625001 0.48899371093750005 0.3301886796875001 0.48899371093750005
19 0.4842767296875 0.3977987421875001 0.4143081765625 0.3977987421875001 0.4143081765625 0.4921383640625 0.4842767296875 0.4921383640625
19 0.40880503125 0.39779874218750005 0.33962264218750005 0.3977987421875 0.33962264218750005 0.4905660375 0.40880503125 0.4905660375
19 0.6666666671875 0.41037735781249995 0.6124213843749999 0.41037735781249995 0.6124213843749999 0.48899371093750005 0.6666666671875 0.48899371093750005
19 0.6022012578125 0.41037735781249995 0.555031446875 0.41037735781249995 0.555031446875 0.4905660375 0.6022012578125 0.4905660375
19 0.550314465625 0.41194968593750003 0.4960691828125 0.41194968593750003 0.4960691828125 0.48899371093750005 0.550314465625 0.48899371093750005
19 0.7248427671875 0.41037735781249995 0.6713836484375 0.41037735781249995 0.6713836484375 0.4905660375 0.7248427671875 0.4905660375
19 0.11792452812500005 0.4150943390625 0.04323899375000005 0.4150943390625 0.04323899375000005 0.48977987343749996 0.11792452812500005 0.48977987343749996
19 0.2531446546875001 0.435534590625 0.2154088046875001 0.435534590625 0.2154088046875001 0.49135220156250003 0.2531446546875001 0.49135220156250003
19 0.21226415156250006 0.435534590625 0.16902515781250005 0.435534590625 0.16902515781250005 0.48977987343749996 0.21226415156250006 0.48977987343749996
19 0.16509433906250004 0.435534590625 0.12185534531250004 0.435534590625 0.12185534531250004 0.4921383640625 0.16509433906250004 0.4921383640625
19 0.3915094343750001 0.5613207546875 0.35770440312500007 0.5613207546875 0.35770440312500007 0.594339621875 0.3915094343750001 0.594339621875
19 0.3537735843750001 0.5581761000000001 0.3207547171875001 0.5581761000000001 0.3207547171875001 0.5919811328125 0.3537735843750001 0.5919811328125
19 0.4245283015625 0.559748428125 0.39544025156250007 0.559748428125 0.39544025156250007 0.5951257859375 0.4245283015625 0.5951257859375
19 0.2374213843750001 0.55345911875 0.17216981093750008 0.55345911875 0.17216981093750008 0.636792453125 0.2374213843750001 0.636792453125
19 0.3113207546875001 0.55345911875 0.2468553453125001 0.55345911875 0.2468553453125001 0.6407232703125 0.3113207546875001 0.6407232703125
19 0.1635220125000001 0.55345911875 0.09591195000000007 0.55345911875 0.09591195000000008 0.63915094375 0.1635220125000001 0.63915094375
19 0.09119496875000008 0.555031446875 0.024371068750000065 0.555031446875 0.02437106875000007 0.63993710625 0.09119496875000009 0.63993710625
19 0.6147798734375 0.5738993703124999 0.555817609375 0.5738993703124999 0.555817609375 0.636792453125 0.6147798734375 0.636792453125
19 0.487421384375 0.57232704375 0.4331761 0.57232704375 0.4331761 0.6375786156250001 0.487421384375 0.6375786156250001
19 0.9496855343749999 0.5723270437500002 0.8867924531250001 0.5723270437500002 0.8867924531250001 0.6375786156250002 0.9496855343749999 0.6375786156250002
19 0.877358490625 0.5723270437500002 0.8183962265625 0.5723270437500002 0.8183962265625 0.6367924531250002 0.877358490625 0.6367924531250002
19 0.7405660375 0.5738993703125 0.68710691875 0.5738993703124999 0.68710691875 0.6352201265625002 0.7405660375 0.6352201265625002
19 0.5518867921874999 0.57232704375 0.5 0.57232704375 0.5 0.636792453125 0.5518867921874999 0.636792453125
19 0.6792452828125 0.5738993703124999 0.625 0.5738993703124999 0.625 0.63915094375 0.6792452828125 0.63915094375
19 0.8050314468750001 0.5723270437500002 0.7507861640625 0.5723270437500002 0.7507861640625 0.6391509437500001 0.8050314468750001 0.6391509437500001
19 0.3474842765625001 0.6022012578125 0.3183962265625001 0.6022012578125 0.3183962265625001 0.6352201265625 0.3474842765625001 0.6352201265625
19 0.4261006296875 0.6006289312499999 0.3946540875000001 0.6006289312499999 0.3946540875000001 0.6360062890625 0.4261006296875 0.6360062890625
19 0.3899371062500001 0.6022012578125 0.3537735843750001 0.6022012578125 0.3537735843750001 0.6383647796874999 0.3899371062500001 0.6383647796874999