19 0.6609375000000002 0.871875 0.5151866734375001 0.871875 0.5151866734375001 0.924963903125 0.6609375000000002 0.924963903125
19 0.5965630156250001 0.875621390625 0.4554739078125002 0.875621390625 0.4554739078125002 0.93125 0.5965630156250001 0.93125
19 0.5234375000000002 0.89609890625 0.41453950000000017 0.89609890625 0.41453950000000017 0.940625 0.5234375000000002 0.940625
19 0.47656250000000017 0.8938660281249999 0.36677238125000006 0.8938660281249999 0.36677238125000006 0.9450211421875 0.47656250000000017 0.9450211421875
19 0.13750000000000012 0.859375 0.08931002500000011 0.859375 0.08931002500000011 0.984375 0.13750000000000012 0.984375
19 0.42500000000000016 0.89432755625 0.31281714218750006 0.89432755625 0.31281714218750006 0.946875 0.42500000000000016 0.946875
19 0.12343750000000012 0.9034524546875 1.1064101568148659e-16 0.9034524546875 1.1377336311199504e-16 0.9546075703125 0.12343750000000013 0.9546075703125
19 0.3620487828125001 0.9165738453125 0.2796875000000001 0.9165738453125 0.2796875000000001 0.95625 0.3620487828125001 0.95625
19 0.29375000000000007 0.8937706265625 0.25758560312500006 0.8937706265625 0.25758560312500006 0.981229371875 0.29375000000000007 0.981229371875
19 0.2531250000000001 0.8957895015625 0.2189794750000001 0.8957895015625 0.2189794750000001 0.9807729984375 0.2531250000000001 0.9807729984375
19 0.05937500000000011 0.936757425 1.147196982103767e-16 0.936757425 1.1620030078297133e-16 0.9609375 0.05937500000000011 0.9609375
19 0.2234375000000001 0.933944409375 0.17194719375000014 0.933944409375 0.17194719375000014 0.965625 0.2234375000000001 0.965625
19 0.18593750000000014 0.9379847359375001 0.13125000000000014 0.9379847359375001 0.13125000000000014 0.975 0.18593750000000014 0.975
19 0.4796875 0.35497370000000006 0.4125 0.35497370000000006 0.4125 0.5046875 0.4796875 0.5046875
19 0.2875000000000001 0.3957121484375 0.13558168281250005 0.3957121484375 0.13558168281250005 0.465625 0.2875000000000001 0.465625
19 0.4057910484375 0.35937500000000006 0.3348339515625 0.359375 0.33483395156250007 0.5078125 0.4057910484375 0.5078125
19 0.32500000000000007 0.3626366546875 0.2500000000000001 0.3626366546875 0.2500000000000001 0.504550846875 0.32500000000000007 0.504550846875
19 0.9625 0.4522999171875002 0.8795534234375 0.4522999171875002 0.8795534234375 0.4859375000000002 0.9625 0.4859375000000002
19 0.896875 0.43268358125000017 0.8675484734375001 0.43268358125000017 0.8675484734375001 0.5093750000000001 0.896875 0.5093750000000001
19 1 0.46367058593750016 0.9533106437500001 0.46367058593750016 0.9533106437500001 0.4781250000000002 1 0.4781250000000002
19 0.9953125 0.4632425734375002 0.9288572609375001 0.4632425734375002 0.9288572609375001 0.4968750000000002 0.9953125 0.4968750000000002
19 0.2953125000000001 0.5678424093750001 0.2399133656250001 0.5678424093750001 0.2399133656250001 0.6453125 0.2953125000000001 0.6453125
19 0.6515625 0.66992574375 0.591452659375 0.66992574375 0.591452659375 0.753125 0.6515625000000002 0.753125
19 0.5278594265625001 0.670333128125 0.4643280734375 0.670333128125 0.46432807343750004 0.75625 0.5278594265625002 0.75625
19 0.5890625 0.6729450296875 0.5297339109375 0.6729450296875 0.5297339109375001 0.7546875 0.5890625000000002 0.7546875
19 0.2765625000000001 0.670157796875 0.21250000000000008 0.670157796875 0.21250000000000008 0.7625 0.2765625000000001 0.7625
19 0.1375000000000001 0.662306621875 0.0681234531250001 0.662306621875 0.0681234531250001 0.771875 0.1375000000000001 0.771875
19 0.2218750000000001 0.685517225 0.12464676093750009 0.685517225 0.12464676093750009 0.7515625 0.2218750000000001 0.7515625