19 0.2741666671875 0.09000000000000004 0.22000000000000003 0.09000000000000002 0.22000000000000003 0.18750000000000006 0.2741666671875 0.18750000000000006
19 0.20833333281250002 0.09333333281250003 0.1516666671875 0.09333333281250003 0.15166666718750002 0.1908333328125 0.20833333281250002 0.19083333281250003
19 0.4516666671875 0.10166666718750003 0.4016666671875 0.10166666718750003 0.4016666671875 0.18333333281250003 0.4516666671875 0.18333333281250003
19 0.14500000000000002 0.095 0.08333333281250002 0.095 0.08333333281250002 0.1925 0.14500000000000005 0.1925
19 0.3383333328125 0.10333333281250004 0.29 0.10333333281250004 0.29 0.18500000000000005 0.3383333328125 0.18500000000000005
19 0.3933333328125 0.10333333281250004 0.34500000000000003 0.10333333281250004 0.34500000000000003 0.18666666718750005 0.3933333328125 0.18666666718750005
19 0.7424999999999999 0.11500000000000007 0.6966666671875 0.11500000000000007 0.6966666671875 0.1741666671875001 0.7424999999999999 0.1741666671875001
19 0.795 0.1166666671875001 0.7516666671875 0.1166666671875001 0.7516666671875 0.17583333281250008 0.795 0.17583333281250008
19 0.06833333281250002 0.1 0.01166666718750001 0.1 0.011666667187500018 0.1975 0.06833333281250002 0.1975
19 0.6775 0.1183333328125001 0.6316666671875 0.1183333328125001 0.6316666671875 0.17750000000000007 0.6775 0.17750000000000007
19 0.18333333281250003 0.265 0.11166666718750004 0.265 0.11166666718750004 0.3583333328125 0.18333333281250003 0.3583333328125
19 0.2575 0.2633333328125 0.19500000000000003 0.2633333328125 0.19500000000000003 0.3608333328125 0.2575 0.3608333328125
19 0.4583333328125 0.2833333328125001 0.3983333328125 0.2833333328125001 0.3983333328125 0.3566666671875001 0.4583333328125 0.3566666671875001
19 0.3875 0.28333333281250006 0.3333333328125 0.2833333328125 0.3333333328125 0.35750000000000004 0.3875 0.3575000000000001
19 0.3241666671875 0.2833333328125 0.265 0.2833333328125 0.265 0.3591666671875 0.3241666671875 0.3591666671875
19 0.8400000000000001 0.29166666718750006 0.7516666671875 0.29166666718750006 0.7516666671875 0.3566666671875001 0.8400000000000001 0.3566666671875001
19 1 0.29166666718750006 0.9566666671874999 0.29166666718750006 0.9566666671874999 0.3566666671875001 1 0.3566666671875001
19 0.9425000000000001 0.29166666718750006 0.8566666671875 0.29166666718750006 0.8566666671875 0.35583333281250007 0.9425000000000001 0.35583333281250007
19 0.6275000000000001 0.2983333328125001 0.5816666671874999 0.2983333328125001 0.5816666671874999 0.3575000000000001 0.6275000000000001 0.3575000000000001
19 0.5141666671875 0.30166666718750007 0.46666666718750005 0.30166666718750007 0.46666666718750005 0.3583333328125001 0.5141666671875 0.3583333328125001
19 0.5716666671875 0.30166666718750007 0.5216666671875 0.30166666718750007 0.5216666671875 0.3583333328125001 0.5716666671875 0.3583333328125001
19 0.735 0.3216666671875001 0.6866666671874999 0.3216666671875001 0.6866666671874999 0.3550000000000001 0.735 0.3550000000000001
19 0.6816666671875 0.3216666671875001 0.6366666671875 0.3216666671875001 0.6366666671875 0.3566666671875001 0.6816666671875 0.3566666671875001
19 0.4591666671875 0.40833333281249995 0.3833333328125001 0.40833333281249995 0.3833333328125001 0.4933333328125 0.4591666671875 0.4933333328125
19 0.5508333328125 0.41166666718749995 0.46333333281250005 0.41166666718749995 0.46333333281250005 0.4933333328125 0.5508333328125 0.4933333328125
19 0.09583333281250006 0.4266666671875 0.03666666718750006 0.4266666671875 0.03666666718750006 0.4883333328125 0.09583333281250007 0.4883333328125
19 0.24250000000000008 0.425 0.17166666718750007 0.425 0.17166666718750007 0.4891666671875 0.24250000000000008 0.4891666671875
19 0.3125000000000001 0.42833333281249997 0.24833333281250008 0.42833333281249997 0.24833333281250008 0.49083333281249997 0.3125000000000001 0.49083333281249997
19 0.3833333328125001 0.43 0.3183333328125001 0.43 0.3183333328125001 0.49000000000000005 0.3833333328125001 0.49000000000000005
19 0.17166666718750007 0.43166666718749996 0.10500000000000005 0.43166666718749996 0.10500000000000005 0.49083333281249997 0.17166666718750007 0.49083333281249997
19 0.7791666671875 0.4383333328125002 0.7333333328125 0.4383333328125002 0.7333333328125 0.4950000000000002 0.7791666671875 0.4950000000000002
19 0.7233333328125 0.43833333281250003 0.675 0.43833333281250003 0.675 0.49583333281249997 0.7233333328125 0.49583333281249997
19 0.6075 0.44166666718750003 0.5599999999999999 0.44166666718750003 0.5599999999999999 0.4933333328125 0.6075 0.4933333328125
19 0.6658333328125 0.44000000000000006 0.6183333328125 0.44000000000000006 0.6183333328125 0.49416666718749996 0.6658333328125 0.49416666718749996
19 0.8416666671874999 0.4400000000000002 0.79 0.4400000000000002 0.79 0.5000000000000002 0.8416666671874999 0.5000000000000002
19 0.9008333328125 0.4400000000000002 0.8533333328125 0.4400000000000002 0.8533333328125 0.5000000000000002 0.9008333328125 0.5000000000000002
19 1 0.4400000000000002 0.9800000000000001 0.4400000000000002 0.9800000000000001 0.5000000000000002 1 0.5000000000000002
19 0.9633333328125 0.4400000000000002 0.9116666671875 0.4400000000000002 0.9116666671875 0.49916666718750013 0.9633333328125 0.49916666718750013