19 0.371875 0.05507812500000005 0.3140625 0.05507812500000005 0.3140625 0.13437500000000005 0.371875 0.13437500000000005
19 0.30625 0.08710937500000003 0.26171875 0.08710937500000002 0.26171875 0.13437500000000005 0.30625 0.13437500000000005
19 0.253125 0.09062500000000002 0.2046875 0.09062500000000002 0.2046875 0.13750000000000004 0.253125 0.13750000000000004
19 0.515625 0.2347656250000001 0.403125 0.2347656250000001 0.403125 0.3281250000000001 0.515625 0.3281250000000001
19 0.608984375 0.2425781250000001 0.506640625 0.2425781250000001 0.506640625 0.33281250000000007 0.608984375 0.33281250000000007
19 0.7125 0.2414062500000001 0.61015625 0.2414062500000001 0.61015625 0.3359375000000001 0.7125 0.3359375000000001
19 0.7828125 0.04140625000000009 0.67265625 0.041406250000000075 0.67265625 0.11250000000000009 0.7828125 0.11250000000000009
19 0.5234375 0.02500000000000006 0.452734375 0.025000000000000057 0.452734375 0.13593750000000004 0.5234375 0.13593750000000004
19 0.7015625 0.04531250000000008 0.594921875 0.045312500000000075 0.594921875 0.11484375000000009 0.7015625 0.11484375000000009
19 0.46875 0.04492187500000005 0.35703125 0.04492187500000004 0.35703125 0.11562500000000005 0.46875 0.11562500000000005
19 0.4593750000000002 0.775390625 0.39531250000000007 0.775390625 0.39531250000000007 0.840625 0.4593750000000002 0.840625
19 0.621875 0.045703125000000074 0.516015625 0.04570312500000007 0.516015625 0.11406250000000007 0.621875 0.1140625000000001
19 0.5328125000000001 0.777734375 0.4671875000000002 0.777734375 0.4671875000000002 0.85 0.5328125000000001 0.85