19 0.8314873421875 0.2041139234375001 0.79272151875 0.2041139234375001 0.79272151875 0.2357594937500001 0.8314873421875 0.2357594937500001
19 0.785601265625 0.2072784812500001 0.75 0.2072784812500001 0.75 0.23734177187500008 0.785601265625 0.23734177187500008
19 0.8939873421875 0.17563291093750008 0.8354430374999999 0.17563291093750008 0.8354430374999999 0.2721518984375001 0.8939873421875 0.2721518984375001
19 0.54825949375 0.17721519062500007 0.48259493593749997 0.17721519062500005 0.48259493593749997 0.2721518984375001 0.54825949375 0.2721518984375001
19 0.16930379687500002 0.177215190625 0.11075949375000001 0.177215190625 0.11075949375000002 0.2761075953125 0.16930379687500002 0.2761075953125
19 0.214398734375 0.19145569687500003 0.16930379687500002 0.191455696875 0.16930379687500002 0.27531645625 0.214398734375 0.27531645625
19 0.6582278484375 0.1962025312500001 0.6060126578125 0.1962025312500001 0.6060126578125 0.2705696203125001 0.6582278484375 0.2705696203125001
19 0.6020569625000001 0.1977848093750001 0.5506329109375 0.1977848093750001 0.5506329109375 0.27452531718750006 0.6020569625000001 0.27452531718750006
19 0.7049050640625001 0.21677215156250007 0.6645569625000001 0.21677215156250007 0.6645569625000001 0.2681962031250001 0.7049050640625001 0.2681962031250001
19 0.7460443031249999 0.21677215156250007 0.7025316453125 0.21677215156250007 0.7025316453125 0.2681962031250001 0.7460443031249999 0.2681962031250001
19 0.30142405 0.2151898734375 0.26107595 0.2151898734375 0.26107595 0.271360759375 0.30142405 0.271360759375
19 0.83227848125 0.2357594937500001 0.7958860765625 0.2357594937500001 0.7958860765625 0.2674050640625001 0.83227848125 0.2674050640625001
19 0.791139240625 0.24050632968750008 0.7547468359375 0.24050632968750008 0.7547468359375 0.2721518984375001 0.791139240625 0.2721518984375001
19 0.5450949359374999 0.36234177187500005 0.5094936703124999 0.36234177187500005 0.5094936703124999 0.3916139234375001 0.5450949359374999 0.3916139234375001
19 0.507120253125 0.3655063296875001 0.4715189875 0.3655063296875001 0.4715189875 0.3908227843750001 0.507120253125 0.3908227843750001
19 0.8235759500000001 0.33702531718750006 0.7626582281250001 0.33702531718750006 0.7626582281250001 0.42484177187500016 0.8235759500000001 0.42484177187500016
19 0.8884493671874999 0.34018987343750007 0.8275316453125001 0.34018987343750007 0.8275316453125001 0.42563291093750016 0.8884493671874999 0.42563291093750016
19 0.7183544296875 0.35126582343750007 0.6851265828125 0.35126582343750007 0.6851265828125 0.4240506328125 0.7183544296875 0.4240506328125
19 0.6115506328125 0.3686708859375001 0.552215190625 0.3686708859375001 0.552215190625 0.424841771875 0.6115506328125 0.424841771875
19 0.6764240499999999 0.3702531640625001 0.6170886078125 0.3702531640625001 0.6170886078125 0.424841771875 0.6764240499999999 0.424841771875
19 0.7626582281250001 0.3750000000000001 0.719936709375 0.3750000000000001 0.719936709375 0.42642405000000005 0.7626582281250001 0.42642405000000017
19 0.510284809375 0.3939873421875001 0.47468354375 0.3939873421875001 0.47468354375 0.42325949375 0.510284809375 0.42325949375
19 0.5474683546875 0.3955696203125001 0.5110759500000001 0.3955696203125001 0.5110759500000001 0.42879746875 0.5474683546875 0.42879746875
19 0.7903481015625 0.4936708859375001 0.723101265625 0.49367088593749997 0.723101265625 0.5743670890625001 0.7903481015625 0.5743670890625002