19 0.7514494890625001 0.6176395437500001 0.6571098656250001 0.61763954375 0.6571098656250001 0.6703125000000001 0.7514494890625001 0.6703125000000002
19 0.6649960687500001 0.5973663515625 0.6162539312499999 0.5973663515625 0.6162539312499999 0.6901336484375 0.6649960687500001 0.6901336484375
19 0.8953125 0.6296875000000002 0.8153989781250001 0.6296875000000002 0.8153989781250001 0.6667944187500001 0.8953125 0.6667944187500001
19 0.825 0.6074538140625002 0.7896668640625 0.6074538140625002 0.7896668640625 0.6890625000000001 0.825 0.6890625000000001
19 0.9265625 0.6433126968750001 0.8724695359375 0.6433126968750001 0.8724695359375 0.6750000000000002 0.9265625 0.6750000000000002
19 0.9734375 0.6449931203125001 0.9161114390625 0.6449931203125001 0.9161114390625 0.6765625000000002 0.9734375 0.6765625000000002
19 0.3296875000000001 0.6384827046875 0.2875000000000001 0.6384827046875 0.2875000000000001 0.696875 0.3296875000000001 0.696875
19 0.2875000000000001 0.64786261875 0.23123525937500009 0.64786261875 0.23123525937500009 0.6921875 0.2875000000000001 0.6921875
19 0.2390625000000001 0.6499950859375 0.1850383250000001 0.6499950859375 0.1850383250000001 0.690625 0.2390625000000001 0.690625
19 0.18906250000000008 0.6491352203125 0.1335495281250001 0.6491352203125 0.1335495281250001 0.6921875 0.18906250000000008 0.6921875
19 0.1356869109375001 0.6451356140625 0.09087558906250008 0.6451356140625 0.09087558906250008 0.7 0.1356869109375001 0.7
19 0.39062500000000006 0.3047808578125001 0.2808716578125 0.30478085781250003 0.2808716578125 0.3765625 0.3906250000000001 0.3765625000000001
19 0.29531250000000003 0.2863797171875 0.228125 0.2863797171875 0.22812500000000005 0.39375 0.2953125000000001 0.39375
19 0.14206466250000008 0.293823703125 0.05637283906250005 0.29382370180474804 0.056372837500000016 0.395238796875 0.14206466093750003 0.395238798195252
19 0.22812500000000005 0.3097729953125 0.13741646875000005 0.3097729953125 0.13741646875000005 0.3890625 0.22812500000000008 0.3890625
19 0.87790880625 0.30950275156250007 0.794575471875 0.30950275156250007 0.794575471875 0.3890625000000001 0.87790880625 0.3890625000000001
19 0.9546875 0.30801886718750005 0.878414896875 0.30801886718750005 0.878414896875 0.3906250000000001 0.9546875 0.3906250000000001
19 0.7875 0.3287047953125001 0.7421875 0.3287047953125001 0.7421875 0.3921875000000001 0.7875 0.3921875000000001
19 0.7453125 0.3370430421875001 0.68325963125 0.3370430421875001 0.68325963125 0.3843750000000001 0.7453125 0.3843750000000001
19 0.6828125 0.3285279078125001 0.6397798734375 0.3285279078125001 0.6397798734375 0.3921875000000001 0.6828125 0.3921875000000001
19 0.7859375 0.46964917343750007 0.6859522390625 0.4696491734375 0.6859522390625 0.5203125000000001 0.7859375 0.5203125000000002
19 0.5953125 0.47101021875000004 0.49722386093750004 0.47101021875000004 0.49722386093750004 0.5203125 0.5953125 0.5203125
19 0.634153890625 0.44852102968749996 0.5799086078125 0.44852102968749996 0.5799086078125 0.5453125 0.634153890625 0.5453125
19 0.6921875 0.448123034375 0.64672759375 0.448123034375 0.64672759375 0.546875 0.6921875 0.546875
19 0.30937500000000007 0.474533215625 0.2533411953125001 0.474533215625 0.2533411953125001 0.55 0.30937500000000007 0.55
19 0.2578125000000001 0.48448309843750004 0.18230640625000005 0.48448309843750004 0.18230640625000005 0.540625 0.2578125000000001 0.540625
19 0.18593750000000006 0.4767197328125 0.13224744531250004 0.4767197328125 0.13224744531250004 0.55 0.1859375000000001 0.55
19 0.12500000000000006 0.47671481875 0.06778694843750008 0.47671481875 0.06778694843750008 0.5515625 0.12500000000000008 0.5515625
19 0.3296875000000001 0.58363305625 0.2881043625000001 0.58363305625 0.2881043625000001 0.6375 0.3296875000000001 0.6375
19 0.2828125000000001 0.5865566046875 0.23437500000000008 0.5865566046875 0.23437500000000008 0.6375 0.2828125000000001 0.6375
19 0.18750000000000008 0.5905758640625 0.13357409531250009 0.5905758640625 0.13357409531250009 0.6359375 0.18750000000000008 0.6359375
19 0.1375000000000001 0.59503734375 0.08417354687500007 0.59503734375 0.08417354687500009 0.6374901734375 0.1375000000000001 0.6374901734375