19 0.26015625 0.09531250000000002 0.2 0.09531250000000002 0.2 0.17109375000000004 0.26015625 0.17109375000000004
19 0.3296875 0.10468750000000004 0.26875 0.10468750000000004 0.26875 0.17187500000000006 0.3296875 0.17187500000000006
19 0.5890625 0.10625000000000007 0.5328125 0.10625000000000004 0.5328125 0.17500000000000007 0.5890625 0.1750000000000001
19 0.64765625 0.11250000000000009 0.59375 0.11250000000000009 0.59375 0.1710937500000001 0.64765625 0.1710937500000001
19 0.37734375 0.11093750000000005 0.334375 0.11093750000000005 0.334375 0.17500000000000004 0.37734375 0.17500000000000004
19 0.4203125 0.11250000000000004 0.3796875 0.11250000000000004 0.3796875 0.17343750000000005 0.4203125 0.17343750000000005
19 0.76171875 0.11562500000000009 0.7078125 0.11562500000000009 0.7078125 0.1742187500000001 0.76171875 0.1742187500000001
19 0.815625 0.11875000000000009 0.7640625 0.11875000000000009 0.7640625 0.1750000000000001 0.815625 0.1750000000000001
19 0.703125 0.12031250000000009 0.65 0.12031250000000009 0.65 0.17578125000000008 0.703125 0.17578125000000008
19 0.26171875 0.209375 0.234375 0.209375 0.234375 0.2734375 0.26171875 0.2734375
19 0.2921875 0.209375 0.2609375 0.209375 0.2609375 0.2734375 0.2921875 0.2734375
19 0.2046875 0.209375 0.17812500000000003 0.209375 0.17812500000000003 0.27578125 0.2046875 0.27578125
19 0.3484375 0.2125 0.31875 0.2125 0.31875 0.2734375 0.3484375 0.2734375
19 0.65703125 0.2093750000000001 0.6015625 0.2093750000000001 0.6015625 0.27812500000000007 0.65703125 0.27812500000000007
19 0.59921875 0.2093750000000001 0.54375 0.2093750000000001 0.54375 0.27812500000000007 0.59921875 0.27812500000000007
19 0.234375 0.2109375 0.2078125 0.2109375 0.2078125 0.27734375 0.234375 0.27734375
19 0.31953125 0.2125 0.2921875 0.2125 0.2921875 0.27734375 0.31953125 0.27734375
19 0.39140625 0.21562500000000004 0.3484375 0.215625 0.3484375 0.27421875000000007 0.39140625 0.27421875000000007
19 0.43828125 0.2171875000000001 0.39375 0.2171875000000001 0.39375 0.2757812500000001 0.43828125 0.2757812500000001
19 0.75703125 0.22031250000000008 0.70625 0.22031250000000008 0.70625 0.2765625000000001 0.75703125 0.2765625000000001
19 0.7046875 0.22031250000000008 0.6578125 0.22031250000000008 0.6578125 0.2765625000000001 0.7046875 0.2765625000000001
19 0.8125 0.22031250000000008 0.7609375 0.22031250000000008 0.7609375 0.2765625000000001 0.8125 0.2765625000000001
19 0.8703125 0.2218750000000001 0.81875 0.2218750000000001 0.81875 0.2773437500000001 0.8703125 0.2773437500000001
19 0.47265625 0.2328125000000001 0.4390625 0.2328125000000001 0.4390625 0.2773437500000001 0.47265625 0.2773437500000001
19 0.53984375 0.23437500000000008 0.5046875 0.23437500000000008 0.5046875 0.2750000000000001 0.53984375 0.2750000000000001
19 0.50625 0.23437500000000008 0.475 0.23437500000000008 0.475 0.2765625000000001 0.50625 0.2765625000000001
19 0.82421875 0.3125000000000001 0.7734375 0.3125000000000001 0.7734375 0.3578125000000001 0.82421875 0.3578125000000001
19 0.70546875 0.3234375000000001 0.678125 0.3234375000000001 0.678125 0.34843750000000007 0.70546875 0.34843750000000007
19 0.6484375 0.32500000000000007 0.621875 0.32500000000000007 0.621875 0.3500000000000001 0.6484375 0.3500000000000001
19 0.675 0.32500000000000007 0.65 0.32500000000000007 0.65 0.3500000000000001 0.675 0.3500000000000001
19 0.21796875000000004 0.3140625 0.18281250000000004 0.3140625 0.18281250000000004 0.3671875 0.2179687500000001 0.3671875
19 0.25468750000000007 0.3140625 0.21875 0.3140625 0.21875000000000006 0.36953125 0.25468750000000007 0.36953125
19 0.39375000000000004 0.32031250000000006 0.3515625 0.3203125 0.35156250000000006 0.37187500000000007 0.3937500000000001 0.37187500000000007
19 0.43828125 0.3203125000000001 0.3953125 0.3203125000000001 0.39531250000000007 0.3734375000000001 0.43828125 0.3734375000000001
19 0.48125 0.3203125000000001 0.4390625 0.3203125000000001 0.4390625 0.3742187500000001 0.48125 0.3742187500000001
19 0.52265625 0.3203125000000001 0.4796875 0.3203125000000001 0.4796875 0.3742187500000001 0.52265625 0.3742187500000001
19 0.28437500000000004 0.33125 0.253125 0.33125 0.25312500000000004 0.37109375 0.2843750000000001 0.37109375
19 0.34687500000000004 0.3328125 0.3140625 0.3328125 0.3140625 0.37265625 0.3468750000000001 0.37265625
19 0.31718750000000007 0.3328125 0.2859375 0.3328125 0.28593750000000007 0.37109375 0.31718750000000007 0.37109375
19 0.765625 0.3312500000000001 0.7171875 0.3312500000000001 0.7171875 0.3765625000000001 0.765625 0.3765625000000001
19 0.56015625 0.3359375000000001 0.525 0.3359375000000001 0.525 0.3742187500000001 0.56015625 0.3742187500000001
19 0.6234375 0.3343750000000001 0.5921875 0.3343750000000001 0.5921875 0.3750000000000001 0.6234375 0.3750000000000001
19 0.8765625 0.33281250000000007 0.8234375 0.33281250000000007 0.8234375 0.3773437500000001 0.8765625 0.3773437500000001
19 0.5921875 0.3359375000000001 0.559375 0.3359375000000001 0.559375 0.3765625000000001 0.5921875 0.3765625000000001
19 0.6546875 0.3500000000000001 0.628125 0.3500000000000001 0.628125 0.3750000000000001 0.6546875 0.3750000000000001
19 0.6828125 0.3515625000000001 0.65625 0.3515625000000001 0.65625 0.37578125000000007 0.6828125 0.37578125000000007
19 0.71328125 0.3515625000000001 0.6859375 0.3515625000000001 0.6859375 0.37578125000000007 0.71328125 0.37578125000000007