19 0.4375 0.060682189062500044 0.38594771250000004 0.060682189062500044 0.38594771250000004 0.10625000000000004 0.4375 0.10625000000000004
19 0.49842728750000004 0.06064644687500006 0.4453227125 0.06064644687500005 0.4453227125 0.10781250000000005 0.49842728750000004 0.10781250000000005
19 0.1591196890625 0.032812500000000015 0.08150531093749999 0.03281250000000001 0.0815053109375 0.1484375 0.1591196890625 0.1484375
19 0.24375 0.032955475000000026 0.1702308 0.032955475000000026 0.1702308 0.15000000000000002 0.24375 0.15000000000000005
19 0.378125 0.07217626718750005 0.32327410156249997 0.07217626718750005 0.32327410156249997 0.15468750000000003 0.378125 0.15468750000000003
19 0.915625 0.06093750000000011 0.83923100625 0.06093750000000011 0.83923100625 0.1593750000000001 0.915625 0.15937500000000013
19 0.3125 0.07031250000000003 0.25 0.07031250000000003 0.25 0.15156250000000004 0.3125 0.15156250000000004
19 0.85 0.0784007343750001 0.740625 0.07840073437500009 0.740625 0.1515625000000001 0.85 0.1515625000000001
19 0.7640625 0.09387255000000008 0.6870200171875 0.09387255000000008 0.6870200171875 0.15269607812500008 0.7640625 0.15269607812500008
19 0.68125 0.08333333281250008 0.62888071875 0.08333333281250008 0.62888071875 0.1666666671875001 0.68125 0.1666666671875001
19 0.4375 0.11282679687500004 0.38753574375 0.11282679687500004 0.38753574375 0.15937500000000004 0.4375 0.15937500000000004
19 0.490625 0.11369485312500005 0.44383680468750003 0.11369485312500005 0.44383680468750003 0.16250000000000003 0.490625 0.16250000000000003
19 0.8546875 0.5753421156250002 0.771875 0.5753421156250002 0.771875 0.6656250000000001 0.8546875 0.6656250000000001
19 0.7578125 0.5786866828125001 0.6628319046875 0.5786866828125 0.6628319046875 0.659375 0.7578125 0.6593750000000002
19 0.6609375 0.586335784375 0.58262356875 0.586335784375 0.58262356875 0.66875 0.6609375 0.66875
19 0.471875 0.5923202625 0.403125 0.5923202625 0.403125 0.66875 0.471875 0.66875
19 0.3828125000000001 0.598881740625 0.3100337000000001 0.598881740625 0.3100337000000001 0.6671875 0.3828125000000001 0.6671875
19 0.5640625 0.5927900328125 0.49058415 0.5927900328125 0.49058415 0.6734375 0.5640625 0.6734375
19 0.6171875000000002 0.745654615625 0.5507506125000001 0.745654615625 0.5507506125000001 0.8203125 0.6171875000000002 0.8203125