19 0.2747690640625 0.10055522812500003 0.223668434375 0.10055522812500003 0.223668434375 0.17288227187500005 0.2747690640625 0.17288227187500005
19 0.21540389218749997 0.10369005468750003 0.1611586078125 0.1036900546875 0.1611586078125 0.1728724453125 0.21540389218749997 0.17287244531250004
19 0.3484375 0.10807291718750005 0.2846992921875 0.10807291718750005 0.2846992921875 0.17500000000000004 0.3484375 0.17500000000000004
19 0.16655365625000002 0.1164160765625 0.10366057343749999 0.1164160765625 0.10366057343749999 0.169875196875 0.16655365625000002 0.169875196875
19 0.3328125 0.25183765625 0.2502604171875 0.25183765625 0.2502604171875 0.2890625 0.3328125 0.2890625
19 0.3546875 0.2308913125 0.3171875 0.2308913125 0.3171875 0.315625 0.3546875 0.315625
19 0.08906250000000003 0.269285575 0.027731918750000036 0.269285575 0.027731918750000036 0.2984375 0.08906250000000004 0.2984375
19 0.16718750000000004 0.253125 0.13269948906250004 0.253125 0.13269948906250004 0.315625 0.16718750000000004 0.315625
19 0.12343750000000005 0.254943003125 0.08911163437500003 0.254943003125 0.08911163437500004 0.3171875 0.12343750000000005 0.3171875
19 0.3062500000000001 0.378125 0.27777614062500006 0.378125 0.27777614062500006 0.4125 0.3062500000000001 0.4125
19 0.2640625000000001 0.3765625 0.2337460687500001 0.3765625 0.2337460687500001 0.415625 0.2640625000000001 0.415625
19 0.3437500000000001 0.38061615625 0.31718750000000007 0.38061615625 0.31718750000000007 0.4125 0.3437500000000001 0.4125
19 0.90625 0.35672169843750007 0.8423742140625 0.35672169843750007 0.8423742140625 0.45577830156250015 0.90625 0.45577830156250015
19 0.834375 0.35632370312500006 0.7712804640625001 0.35632370312500006 0.7712804640625001 0.4577387968750002 0.834375 0.4577387968750002
19 0.9763807 0.35632370312500006 0.9095568015625 0.35632370312500006 0.9095568015625 0.4577387968750002 0.9763807 0.4577387968750002
19 0.54375 0.3892000781250001 0.4714376953125 0.3892000781250001 0.4714376953125 0.4421875 0.54375 0.4421875
19 0.590625 0.3794467375000001 0.5390625 0.3794467375000001 0.5390625 0.4546875 0.590625 0.4546875
19 0.6484375 0.3794467375000001 0.595926690625 0.3794467375000001 0.595926690625 0.4546875 0.6484375 0.4546875
19 0.7046875 0.3790585687500001 0.652957940625 0.3790585687500001 0.652957940625 0.453125 0.7046875 0.453125
19 0.7654038921875 0.3794467375000001 0.711158609375 0.3794467375000001 0.711158609375 0.4546875000000001 0.7654038921875 0.4546875000000002
19 0.3859375000000001 0.39575471718750005 0.34152417656250006 0.3957547171875 0.34152417656250006 0.4515625 0.3859375000000001 0.4515625
19 0.484375 0.40278105468750003 0.4287834109375 0.40278105468750003 0.4287834109375 0.4484375 0.484375 0.4484375
19 0.43125 0.3982557000000001 0.3877505890625001 0.3982557000000001 0.3877505890625001 0.4546875 0.43125 0.4546875
19 0.2593750000000001 0.41505994375000005 0.22124115625000007 0.41505994375000005 0.22124115625000007 0.446875 0.2593750000000001 0.446875
19 0.3421875000000001 0.41506485781249997 0.3031250000000001 0.41506485781249997 0.3031250000000001 0.4484375 0.3421875000000001 0.4484375
19 0.2968750000000001 0.413330384375 0.2617678843750001 0.413330384375 0.2617678843750001 0.4515625 0.2968750000000001 0.4515625
19 0.3625000000000001 0.4828125 0.3125000000000001 0.4828125 0.3125000000000001 0.5546875 0.3625000000000001 0.5546875
19 0.728125 0.48125000000000007 0.652147209375 0.48125 0.652147209375 0.5546875000000001 0.728125 0.5546875000000002
19 0.8046875 0.4855640734375002 0.7302181609375 0.4855640734375002 0.7302181609375 0.5531250000000002 0.8046875 0.5531250000000002
19 0.3046875000000001 0.48400648593750006 0.2533264546875001 0.48400648593750006 0.2533264546875001 0.553125 0.3046875000000001 0.553125
19 0.4165585703125 0.484375 0.36781642968750006 0.484375 0.36781642968750006 0.55625 0.4165585703125 0.55625
19 0.884375 0.4805621062500002 0.8088295999999999 0.4805621062500002 0.8088295999999999 0.5607507875000002 0.884375 0.5607507875000002
19 0.25468750000000007 0.5040733078125 0.19905660312500004 0.5040733078125 0.19905660312500006 0.5453125 0.25468750000000007 0.5453125
19 0.9625 0.48748034687500014 0.8920597484374999 0.48748034687500014 0.8920597484374999 0.5609375000000002 0.9625 0.5609375000000002
19 0.15625000000000006 0.5055227984374999 0.09850137656250006 0.5055227984374999 0.09850137656250006 0.5453125 0.15625000000000008 0.5453125
19 0.10781250000000006 0.5046875 0.05204402500000007 0.5046875 0.05204402500000007 0.545096303125 0.10781250000000009 0.545096303125
19 0.653125 0.500014740625 0.5909689453125 0.500014740625 0.5909689453125 0.553125 0.653125 0.553125
19 0.2062500000000001 0.505454009375 0.15156250000000004 0.505454009375 0.15156250000000007 0.5453125 0.2062500000000001 0.5453125
19 0.59375 0.500373428125 0.536728578125 0.500373428125 0.536728578125 0.553125 0.59375 0.553125