19 0.3603830640625 3.865291459808834e-17 0.2708669359375 3.317163260907106e-17 0.2708669359375 0.09687500000000003 0.3603830640625 0.09687500000000004
19 0.73125 0.005267137500000086 0.66610383125 0.005267137500000082 0.66610383125 0.09687500000000009 0.73125 0.09687500000000009
19 0.653125 0.006502015625000077 0.584929434375 0.006502015625000072 0.584929434375 0.09682459687500009 0.653125 0.09682459687500009
19 0.4625 0.009778225000000052 0.3808215734375 0.009778225000000047 0.3808215734375 0.10000000000000005 0.4625 0.10000000000000005
19 0.575 0.018750000000000065 0.4825100796875 0.018750000000000062 0.4825100796875 0.09531250000000006 0.575 0.09531250000000006
19 0.8015625 0.034551410937500096 0.7400201609375 0.03455141093750009 0.7400201609375 0.0828125000000001 0.8015625 0.0828125000000001
19 0.8625 0.031350806250000106 0.8041834671875 0.0313508062500001 0.8041834671875 0.0828125000000001 0.8625 0.08281250000000011
19 0.978125 0.05332661250000011 0.926512096875 0.05332661250000011 0.926512096875 0.08906250000000011 0.978125 0.08906250000000011
19 0.91875 0.05330141093750011 0.86875 0.05330141093750011 0.86875 0.09062500000000011 0.91875 0.09062500000000011
19 0.40768649218749997 0.23077117031250002 0.3 0.2307711703125 0.3 0.29367439531250006 0.40768649218749997 0.2936743953125001
19 0.48427419374999997 0.2296875000000001 0.375403225 0.2296875000000001 0.375403225 0.2953125000000001 0.48427419374999997 0.2953125000000001
19 0.584375 0.2263608875000001 0.5339465734375 0.2263608875000001 0.5339465734375 0.3125000000000001 0.584375 0.3125000000000001
19 0.5234375 0.2257056453125001 0.4765625 0.2257056453125001 0.4765625 0.3156250000000001 0.5234375 0.3156250000000001
19 0.825 0.2418346781250001 0.7423891125 0.2418346781250001 0.7423891125 0.3031250000000001 0.825 0.3031250000000001
19 0.6890625 0.2514364921875001 0.6482106859375001 0.2514364921875001 0.6482106859375001 0.3109375000000001 0.6890625 0.3109375000000001
19 0.7484375 0.2607106843750001 0.6892893156250001 0.2607106843750001 0.6892893156250001 0.30156250000000007 0.7484375 0.30156250000000007
19 0.6359375 0.2497983875000001 0.5932459671875 0.2497983875000001 0.5932459671875 0.3109375000000001 0.6359375 0.3109375000000001
19 0.8796875 0.2518145156250001 0.8251260078125 0.2518145156250001 0.8251260078125 0.3109375000000001 0.8796875 0.3109375000000001
19 0.940625 0.2497983875000001 0.888407259375 0.2497983875000001 0.888407259375 0.3109375000000001 0.940625 0.3109375000000001
19 0.534375 0.3629788312500001 0.4421875 0.3629788312500001 0.4421875 0.45625 0.534375 0.45625
19 0.634375 0.3632560484375001 0.5448588703125 0.3632560484375001 0.5448588703125 0.459375 0.634375 0.459375
19 0.825 0.3887600812500001 0.7372731859375 0.3887600812500001 0.7372731859375 0.45625000000000016 0.825 0.45625000000000016
19 0.734375 0.39228830781250007 0.6453125 0.39228830781250007 0.6453125 0.4593750000000001 0.734375 0.4593750000000002