19 0.7061688312500001 0.03084415625000008 0.6461038968749999 0.030844156250000077 0.6461038968749999 0.11444805156250008 0.7061688312500001 0.11444805156250008
19 0.7629870125 0.0665584421875001 0.7126623375000001 0.0665584421875001 0.7126623375000001 0.11282467500000008 0.7629870125 0.11282467500000008
19 0.8198051953125001 0.0681818187500001 0.76948051875 0.0681818187500001 0.76948051875 0.11688311718750008 0.8198051953125001 0.11688311718750008
19 0.6038961031250001 0.20779220781250007 0.50649350625 0.20779220781250007 0.50649350625 0.3254870125000001 0.6038961031250001 0.3254870125000001
19 0.5 0.22077922031250008 0.40503246718749997 0.22077922031250008 0.40503246718749997 0.3271103890625001 0.5 0.3271103890625001
19 0.39448051875 0.22077922031250002 0.29545454531250004 0.2207792203125 0.29545454531250004 0.327922078125 0.39448051875 0.32792207812500007
19 0.3133116890625 3.3797070827757226e-17 0.2386363640625 2.922452594093031e-17 0.2386363640625 0.11201298750000004 0.3133116890625 0.11201298750000004
19 0.5616883109375 6.426413594459703e-17 0.487824675 5.974129267838478e-17 0.487824675 0.11525974062500007 0.5616883109375 0.11525974062500008
19 0.39448051875 0.001623376562500044 0.322240259375 0.0016233765625000395 0.322240259375 0.11363636406250004 0.39448051875 0.11363636406250004
19 0.641233765625 7.395594306663465e-17 0.5665584421875 6.938339827548326e-17 0.5665584421875 0.11607142812500008 0.641233765625 0.11607142812500008
19 0.6217532468750002 0.7792207796875 0.5551948046875002 0.7792207796875 0.5551948046875002 0.8482142859374999 0.6217532468750002 0.8482142859374999
19 0.47727272656249997 0.0016233765625000539 0.40503246718749997 0.0016233765625000493 0.40503246718749997 0.11282467500000004 0.47727272656249997 0.11282467500000004
19 0.5503246750000002 0.7857142859375 0.4740259734375002 0.7857142859375 0.4740259734375002 0.8547077921874999 0.5503246750000002 0.8547077921874999