19 0.42214532812499994 0.39792387500000004 0.34083045000000006 0.397923875 0.34083045000000006 0.5 0.42214532812499994 0.5
19 0.63321799375 0.3979238750000001 0.55968858125 0.3979238750000001 0.55968858125 0.5 0.63321799375 0.5
19 0.55363321875 0.4152249140625 0.4948096890625 0.4152249140625 0.4948096890625 0.5034602078125 0.55363321875 0.5034602078125
19 0.3321799312500001 0.418685121875 0.25605536406250007 0.418685121875 0.25605536406250007 0.5 0.3321799312500001 0.5
19 0.2474048437500001 0.418685121875 0.17560553593750003 0.418685121875 0.17560553593750003 0.498269896875 0.2474048437500001 0.498269896875
19 0.7439446359375 0.41522491406250006 0.692041521875 0.4152249140625 0.692041521875 0.5034602078125001 0.7439446359375 0.5034602078125002
19 0.683391003125 0.4152249140625 0.6366782 0.4152249140625 0.6366782 0.501730103125 0.683391003125 0.501730103125
19 0.09515570937500005 0.43598615937499996 0.03892733593750006 0.43598615937499996 0.03892733593750006 0.49740484374999994 0.09515570937500006 0.49740484374999994
19 0.16435986093750005 0.43598615937499996 0.10553633281250005 0.43598615937499996 0.10553633281250005 0.49740484374999994 0.16435986093750005 0.49740484374999994
19 0.4861591703125 0.43771626250000006 0.4299307953125 0.43771626250000006 0.4299307953125 0.4991349484375 0.4861591703125 0.4991349484375
19 0.03287197187500006 0.45674740468749997 5.593542471694077e-17 0.45674740468749997 5.837200571605608e-17 0.4965397921875 0.03287197187500006 0.4965397921875
19 0.3771626296875001 0.5622837374999999 0.2958477515625001 0.5622837374999999 0.2958477515625001 0.6686851218750001 0.3771626296875001 0.6686851218750001
19 0.2854671281250001 0.5622837374999999 0.19723183437500008 0.5622837374999999 0.19723183437500008 0.6686851218750001 0.2854671281250001 0.6686851218750001
19 0.69031141875 0.5761245671874999 0.59083045 0.5761245671874999 0.59083045 0.674740484375 0.69031141875 0.674740484375
19 0.19031141875000007 0.5847750859375 0.1133218000000001 0.5847750859375 0.1133218000000001 0.6669550171874999 0.19031141875000007 0.6669550171874999
19 0.80968858125 0.579584775 0.6989619375 0.579584775 0.6989619375 0.6738754328125001 0.80968858125 0.6738754328125002
19 0.9256055359375001 0.5882352937500002 0.8174740484375 0.5882352937500002 0.8174740484375 0.6747404843750002 0.9256055359375001 0.6747404843750002
19 0.1072664359375001 0.6038062281250001 0.047577854687500074 0.6038062281250001 0.047577854687500074 0.6652249140625 0.1072664359375001 0.6652249140625
19 0.039792387500000075 0.6038062281250001 7.394493645785178e-17 0.6038062281250001 7.770574631491158e-17 0.6652249140625 0.039792387500000075 0.6652249140625
19 0.47750865 0.6038062281250001 0.3858131484375001 0.6038062281250001 0.3858131484375001 0.670415225 0.47750865 0.670415225
19 0.5830449828125001 0.602076125 0.48356401406250005 0.602076125 0.48356401406250005 0.6712802765625 0.5830449828125001 0.6712802765625