19 0.76875 0.2511718750000001 0.678125 0.2511718750000001 0.678125 0.33281250000000007 0.76875 0.33281250000000007
19 0.2296875 0.253125 0.17148437500000005 0.253125 0.17148437500000005 0.3328125 0.2296875 0.3328125
19 0.3046875 0.264453125 0.2234375 0.264453125 0.2234375 0.3203125 0.3046875 0.3203125
19 0.6796875 0.2640625000000001 0.603125 0.2640625000000001 0.603125 0.34062500000000007 0.6796875 0.34062500000000007
19 0.846484375 0.2675781250000001 0.766015625 0.2675781250000001 0.766015625 0.3359375000000001 0.846484375 0.3359375000000001
19 0.9234375 0.2671875000000001 0.847265625 0.2671875000000001 0.847265625 0.34062500000000007 0.9234375 0.34062500000000007
19 0.346875 0.278125 0.2984375 0.278125 0.2984375 0.334375 0.346875 0.334375
19 0.3984375 0.28437500000000004 0.342578125 0.284375 0.342578125 0.32812500000000006 0.3984375 0.3281250000000001
19 0.4890625 0.2777343750000001 0.444921875 0.2777343750000001 0.444921875 0.3359375000000001 0.4890625 0.3359375000000001
19 0.6015625 0.2828125000000001 0.542578125 0.2828125000000001 0.542578125 0.33281250000000007 0.6015625 0.33281250000000007
19 0.54375 0.27812500000000007 0.49375 0.27812500000000007 0.49375 0.3375000000000001 0.54375 0.3375000000000001
19 0.4375 0.30156250000000007 0.398828125 0.30156250000000007 0.398828125 0.3343750000000001 0.4375 0.3343750000000001