19 0.5140625 0.12198733593750004 0.4383935859375 0.12198733593750004 0.4383935859375 0.16562500000000005 0.5140625 0.16562500000000005
19 0.5498110703125 0.10937500000000007 0.5048764296875 0.10937500000000004 0.5048764296875 0.18437500000000007 0.5498110703125 0.1843750000000001
19 0.6201797390625 0.12749183125000008 0.542565359375 0.12749183125000005 0.542565359375 0.17031250000000006 0.6201797390625 0.1703125000000001
19 0.671875 0.1296875000000001 0.5959507765625001 0.1296875000000001 0.5959507765625001 0.17187500000000008 0.671875 0.17187500000000008
19 0.7046875 0.1161815765625001 0.6616217328125 0.1161815765625001 0.6616217328125 0.19531250000000008 0.7046875 0.19531250000000008
19 0.4515625 0.42155841406250005 0.3703125000000001 0.42155841406250005 0.3703125000000001 0.4953125 0.4515625 0.4953125
19 0.53125 0.41811172343749997 0.4546875 0.41811172343749997 0.4546875 0.5 0.53125 0.5
19 0.8765012249999999 0.4302134406250002 0.780095996875 0.4302134406250002 0.780095996875 0.5093750000000001 0.8765012249999999 0.5093750000000001
19 0.7046875 0.4287683828125 0.623268996875 0.4287683828125 0.623268996875 0.5125 0.7046875 0.5125
19 0.621875 0.4342728765625 0.5397212 0.4342728765625 0.5397212 0.5078125 0.621875 0.5078125
19 0.7921875 0.4310712828125001 0.701664625 0.4310712828125 0.701664625 0.5093750000000001 0.7921875 0.5093750000000001
19 0.9578125 0.4265625000000002 0.8748161765625 0.4265625000000002 0.8748161765625 0.5218750000000002 0.9578125 0.5218750000000002
19 0.9984375 0.4295904828125002 0.9540287984375 0.4295904828125002 0.9540287984375 0.5265625000000002 0.9984375 0.5265625000000002
19 0.4578125 0.54616013125 0.41629391406250005 0.54616013125 0.41629391406250005 0.5796875 0.4578125 0.5796875
19 0.49375 0.54675245 0.462117034375 0.54675245 0.462117034375 0.5828125 0.49375 0.5828125
19 0.534375 0.543295546875 0.5012969765624999 0.543295546875 0.5012969765624999 0.584375 0.534375 0.584375
19 0.09218750000000006 0.548115809375 0.017800245312500067 0.548115809375 0.017800245312500067 0.6046875 0.09218750000000006 0.6046875
19 0.14959661093750007 0.5411560468750001 0.08668811406250007 0.5411560468750001 0.08668811406250007 0.615625 0.1495966109375001 0.615625
19 0.2169883578125001 0.551792278125 0.1442759406250001 0.551792278125 0.1442759406250001 0.6122497953125 0.2169883578125001 0.6122497953125
19 0.2718750000000001 0.5446027359375 0.2120966078125001 0.5446027359375 0.2120966078125001 0.6203125 0.2718750000000001 0.6203125
19 0.3703125000000001 0.575 0.3173406859375001 0.575 0.3173406859375001 0.61875 0.3703125000000001 0.61875
19 0.3140625000000001 0.5703125 0.2712826796875001 0.5703125 0.2712826796875001 0.6234375 0.3140625000000001 0.6234375
19 0.6046875 0.5681321484375 0.5335580078125 0.5681321484375 0.5335580078125 0.625 0.6046875 0.625
19 0.4203125 0.5763939953125 0.3651858656250001 0.5763939953125 0.3651858656250001 0.6203125 0.4203125 0.6203125
19 0.6625 0.570848653125 0.5938725484375 0.570848653125 0.5938725484375 0.628125 0.6625 0.628125
19 0.725 0.5765625 0.6521088640625 0.5765625 0.6521088640625 0.63125 0.725 0.63125
19 0.785534109375 0.5772416250000001 0.712821690625 0.577241625 0.712821690625 0.6343750000000001 0.785534109375 0.6343750000000001
19 0.8390625 0.5753012656250002 0.7793045328125 0.5753012656250002 0.7793045328125 0.6453125000000002 0.8390625 0.6453125000000002
19 0.4546875 0.594199346875 0.41622242812500004 0.594199346875 0.41622242812500004 0.628125 0.4546875 0.628125
19 0.9109375 0.5812551062500002 0.8367647046875 0.5812551062500002 0.8367647046875 0.6421875000000001 0.9109375 0.6421875000000001
19 0.496875 0.5969056375 0.4578125 0.5969056375 0.4578125 0.6296875 0.496875 0.6296875
19 0.9765625 0.5880923203125001 0.9027573515625 0.5880923203125001 0.9027573515625 0.6421875000000001 0.9765625 0.6421875000000001
19 0.5390625 0.596461396875 0.49869791562500004 0.596461396875 0.49869791562500004 0.63125 0.5390625 0.63125
19 1 0.5855698531250002 0.9707261031250001 0.5855698531250002 0.9707261031250001 0.6562500000000002 1 0.6562500000000002
19 0.4687500000000001 0.6880565765625 0.3968750000000001 0.6880565765625 0.3968750000000001 0.76875 0.46875000000000017 0.76875
19 0.6263378265625 0.6929942812500001 0.5421875 0.6929942812500001 0.5421875 0.7671875 0.6263378265625001 0.7671875
19 0.5453125000000001 0.6943576390625 0.466988359375 0.6943576390625 0.46698835937500005 0.76707005625 0.5453125000000002 0.76707005625
19 0.7000000000000001 0.7002604171875 0.6178206687500001 0.7002604171875 0.6178206687500001 0.7703125 0.7000000000000002 0.7703125
19 0.7531250000000002 0.726848446875 0.6802032265625002 0.7268484468749999 0.6802032265625002 0.7515625000000001 0.7531250000000002 0.7515625000000001
19 0.7843750000000002 0.7316176468750001 0.7133578437500001 0.731617646875 0.7133578437500001 0.7562500000000001 0.7843750000000002 0.7562500000000002
19 0.7984375000000001 0.7078125000000002 0.7734375 0.7078125000000002 0.7734375000000001 0.7796875000000002 0.7984375000000001 0.7796875000000002
19 0.9328125 0.7343750000000002 0.8609681374999999 0.7343750000000002 0.8609681374999999 0.7593750000000001 0.9328125 0.7593750000000001
19 0.896875 0.7350592312500002 0.8234375 0.7350592312500002 0.8234375 0.7593750000000001 0.896875 0.7593750000000001
19 0.98125 0.7110855796875002 0.95625 0.7110855796875002 0.95625 0.7843750000000002 0.98125 0.7843750000000002
19 0.8328125 0.7107128265625001 0.8101051874999999 0.7107128265625001 0.8101051874999999 0.7843750000000002 0.8328125 0.7843750000000002
19 0.946875 0.7103758171875001 0.9193831703124999 0.7103758171875001 0.9193831703124999 0.7875000000000002 0.946875 0.7875000000000002