19 0.09843750000000004 0.159375 0.03476562500000002 0.159375 0.03476562500000003 0.2890625 0.09843750000000004 0.2890625
19 0.3625 0.204296875 0.252734375 0.204296875 0.252734375 0.2546875 0.3625 0.2546875
19 0.2421875 0.203515625 0.13593750000000004 0.203515625 0.13593750000000004 0.25625 0.2421875 0.25625
19 0.925 0.20859375000000008 0.849609375 0.20859375000000008 0.849609375 0.2515625000000001 0.925 0.2515625000000001
19 0.8546875 0.1902343750000001 0.812109375 0.1902343750000001 0.812109375 0.27031250000000007 0.8546875 0.27031250000000007
19 0.3046875 0.20625 0.19531250000000006 0.20625 0.19531250000000006 0.259375 0.3046875 0.259375
19 0.15625000000000003 0.18125 0.106640625 0.18125 0.10664062500000002 0.2859375 0.15625000000000006 0.2859375
19 0.7984375 0.19687500000000008 0.754296875 0.19687500000000008 0.754296875 0.2734375000000001 0.7984375 0.2734375000000001
19 0.5125 0.4015625 0.440625 0.4015625 0.440625 0.4546875 0.5125 0.4546875
19 0.66875 0.3878906250000001 0.6171875 0.3878906250000001 0.6171875 0.4578125 0.66875 0.4578125
19 0.625 0.3984375000000001 0.5515625 0.3984375000000001 0.5515625 0.45 0.625 0.45
19 0.559375 0.3890625000000001 0.50625 0.3890625000000001 0.50625 0.4625 0.559375 0.4625
19 0.8140625 0.40937500000000016 0.770703125 0.40937500000000016 0.770703125 0.45312500000000017 0.8140625 0.45312500000000017
19 0.715625 0.411328125 0.671484375 0.411328125 0.671484375 0.454296875 0.715625 0.454296875
19 0.765625 0.4085937500000002 0.725390625 0.4085937500000002 0.725390625 0.45312500000000017 0.765625 0.45312500000000017
19 0.3906250000000001 0.5125 0.3140625000000001 0.5125 0.3140625000000001 0.615625 0.3906250000000001 0.615625
19 0.3218750000000001 0.521875 0.21835937500000008 0.521875 0.21835937500000008 0.60625 0.3218750000000001 0.60625
19 0.4875 0.526171875 0.3878906250000001 0.526171875 0.3878906250000001 0.6046875 0.4875 0.6046875
19 0.2296875000000001 0.5234375 0.14218750000000005 0.5234375 0.14218750000000008 0.6171875 0.2296875000000001 0.6171875
19 0.553125 0.5453125 0.474609375 0.5453125 0.474609375 0.6046875 0.553125 0.6046875
19 0.6203125 0.545703125 0.540625 0.545703125 0.540625 0.60625 0.6203125 0.60625
19 0.8765625 0.5468750000000002 0.8 0.5468750000000002 0.8 0.6078125000000002 0.8765625 0.6078125000000002
19 0.7265625 0.540234375 0.662109375 0.540234375 0.662109375 0.6140625000000001 0.7265625 0.6140625000000002
19 0.8015625 0.5472656250000002 0.73125 0.5472656250000002 0.73125 0.6109375000000001 0.8015625 0.6109375000000001
19 0.6625 0.560546875 0.60546875 0.560546875 0.60546875 0.60625 0.6625 0.60625