19 0.315625 0.14726562500000004 0.258203125 0.14726562500000004 0.258203125 0.201171875 0.315625 0.201171875
19 0.4046875 0.24492187500000004 0.344921875 0.244921875 0.344921875 0.32031250000000006 0.4046875 0.3203125000000001
19 0.5390625 0.2484375000000001 0.481640625 0.2484375000000001 0.481640625 0.3218750000000001 0.5390625 0.3218750000000001
19 0.475 0.2515625000000001 0.4140625 0.2515625000000001 0.4140625 0.32500000000000007 0.475 0.32500000000000007
19 0.6109375 0.2582031250000001 0.537109375 0.2582031250000001 0.537109375 0.3156250000000001 0.6109375 0.3156250000000001
19 0.303125 0.26484375 0.23671875 0.26484375 0.23671875 0.3109375 0.303125 0.3109375
19 0.340625 0.2546875 0.2984375 0.2546875 0.2984375 0.3234375 0.340625 0.3234375
19 0.17187500000000006 0.265625 0.14375000000000004 0.265625 0.14375000000000004 0.31875 0.17187500000000006 0.31875
19 0.13593750000000004 0.2671875 0.10351562500000004 0.2671875 0.10351562500000004 0.3203125 0.13593750000000004 0.3203125
19 0.21875 0.2796875 0.16601562500000006 0.2796875 0.16601562500000006 0.3078125 0.21875 0.3078125
19 0.24375 0.26875 0.2125 0.26875 0.2125 0.321875 0.24375 0.321875
19 0.409375 0.3500000000000001 0.369140625 0.3500000000000001 0.36914062500000006 0.3843750000000001 0.409375 0.3843750000000001
19 0.446875 0.3531250000000001 0.40625 0.3531250000000001 0.40625 0.3843750000000001 0.446875 0.3843750000000001
19 0.2656250000000001 0.371875 0.23789062500000008 0.371875 0.23789062500000008 0.4015625 0.2656250000000001 0.4015625
19 0.2328125000000001 0.371875 0.19687500000000005 0.371875 0.19687500000000005 0.403125 0.2328125000000001 0.403125
19 0.3000000000000001 0.3734375 0.27031250000000007 0.3734375 0.27031250000000007 0.403125 0.3000000000000001 0.403125
19 0.33281250000000007 0.375 0.3042968750000001 0.375 0.3042968750000001 0.40390625 0.33281250000000007 0.40390625
19 0.3671875000000001 0.37500000000000006 0.3375000000000001 0.375 0.3375000000000001 0.4046875 0.3671875000000001 0.4046875
19 0.784375 0.3730468750000001 0.715234375 0.3730468750000001 0.715234375 0.4296875000000001 0.784375 0.42968750000000017
19 0.71875 0.3765625000000001 0.655078125 0.3765625000000001 0.655078125 0.434375 0.71875 0.434375
19 0.534375 0.3750000000000001 0.491015625 0.3750000000000001 0.491015625 0.4390625 0.534375 0.4390625
19 0.6546875 0.3789062500000001 0.59140625 0.3789062500000001 0.59140625 0.434375 0.6546875 0.434375
19 0.4875 0.3750000000000001 0.4453125 0.3750000000000001 0.4453125 0.4390625 0.4875 0.4390625
19 0.89375 0.3882812500000001 0.838671875 0.3882812500000001 0.838671875 0.42968750000000017 0.89375 0.42968750000000017
19 0.590625 0.38359375000000007 0.533203125 0.38359375000000007 0.533203125 0.4328125 0.590625 0.4328125
19 0.8390625 0.3832031250000001 0.781640625 0.3832031250000001 0.781640625 0.4339843750000002 0.8390625 0.4339843750000002
19 0.4078125 0.39843750000000006 0.3605468750000001 0.3984375 0.3605468750000001 0.42734375 0.4078125 0.42734375
19 0.4453125 0.3960937500000001 0.3980468750000001 0.3960937500000001 0.3980468750000001 0.43125 0.4453125 0.43125
19 0.2234375000000001 0.403125 0.19492187500000005 0.403125 0.19492187500000005 0.43828125 0.2234375000000001 0.43828125
19 0.2578125000000001 0.40625 0.2316406250000001 0.40625 0.2316406250000001 0.4359375 0.2578125000000001 0.4359375
19 0.29375000000000007 0.4078125 0.2640625000000001 0.4078125 0.2640625000000001 0.4375 0.29375000000000007 0.4375
19 0.3261718750000001 0.408203125 0.2972656250000001 0.408203125 0.2972656250000001 0.434375 0.3261718750000001 0.434375
19 0.3625000000000001 0.406640625 0.3343750000000001 0.406640625 0.3343750000000001 0.4375 0.3625000000000001 0.4375