19 0.7484375 0.6171875000000001 0.6546875 0.6171875 0.6546875 0.6703125000000001 0.7484375 0.6703125000000002
19 0.6625 0.596875 0.6140625 0.596875 0.6140625 0.6890625 0.6625 0.6890625
19 0.890625 0.6289062500000002 0.81171875 0.6289062500000002 0.81171875 0.6656250000000001 0.890625 0.6656250000000001
19 0.821875 0.6066406250000002 0.7859375 0.6066406250000002 0.7859375 0.6875000000000002 0.821875 0.6875000000000002
19 0.9125 0.6308593750000002 0.880078125 0.6308593750000002 0.880078125 0.6859375000000002 0.9125 0.6859375000000002
19 0.9703125 0.6437500000000002 0.9125 0.6437500000000002 0.9125 0.6765625000000002 0.9703125 0.6765625000000002
19 0.3296875000000001 0.637890625 0.2875000000000001 0.637890625 0.2875000000000001 0.696875 0.3296875000000001 0.696875
19 0.2875000000000001 0.64765625 0.2308593750000001 0.64765625 0.2308593750000001 0.690625 0.2875000000000001 0.690625
19 0.2406250000000001 0.648828125 0.1859375000000001 0.648828125 0.1859375000000001 0.690625 0.2406250000000001 0.690625
19 0.1843750000000001 0.6421875 0.14062500000000008 0.6421875 0.14062500000000008 0.6984375 0.1843750000000001 0.6984375
19 0.1359375000000001 0.64375 0.0925781250000001 0.64375 0.0925781250000001 0.7 0.1359375000000001 0.7
19 0.38906250000000003 0.30546875000000007 0.28046875 0.30546875 0.28046875000000004 0.37812500000000004 0.3890625000000001 0.3781250000000001
19 0.29531250000000003 0.2875 0.228125 0.2875 0.22812500000000005 0.3953125 0.2953125000000001 0.3953125
19 0.15000000000000005 0.302734375 0.05039062500000004 0.302734375 0.05039062500000004 0.3875 0.15000000000000005 0.3875
19 0.22890625000000003 0.310546875 0.13750000000000004 0.310546875 0.13750000000000004 0.3890625 0.2289062500000001 0.3890625
19 0.871875 0.30937500000000007 0.7921875 0.30937500000000007 0.7921875 0.3921875000000001 0.871875 0.3921875000000001
19 0.9515625 0.30937500000000007 0.875 0.30937500000000007 0.875 0.3921875000000001 0.9515625 0.3921875000000001
19 0.784375 0.3296875000000001 0.7390625 0.3296875000000001 0.7390625 0.3937500000000001 0.784375 0.3937500000000001
19 0.7359375 0.3312500000000001 0.6875 0.3312500000000001 0.6875 0.3937500000000001 0.7359375 0.3937500000000001
19 0.68125 0.3296875000000001 0.6375 0.3296875000000001 0.6375 0.3937500000000001 0.68125 0.3937500000000001
19 0.7578125 0.4449218750000001 0.707421875 0.444921875 0.707421875 0.5453125000000001 0.7578125 0.5453125000000002
19 0.5921875 0.470703125 0.496484375 0.470703125 0.496484375 0.51875 0.5921875 0.51875
19 0.63125 0.448046875 0.578515625 0.448046875 0.578515625 0.5453125 0.63125 0.5453125
19 0.690625 0.4484375 0.64375 0.4484375 0.64375 0.5484375 0.690625 0.5484375
19 0.30937500000000007 0.475390625 0.2531250000000001 0.475390625 0.2531250000000001 0.55 0.30937500000000007 0.55
19 0.2484375000000001 0.475 0.19218750000000004 0.475 0.19218750000000007 0.55 0.2484375000000001 0.55
19 0.18750000000000006 0.4765625 0.13281250000000006 0.4765625 0.13281250000000006 0.55 0.18750000000000008 0.55
19 0.12656250000000008 0.476953125 0.06875000000000006 0.476953125 0.06875000000000006 0.5515625 0.12656250000000008 0.5515625
19 0.3296875000000001 0.583203125 0.2875000000000001 0.583203125 0.2875000000000001 0.6359375 0.3296875000000001 0.6359375
19 0.2843750000000001 0.5875 0.2328125000000001 0.5875 0.2328125000000001 0.6359375 0.2843750000000001 0.6359375
19 0.1843750000000001 0.585546875 0.1375000000000001 0.585546875 0.1375000000000001 0.6390625 0.1843750000000001 0.6390625
19 0.13281250000000008 0.5890625 0.09062500000000007 0.5890625 0.09062500000000008 0.6421875 0.13281250000000008 0.6421875