19 0.674603175 0.3730158734375001 0.6269841265625 0.3730158734375001 0.6269841265625 0.5492063484374999 0.674603175 0.5492063484374999
19 0.83174603125 0.42539682500000014 0.7912698406249999 0.42539682500000014 0.7912698406249999 0.5460317453125001 0.83174603125 0.5460317453125001
19 0.7857142859375 0.42539682500000014 0.746825396875 0.42539682500000014 0.746825396875 0.5460317453125001 0.7857142859375 0.5460317453125001
19 0.3412698406250001 0.6269841265625 0.2912698406250001 0.6269841265625 0.2912698406250001 0.8238095234375 0.3412698406250001 0.8238095234375
19 1 0.6349206343750001 0.924603175 0.6349206343750001 0.924603175 0.81825396875 1 0.81825396875
19 0.91904761875 0.6507936515625002 0.827777778125 0.6507936515625002 0.827777778125 0.8111111109375001 0.91904761875 0.8111111109375001
19 0.4936507937500001 0.652380953125 0.41031746093750004 0.652380953125 0.4103174609375001 0.8230158734374999 0.4936507937500002 0.8230158734374999
19 0.8238095234375 0.6873015875000001 0.740476190625 0.6873015875000001 0.7404761906250001 0.8214285718750001 0.8238095234375 0.8214285718750001
19 0.22380952343750007 0.6730158734375 0.16031746093750007 0.6730158734375 0.16031746093750007 0.8388888890624999 0.22380952343750007 0.8388888890624999
19 0.4095238093750001 0.6888888890625 0.34365079375000007 0.6888888890625 0.34365079375000007 0.8301587296875 0.40952380937500016 0.8301587296875
19 0.7396825390625 0.7031746031250001 0.6873015875 0.703174603125 0.6873015875000001 0.8230158734374999 0.7396825390625001 0.8230158734374999
19 0.27936507968750013 0.7142857140625 0.2269841265625001 0.7142857140625 0.2269841265625001 0.834126984375 0.27936507968750013 0.834126984375
19 0.16031746093750007 0.75555555625 0.1198412703125001 0.75555555625 0.1198412703125001 0.827777778125 0.16031746093750007 0.827777778125