19 0.7390625000000002 0.89683925625 0.6832618453125001 0.89683925625 0.6832618453125001 0.93125 0.7390625000000002 0.93125
19 0.6031250000000001 0.8923457921875 0.5656198937500002 0.8923457921875 0.5656198937500002 0.940625 0.6031250000000001 0.940625
19 0.6640625000000002 0.8891135625000001 0.6297538812500002 0.8891135625000001 0.6297538812500002 0.9421875 0.6640625000000002 0.9421875
19 0.07500000000000011 0.9 1.1021821192326179e-16 0.9 1.1481063742006435e-16 0.975 0.07500000000000011 0.975
19 0.16093750000000012 0.90244076875 0.0798866421875001 0.90244076875 0.0798866421875001 0.9765625 0.16093750000000012 0.9765625
19 0.5171875000000001 0.8976511453124999 0.43883272031250015 0.8976511453124999 0.43883272031250015 0.98125 0.5171875000000001 0.98125
19 0.2500000000000001 0.9015625 0.1700878265625001 0.9015625 0.17008782656250013 0.9765625 0.2500000000000001 0.9765625
19 0.3341196890625001 0.905050040625 0.25650531093750006 0.905050040625 0.25650531093750006 0.977762459375 0.3341196890625001 0.977762459375
19 0.4187500000000002 0.903125 0.3458026953125001 0.903125 0.3458026953125001 0.98125 0.4187500000000002 0.98125
19 0.5765625000000002 0.9435100078125 0.5277573531250002 0.9435100078125 0.5277573531250002 0.98125 0.5765625000000002 0.98125
19 0.6281250000000002 0.9451797375 0.5816227546875001 0.9451797375 0.5816227546875001 0.98125 0.6281250000000002 0.98125
19 0.7593750000000001 0.9441176468749999 0.7026194859375001 0.9441176468749999 0.7026194859375001 0.980882353125 0.7593750000000001 0.980882353125
19 0.6854473046875003 0.9368668296875 0.6462316171875002 0.9368668296875 0.6462316171875002 0.9890625 0.6854473046875003 0.9890625
19 0.5375000000000001 0.6553410937499999 0.4470179734375 0.6553410937499999 0.44701797343750005 0.7607332515625 0.5375000000000002 0.7607332515625
19 0.64375 0.6606924015625 0.559012459375 0.6606924015625 0.5590124593750001 0.759375 0.6437500000000002 0.759375
19 0.8890625 0.6671875000000002 0.7796875 0.6671875000000002 0.7796875000000001 0.7625000000000002 0.8890625 0.7625000000000002
19 0.9999080875 0.6703125000000002 0.8969669124999999 0.6703125000000002 0.8969669124999999 0.7609375000000002 0.9999080875 0.7609375000000002
19 0.7734375000000001 0.6703125000000001 0.6611519609375 0.6703125 0.6611519609375001 0.7609375 0.7734375000000002 0.7609375000000002
19 0.44818219062500014 0.6799428109375001 0.3705678093750001 0.6799428109375001 0.3705678093750001 0.75625 0.4481821906250002 0.75625
19 0.3656250000000001 0.6796875 0.29375000000000007 0.6796875 0.29375000000000007 0.759375 0.3656250000000001 0.759375
19 0.2765625000000001 0.69375 0.21921466406250006 0.69375 0.21921466406250006 0.7625 0.2765625000000001 0.7625
19 0.2078125000000001 0.7013939953125 0.15000000000000008 0.7013939953125 0.15000000000000008 0.7609375 0.2078125000000001 0.7609375
19 0.08125000000000009 0.6997957515625 0.01969975468750009 0.6997957515625 0.019699754687500095 0.7609375 0.08125000000000009 0.7609375
19 0.1437500000000001 0.7005667890625 0.08658088437500008 0.7005667890625 0.08658088437500008 0.7609375 0.1437500000000001 0.7609375