19 0.5047923328125 0.27955271562500006 0.4361022359375 0.27955271562500006 0.4361022359375 0.3338658140625001 0.5047923328125 0.3338658140625001
19 0.5798722046875 0.2811501593750001 0.515974440625 0.2811501593750001 0.515974440625 0.3338658140625001 0.5798722046875 0.3338658140625001
19 0.16134185312500005 0.281150159375 0.09265175781250004 0.281150159375 0.09265175781250004 0.335463259375 0.16134185312500005 0.335463259375
19 0.4313099046875 0.2811501593750001 0.36980830625 0.2811501593750001 0.36980830625 0.3354632593750001 0.4313099046875 0.3354632593750001
19 0.3626198078125 0.281150159375 0.2987220453125 0.281150159375 0.2987220453125 0.335463259375 0.3626198078125 0.335463259375
19 0.29712459999999996 0.281150159375 0.23162939374999997 0.281150159375 0.23162939374999997 0.335463259375 0.29712459999999996 0.335463259375
19 0.22843450468749998 0.28274760312499997 0.15974440937500006 0.28274760312499997 0.15974440937500006 0.337060703125 0.22843450468749998 0.337060703125
19 0.08785942500000005 0.281150159375 0.021565495312500033 0.281150159375 0.021565495312500037 0.337859425 0.08785942500000005 0.337859425
19 0.2859424921875001 0.3881789140625 0.2428115015625001 0.3881789140625 0.2428115015625001 0.42172523906250003 0.2859424921875001 0.42172523906250003
19 0.17571885000000004 0.38977635781250003 0.13658147031250006 0.38977635781250003 0.13658147031250006 0.423322684375 0.17571885000000004 0.423322684375
19 0.2332268375000001 0.38977635781250003 0.18929712500000004 0.38977635781250003 0.18929712500000004 0.42412140625 0.2332268375000001 0.42412140625
19 0.13099041562500005 0.399361021875 0.08306709218750005 0.399361021875 0.08306709218750005 0.426517571875 0.13099041562500005 0.426517571875
19 0.08306709218750005 0.40095846718750006 0.03913737968750004 0.40095846718750006 0.03913737968750005 0.426517571875 0.08306709218750005 0.426517571875
19 0.5399361015624999 0.55591054375 0.48003194843749997 0.55591054375 0.48003194843749997 0.6222044734375001 0.5399361015624999 0.6222044734375001
19 0.47763578281249996 0.5575079875 0.41773162968750005 0.5575079875 0.41773162968750005 0.6214057515625 0.47763578281249996 0.6214057515625
19 0.9041533546875 0.5718849843750002 0.8426517578125001 0.5718849843750002 0.8426517578125001 0.6182108625000001 0.9041533546875 0.6182108625000001
19 0.4089456875 0.5814696484375 0.3746006390625001 0.5814696484375 0.3746006390625001 0.6182108625 0.4089456875 0.6182108625
19 0.3658146968750001 0.5830670921875 0.3298722046875001 0.5830670921875 0.3298722046875001 0.61980830625 0.3658146968750001 0.61980830625
19 0.27795527187500013 0.5830670921875 0.2420127796875001 0.5830670921875 0.2420127796875001 0.61980830625 0.27795527187500013 0.61980830625
19 0.3194888171875001 0.5830670921875 0.28514377031250004 0.5830670921875 0.28514377031250004 0.619009584375 0.3194888171875001 0.619009584375