19 0.9890625 0.2296875000000001 0.867966065625 0.2296875000000001 0.867966065625 0.3000000000000001 0.9890625 0.3000000000000001
19 0.90625 0.2313815500000001 0.7872986484375 0.2313815500000001 0.7872986484375 0.3044056046875001 0.90625 0.3044056046875001
19 1 0.26492160625000005 0.9396370265625 0.26492160625000005 0.9396370265625 0.2921875000000001 1 0.2921875000000001
19 0.9139739046875001 0.3797411937500001 0.8469635953125 0.3797411937500001 0.8469635953125 0.47187500000000016 0.9139739046875001 0.47187500000000016
19 0.5744845375 0.3750000000000001 0.5255154640625 0.3750000000000001 0.5255154640625 0.4796875 0.5744845375 0.4796875
19 0.27812500000000007 0.3984375 0.19425472500000004 0.3984375 0.19425472500000004 0.4825010734375 0.27812500000000007 0.4825010734375
19 0.3593750000000001 0.40036511875 0.2767289515625001 0.40036511875 0.2767289515625001 0.48112113437500004 0.3593750000000001 0.48112113437500004
19 0.8515625 0.41718750000000016 0.7833279640625 0.41718750000000016 0.7833279640625 0.4656250000000002 0.8515625 0.4656250000000002
19 0.10756282187500003 0.39790324374999997 0.01907485000000005 0.39790324374999997 0.019074850000000053 0.4828125 0.10756282187500003 0.4828125
19 0.5296875 0.421198453125 0.45800311406249994 0.421198453125 0.45800311406249994 0.4640625 0.5296875 0.4640625
19 0.79375 0.41718750000000016 0.7261222078125 0.41718750000000016 0.7261222078125 0.4656250000000002 0.79375 0.4656250000000002
19 0.19524269843750003 0.4024699328125 0.11190936406250004 0.4024699328125 0.11190936406250004 0.4859375 0.19524269843750003 0.4859375
19 0.4203125 0.42615979375 0.3540458531250001 0.42615979375 0.3540458531250001 0.471875 0.4203125 0.471875
19 0.471875 0.4369469515625 0.41980777500000005 0.4369469515625 0.41980777500000005 0.4796875 0.471875 0.4796875