19 0.9203125 0.48598242812500014 0.853154953125 0.48598242812500014 0.853154953125 0.5875000000000001 0.9203125 0.5875000000000001
19 1 0.5023911734375002 0.9129168328124999 0.5023911734375002 0.9129168328124999 0.5703125000000002 1 0.5703125000000002
19 0.70625 0.49375 0.611693790625 0.49375 0.611693790625 0.5890450281249999 0.70625 0.5890450281249999
19 0.6109375 0.49747404062499995 0.5182258390625 0.49747404062499995 0.5182258390625 0.5869309109375 0.6109375 0.5869309109375
19 0.5125 0.49375 0.421875 0.49375 0.421875 0.5890625 0.5125 0.5890625
19 0.7764027546875 0.5241513578125001 0.70531649375 0.5241513578125 0.70531649375 0.5781250000000001 0.7764027546875 0.5781250000000002
19 0.8453125 0.5237445078125001 0.775985921875 0.5237445078125001 0.775985921875 0.5812500000000002 0.8453125 0.5812500000000002
19 0.2140625000000001 0.5144044531249999 0.11530551093750005 0.5144044531249999 0.11530551093750008 0.5890625 0.2140625000000001 0.5890625
19 0.31718750000000007 0.515625 0.22031250000000008 0.515625 0.22031250000000008 0.5890625 0.31718750000000007 0.5890625
19 0.4046875 0.5006240015625 0.32913588281250006 0.5006240015625 0.32913588281250006 0.6 0.4046875 0.6
19 0.040625000000000064 0.54625349375 6.689675926439962e-17 0.54625349375 6.942237935715331e-17 0.5875 0.040625000000000064 0.5875
19 0.10468750000000009 0.5474465859375 0.057812500000000065 0.5474465859375 0.057812500000000065 0.5859375 0.10468750000000009 0.5859375
19 0.5078125000000001 0.6069713453125 0.41519069531249997 0.6069713453125 0.4151906953125001 0.7265625 0.5078125000000002 0.7265625
19 1 0.6407797515625002 0.926772165625 0.6407797515625002 0.926772165625 0.6921875000000002 1 0.6921875000000002
19 0.8234375 0.6171875000000001 0.721875 0.6171875 0.721875 0.7201727234375002 0.8234375 0.7201727234375002
19 0.934375 0.6140625000000002 0.8348442500000001 0.6140625000000002 0.8348442500000001 0.7218175921875002 0.934375 0.7218175921875002
19 0.6203125 0.627493509375 0.5300843640624999 0.627493509375 0.5300843640624999 0.715625 0.6203125 0.715625
19 0.7140625 0.627962759375 0.62606579375 0.627962759375 0.62606579375 0.715625 0.7140625 0.715625
19 0.3984375000000001 0.6441443687499999 0.2894194281250001 0.6441443687499999 0.2894194281250001 0.7140625 0.3984375000000001 0.7140625