19 0.7375 0.43728918593750005 0.5628720234375 0.4372891859375 0.5628720234375 0.4843750000000001 0.7375 0.48437500000000017
19 0.8703125 0.46604662500000016 0.750632440625 0.46604662500000016 0.750632440625 0.5046875000000002 0.8703125 0.5046875000000002
19 0.825 0.4661334328125001 0.705394346875 0.4661334328125 0.705394346875 0.5046875000000001 0.825 0.5046875000000002
19 0.4140625000000001 0.7 0.21825396718750006 0.7 0.21825396718750006 0.749751984375 0.41406250000000017 0.749751984375
19 1 0.6890873015625002 0.870659721875 0.6890873015625002 0.870659721875 0.7640625000000002 1 0.7640625000000002
19 0.9171875 0.6504960328125001 0.8277529765624999 0.6504960328125001 0.8277529765624999 0.809375 0.9171875 0.809375
19 0.4921875000000001 0.6517981171875 0.4099578390625 0.6517981171875 0.4099578390625001 0.821875 0.49218750000000017 0.821875
19 0.8234375 0.6869791671875002 0.740625 0.6869791671875002 0.7406250000000001 0.8203125 0.8234375 0.8203125
19 0.2218750000000001 0.6727182546875 0.16019345312500008 0.6727182546875 0.16019345312500008 0.8375 0.2218750000000001 0.8375
19 0.4093750000000001 0.6890625 0.3437500000000001 0.6890625 0.3437500000000001 0.8296875 0.40937500000000016 0.8296875
19 0.7734375000000002 0.737115575 0.6537574406250002 0.737115575 0.6537574406250002 0.7875000000000001 0.7734375000000002 0.7875000000000002
19 0.3125000000000001 0.748065475 0.19326636875000008 0.748065475 0.19326636875000008 0.8 0.3125000000000001 0.8
19 0.1750000000000001 0.7708829374999999 0.1044890875000001 0.7708829374999999 0.1044890875000001 0.8109375 0.1750000000000001 0.8109375