19 0.3851562500000001 0.5 0.3156250000000001 0.5 0.3156250000000001 0.5953125 0.3851562500000001 0.5953125
19 0.24609375000000008 0.4984375 0.18125000000000005 0.4984375 0.18125000000000008 0.59609375 0.24609375000000008 0.59609375
19 0.3164062500000001 0.5 0.2468750000000001 0.5 0.2468750000000001 0.5984375 0.3164062500000001 0.5984375
19 0.4375 0.5390625 0.3890625000000001 0.5390625 0.3890625000000001 0.59453125 0.4375 0.59453125
19 0.53203125 0.5390625 0.4828125 0.5390625 0.4828125 0.5953125 0.53203125 0.5953125
19 0.4023437500000001 0.6625 0.3265625000000001 0.6625 0.3265625000000001 0.7546875 0.40234375000000017 0.7546875
19 0.4828125000000001 0.659375 0.409375 0.659375 0.4093750000000001 0.75703125 0.4828125000000002 0.75703125
19 0.3265625000000001 0.6609375 0.2500000000000001 0.6609375 0.2500000000000001 0.759375 0.3265625000000001 0.759375
19 0.5632812500000001 0.6609375 0.4890625 0.6609375 0.48906250000000007 0.75859375 0.5632812500000002 0.75859375
19 0.6421875000000001 0.66875 0.56875 0.66875 0.5687500000000001 0.7625 0.6421875000000001 0.7625
19 0.7187500000000001 0.6953125 0.6453125 0.6953125 0.6453125000000001 0.7640625 0.7187500000000002 0.7640625
19 0.7867187500000001 0.6984375 0.721875 0.6984375 0.721875 0.7609375 0.7867187500000001 0.7609375000000002
19 0.871875 0.7015625000000002 0.7984375 0.7015625000000002 0.7984375000000001 0.7625000000000002 0.871875 0.7625000000000002