19 0.11093750000000009 0.584375 0.046413000000000065 0.584375 0.04641300000000007 0.6625 0.11093750000000009 0.6625
19 0.2750000000000001 0.58547809375 0.2126245843750001 0.58547809375 0.2126245843750001 0.6640625 0.2750000000000001 0.6640625
19 0.1937500000000001 0.5859375 0.1299340734375001 0.5859375 0.1299340734375001 0.6639119609375 0.1937500000000001 0.6639119609375
19 0.3603976328125001 0.5909468437500001 0.2864773671875001 0.5909468437500001 0.2864773671875001 0.6590531562499999 0.3603976328125001 0.6590531562499999
19 0.41875 0.6046875 0.3709743562500001 0.6046875 0.3709743562500001 0.661973109375 0.41875 0.661973109375
19 0.74375 0.6093750000000001 0.6962391 0.609375 0.6962391 0.6605611515625001 0.74375 0.6605611515625002
19 0.6171875 0.6101276999999999 0.5609375 0.6101276999999999 0.5609375 0.65625 0.6171875 0.65625
19 0.5515625 0.6110698718750001 0.4983726125 0.6110698718750001 0.4983726125 0.659242628125 0.5515625 0.659242628125
19 0.6859375 0.6115214921875001 0.62909831875 0.6115214921875001 0.62909831875 0.659375 0.6859375 0.659375
19 0.484375 0.6046252078125 0.436588975 0.6046252078125 0.436588975 0.6625 0.484375 0.6625
19 0.953125 0.6166346562500002 0.9257267453125 0.6166346562500002 0.9257267453125 0.6703125000000002 0.953125 0.6703125000000002
19 0.9078125 0.6296303984375002 0.861069871875 0.6296303984375002 0.861069871875 0.6562500000000002 0.9078125 0.6562500000000002
19 0.8453125 0.6193807093750002 0.817288725 0.6193807093750002 0.817288725 0.6671875000000002 0.8453125 0.6671875000000002
19 0.803125 0.6299963671875002 0.756382371875 0.6299963671875002 0.756382371875 0.6578125000000001 0.803125 0.6578125000000001