19 0.8375 0.6046875000000002 0.80625 0.6046875000000002 0.80625 0.6500000000000001 0.8375 0.6500000000000001
19 0.7640625 0.6046875000000002 0.7328125 0.6046875000000002 0.7328125 0.6515625000000002 0.7640625 0.6515625000000002
19 0.7359375 0.6125 0.6890625 0.6125 0.6890625 0.64375 0.7359375 0.6437500000000002
19 0.8 0.6046875000000002 0.767578125 0.6046875000000002 0.767578125 0.6515625000000002 0.8 0.6515625000000002
19 0.2562500000000001 0.6078125 0.2250000000000001 0.6078125 0.2250000000000001 0.65 0.2562500000000001 0.65
19 0.1843750000000001 0.6140625 0.14218750000000008 0.6140625 0.14218750000000008 0.646875 0.1843750000000001 0.646875
19 0.2171875000000001 0.609375 0.1859375000000001 0.609375 0.1859375000000001 0.6515625 0.2171875000000001 0.6515625
19 0.2984375000000001 0.61328125 0.2574218750000001 0.61328125 0.2574218750000001 0.6484375 0.2984375000000001 0.6484375
19 0.5515625 0.69375 0.5203125 0.69375 0.5203125 0.7203125 0.5515625 0.7203125
19 0.7421875 0.7015625000000001 0.715234375 0.7015625 0.715234375 0.7171875000000001 0.7421875 0.7171875000000002
19 0.709375 0.69375 0.683203125 0.69375 0.683203125 0.71875 0.709375 0.71875
19 0.646875 0.694921875 0.6171875 0.694921875 0.6171875 0.7171875 0.646875 0.7171875
19 0.584375 0.693359375 0.5546875 0.693359375 0.5546875 0.7203125 0.584375 0.7203125
19 0.6140625 0.6953125 0.5828125 0.6953125 0.5828125 0.7203125 0.6140625 0.7203125
19 0.6765625 0.692578125 0.653125 0.692578125 0.653125 0.721875 0.6765625 0.721875
19 0.2718750000000001 0.69453125 0.20117187500000008 0.69453125 0.20117187500000008 0.7515625 0.2718750000000001 0.7515625
19 0.20468750000000008 0.692578125 0.1449218750000001 0.692578125 0.1449218750000001 0.75625 0.20468750000000008 0.75625
19 0.6468750000000002 0.7265625 0.6187500000000001 0.7265625 0.6187500000000001 0.75 0.6468750000000002 0.75
19 0.5531250000000002 0.728515625 0.5203125000000002 0.728515625 0.5203125000000002 0.75 0.5531250000000002 0.75
19 0.7109375000000001 0.721875 0.6859375 0.721875 0.6859375000000001 0.753125 0.7109375000000002 0.753125
19 0.6089843750000001 0.721484375 0.586328125 0.721484375 0.5863281250000001 0.7546875 0.6089843750000001 0.7546875
19 0.7437500000000001 0.7191406250000001 0.7203125 0.719140625 0.7203125000000001 0.7515625000000001 0.7437500000000001 0.7515625000000001
19 0.5812500000000002 0.7265625 0.5546875000000002 0.7265625 0.5546875000000002 0.7515625 0.5812500000000002 0.7515625
19 0.6781250000000001 0.721875 0.653125 0.721875 0.6531250000000001 0.753125 0.6781250000000002 0.753125
19 0.24375000000000008 0.846875 0.1828125000000001 0.846875 0.1828125000000001 0.90625 0.24375000000000008 0.90625
19 0.1765625000000001 0.8484375 0.1140625000000001 0.8484375 0.1140625000000001 0.90625 0.1765625000000001 0.90625
19 0.3859375000000001 0.844140625 0.3199218750000001 0.844140625 0.3199218750000001 0.909375 0.3859375000000001 0.909375
19 0.3140625000000001 0.84375 0.2511718750000001 0.84375 0.2511718750000001 0.91328125 0.3140625000000001 0.91328125
19 0.4546875000000002 0.849609375 0.3945312500000001 0.849609375 0.3945312500000001 0.9125 0.4546875000000002 0.9125
19 0.2468750000000001 0.38046875 0.16289062500000004 0.38046875 0.16289062500000004 0.425 0.2468750000000001 0.425
19 0.19375000000000003 0.38125 0.11132812500000004 0.38125 0.11132812500000004 0.4234375 0.19375000000000003 0.4234375
19 0.8484375 0.3804687500000001 0.781640625 0.3804687500000001 0.781640625 0.42968750000000017 0.8484375 0.42968750000000017
19 0.796875 0.3828125000000001 0.7296875 0.3828125000000001 0.7296875 0.4281250000000002 0.796875 0.4281250000000002
19 0.3218750000000001 0.391796875 0.2523437500000001 0.391796875 0.2523437500000001 0.4234375 0.3218750000000001 0.4234375
19 0.2656250000000001 0.375 0.2316406250000001 0.375 0.2316406250000001 0.44375 0.2656250000000001 0.44375
19 0.3750000000000001 0.5109375 0.31718750000000007 0.5109375 0.31718750000000007 0.559375 0.3750000000000001 0.559375
19 0.3261718750000001 0.512890625 0.2675781250000001 0.512890625 0.2675781250000001 0.55625 0.3261718750000001 0.55625
19 0.2328125000000001 0.515625 0.17226562500000003 0.515625 0.17226562500000006 0.5578125 0.2328125000000001 0.5578125
19 0.2812500000000001 0.515625 0.22031250000000008 0.515625 0.22031250000000008 0.5578125 0.2812500000000001 0.5578125
19 0.18437500000000007 0.51640625 0.12421875000000004 0.51640625 0.12421875000000007 0.55625 0.1843750000000001 0.55625
19 0.4875 0.515625 0.453515625 0.515625 0.453515625 0.5609375 0.4875 0.5609375
19 0.4109375 0.5234375 0.36601562500000007 0.5234375 0.36601562500000007 0.55625 0.4109375 0.55625
19 0.446875 0.5140625 0.4109375 0.5140625 0.4109375 0.5625 0.446875 0.5625