19 0.16839247968749999 0.077582096875 9.501066660910863e-18 0.07758209687499999 1.431808644879413e-17 0.15625 0.16839247968749999 0.15625
19 0.5265625 0.014989406250000063 0.4409825203125 0.014989406250000056 0.4409825203125 0.22656250000000008 0.5265625 0.22656250000000008
19 0.25625 0.07539724531250001 0.03285222500000001 0.0753972453125 0.03285222500000002 0.16875 0.25625 0.16875000000000004
19 0.4921875 0.08375264843750005 0.28448093281250003 0.08375264843750005 0.28448093281250003 0.17187500000000006 0.4921875 0.17187500000000006
19 0.3453125 0.07636387656250004 0.2765625 0.07636387656250004 0.2765625 0.2296875 0.3453125 0.2296875
19 0.26875 0.07588718125000002 0.19825211874999998 0.07588718125000002 0.19825211875 0.2328125 0.26875 0.2328125
19 0.59356461875 0.07997881406250007 0.5283103812500001 0.07997881406250007 0.5283103812500001 0.2312500000000001 0.59356461875 0.2312500000000001
19 0.67335805 0.1582891953125001 0.592849575 0.1582891953125001 0.592849575 0.2093750000000001 0.67335805 0.2093750000000001
19 0.7421875 0.1609375000000001 0.6548066734375 0.1609375000000001 0.6548066734375 0.21250000000000008 0.7421875 0.21250000000000008
19 0.4625 0.38654661093750003 0.3547139828125001 0.3865466109375 0.3547139828125001 0.55 0.4625 0.55
19 0.58125 0.3968750000000001 0.47582097343749996 0.3968750000000001 0.47582097343749996 0.553125 0.58125 0.553125
19 0.6859375 0.39514036093750005 0.5915386640625 0.39514036093750005 0.5915386640625 0.5578125 0.6859375 0.5578125
19 0.3734375000000001 0.428125 0.2193988359375001 0.428125 0.2193988359375001 0.529568325 0.3734375000000001 0.529568325
19 0.2515625000000001 0.6797801906250001 0.1344279656250001 0.6797801906250001 0.1344279656250001 0.8859375 0.2515625000000001 0.8859375
19 0.4092955515625002 0.7455640890625 0.23556673750000007 0.7455640890625 0.23556673750000007 0.84375 0.4092955515625002 0.84375