19 1 0.13531353125000015 0.9166666671874999 0.13531353125000015 0.9166666671874999 0.2854785484375001 1 0.2854785484375001
19 0.9026402640625 0.14356435625000008 0.81518151875 0.14356435625000008 0.81518151875 0.28300330000000007 0.9026402640625 0.28300330000000007
19 0.8085808578125 0.1518151812500001 0.7145214515625 0.1518151812500001 0.7145214515625 0.2887788781250001 0.8085808578125 0.2887788781250001
19 0.7128712875 0.15346534687500007 0.6262376234375 0.15346534687500007 0.6262376234375 0.2920792078125001 0.7128712875 0.2920792078125001
19 0.5445544546875001 0.40594059375 0.502475246875 0.40594059375 0.502475246875 0.4480198015625 0.5445544546875001 0.4480198015625
19 0.40594059375 0.4092409234375 0.3712871281250001 0.4092409234375 0.3712871281250001 0.44966996718749996 0.40594059375 0.44966996718749996
19 0.4966996703125 0.407590759375 0.46204620468749996 0.407590759375 0.46204620468749996 0.45297029687499996 0.4966996703125 0.45297029687499996
19 0.45214521406249997 0.4092409234375 0.41501650156250003 0.4092409234375 0.41501650156250003 0.45214521406249997 0.45214521406249997 0.45214521406249997
19 0.046204620312500055 0.42244224375000006 0.013201320312500051 0.42244224375000006 0.013201320312500056 0.47689768906249996 0.046204620312500055 0.47689768906249996
19 0.08415841562500007 0.42244224375000006 0.05363036250000004 0.42244224375000006 0.05363036250000005 0.4785478546875 0.08415841562500007 0.4785478546875
19 0.12871287187500005 0.42409240937500003 0.09323432343750004 0.42409240937500003 0.09323432343750006 0.4785478546875 0.12871287187500005 0.4785478546875
19 0.8663366343750001 0.4009900984375002 0.7879537953125 0.4009900984375002 0.7879537953125 0.5024752468750002 0.8663366343750001 0.5024752468750002
19 0.22112211250000008 0.42409240937500003 0.18564356406250004 0.42409240937500003 0.18564356406250004 0.4826732671875 0.22112211250000008 0.4826732671875
19 0.2656765671875001 0.42079207968750004 0.22607260781250008 0.42079207968750004 0.22607260781250008 0.4843234328125 0.2656765671875001 0.4843234328125
19 0.36303630312500007 0.42079207968750004 0.3259075906250001 0.42079207968750004 0.3259075906250001 0.4884488453125 0.36303630312500007 0.4884488453125
19 0.17491749218750002 0.42409240937500003 0.13778877812500007 0.42409240937500003 0.13778877812500007 0.4826732671875 0.17491749218750002 0.4826732671875
19 0.3118811875000001 0.42079207968750004 0.2747524750000001 0.42079207968750004 0.2747524750000001 0.4867986796875 0.3118811875000001 0.4867986796875
19 0.653465346875 0.4273927390625 0.6056105609375 0.4273927390625 0.6056105609375 0.4958745875 0.653465346875 0.4958745875
19 0.5957095703124999 0.4273927390625 0.5536303625000001 0.4273927390625 0.5536303625000001 0.4958745875 0.5957095703124999 0.4958745875
19 0.7805280531250001 0.4273927390625002 0.7293729375 0.4273927390625002 0.7293729375 0.5000000000000002 0.7805280531250001 0.5000000000000002
19 0.7194719468749999 0.4273927390625 0.6674917484375 0.4273927390625 0.6674917484375 0.5 0.7194719468749999 0.5
19 0.407590759375 0.457095709375 0.37293729375000007 0.457095709375 0.37293729375000007 0.48597359687499997 0.407590759375 0.48597359687499997
19 0.5478547859375 0.4554455453125 0.5033003296875 0.4554455453125 0.5033003296875 0.49257425781249997 0.5478547859375 0.49257425781249997
19 0.4950495046875 0.457095709375 0.45957095781249996 0.457095709375 0.45957095781249996 0.494224421875 0.4950495046875 0.494224421875
19 0.45049504999999995 0.4603960390625 0.415841584375 0.4603960390625 0.415841584375 0.493399340625 0.45049504999999995 0.493399340625
19 0.7458745875 0.5643564359375001 0.6592409234375001 0.5643564359375 0.6592409234375001 0.6650165015625001 0.7458745875 0.6650165015625003
19 0.8448844890625 0.5693069312500001 0.7549504953125 0.5693069312500001 0.7549504953125 0.6749174921875002 0.8448844890625 0.6749174921875002
19 0.9554455453124999 0.5676567656250001 0.8514851484375001 0.5676567656250001 0.8514851484375001 0.6815181515625002 0.9554455453124999 0.6815181515625002
19 0.1551155109375001 0.6749174921875001 0.09405940625000009 0.6749174921875001 0.09405940625000009 0.752475246875 0.1551155109375001 0.752475246875
19 0.21287128750000012 0.6732673265625 0.15346534687500007 0.6732673265625 0.15346534687500007 0.7574257421875 0.21287128750000012 0.7574257421875
19 0.2788778875000001 0.6831683171875 0.2169967000000001 0.6831683171875 0.2169967000000001 0.7673267328125 0.2788778875000001 0.7673267328125
19 0.34488448906250013 0.6897689765624999 0.2788778875000001 0.6897689765624999 0.2788778875000001 0.776402640625 0.34488448906250013 0.776402640625
19 0.42409240937500015 0.6996699671875 0.35396039531250006 0.6996699671875 0.35396039531250006 0.7863036296875 0.4240924093750002 0.7863036296875
19 0.5033003296875 0.7079207921874999 0.428217821875 0.7079207921874999 0.4282178218750001 0.792904290625 0.5033003296875002 0.792904290625
19 0.584158415625 0.7178217828125 0.5041254125 0.7178217828125 0.5041254125000001 0.80693069375 0.5841584156250001 0.80693069375
19 0.6749174921875001 0.7211221125 0.588283828125 0.7211221125 0.588283828125 0.8160066 0.6749174921875002 0.8160066
19 0.7607260718750002 0.7326732671875 0.6757425750000002 0.7326732671875 0.6757425750000002 0.8242574250000001 0.7607260718750002 0.8242574250000001
19 0.8613861390625001 0.7359735968750002 0.7698019796875002 0.7359735968750002 0.7698019796875002 0.8374587453125001 0.8613861390625001 0.8374587453125001
19 0.958745875 0.7425742578125002 0.8696369640625001 0.7425742578125002 0.8696369640625001 0.8465346531250001 0.958745875 0.8465346531250001
19 0.6600660062500002 0.8844884484375 0.5866336640625002 0.8844884484375 0.5866336640625002 0.9480198015625 0.6600660062500002 0.9480198015625
19 0.7541254125000002 0.89768976875 0.6691419140625002 0.89768976875 0.6691419140625002 0.9620462046875 0.7541254125000002 0.9620462046875
19 0.8481848187500001 0.9092409234375 0.7656765671875002 0.9092409234375 0.7656765671875002 0.977722771875 0.8481848187500001 0.977722771875
19 0.93894389375 0.9207920796875 0.8613861390625001 0.9207920796875 0.8613861390625001 0.9867986796875 0.93894389375 0.9867986796875