19 0.840625 0.2248132859375001 0.7759728765625 0.2248132859375001 0.7759728765625 0.2640625000000001 0.840625 0.2640625000000001
19 0.782527515625 0.21385121875000007 0.748722484375 0.21385121875000007 0.748722484375 0.2796875000000001 0.782527515625 0.2796875000000001
19 0.753125 0.22858195781250007 0.6859424140625 0.22858195781250007 0.6859424140625 0.2656250000000001 0.753125 0.2656250000000001
19 0.690625 0.2150108093750001 0.658338246875 0.2150108093750001 0.658338246875 0.2812500000000001 0.690625 0.2812500000000001
19 0.6765625 0.26415094218750007 0.5722238609375 0.26415094218750007 0.5722238609375 0.3281250000000001 0.6765625 0.3281250000000001
19 0.8890625 0.2562500000000001 0.8392934359374999 0.2562500000000001 0.8392934359374999 0.3437500000000001 0.8890625 0.3437500000000001
19 0.5796875 0.2671875000000001 0.52286261875 0.2671875000000001 0.52286261875 0.3515625000000001 0.5796875 0.3515625000000001
19 0.53125 0.2817806609375001 0.44930719375 0.2817806609375001 0.44930719375 0.3375000000000001 0.53125 0.3375000000000001
19 0.840625 0.2798693015625001 0.7984375 0.2798693015625001 0.7984375 0.3466932000000001 0.840625 0.3466932000000001
19 0.6984375 0.2812500000000001 0.6592472484375 0.2812500000000001 0.6592472484375 0.3453125000000001 0.6984375 0.3453125000000001
19 0.8046334515625 0.2953370687500001 0.737809553125 0.2953370687500001 0.737809553125 0.3312500000000001 0.8046334515625 0.3312500000000001
19 0.7421875 0.2814612812500001 0.705817609375 0.2814612812500001 0.705817609375 0.3482851812500001 0.7421875 0.3482851812500001
19 0.453125 0.2906250000000001 0.4123673359375 0.2906250000000001 0.4123673359375 0.3515625000000001 0.453125 0.3515625000000001
19 0.4125 0.30156250000000007 0.3545007859375 0.3015625 0.3545007859375 0.34164701250000007 0.4125 0.34164701250000007
19 0.3140625 0.3015625 0.2538669421875 0.3015625 0.2538669421875 0.34375 0.3140625 0.34375
19 0.365625 0.3008500390625001 0.3046875 0.3008500390625 0.3046875 0.3453125 0.365625 0.3453125000000001
19 0.2576700078125001 0.3884483109375 0.2156250000000001 0.3884483109375 0.2156250000000001 0.4234375 0.2576700078125001 0.4234375
19 0.2078125000000001 0.3875 0.16802280000000006 0.3875 0.16802280000000006 0.429643278125 0.2078125000000001 0.429643278125
19 0.16206269687500002 0.386610653125 0.12432684687500004 0.386610653125 0.12432684687500004 0.428125 0.16206269687500002 0.428125
19 0.9921875 0.42187500000000017 0.9068248828125001 0.42187500000000017 0.9068248828125001 0.45763070000000017 0.9921875 0.45763070000000017
19 0.9125 0.4244939062500002 0.8258451250000001 0.4244939062500002 0.8258451250000001 0.4559404500000002 0.9125 0.4559404500000002
19 0.9265625 0.39815742968750006 0.895209315625 0.39815742968750006 0.895209315625 0.4859375000000002 0.9265625 0.4859375000000002
19 0.834375 0.42977102968750014 0.7468946546875 0.42977102968750014 0.7468946546875 0.45625000000000016 0.834375 0.45625000000000016
19 0.7703125 0.3997248421875001 0.7328125 0.3997248421875001 0.7328125 0.4859375000000002 0.7703125 0.4859375000000002
19 0.871875 0.42934355312500017 0.783367728125 0.42934355312500017 0.783367728125 0.4593750000000002 0.871875 0.4593750000000002
19 0.3281250000000001 0.3990222078125 0.2601120296875001 0.3990222078125 0.2601120296875001 0.4875 0.3281250000000001 0.4875
19 0.4843504328125 0.3974547953125001 0.4143818796875 0.3974547953125001 0.4143818796875 0.490625 0.4843504328125 0.490625
19 0.41875 0.40958628125 0.3281790484375001 0.40958628125 0.3281790484375001 0.478125 0.41875 0.478125
19 0.665625 0.41006289218749997 0.612121659375 0.41006289218749997 0.612121659375 0.4875 0.665625 0.4875
19 0.6171875 0.4273781453125 0.5388315640625 0.4273781453125 0.5388315640625 0.4734375 0.6171875 0.4734375
19 0.55 0.41164013437499997 0.4966047578125 0.41164013437499997 0.4966047578125 0.4875 0.55 0.4875
19 0.7375 0.4240664312500001 0.6578125 0.42406643125 0.6578125 0.4765625000000001 0.7375 0.47656250000000017
19 0.11718750000000004 0.415625 0.04375000000000005 0.415625 0.04375000000000005 0.4890625 0.11718750000000004 0.4890625
19 0.2609375000000001 0.444673740625 0.2065300703125001 0.444673740625 0.2065300703125001 0.48125 0.2609375000000001 0.48125
19 0.2122838062500001 0.4359375 0.16904481250000006 0.4359375 0.16904481250000006 0.4890625 0.2122838062500001 0.4890625
19 0.16406250000000006 0.43530856875 0.12158018750000003 0.43530856875 0.12158018750000003 0.490625 0.16406250000000006 0.490625
19 0.3906250000000001 0.561320753125 0.35858392343750006 0.561320753125 0.35858392343750006 0.59375 0.3906250000000001 0.59375
19 0.3531250000000001 0.5580237828125 0.3204402515625001 0.5580237828125 0.3204402515625001 0.590625 0.3531250000000001 0.590625
19 0.4265625 0.5627211078125 0.3922022406250001 0.5627211078125 0.3922022406250001 0.5918091578125 0.4265625 0.5918091578125
19 0.2375000000000001 0.5532724046874999 0.1722779093750001 0.5532724046874999 0.1722779093750001 0.6359375 0.2375000000000001 0.6359375
19 0.3218750000000001 0.5646766890625 0.23567216875000008 0.5646766890625 0.23567216875000008 0.628125 0.3218750000000001 0.628125
19 0.1634925312500001 0.5532478375000001 0.09588246875000007 0.5532478375000001 0.09588246875000009 0.6389396625 0.1634925312500001 0.6389396625
19 0.08906250000000007 0.5548594734375001 0.024341587500000067 0.5548594734375001 0.024341587500000074 0.6390625 0.08906250000000009 0.6390625
19 0.6140625 0.5740222078125 0.55625 0.5740222078125 0.55625 0.6359375 0.6140625 0.6359375
19 0.4921875 0.5776876953125 0.42793828593749994 0.5776876953125 0.42793828593749994 0.63125 0.4921875 0.63125
19 0.9484375 0.5725923734375001 0.8862814468750001 0.5725923734375001 0.8862814468750001 0.6375000000000002 0.9484375 0.6375000000000002
19 0.8765625 0.5724547953125001 0.8189563671875 0.5724547953125001 0.8189563671875 0.6359375000000002 0.8765625 0.6359375000000002
19 0.7390625 0.5737716187500002 0.686880896875 0.57377161875 0.686880896875 0.6343750000000001 0.7390625 0.6343750000000001
19 0.5578125 0.57845420625 0.4935829390625 0.57845420625 0.4935829390625 0.6296875 0.5578125 0.6296875
19 0.678125 0.5736242125000001 0.625221109375 0.5736242125000001 0.625221109375 0.6388757859374999 0.678125 0.6388757859374999
19 0.803125 0.5725972875000002 0.7505699703125 0.5725972875000002 0.7505699703125 0.6390625000000002 0.803125 0.6390625000000002
19 0.3494103781250001 0.604038915625 0.3163915093750001 0.604038915625 0.3163915093750001 0.63125 0.3494103781250001 0.63125
19 0.425 0.6009777921875 0.3940939453125001 0.6009777921875 0.3940939453125001 0.6359375 0.425 0.6359375
19 0.3890625000000001 0.6022209125 0.3537441031250001 0.6022209125 0.3537441031250001 0.6375 0.3890625000000001 0.6375