19 0.821875 0.6250000000000002 0.8 0.6250000000000002 0.8 0.6429687500000002 0.821875 0.6429687500000002
19 0.84296875 0.6250000000000002 0.825 0.6250000000000002 0.825 0.6429687500000002 0.84296875 0.6429687500000002
19 0.86640625 0.6250000000000002 0.846875 0.6250000000000002 0.846875 0.6445312500000002 0.86640625 0.6445312500000002
19 0.8921875 0.6265625000000001 0.8703125 0.6265625000000001 0.8703125 0.6468750000000002 0.8921875 0.6468750000000002
19 0.91484375 0.6265625000000001 0.896875 0.6265625000000001 0.896875 0.6445312500000002 0.91484375 0.6445312500000002
19 0.80625 0.6406250000000002 0.78125 0.6406250000000002 0.78125 0.6765625000000002 0.80625 0.6765625000000002
19 0.75 0.6406250000000001 0.725 0.640625 0.725 0.6742187500000001 0.75 0.6742187500000002
19 0.6046875 0.640625 0.5796875 0.640625 0.5796875 0.6765625 0.6046875 0.6765625
19 0.6328125 0.640625 0.60625 0.640625 0.60625 0.6765625 0.6328125 0.6765625
19 0.546875 0.6390625 0.5203125 0.6390625 0.5203125 0.6765625 0.546875 0.6765625
19 0.575 0.640625 0.55 0.640625 0.55 0.6765625 0.575 0.6765625
19 0.66171875 0.6390625 0.6375 0.6390625 0.6375 0.67734375 0.66171875 0.67734375
19 0.77890625 0.6406250000000002 0.7515625 0.6406250000000002 0.7515625 0.6765625000000002 0.77890625 0.6765625000000002
19 0.5171875 0.640625 0.4921875 0.640625 0.4921875 0.67578125 0.5171875 0.67578125
19 0.6921875 0.640625 0.665625 0.640625 0.665625 0.6765625 0.6921875 0.6765625
19 0.72109375 0.6421875 0.6921875 0.6421875 0.6921875 0.67578125 0.72109375 0.67578125
19 0.93046875 0.6531250000000002 0.9125 0.6531250000000002 0.9125 0.6734375000000001 0.93046875 0.6734375000000001
19 0.83203125 0.6531250000000002 0.8078125 0.6531250000000002 0.8078125 0.6750000000000002 0.83203125 0.6750000000000002
19 0.88125 0.6546875000000002 0.8609375 0.6546875000000002 0.8609375 0.6742187500000002 0.88125 0.6742187500000002
19 0.85625 0.6546875000000002 0.8359375 0.6546875000000002 0.8359375 0.6750000000000002 0.85625 0.6750000000000002
19 0.90703125 0.6562500000000002 0.8875 0.6562500000000002 0.8875 0.6757812500000002 0.90703125 0.6757812500000002
19 0.6820312500000001 0.696875 0.6390625 0.696875 0.6390625000000001 0.753125 0.6820312500000002 0.753125
19 0.6390625000000001 0.6953125 0.59375 0.6953125 0.5937500000000001 0.75390625 0.6390625000000002 0.75390625
19 0.5476562500000001 0.6953125 0.496875 0.6953125 0.49687500000000007 0.75546875 0.5476562500000002 0.75546875
19 0.59296875 0.6984375 0.5484375 0.6984375 0.5484375000000001 0.7546875 0.5929687500000002 0.7546875
19 0.92578125 0.6984375000000002 0.88125 0.6984375000000002 0.88125 0.7546875000000002 0.92578125 0.7546875000000002
19 0.7835937500000001 0.6984375000000002 0.734375 0.6984375000000002 0.7343750000000001 0.7562500000000002 0.7835937500000002 0.7562500000000002
19 0.8296875 0.7062500000000002 0.7875 0.7062500000000002 0.7875000000000001 0.7531250000000002 0.8296875 0.7531250000000002
19 0.7351562500000001 0.7046875000000001 0.6859375 0.7046875 0.6859375000000001 0.7554687500000001 0.7351562500000002 0.7554687500000001
19 0.87890625 0.7031250000000002 0.834375 0.7031250000000002 0.834375 0.7570312500000002 0.87890625 0.7570312500000002
19 0.7281250000000001 0.7781250000000001 0.6859375000000002 0.778125 0.6859375000000002 0.8296875 0.7281250000000001 0.8296875
19 0.7765625000000002 0.7796875000000002 0.7312500000000002 0.7796875000000002 0.7312500000000002 0.828125 0.7765625000000002 0.828125
19 0.6828125000000002 0.778125 0.6406250000000002 0.778125 0.6406250000000002 0.83203125 0.6828125000000002 0.83203125
19 0.9203125 0.7828125000000001 0.878125 0.7828125000000001 0.878125 0.82734375 0.9203125 0.82734375
19 0.82421875 0.7828125000000001 0.7796875000000002 0.7828125000000001 0.7796875000000002 0.83125 0.82421875 0.83125
19 0.5882812500000002 0.7828125 0.5437500000000002 0.7828125 0.5437500000000002 0.83125 0.5882812500000002 0.83125
19 0.87734375 0.7843750000000002 0.834375 0.7843750000000002 0.834375 0.8328125 0.87734375 0.8328125
19 0.6375000000000002 0.784375 0.5921875000000002 0.784375 0.5921875000000002 0.8328125 0.6375000000000002 0.8328125
19 0.5421875000000002 0.7984375 0.4937500000000002 0.7984375 0.4937500000000002 0.83203125 0.5421875000000002 0.83203125
19 0.7265625000000002 0.875 0.6890625000000001 0.875 0.6890625000000001 0.915625 0.7265625000000002 0.915625
19 0.6875000000000002 0.875 0.6500000000000001 0.875 0.6500000000000001 0.9171875 0.6875000000000002 0.9171875
19 0.6093750000000002 0.8765625 0.5718750000000001 0.8765625 0.5718750000000001 0.91640625 0.6093750000000002 0.91640625
19 0.6484375000000002 0.8765625 0.6109375000000001 0.8765625 0.6109375000000001 0.9171875 0.6484375000000002 0.9171875
19 0.5703125000000002 0.878125 0.5328125000000001 0.878125 0.5328125000000001 0.91875 0.5703125000000002 0.91875
19 0.8890625 0.88125 0.8640625 0.88125 0.8640625 0.91484375 0.8890625 0.91484375
19 0.86171875 0.88125 0.834375 0.88125 0.834375 0.91484375 0.86171875 0.91484375
19 0.834375 0.88125 0.8078125 0.88125 0.8078125 0.91484375 0.834375 0.91484375
19 0.91796875 0.8828125 0.890625 0.8828125 0.890625 0.91640625 0.91796875 0.91640625
19 0.7765625000000002 0.88125 0.7515625000000001 0.88125 0.7515625000000001 0.91640625 0.7765625000000002 0.91640625
19 0.80625 0.8828125 0.7812500000000002 0.8828125 0.7812500000000002 0.915625 0.80625 0.915625
19 0.7492187500000002 0.8828125 0.7265625000000002 0.8828125 0.7265625000000002 0.91640625 0.7492187500000002 0.91640625
19 0.5320312500000002 0.8828125 0.4937500000000002 0.8828125 0.4937500000000002 0.91875 0.5320312500000002 0.91875
19 0.8421875 0.5156250000000002 0.8046875 0.5156250000000002 0.8046875 0.5796875000000001 0.8421875 0.5796875000000001
19 0.9328125 0.5156250000000002 0.8921875 0.5156250000000002 0.8921875 0.5796875000000001 0.9328125 0.5796875000000001
19 0.88828125 0.5156250000000002 0.85 0.5156250000000002 0.85 0.5781250000000002 0.88828125 0.5781250000000002
19 0.70625 0.51875 0.665625 0.51875 0.665625 0.5796875 0.70625 0.5796875
19 0.7515625 0.5171875000000001 0.7140625 0.5171875 0.7140625 0.58125 0.7515625 0.5812500000000002
19 0.79609375 0.5171875000000001 0.7578125 0.5171875000000001 0.7578125 0.5812500000000002 0.79609375 0.5812500000000002