19 0.5109375 0.611328125 0.471484375 0.611328125 0.471484375 0.640234375 0.5109375 0.640234375
19 0.540625 0.60625 0.512890625 0.60625 0.512890625 0.646875 0.540625 0.646875
19 0.2890625000000001 0.751953125 0.2449218750000001 0.751953125 0.2449218750000001 0.80625 0.2890625000000001 0.80625
19 0.3375000000000001 0.852734375 0.2890625000000001 0.852734375 0.2890625000000001 0.8921875 0.3375000000000001 0.8921875
19 0.2890625000000001 0.85625 0.2515625000000001 0.85625 0.2515625000000001 0.8984375 0.2890625000000001 0.8984375
19 0.37968750000000007 0.859765625 0.3351562500000001 0.859765625 0.3351562500000001 0.9 0.37968750000000007 0.9
19 0.5812500000000002 0.8796875 0.5464843750000001 0.8796875 0.5464843750000001 0.9015625 0.5812500000000002 0.9015625
19 0.5156250000000002 0.875 0.4937500000000002 0.875 0.4937500000000002 0.909375 0.5156250000000002 0.909375
19 0.5449218750000002 0.887890625 0.5269531250000001 0.887890625 0.5269531250000001 0.909375 0.5449218750000002 0.909375
19 0.3312500000000001 0.4015625 0.2816406250000001 0.4015625 0.2816406250000001 0.465625 0.3312500000000001 0.465625
19 0.3921875000000001 0.40546875 0.3316406250000001 0.40546875 0.3316406250000001 0.4609375 0.3921875000000001 0.4609375
19 0.2828125000000001 0.408203125 0.2234375000000001 0.408203125 0.2234375000000001 0.4578125 0.2828125000000001 0.4578125
19 0.28593750000000007 0.50703125 0.2195312500000001 0.50703125 0.2195312500000001 0.54375 0.28593750000000007 0.54375
19 0.3296875000000001 0.508203125 0.2601562500000001 0.508203125 0.2601562500000001 0.5453125 0.3296875000000001 0.5453125
19 0.3687500000000001 0.498046875 0.3156250000000001 0.498046875 0.3156250000000001 0.5578125 0.3687500000000001 0.5578125
19 0.4234375 0.498046875 0.37187500000000007 0.498046875 0.37187500000000007 0.5578125 0.4234375 0.5578125
19 0.48125 0.498046875 0.428125 0.498046875 0.428125 0.5578125 0.48125 0.5578125
19 0.5375 0.5015625 0.4859375 0.5015625 0.4859375 0.559375 0.5375 0.559375
19 0.2812500000000001 0.589453125 0.2531250000000001 0.589453125 0.2531250000000001 0.6421875 0.2812500000000001 0.6421875
19 0.32500000000000007 0.601953125 0.2714843750000001 0.601953125 0.2714843750000001 0.629296875 0.32500000000000007 0.629296875
19 0.3593750000000001 0.601953125 0.3101562500000001 0.601953125 0.3101562500000001 0.634375 0.3593750000000001 0.634375
19 0.43125 0.59375 0.39531250000000007 0.59375 0.39531250000000007 0.6453125 0.43125 0.6453125
19 0.3968750000000001 0.601953125 0.3472656250000001 0.601953125 0.3472656250000001 0.635546875 0.3968750000000001 0.635546875
19 0.4734375 0.5953125 0.4375 0.5953125 0.4375 0.646875 0.4734375 0.646875