19 0.2734375 0.08968750000000003 0.2203125 0.08968750000000002 0.2203125 0.18593750000000003 0.2734375 0.18593750000000003
19 0.228125 0.11406250000000002 0.13135416718749998 0.1140625 0.13135416718749998 0.16875 0.228125 0.16875000000000004
19 0.4671875 0.11760416718750004 0.3859375 0.11760416718750004 0.3859375 0.16718750000000004 0.4671875 0.16718750000000004
19 0.1625 0.1130208328125 0.06562500000000002 0.1130208328125 0.06562500000000002 0.1746875 0.1625 0.1746875
19 0.3375 0.10374999843750003 0.289322915625 0.10374999843750003 0.289322915625 0.18437500000000004 0.3375 0.18437500000000004
19 0.3921875 0.10312500000000005 0.3453645828125 0.10312500000000005 0.3453645828125 0.18593750000000003 0.3921875 0.18593750000000003
19 0.7484375 0.1218750000000001 0.690625 0.1218750000000001 0.690625 0.1671875000000001 0.7484375 0.1671875000000001
19 0.8015625 0.12468750000000009 0.7431250015625 0.12468750000000009 0.7431250015625 0.1671875000000001 0.8015625 0.1671875000000001
19 0.06817708281250003 0.1 0.01151041718750001 0.1 0.011510417187500017 0.196875 0.06817708281250003 0.196875
19 0.6765625 0.11885416562500009 0.6317708328125 0.11885416562500009 0.6317708328125 0.1765625000000001 0.6765625 0.1765625000000001
19 0.18270833281250004 0.2650520828125 0.11104166718750004 0.2650520828125 0.11104166718750004 0.35625 0.18270833281250004 0.35625
19 0.25625 0.262916665625 0.19468750000000004 0.262916665625 0.19468750000000004 0.359375 0.25625 0.359375
19 0.4578125 0.2838020828125001 0.398541665625 0.2838020828125001 0.398541665625 0.35625000000000007 0.4578125 0.35625000000000007
19 0.396875 0.29359375000000004 0.3232291671875 0.29359375 0.3232291671875 0.34687500000000004 0.396875 0.3468750000000001
19 0.3326562515625 0.2921875 0.2568229171875 0.2921875 0.2568229171875 0.35 0.3326562515625 0.35
19 0.8265625 0.2802604171875001 0.76328125 0.2802604171875001 0.76328125 0.3671875000000001 0.8265625 0.3671875000000001
19 0.999791665625 0.2917187500000001 0.9564583328125 0.2917187500000001 0.9564583328125 0.3546875000000001 0.999791665625 0.3546875000000001
19 0.9421354171875 0.2921354171875001 0.856302084375 0.2921354171875001 0.856302084375 0.3546875000000001 0.9421354171875 0.3546875000000001
19 0.6265625 0.29854166562500006 0.5817708328125 0.29854166562500006 0.5817708328125 0.35625000000000007 0.6265625 0.35625000000000007
19 0.5171875 0.30645833281250007 0.462395834375 0.30645833281250007 0.462395834375 0.3531250000000001 0.5171875 0.3531250000000001
19 0.5734375 0.3052083328125001 0.518645834375 0.3052083328125001 0.518645834375 0.3546875000000001 0.5734375 0.3546875000000001
19 0.7265625 0.3140625000000001 0.6942187515625 0.3140625000000001 0.6942187515625 0.3618229171875001 0.7265625 0.3618229171875001
19 0.675 0.3172395843750001 0.6415625 0.3172395843750001 0.6415625 0.3609375000000001 0.675 0.3609375000000001
19 0.45901041718749996 0.40828125000000004 0.38317708281250007 0.40828125000000004 0.38317708281250007 0.49328125 0.45901041718749996 0.49328125
19 0.547760415625 0.4080208328125 0.46609375000000003 0.4080208328125 0.46609375000000003 0.4953125 0.547760415625 0.4953125
19 0.09531250000000005 0.4263541671875 0.03729166718750006 0.4263541671875 0.03729166718750006 0.4875 0.09531250000000006 0.4875
19 0.24218750000000008 0.425052084375 0.17187500000000006 0.425052084375 0.17187500000000006 0.4890625 0.24218750000000008 0.4890625
19 0.3109375000000001 0.427447915625 0.2489583343750001 0.427447915625 0.2489583343750001 0.490625 0.3109375000000001 0.490625
19 0.38067708281250007 0.42744791718749997 0.32067708281250007 0.42744791718749997 0.32067708281250007 0.490625 0.38067708281250007 0.490625
19 0.16718750000000004 0.42786458281249995 0.10906250000000003 0.42786458281249995 0.10906250000000003 0.49375 0.16718750000000004 0.49375
19 0.7840625 0.4437500000000002 0.728125 0.4437500000000002 0.728125 0.4890625000000002 0.7840625 0.4890625000000002
19 0.721875 0.43843750000000004 0.6750520828125001 0.43843750000000004 0.6750520828125001 0.49375 0.721875 0.49375
19 0.60734375 0.44213541718749994 0.55984375 0.44213541718749994 0.55984375 0.4921875 0.60734375 0.4921875
19 0.6671875 0.4434375015625 0.6148958328125 0.4434375015625 0.6148958328125 0.4890625 0.6671875 0.4890625
19 0.840625 0.4403125000000002 0.790572915625 0.4403125000000002 0.790572915625 0.4984375000000002 0.840625 0.4984375000000002
19 0.90625 0.4459895828125002 0.8473958328125001 0.4459895828125002 0.8473958328125001 0.49348958281250016 0.90625 0.49348958281250016
19 1 0.4396875000000001 0.98015625 0.4396875000000001 0.98015625 0.4984375000000002 1 0.4984375000000002
19 0.965625 0.44375000156250016 0.9078645828124999 0.44375000156250016 0.9078645828124999 0.49531250000000016 0.965625 0.49531250000000016