19 0.8375 0.2353074609375001 0.7719506046875 0.2353074609375001 0.7719506046875 0.2765625000000001 0.8375 0.2765625000000001
19 0.7765625 0.2239919343750001 0.7380544359375001 0.2239919343750001 0.7380544359375001 0.2885080656250001 0.7765625 0.2885080656250001
19 0.8828125 0.23467742031250008 0.8167590718750001 0.23467742031250008 0.8167590718750001 0.2750000000000001 0.8828125 0.2750000000000001
19 0.746875 0.2359627031250001 0.6812752015625 0.2359627031250001 0.6812752015625 0.2746723796875001 0.746875 0.2746723796875001
19 0.9328125 0.2631552421875001 0.8829385078125 0.2631552421875001 0.8829385078125 0.3531250000000001 0.9328125 0.3531250000000001
19 0.69375 0.2531250000000001 0.62666330625 0.2531250000000001 0.62666330625 0.3593750000000001 0.69375 0.3593750000000001
19 0.634375 0.2875000000000001 0.553049396875 0.2875000000000001 0.553049396875 0.3468750000000001 0.634375 0.3468750000000001
19 0.5625 0.2776209687500001 0.5041330640624999 0.2776209687500001 0.5041330640624999 0.3578125000000001 0.5625 0.3578125000000001
19 0.8921875 0.30123487968750007 0.8301411296874999 0.30123487968750007 0.8301411296874999 0.3421875000000001 0.8921875 0.3421875000000001
19 0.8421875 0.30199092812500006 0.7798891125 0.30199092812500006 0.7798891125 0.3437500000000001 0.8421875 0.3437500000000001
19 0.7984375 0.30380544375000007 0.7362903234375 0.30380544375000007 0.7362903234375 0.3453125000000001 0.7984375 0.3453125000000001
19 0.7453125 0.29375000000000007 0.7003780234375 0.29375000000000007 0.7003780234375 0.35625000000000007 0.7453125 0.35625000000000007
19 0.4953125 0.2986391125000001 0.4512348796875 0.2986391125000001 0.4512348796875 0.3593750000000001 0.4953125 0.3593750000000001
19 0.4546875 0.3078125000000001 0.396219759375 0.3078125000000001 0.396219759375 0.3515625000000001 0.4546875 0.3515625000000001
19 0.396875 0.3014364921875 0.3520413296875 0.3014364921875 0.3520413296875 0.3609375 0.396875 0.3609375000000001
19 0.35625 0.3085937484375 0.3001764125 0.3085937484375 0.3001764125 0.353125 0.35625 0.353125
19 0.24375000000000008 0.3965473796875 0.2003528234375001 0.3965473796875 0.2003528234375001 0.4375 0.24375000000000008 0.4375
19 0.2906250000000001 0.396875 0.25488911250000007 0.396875 0.25488911250000007 0.4375 0.2906250000000001 0.4375
19 0.19659778281250004 0.3983114921875 0.15788810468750006 0.3983114921875 0.15788810468750006 0.4390625 0.19659778281250004 0.4390625
19 1 0.43172883125000017 0.9428175390625 0.43172883125000017 0.9428175390625 0.4625000000000002 1 0.4625000000000002
19 0.965625 0.40625000000000017 0.9296875 0.40625000000000017 0.9296875 0.4890625000000002 0.965625 0.4890625000000002
19 0.95 0.4308971781250002 0.86494455625 0.4308971781250002 0.86494455625 0.4671875000000002 0.95 0.4671875000000002
19 0.85 0.40680443437500013 0.8081905234375 0.40680443437500013 0.8081905234375 0.4906250000000002 0.85 0.4906250000000002
19 0.8900957671875 0.4078125000000002 0.848966734375 0.4078125000000002 0.848966734375 0.49531250000000016 0.8900957671875 0.49531250000000016
19 0.8328125 0.43281250000000016 0.75088205625 0.43281250000000016 0.75088205625 0.47124495937500016 0.8328125 0.47124495937500016
19 0.5341985890625 0.4162298375 0.4453125 0.4162298375 0.4453125 0.4875 0.5341985890625 0.4875
19 0.448387096875 0.4079385078125 0.3766129031250001 0.4079385078125 0.3766129031250001 0.4998739921875 0.448387096875 0.4998739921875
19 0.3750000000000001 0.41917842656250004 0.28568548281250006 0.41917842656250004 0.28568548281250006 0.4921875 0.3750000000000001 0.4921875
19 0.65625 0.4265625 0.582862903125 0.4265625 0.582862903125 0.4859375 0.65625 0.4859375
19 0.7046875 0.41875 0.65 0.41875 0.65 0.4953125 0.7046875 0.4953125
19 0.76875 0.42164818593750014 0.7140625 0.42164818593750003 0.7140625 0.49687500000000007 0.76875 0.4968750000000002
19 0.596875 0.4298891125 0.5244707671875 0.4298891125 0.5244707671875 0.4875 0.596875 0.4875
19 0.15000000000000005 0.4261088703125 0.07774697656250004 0.4261088703125 0.07774697656250006 0.503125 0.15000000000000005 0.503125
19 0.07031250000000006 0.43041834687499997 0.0003276218750000527 0.43041834687499997 0.00032762187500005716 0.503125 0.07031250000000007 0.503125
19 0.2000000000000001 0.43855846875 0.15700604843750005 0.43855846875 0.15700604843750005 0.5 0.2000000000000001 0.5
19 0.2484375000000001 0.43855846875 0.20534274062500008 0.43855846875 0.20534274062500008 0.5 0.2484375000000001 0.5
19 0.2921875000000001 0.4403981859375 0.2501008062500001 0.4403981859375 0.2501008062500001 0.503125 0.2921875000000001 0.503125
19 0.46875 0.5337701609375001 0.4359375 0.5337701609375001 0.4359375 0.5578125 0.46875 0.5578125
19 0.38750000000000007 0.5297883062500001 0.3632056437500001 0.5297883062500001 0.3632056437500001 0.5625 0.38750000000000007 0.5625
19 0.4234375 0.5314516125 0.3991431453125001 0.5314516125 0.3991431453125001 0.5640625 0.4234375 0.5640625
19 0.96875 0.5217993953125002 0.928125 0.5217993953125002 0.928125 0.5812500000000002 0.96875 0.5812500000000002
19 0.8515625 0.5328125000000001 0.793497984375 0.5328125000000001 0.793497984375 0.5734375000000002 0.8515625 0.5734375000000002
19 0.9078125 0.5226310468750002 0.8640625 0.5226310468750002 0.8640625 0.5812500000000002 0.9078125 0.5812500000000002
19 0.7203125 0.5328125 0.6640625 0.5328125 0.6640625 0.5734375 0.7203125 0.5734375
19 0.7765625 0.5247731859375002 0.7352570546874999 0.5247731859375002 0.7352570546874999 0.5843750000000002 0.7765625 0.5843750000000002
19 0.4640625 0.5640625 0.431199596875 0.5640625 0.431199596875 0.6015625 0.4640625 0.6015625
19 0.428125 0.5690524203125 0.3927923390625001 0.5690524203125 0.3927923390625001 0.59969758125 0.428125 0.59969758125
19 0.3890625000000001 0.5712701625000001 0.3551915312500001 0.5712701625000001 0.3551915312500001 0.5984375 0.3890625000000001 0.5984375
19 0.3515625000000001 0.562726815625 0.2824848796875001 0.562726815625 0.2824848796875001 0.6482106859375001 0.3515625000000001 0.6482106859375001
19 0.2000000000000001 0.5631048390625 0.1315524187500001 0.5631048390625 0.1315524187500001 0.65 0.2000000000000001 0.65
19 0.2750000000000001 0.56433971875 0.2067288312500001 0.56433971875 0.2067288312500001 0.6465977828125 0.2750000000000001 0.6465977828125
19 0.9203125 0.5778225812500002 0.8553427421875 0.5778225812500002 0.8553427421875 0.6390625000000002 0.9203125 0.6390625000000002
19 0.1312500000000001 0.578175403125 0.047101815625000064 0.578175403125 0.04710181562500007 0.640625 0.1312500000000001 0.640625
19 0.846875 0.5772681453125001 0.7861643140625 0.5772681453125001 0.7861643140625 0.6390625000000002 0.846875 0.6390625000000002
19 0.9900957671875 0.5759072578125002 0.923966734375 0.5759072578125002 0.923966734375 0.6406250000000002 0.9900957671875 0.6406250000000002
19 0.778125 0.5801915328125002 0.7263104828125 0.5801915328125002 0.7263104828125 0.6390625000000002 0.778125 0.6390625000000002
19 0.6591733875 0.5794354828125 0.5970766125 0.5794354828125 0.5970766125 0.64375 0.6591733875 0.64375
19 0.534375 0.5831149203125 0.4689516125 0.5831149203125 0.4689516125 0.640625 0.534375 0.640625
19 0.721875 0.5809979843749999 0.6625 0.5809979843749999 0.6625 0.6453125 0.721875 0.6453125
19 0.5953125 0.586668346875 0.5296875 0.586668346875 0.5296875 0.640625 0.5953125 0.640625
19 0.4640625 0.6085433453125 0.431098790625 0.6085433453125 0.431098790625 0.64375 0.4640625 0.64375
19 0.4234375 0.6109375 0.3890625000000001 0.6109375 0.3890625000000001 0.6453125 0.4234375 0.6453125
19 0.3890120984375001 0.6100050390625 0.3546875000000001 0.6100050390625 0.3546875000000001 0.6453125 0.3890120984375001 0.6453125