19 0.16250000000000003 0.403515625 0.06562500000000004 0.403515625 0.06562500000000006 0.4625 0.16250000000000003 0.4625
19 0.24375000000000008 0.400390625 0.2003906250000001 0.400390625 0.2003906250000001 0.484375 0.24375000000000008 0.484375
19 0.19375000000000003 0.3984375 0.15156250000000004 0.3984375 0.15156250000000004 0.48125 0.19375000000000003 0.48125
19 0.3125000000000001 0.421875 0.23007812500000008 0.421875 0.23007812500000008 0.4609375 0.3125000000000001 0.4609375
19 0.64375 0.416015625 0.5703125 0.416015625 0.5703125 0.4671875 0.64375 0.4671875
19 0.5828125 0.418359375 0.50859375 0.418359375 0.50859375 0.46875 0.5828125 0.46875
19 0.784375 0.4156250000000001 0.7203125 0.415625 0.7203125 0.4796875000000001 0.784375 0.47968750000000016
19 0.7125 0.4171875 0.6390625 0.4171875 0.6390625 0.48125 0.7125 0.48125
19 0.17656250000000007 0.539453125 0.14335937500000004 0.539453125 0.14335937500000007 0.5625 0.1765625000000001 0.5625
19 0.22031250000000008 0.540625 0.18554687500000006 0.540625 0.18554687500000006 0.5625 0.22031250000000008 0.5625
19 0.2609375000000001 0.540625 0.2277343750000001 0.540625 0.2277343750000001 0.5625 0.2609375000000001 0.5625
19 0.2968750000000001 0.533203125 0.2796875000000001 0.533203125 0.2796875000000001 0.56875 0.2968750000000001 0.56875
19 0.4953125 0.5609375 0.4375 0.5609375 0.4375 0.596875 0.4953125 0.596875
19 0.5328125 0.558203125 0.4796875 0.558203125 0.4796875 0.5953125 0.5328125 0.5953125
19 0.7578125 0.5578125 0.706640625 0.5578125 0.706640625 0.596875 0.7578125 0.5968750000000002
19 0.803125 0.5519531250000002 0.7625 0.5519531250000002 0.7625 0.6046875000000002 0.803125 0.6046875000000002
19 0.2906250000000001 0.572265625 0.2640625000000001 0.572265625 0.2640625000000001 0.6078125 0.2906250000000001 0.6078125
19 0.1671875000000001 0.575390625 0.1390625000000001 0.575390625 0.1390625000000001 0.60625 0.1671875000000001 0.60625
19 0.2062500000000001 0.5734375 0.17773437500000008 0.5734375 0.17773437500000008 0.6078125 0.2062500000000001 0.6078125
19 0.2531250000000001 0.575 0.22031250000000008 0.575 0.22031250000000008 0.6078125 0.2531250000000001 0.6078125
19 0.8046875 0.6625000000000001 0.724609375 0.6625 0.724609375 0.7250000000000001 0.8046875 0.7250000000000002
19 0.5031250000000002 0.79609375 0.4402343750000002 0.79609375 0.4402343750000002 0.8453125 0.5031250000000002 0.8453125
19 0.5578125000000002 0.79375 0.5015625000000001 0.79375 0.5015625000000001 0.853125 0.5578125000000002 0.853125
19 0.6281250000000002 0.798828125 0.5687500000000002 0.798828125 0.5687500000000002 0.8609375 0.6281250000000002 0.8609375