19 0.421875 0.3981806875000001 0.34062500000000007 0.3981806875 0.34062500000000007 0.4984375 0.421875 0.4984375
19 0.646875 0.41183769375 0.5453125 0.41183769375 0.5453125 0.484375 0.646875 0.484375
19 0.553125 0.415257353125 0.4953125 0.415257353125 0.4953125 0.5015625 0.553125 0.5015625
19 0.3312500000000001 0.4187175609375 0.2564689671875001 0.4187175609375 0.2564689671875001 0.4984375 0.3312500000000001 0.4984375
19 0.2500000000000001 0.42314554531250004 0.17182904218750003 0.42314554531250004 0.17182904218750003 0.49375 0.2500000000000001 0.49375
19 0.7609375 0.4333666750000001 0.6738429921875 0.433366675 0.6738429921875 0.4843750000000001 0.7609375 0.48437500000000017
19 0.6827314015625 0.4153411546875 0.6360185984375 0.4153411546875 0.6360185984375 0.5 0.6827314015625 0.5
19 0.09687500000000006 0.43872729218749995 0.03662143125000006 0.43872729218749995 0.03662143125000006 0.49375 0.09687500000000007 0.49375
19 0.16250000000000003 0.4359375 0.10574448593750005 0.4359375 0.10574448593750005 0.496875 0.16250000000000003 0.496875
19 0.4875 0.4405439015625 0.42687878437500004 0.4405439015625 0.42687878437500004 0.4953125 0.4875 0.4953125
19 0.03281250000000006 0.456828503125 0.000029735937500055945 0.456828503125 0.000029735937500058385 0.49662089062500003 0.03281250000000006 0.49662089062500003
19 0.3765625000000001 0.5624243078125 0.2953125000000001 0.5624243078125 0.2953125000000001 0.6671875 0.3765625000000001 0.6671875
19 0.2843750000000001 0.5621431671875 0.1971750656250001 0.5621431671875 0.1971750656250001 0.6671875 0.2843750000000001 0.6671875
19 0.6890625 0.5757758421875 0.590776384375 0.5757758421875 0.590776384375 0.6734375 0.6890625 0.6734375
19 0.1921875000000001 0.5875 0.11064284218750009 0.5875 0.11064284218750009 0.6638327203125 0.1921875000000001 0.6638327203125
19 0.8 0.5717857921875 0.7070123265625 0.5717857921875 0.7070123265625 0.6812500000000001 0.8 0.6812500000000001
19 0.9140625 0.5778681875000002 0.8280493078125 0.5778681875000002 0.8280493078125 0.6843750000000002 0.9140625 0.6843750000000002
19 0.10718804062500009 0.6036656578125 0.04749945937500008 0.6036656578125 0.04749945937500008 0.6650843421875 0.10718804062500009 0.6650843421875
19 0.05000000000000008 0.614254434375 7.522447269194117e-17 0.614254434375 7.760460838062634e-17 0.653125 0.050000000000000086 0.653125
19 0.4765625 0.6034142515625 0.3861835000000001 0.6034142515625 0.3861835000000001 0.6700232484375 0.4765625 0.6700232484375
19 0.5671875 0.5864457171875 0.4986618734375 0.5864457171875 0.4986618734375 0.6859266859375001 0.5671875 0.6859266859375001