19 0.23437500000000008 0.4875 0.15468750000000003 0.4875 0.15468750000000006 0.55 0.23437500000000008 0.55
19 0.14687500000000006 0.4890625 0.07343750000000007 0.4890625 0.07343750000000007 0.553125 0.1468750000000001 0.553125
19 0.584375 0.4875 0.5125 0.4875 0.5125 0.55234375 0.584375 0.55234375
19 0.6703125 0.4875 0.59375 0.4875 0.59375 0.55234375 0.6703125 0.55234375
19 0.50234375 0.4875 0.43125 0.4875 0.43125 0.55234375 0.50234375 0.55234375
19 0.2960937500000001 0.5015625 0.2406250000000001 0.5015625 0.2406250000000001 0.55078125 0.2960937500000001 0.55078125
19 0.3570312500000001 0.503125 0.3031250000000001 0.503125 0.3031250000000001 0.55234375 0.3570312500000001 0.55234375
19 0.42265625 0.503125 0.3671875000000001 0.503125 0.3671875000000001 0.5515625 0.42265625 0.5515625
19 0.73125 0.5062500000000001 0.6796875 0.50625 0.6796875 0.5546875000000001 0.73125 0.5546875000000002
19 0.79296875 0.5062500000000002 0.7390625 0.5062500000000002 0.7390625 0.5570312500000002 0.79296875 0.5570312500000002
19 0.85 0.5265625000000002 0.7984375 0.5265625000000002 0.7984375 0.5562500000000001 0.85 0.5562500000000001
19 0.90703125 0.5265625000000002 0.85625 0.5265625000000002 0.85625 0.5539062500000002 0.90703125 0.5539062500000002
19 0.9640625 0.5265625000000002 0.915625 0.5265625000000002 0.915625 0.5539062500000002 0.9640625 0.5539062500000002
19 0.6046875 0.596875 0.5109375 0.596875 0.5109375 0.66640625 0.6046875 0.66640625
19 0.703125 0.5984375 0.6140625 0.5984375 0.6140625 0.66796875 0.703125 0.66796875
19 0.50546875 0.6078125 0.409375 0.6078125 0.409375 0.665625 0.50546875 0.665625
19 0.1984375000000001 0.6078125 0.11093750000000009 0.6078125 0.11093750000000009 0.6640625 0.1984375000000001 0.6640625
19 0.3007812500000001 0.6125 0.2156250000000001 0.6125 0.2156250000000001 0.66640625 0.3007812500000001 0.66640625
19 0.40234375 0.6140625 0.3125000000000001 0.6140625 0.3125000000000001 0.6671875 0.40234375 0.6671875