19 0.5984375 0.1790215171875001 0.5479892421875 0.1790215171875001 0.5479892421875 0.21875000000000008 0.5984375 0.21875000000000008
19 0.55 0.17187500000000006 0.5131787906249999 0.17187500000000006 0.5131787906249999 0.2250000000000001 0.55 0.2250000000000001
19 0.6375 0.17900870937500007 0.5910604515625 0.17900870937500007 0.5910604515625 0.2171875000000001 0.6375 0.2171875000000001
19 0.6765625 0.1738089140625001 0.6390625 0.1738089140625001 0.6390625 0.2234375000000001 0.6765625 0.2234375000000001
19 0.46871157812500003 0.2141521515625001 0.440023053125 0.2141521515625001 0.440023053125 0.2468750000000001 0.46871157812500003 0.2468750000000001
19 0.4265625 0.21515112656250007 0.40498206875 0.21515112656250007 0.40498206875 0.2468750000000001 0.4265625 0.2468750000000001
19 0.50625 0.21759733750000007 0.4740906765625 0.21759733750000007 0.4740906765625 0.2453125000000001 0.50625 0.2453125000000001
19 0.5921875 0.22753586093750008 0.5586834015625 0.22753586093750008 0.5586834015625 0.2734375000000001 0.5921875 0.2734375000000001
19 0.5578125 0.2343365781250001 0.5116290984375 0.2343365781250001 0.5116290984375 0.2718750000000001 0.5578125 0.2718750000000001
19 0.678125 0.22593493906250012 0.641444671875 0.22593493906250012 0.641444671875 0.2765625000000001 0.678125 0.2765625000000001
19 0.6375 0.22812500000000008 0.5984375 0.22812500000000008 0.5984375 0.27812500000000007 0.6375 0.27812500000000007
19 0.471875 0.24602971250000008 0.43842213125 0.24602971250000008 0.43842213125 0.2763575812500001 0.471875 0.2763575812500001
19 0.51086065625 0.2453125000000001 0.48053278906249997 0.2453125000000001 0.48053278906249997 0.2796875000000001 0.51086065625 0.2796875000000001
19 0.434375 0.2497950828125001 0.40554559375 0.2497950828125001 0.40554559375 0.2765625000000001 0.434375 0.2765625000000001
19 0.45 0.3901127046875001 0.3912397531250001 0.3901127046875001 0.3912397531250001 0.4390625 0.45 0.4390625
19 0.5796875 0.3857966187500001 0.529943646875 0.3857966187500001 0.529943646875 0.4484375 0.5796875 0.4484375
19 0.515625 0.3851562500000001 0.463498975 0.3851562500000001 0.463498975 0.448271003125 0.515625 0.448271003125
19 0.3812500000000001 0.38698770468750004 0.3299820687500001 0.3869877046875 0.3299820687500001 0.4484375 0.3812500000000001 0.4484375
19 0.440625 0.4671875 0.3937500000000001 0.4671875 0.3937500000000001 0.528125 0.440625 0.528125
19 0.39531250000000007 0.474756659375 0.3302510250000001 0.474756659375 0.3302510250000001 0.521875 0.39531250000000007 0.521875
19 0.675 0.534823259375 0.5917008203125 0.534823259375 0.5917008203125 0.578125 0.675 0.578125
19 0.4921875 0.5211449781249999 0.43429815625 0.5211449781249999 0.43429815625 0.603125 0.4921875 0.603125
19 0.625 0.548603996875 0.550384221875 0.548603996875 0.550384221875 0.584375 0.625 0.584375
19 0.3906250000000001 0.5470671109375 0.3235527671875001 0.5470671109375 0.3235527671875001 0.5953125 0.3906250000000001 0.5953125
19 0.43269723437499996 0.5378586078125001 0.38761526718750006 0.5378586078125001 0.38761526718750006 0.6046875 0.43269723437499996 0.6046875
19 0.3312500000000001 0.5390625 0.2840035859375001 0.5390625 0.2840035859375001 0.60625 0.3312500000000001 0.60625
19 0.5328125 0.5623206953125 0.480071721875 0.5623206953125 0.480071721875 0.5921875 0.5328125 0.5921875
19 0.4593750000000001 0.6831583 0.3965035843750001 0.6831583 0.3965035843750001 0.7625 0.4593750000000002 0.7625
19 0.5953125000000001 0.6925717203125 0.5234375 0.6925717203125 0.5234375000000001 0.753125 0.5953125000000001 0.753125
19 0.5281250000000001 0.694159834375 0.45689036875 0.694159834375 0.45689036875000005 0.7515625 0.5281250000000002 0.7515625
19 0.3906250000000001 0.6964651640625 0.3140625000000001 0.6964651640625 0.3140625000000001 0.7578125 0.3906250000000001 0.7578125