19 0.8697916671874999 0.08680555625000011 0.7725694437499999 0.0868055562500001 0.7725694437499999 0.2795138890625001 0.8697916671874999 0.2795138890625001
19 0.965277778125 0.0920138890625001 0.8732638890625 0.0920138890625001 0.8732638890625 0.2812500000000001 0.965277778125 0.2812500000000001
19 0.5868055562500001 0.09375000000000007 0.4982638890625 0.09375000000000007 0.4982638890625 0.2803819437500001 0.5868055562500001 0.2803819437500001
19 0.7743055562500001 0.09895833281250009 0.6805555562500001 0.09895833281250009 0.6805555562500001 0.2829861109375001 0.7743055562500001 0.2829861109375001
19 0.676215278125 0.09895833281250008 0.5868055562500001 0.09895833281250008 0.5868055562500001 0.2829861109375001 0.676215278125 0.2829861109375001
19 0.043402778125000055 0.37847222187499996 4.634947950854056e-17 0.37847222187499996 5.708640020897054e-17 0.5538194437499999 0.04340277812500007 0.5538194437499999
19 0.12760416718750006 0.38715277812500004 0.04861111093750005 0.38715277812500004 0.048611110937500056 0.551215278125 0.1276041671875001 0.551215278125
19 0.9236111109375 0.3975694437500001 0.855902778125 0.3975694437500001 0.855902778125 0.5616319437500001 0.9236111109375 0.5616319437500001
19 0.9947916671874999 0.3975694437500001 0.925347221875 0.3975694437500001 0.925347221875 0.5633680562500002 0.9947916671874999 0.5633680562500002
19 0.19878472187500007 0.40972222187499996 0.12673611093750003 0.40972222187499996 0.12673611093750006 0.5538194437499999 0.1987847218750001 0.5538194437499999
19 0.2699652781250001 0.4114583328125 0.20312500000000008 0.4114583328125 0.20312500000000008 0.5572916671875 0.2699652781250001 0.5572916671875
19 0.4505208328125 0.4270833328125 0.3680555562500001 0.4270833328125 0.3680555562500001 0.5564236109375 0.4505208328125 0.5564236109375
19 0.36284722187500007 0.4357638890625 0.2829861109375001 0.4357638890625 0.2829861109375001 0.5520833328125 0.36284722187500007 0.5520833328125
19 0.6857638890625 0.4392361109375 0.6354166671875 0.4392361109375 0.6354166671875 0.551215278125 0.6857638890625 0.551215278125
19 0.511284721875 0.4392361109375 0.46180555625 0.4392361109375 0.46180555625 0.5529513890625 0.511284721875 0.5529513890625
19 0.5677083328125 0.4375 0.5173611109375 0.4375 0.5173611109375 0.5564236109375 0.5677083328125 0.5564236109375
19 0.6258680562500001 0.4427083328125 0.5763888890625 0.4427083328125 0.5763888890625 0.5538194437499999 0.6258680562500001 0.5538194437499999
19 0.8515625 0.4826388890625002 0.8020833328125001 0.4826388890625002 0.8020833328125001 0.5538194437500001 0.8515625 0.5538194437500001
19 0.734375 0.4843750000000001 0.6892361109375 0.484375 0.6892361109375 0.5520833328125001 0.734375 0.5520833328125001
19 0.7977430562500001 0.4826388890625002 0.7482638890625 0.4826388890625002 0.7482638890625 0.5538194437500001 0.7977430562500001 0.5538194437500001