19 0.1375000000000001 0.7176619234375 0.05973081718750008 0.7176619234375 0.05973081718750008 0.7795431109375001 0.1375000000000001 0.7795431109375001
19 0.1859375000000001 0.709375 0.13412231875000008 0.709375 0.13412231875000008 0.7875 0.1859375000000001 0.7875
19 0.2656250000000001 0.722849628125 0.18692502031250008 0.722849628125 0.18692502031250008 0.778125 0.2656250000000001 0.778125
19 0.4312500000000001 0.7116774953125 0.38467924843750007 0.7116774953125 0.38467924843750007 0.790625 0.4312500000000002 0.790625
19 0.48906250000000007 0.7110457921875 0.4421875 0.7110457921875 0.44218750000000007 0.7952042078125 0.4890625000000002 0.7952042078125
19 0.3062500000000001 0.7441831671875 0.26727258750000005 0.7441831671875 0.26727258750000005 0.796875 0.3062500000000001 0.796875
19 0.3765625000000001 0.750879228125 0.3219471937500001 0.750879228125 0.3219471937500001 0.7890625 0.3765625000000001 0.7890625
19 0.1343750000000001 0.856402125 0.051258250000000116 0.856402125 0.051258250000000116 0.9389103750000001 0.13437500000000013 0.9389103750000001
19 0.2250000000000001 0.85625 0.1453125000000001 0.85625 0.14531250000000012 0.9359375 0.2250000000000001 0.9359375
19 0.3218750000000001 0.8563196171874999 0.2380517750000001 0.8563196171874999 0.2380517750000001 0.946875 0.3218750000000001 0.946875
19 0.17031250000000003 0.178125 0.05470039218750002 0.178125 0.05470039218750004 0.3171875 0.17031250000000003 0.3171875
19 0.3 0.19590552656250002 0.16649133593750004 0.1959055265625 0.16649133593750004 0.3109375 0.3 0.3109375
19 0.4 0.22997627968750006 0.284511653125 0.2299762796875 0.284511653125 0.30781250000000004 0.4 0.3078125000000001
19 0.4859375 0.23354733906250008 0.3687783609375 0.23354733906250008 0.3687783609375 0.3125000000000001 0.4859375 0.3125000000000001
19 0.5703125 0.23642223593750006 0.458129640625 0.23642223593750006 0.458129640625 0.3140625000000001 0.5703125 0.3140625000000001
19 0.19218750000000004 0.36305692968750003 0.08098184843750005 0.36305692968750003 0.08098184843750006 0.4734375 0.19218750000000004 0.4734375
19 0.3140625000000001 0.368381290625 0.19860251718750005 0.368381290625 0.19860251718750005 0.478125 0.3140625000000001 0.478125
19 0.3151969890625001 0.5348313734375 0.2442398921875001 0.5348313734375 0.2442398921875001 0.6484375 0.3151969890625001 0.6484375
19 0.1593750000000001 0.55344471875 0.05385210468750007 0.55344471875 0.05385210468750007 0.6310024750000001 0.1593750000000001 0.6310024750000001
19 0.24375000000000008 0.5555486796875 0.1437500000000001 0.5555486796875 0.1437500000000001 0.6328125 0.24375000000000008 0.6328125
19 0.3984375000000001 0.5424195546874999 0.3237649546875001 0.5424195546874999 0.3237649546875001 0.6513304453125001 0.3984375000000001 0.6513304453125001
19 0.478125 0.543432859375 0.405628609375 0.543432859375 0.405628609375 0.653125 0.478125 0.653125