19 0.15859375 0.08906250000000002 0.1234375 0.08906250000000002 0.1234375 0.15390625 0.15859375 0.15390625
19 0.11875 0.08906250000000002 0.078125 0.0890625 0.07812500000000001 0.153125 0.11875 0.153125
19 0.78125 0.0984375000000001 0.734375 0.0984375000000001 0.734375 0.1648437500000001 0.78125 0.1648437500000001
19 0.8328125 0.10468750000000009 0.78125 0.10468750000000009 0.78125 0.1687500000000001 0.8328125 0.1687500000000001
19 0.88203125 0.1062500000000001 0.8390625 0.1062500000000001 0.8390625 0.1664062500000001 0.88203125 0.1664062500000001
19 0.5890625 0.10781250000000006 0.5359375 0.10781250000000005 0.5359375 0.16562500000000008 0.5890625 0.16562500000000008
19 0.5328125 0.10625000000000004 0.4859375 0.10625000000000004 0.4859375 0.16640625000000003 0.5328125 0.16640625000000003
19 0.2734375 0.13281250000000006 0.240625 0.13281250000000006 0.240625 0.17968750000000006 0.2734375 0.17968750000000006
19 0.19609375 0.13593750000000002 0.1671875 0.1359375 0.1671875 0.18046875 0.19609375 0.18046875000000004
19 0.23359375 0.13593750000000004 0.2046875 0.13593750000000004 0.2046875 0.18046875000000004 0.23359375 0.18046875000000004
19 0.68125 0.13437500000000008 0.640625 0.13437500000000008 0.640625 0.1828125000000001 0.68125 0.1828125000000001
19 0.7265625 0.13437500000000008 0.684375 0.13437500000000008 0.684375 0.1828125000000001 0.7265625 0.1828125000000001
19 0.63359375 0.1359375000000001 0.5984375 0.1359375000000001 0.5984375 0.18125000000000008 0.63359375 0.18125000000000008
19 0.48515625 0.14531250000000004 0.425 0.14531250000000004 0.425 0.2406250000000001 0.48515625 0.2406250000000001
19 0.41640625 0.14531250000000004 0.3578125 0.14531250000000004 0.3578125 0.24062500000000003 0.41640625 0.2406250000000001
19 0.13984375000000002 0.1578125 0.1015625 0.1578125 0.10156250000000003 0.2375 0.13984375000000004 0.2375
19 0.09453125000000002 0.15625 0.05625000000000002 0.15625 0.05625000000000002 0.2390625 0.09453125000000002 0.2390625
19 0.6 0.16718750000000007 0.54375 0.16718750000000004 0.54375 0.2406250000000001 0.6 0.2406250000000001
19 0.8453125 0.1687500000000001 0.79375 0.1687500000000001 0.79375 0.23828125000000008 0.8453125 0.23828125000000008
19 0.78828125 0.1671875000000001 0.7390625 0.1671875000000001 0.7390625 0.23828125000000008 0.78828125 0.23828125000000008
19 0.903125 0.1687500000000001 0.8515625 0.1687500000000001 0.8515625 0.2406250000000001 0.903125 0.2406250000000001
19 0.5421875 0.16875000000000004 0.490625 0.16875000000000004 0.490625 0.2406250000000001 0.5421875 0.2406250000000001
19 0.2203125 0.18125000000000005 0.1890625 0.18125000000000005 0.18906250000000002 0.2390625 0.2203125 0.2390625
19 0.18046875 0.1796875 0.1453125 0.1796875 0.1453125 0.23984375 0.18046875000000004 0.23984375
19 0.2625 0.17968750000000006 0.2296875 0.17968750000000006 0.2296875 0.23984375 0.2625 0.23984375
19 0.690625 0.18125000000000008 0.65 0.18125000000000008 0.65 0.2390625000000001 0.690625 0.2390625000000001
19 0.7359375 0.1843750000000001 0.69375 0.1843750000000001 0.69375 0.2406250000000001 0.7359375 0.2406250000000001
19 0.646875 0.1843750000000001 0.6015625 0.1843750000000001 0.6015625 0.23984375000000008 0.646875 0.23984375000000008
19 0.7875 0.2953125000000001 0.7578125 0.2953125000000001 0.7578125 0.3218750000000001 0.7875 0.3218750000000001
19 0.75 0.2968750000000001 0.7171875 0.2968750000000001 0.7171875 0.3234375000000001 0.75 0.3234375000000001
19 0.9703125 0.2875000000000001 0.928125 0.2875000000000001 0.928125 0.33671875000000007 0.9703125 0.33671875000000007
19 0.9203125 0.2875000000000001 0.8796875 0.2875000000000001 0.8796875 0.3390625000000001 0.9203125 0.3390625000000001
19 0.821875 0.30156250000000007 0.7921875 0.30156250000000007 0.7921875 0.3265625000000001 0.821875 0.3265625000000001
19 0.8703125 0.2890625000000001 0.8328125 0.2890625000000001 0.8328125 0.3398437500000001 0.8703125 0.3398437500000001
19 0.75078125 0.32500000000000007 0.715625 0.32500000000000007 0.715625 0.3539062500000001 0.75078125 0.3539062500000001
19 0.78671875 0.3265625000000001 0.753125 0.3265625000000001 0.753125 0.35625000000000007 0.78671875 0.35625000000000007
19 0.82734375 0.3312500000000001 0.7921875 0.3312500000000001 0.7921875 0.3554687500000001 0.82734375 0.3554687500000001
19 0.8875 0.3421875000000001 0.846875 0.3421875000000001 0.846875 0.4000000000000002 0.8875 0.4000000000000002
19 0.93515625 0.3453125000000001 0.8953125 0.3453125000000001 0.8953125 0.3968750000000001 0.93515625 0.3968750000000001
19 0.76171875 0.36406250000000007 0.728125 0.36406250000000007 0.728125 0.3968750000000001 0.76171875 0.3968750000000001
19 0.8015625 0.3671875000000001 0.76875 0.3671875000000001 0.76875 0.3968750000000001 0.8015625 0.3968750000000001
19 0.8453125 0.3671875000000001 0.809375 0.3671875000000001 0.809375 0.3968750000000001 0.8453125 0.3968750000000001