19 0.71484375 0.3703125000000001 0.6796875 0.3703125000000001 0.6796875 0.4265625 0.71484375 0.4265625
19 0.67578125 0.3703125000000001 0.640625 0.3703125000000001 0.640625 0.42578125 0.67578125 0.42578125
19 0.59765625 0.3703125000000001 0.5640625 0.3703125000000001 0.5640625 0.42578125 0.59765625 0.42578125
19 0.559375 0.37187500000000007 0.5265625 0.37187500000000007 0.5265625 0.42578125 0.559375 0.42578125
19 0.5234375 0.3734375000000001 0.4921875 0.3734375000000001 0.4921875 0.42421875 0.5234375 0.42421875
19 0.63671875 0.37187500000000007 0.6015625 0.37187500000000007 0.6015625 0.42578125 0.63671875 0.42578125
19 0.75234375 0.3734375000000001 0.7171875 0.3734375000000001 0.7171875 0.4250000000000001 0.75234375 0.42500000000000016
19 0.678125 0.5171875 0.6515625 0.5171875 0.6515625 0.58125 0.678125 0.58125
19 0.6515625 0.51875 0.6265625 0.51875 0.6265625 0.57890625 0.6515625 0.57890625
19 0.8171875 0.5171875000000001 0.790625 0.5171875000000001 0.790625 0.5796875000000001 0.8171875 0.5796875000000001
19 0.70625 0.5171875 0.6796875 0.5171875 0.6796875 0.578125 0.70625 0.578125
19 0.7609375 0.5171875000000001 0.7359375 0.5171875000000001 0.7359375 0.5781250000000002 0.7609375 0.5781250000000002
19 0.7890625 0.5171875000000001 0.7625 0.5171875000000001 0.7625 0.5796875000000001 0.7890625 0.5796875000000001
19 0.7328125 0.5171875000000001 0.7078125 0.5171875 0.7078125 0.5781250000000001 0.7328125 0.5781250000000002
19 0.6937500000000001 0.6453125 0.646875 0.6453125 0.6468750000000001 0.74609375 0.6937500000000002 0.74609375
19 0.7406250000000001 0.6453125000000001 0.69375 0.6453125 0.6937500000000001 0.7500000000000001 0.7406250000000002 0.7500000000000002
19 0.7921875 0.6453125000000002 0.74375 0.6453125000000002 0.7437500000000001 0.7523437500000002 0.7921875000000002 0.7523437500000002
19 0.84375 0.6515625000000002 0.7953125 0.6515625000000002 0.7953125000000001 0.7515625000000001 0.84375 0.7515625000000001
19 0.8953125 0.6531250000000002 0.846875 0.6531250000000002 0.846875 0.7531250000000002 0.8953125 0.7531250000000002
19 0.5406250000000001 0.8375 0.49531250000000016 0.8375 0.49531250000000016 0.946875 0.5406250000000001 0.946875
19 0.49531250000000016 0.8359375 0.44843750000000016 0.8359375 0.44843750000000016 0.946875 0.49531250000000016 0.946875
19 0.5875000000000001 0.8328125 0.5421875000000002 0.8328125 0.5421875000000002 0.94453125 0.5875000000000001 0.94453125
19 0.6351562500000002 0.840625 0.5906250000000002 0.840625 0.5906250000000002 0.94609375 0.6351562500000002 0.94609375
19 0.6875000000000002 0.8375 0.6390625000000002 0.8375 0.6390625000000002 0.9484375 0.6875000000000002 0.9484375