19 0.778125 0.3156250000000001 0.746875 0.3156250000000001 0.746875 0.3804687500000001 0.778125 0.3804687500000001
19 0.7453125 0.3203125000000001 0.715625 0.3203125000000001 0.715625 0.3804687500000001 0.7453125 0.3804687500000001
19 0.68046875 0.32500000000000007 0.653125 0.32500000000000007 0.653125 0.3812500000000001 0.68046875 0.3812500000000001
19 0.71171875 0.32500000000000007 0.6828125 0.32500000000000007 0.6828125 0.3804687500000001 0.71171875 0.3804687500000001
19 0.6203125 0.32500000000000007 0.590625 0.32500000000000007 0.590625 0.3812500000000001 0.6203125 0.3812500000000001
19 0.6515625 0.32500000000000007 0.621875 0.32500000000000007 0.621875 0.3812500000000001 0.6515625 0.3812500000000001
19 0.8828125 0.5015625000000001 0.8625 0.5015625000000001 0.8625 0.5546875000000002 0.8828125 0.5546875000000002
19 0.8578125 0.5031250000000002 0.8375 0.5031250000000002 0.8375 0.5562500000000001 0.8578125 0.5562500000000001
19 0.753125 0.5125000000000002 0.7390625 0.5125000000000002 0.7390625 0.5554687500000002 0.753125 0.5554687500000002
19 0.771875 0.5125000000000002 0.7578125 0.5125000000000002 0.7578125 0.5546875000000002 0.771875 0.5546875000000002
19 0.7375 0.5156250000000001 0.7234375 0.515625 0.7234375 0.5562500000000001 0.7375 0.5562500000000001
19 0.7921875 0.5156250000000002 0.7765625 0.5156250000000002 0.7765625 0.5554687500000002 0.7921875 0.5554687500000002
19 0.8109375 0.5171875000000001 0.7953125 0.5171875000000001 0.7953125 0.5578125000000002 0.8109375 0.5578125000000002
19 0.8328125 0.5187500000000002 0.815625 0.5187500000000002 0.815625 0.5570312500000002 0.8328125 0.5570312500000002
19 0.8015625 0.6031250000000001 0.78125 0.6031250000000001 0.78125 0.6390625000000002 0.8015625 0.6390625000000002
19 0.7796875 0.6062500000000002 0.7578125 0.6062500000000002 0.7578125 0.6421875000000001 0.7796875 0.6421875000000001
19 0.82734375 0.6078125000000002 0.803125 0.6078125000000002 0.803125 0.6437500000000002 0.82734375 0.6437500000000002
19 0.7914062500000001 0.6750000000000002 0.7671875 0.6750000000000002 0.7671875000000001 0.7265625000000002 0.7914062500000002 0.7265625000000002
19 0.7359375000000001 0.6781250000000001 0.709375 0.678125 0.7093750000000001 0.7289062500000001 0.7359375000000001 0.7289062500000002
19 0.7671875000000001 0.6781250000000002 0.7421875 0.6781250000000002 0.7421875000000001 0.7289062500000002 0.7671875000000001 0.7289062500000002
19 0.81953125 0.6796875000000002 0.7953125 0.6796875000000002 0.7953125000000001 0.7265625000000002 0.81953125 0.7265625000000002
19 0.85 0.6828125000000002 0.825 0.6828125000000002 0.825 0.7281250000000001 0.85 0.7281250000000001
19 0.8796875 0.6843750000000002 0.853125 0.6843750000000002 0.853125 0.7289062500000002 0.8796875 0.7289062500000002
19 0.7859375000000002 0.8171875 0.7687500000000002 0.8171875 0.7687500000000002 0.85078125 0.7859375000000002 0.85078125
19 0.7671875000000001 0.8171875 0.7515625000000001 0.8171875 0.7515625000000001 0.85078125 0.7671875000000001 0.85078125
19 0.7734375000000002 0.8734375 0.7562500000000002 0.8734375 0.7562500000000002 0.915625 0.7734375000000002 0.915625
19 0.7945312500000001 0.875 0.7765625000000002 0.875 0.7765625000000002 0.915625 0.7945312500000001 0.915625
19 0.82578125 0.8890625 0.8125 0.8890625 0.8125 0.915625 0.82578125 0.915625
19 0.80859375 0.8890625 0.7953125000000002 0.8890625 0.7953125000000002 0.91640625 0.80859375 0.91640625
19 0.8578125 0.8890625 0.84375 0.8890625 0.84375 0.91640625 0.8578125 0.91640625
19 0.875 0.890625 0.8609375 0.890625 0.8609375 0.91484375 0.875 0.91484375
19 0.84140625 0.890625 0.828125 0.890625 0.828125 0.9171875 0.84140625 0.9171875