19 0.2890625000000001 0.671875 0.23007812500000008 0.671875 0.23007812500000008 0.725 0.2890625000000001 0.725
19 0.3531250000000001 0.672265625 0.2988281250000001 0.672265625 0.2988281250000001 0.725 0.3531250000000001 0.725
19 0.5515625000000001 0.668359375 0.4921875 0.668359375 0.4921875000000001 0.728125 0.5515625000000002 0.728125
19 0.4296875000000001 0.6734375 0.3609375000000001 0.6734375 0.3609375000000001 0.728125 0.42968750000000017 0.728125
19 0.21875000000000008 0.68125 0.15000000000000008 0.68125 0.15000000000000008 0.7296875 0.21875000000000008 0.7296875
19 0.4843750000000001 0.6796875 0.4328125 0.6796875 0.4328125000000001 0.7328125 0.48437500000000017 0.7328125
19 0.5093750000000001 0.8 0.47070312500000017 0.8 0.47070312500000017 0.825 0.5093750000000001 0.825
19 0.5875000000000001 0.8015625 0.5562500000000001 0.8015625 0.5562500000000001 0.8265625 0.5875000000000001 0.8265625
19 0.5484375000000001 0.8015625 0.5187500000000002 0.8015625 0.5187500000000002 0.825 0.5484375000000001 0.825
19 0.5906250000000002 0.8453125 0.5515625000000002 0.8453125 0.5515625000000002 0.8703125 0.5906250000000002 0.8703125
19 0.5453125000000002 0.84453125 0.5167968750000002 0.84453125 0.5167968750000002 0.8734375 0.5453125000000002 0.8734375
19 0.5093750000000001 0.844140625 0.4734375000000002 0.844140625 0.4734375000000002 0.8765625 0.5093750000000001 0.8765625
19 0.6421875000000001 0.866015625 0.5855468750000001 0.866015625 0.5855468750000001 0.925 0.6421875000000001 0.925
19 0.7109375000000002 0.869140625 0.6531250000000002 0.869140625 0.6531250000000002 0.9296875 0.7109375000000002 0.9296875
19 0.7828125000000001 0.870703125 0.7203125000000001 0.870703125 0.7203125000000001 0.928125 0.7828125000000001 0.928125
19 0.5046875000000002 0.89375 0.4734375000000002 0.89375 0.4734375000000002 0.921875 0.5046875000000002 0.921875
19 0.5453125000000002 0.89375 0.5128906250000002 0.89375 0.5128906250000002 0.921875 0.5453125000000002 0.921875
19 0.5828125000000002 0.89375 0.5515625000000002 0.89375 0.5515625000000002 0.921875 0.5828125000000002 0.921875
19 0.11718750000000004 0.398046875 0.036328125000000044 0.398046875 0.03632812500000005 0.4359375 0.11718750000000004 0.4359375
19 0.2593750000000001 0.3859375 0.2078125000000001 0.3859375 0.2078125000000001 0.4625 0.2593750000000001 0.4625
19 0.3312500000000001 0.39765625 0.2550781250000001 0.39765625 0.2550781250000001 0.453125 0.3312500000000001 0.453125
19 0.515625 0.39921875000000007 0.43984375 0.39921875000000007 0.43984375 0.4515625 0.515625 0.4515625
19 0.5640625 0.38750000000000007 0.506640625 0.38750000000000007 0.506640625 0.4640625 0.5640625 0.4640625
19 0.3921875000000001 0.40078125 0.3148437500000001 0.40078125 0.3148437500000001 0.4515625 0.3921875000000001 0.4515625
19 0.634375 0.40078125 0.556640625 0.40078125 0.556640625 0.4515625 0.634375 0.4515625
19 0.453125 0.4 0.3750000000000001 0.4 0.3750000000000001 0.453125 0.453125 0.453125
19 0.2062500000000001 0.41640625 0.15117187500000004 0.41640625 0.15117187500000004 0.45 0.2062500000000001 0.45
19 0.14843750000000006 0.405078125 0.11093750000000005 0.405078125 0.11093750000000005 0.4640625 0.14843750000000006 0.4640625
19 0.4359375 0.5171875 0.3472656250000001 0.5171875 0.3472656250000001 0.590625 0.4359375 0.590625
19 0.5171875 0.52109375 0.43828125 0.52109375 0.43828125 0.5921875 0.5171875 0.5921875
19 0.5953125 0.51875 0.5171875 0.51875 0.5171875 0.5984375 0.5953125 0.5984375
19 0.16250000000000006 0.523828125 0.11289062500000005 0.523828125 0.11289062500000006 0.59375 0.1625000000000001 0.59375
19 0.2234375000000001 0.525 0.17304687500000004 0.525 0.17304687500000007 0.596875 0.2234375000000001 0.596875
19 0.11562500000000006 0.53515625 0.04765625000000007 0.53515625 0.04765625000000007 0.5859375 0.11562500000000009 0.5859375
19 0.2765625000000001 0.549609375 0.22265625000000008 0.549609375 0.22265625000000008 0.5890625 0.2765625000000001 0.5890625