19 0.4625 0.08801999531250006 0.396920215625 0.08801999531250004 0.396920215625 0.2015625000000001 0.4625 0.2015625000000001
19 0.3389519703125 0.09165996875000004 0.2734375 0.09165996875000004 0.2734375 0.2058078765625 0.3389519703125 0.2058078765625
19 0.2203125 0.12420619062500002 0.1210862140625 0.124206190625 0.12108621406250002 0.18281250000000002 0.2203125 0.18281250000000004
19 0.07812500000000003 0.108324959375 0.01856662031250001 0.108324959375 0.018566620312500018 0.2015625 0.07812500000000003 0.2015625
19 0.528125 0.2146578578125001 0.44032104062500005 0.2146578578125001 0.44032104062500005 0.3281250000000001 0.528125 0.3281250000000001
19 0.4203125 0.23989399062500003 0.3455059296875 0.239893990625 0.3455059296875 0.31250000000000006 0.4203125 0.3125000000000001
19 0.334375 0.2831089234375 0.2826668015625 0.2831089234375 0.2826668015625 0.3109375 0.334375 0.3109375
19 0.27489700625 0.2847719046875 0.22666549531250002 0.2847719046875 0.22666549531250002 0.3109375 0.27489700625 0.3109375
19 0.2078125 0.2745201953125 0.18062700937500004 0.2745201953125 0.18062700937500004 0.325 0.2078125 0.325
19 0.07968750000000005 0.272595959375 0.05249196093750005 0.272595959375 0.05249196093750005 0.3265625 0.07968750000000005 0.3265625
19 0.16093750000000004 0.28472668749999996 0.10000000000000005 0.28472668749999996 0.10000000000000005 0.3140625 0.16093750000000004 0.3140625
19 0.37968750000000007 0.35504421250000007 0.3302602484375 0.3550442125 0.3302602484375 0.440625 0.37968750000000007 0.440625
19 0.15752110156250004 0.35545870156250003 0.10781250000000005 0.35545870156250003 0.10781250000000005 0.446875 0.15752110156250004 0.446875
19 0.27968750000000003 0.355418509375 0.2267006625 0.355418509375 0.22670066250000004 0.446875 0.2796875000000001 0.446875