19 0.8890625 0.24218750000000008 0.8305327874999999 0.24218750000000008 0.8305327874999999 0.2812500000000001 0.8890625 0.2812500000000001
19 0.9309426234375 0.2409067609375001 0.87192623125 0.2409067609375001 0.87192623125 0.2828125000000001 0.9309426234375 0.2828125000000001
19 0.34375000000000006 0.36128329843749996 0.24663165937499998 0.36128329843749996 0.24663165937500003 0.4088242828125 0.3437500000000001 0.4088242828125
19 0.37812500000000004 0.334400615625 0.3275742828125 0.334400615625 0.3275742828125 0.4296875 0.3781250000000001 0.4296875
19 0.2671875000000001 0.3694287921875 0.20640368906250012 0.3694287921875 0.20640368906250012 0.4359375 0.2671875000000001 0.4359375
19 0.19375000000000003 0.3710681359375 0.13253073750000005 0.3710681359375 0.13253073750000005 0.4341828890625 0.19375000000000003 0.4341828890625
19 0.12187500000000004 0.3733094265625 0.058414446875000046 0.3733094265625 0.058414446875000046 0.434375 0.12187500000000004 0.434375
19 0.8109375 0.46629098437500016 0.7260117828125 0.46629098437500016 0.7260117828125 0.5406250000000001 0.8109375 0.5406250000000001
19 0.7328125 0.4687500000000001 0.6439933390625 0.46875 0.6439933390625 0.5406250000000001 0.7328125 0.5406250000000001
19 0.646875 0.46075819687499997 0.571875 0.46075819687499997 0.571875 0.55 0.646875 0.55
19 0.8890625 0.4722464140625002 0.8142930328125001 0.4722464140625002 0.8142930328125001 0.5468750000000002 0.8890625 0.5468750000000002
19 0.36406250000000007 0.48584784843750006 0.3124231546875001 0.48584784843750006 0.3124231546875001 0.5546875 0.36406250000000007 0.5546875
19 0.3140625000000001 0.496209015625 0.2465420078125001 0.496209015625 0.2465420078125001 0.5421875 0.3140625000000001 0.5421875
19 0.2500000000000001 0.4863601421875 0.2029841203125001 0.4863601421875 0.2029841203125001 0.55625 0.2500000000000001 0.55625
19 0.19375000000000006 0.4850922125 0.14149590156250005 0.4850922125 0.14149590156250008 0.55625 0.1937500000000001 0.55625
19 0.5578125 0.5053022546875 0.5060706953125 0.5053022546875 0.5060706953125 0.54792520625 0.5578125 0.54792520625
19 0.5125 0.510040984375 0.46159067499999995 0.510040984375 0.46159067499999995 0.54375 0.5125 0.54375
19 0.41875 0.506493340625 0.3668801234375001 0.506493340625 0.3668801234375001 0.5453125 0.41875 0.5453125
19 0.4609375 0.5014216171875 0.42260502187500004 0.5014216171875 0.42260502187500004 0.5546875 0.4609375 0.5546875
19 0.27812500000000007 0.7453125 0.24815573750000008 0.7453125 0.24815573750000008 0.7796875 0.27812500000000007 0.7796875
19 0.2390625000000001 0.7469262296875 0.21093750000000008 0.7469262296875 0.21093750000000008 0.7780737703125 0.2390625000000001 0.7780737703125
19 0.20468750000000008 0.7581198765625 0.1468750000000001 0.7581198765625 0.1468750000000001 0.8078125 0.20468750000000008 0.8078125
19 0.27812500000000007 0.7821849375000001 0.2502817625000001 0.7821849375000001 0.2502817625000001 0.8108734625 0.27812500000000007 0.8108734625
19 0.2406250000000001 0.7786116796875 0.21251280625000007 0.7786116796875 0.21251280625000007 0.8125 0.2406250000000001 0.8125