19 0.76953125 0.1921875000000001 0.7140625 0.1921875000000001 0.7140625 0.2945312500000001 0.76953125 0.2945312500000001
19 0.83359375 0.1984375000000001 0.7828125 0.1984375000000001 0.7828125 0.2984375000000001 0.83359375 0.2984375000000001
19 0.9 0.2000000000000001 0.8484375 0.2000000000000001 0.8484375 0.3007812500000001 0.9 0.3007812500000001
19 0.9625 0.20468750000000008 0.909375 0.20468750000000008 0.909375 0.30546875000000007 0.9625 0.30546875000000007
19 0.14453125000000006 0.3078125 0.032812500000000036 0.3078125 0.032812500000000036 0.4078125 0.14453125000000006 0.4078125
19 0.25859375000000007 0.3125 0.15781250000000005 0.3125 0.15781250000000005 0.41015625 0.25859375000000007 0.41015625
19 0.37968750000000007 0.30937500000000007 0.271875 0.309375 0.27187500000000003 0.41171875 0.37968750000000007 0.41171875
19 0.4984375 0.3109375000000001 0.3953125 0.3109375000000001 0.39531250000000007 0.41328125 0.4984375 0.41328125
19 0.59453125 0.3296875000000001 0.5078125 0.3296875000000001 0.5078125 0.41171875 0.59453125 0.41171875
19 0.68984375 0.3359375000000001 0.6078125 0.3359375000000001 0.6078125 0.4140625 0.68984375 0.4140625
19 0.77265625 0.3375000000000001 0.690625 0.3375000000000001 0.690625 0.4195312500000001 0.77265625 0.4195312500000002
19 0.83125 0.3453125000000001 0.784375 0.3453125000000001 0.784375 0.41718750000000016 0.83125 0.41718750000000016
19 0.8859375 0.3468750000000001 0.8375 0.3468750000000001 0.8375 0.4187500000000002 0.8859375 0.4187500000000002
19 0.940625 0.3500000000000001 0.89375 0.3500000000000001 0.89375 0.42187500000000017 0.940625 0.42187500000000017
19 0.16250000000000006 0.4390625 0.059375000000000046 0.4390625 0.05937500000000005 0.559375 0.1625000000000001 0.559375
19 0.72109375 0.478125 0.6671875 0.478125 0.6671875 0.51796875 0.72109375 0.51796875
19 0.2671875000000001 0.440625 0.17187500000000006 0.440625 0.17187500000000006 0.559375 0.2671875000000001 0.559375
19 0.83515625 0.4828125000000002 0.7859375 0.4828125000000002 0.7859375 0.5187500000000002 0.83515625 0.5187500000000002
19 0.778125 0.4828125000000002 0.7296875 0.4828125000000002 0.7296875 0.5203125000000002 0.778125 0.5203125000000002
19 0.3593750000000001 0.4421875 0.2750000000000001 0.4421875 0.2750000000000001 0.56015625 0.3593750000000001 0.56015625
19 0.4515625 0.465625 0.37187500000000007 0.465625 0.37187500000000007 0.559375 0.4515625 0.559375
19 0.5359375 0.465625 0.4578125 0.465625 0.4578125 0.5609375 0.5359375 0.5609375
19 0.596875 0.49375 0.54375 0.49375 0.54375 0.5625 0.596875 0.5625
19 0.9453125 0.49531250000000016 0.85625 0.49531250000000016 0.85625 0.5601562500000001 0.9453125 0.5601562500000001
19 0.65859375 0.4953125 0.6046875 0.4953125 0.6046875 0.56171875 0.65859375 0.56171875
19 0.71640625 0.5234375 0.6671875 0.5234375 0.6671875 0.56171875 0.71640625 0.56171875
19 0.775 0.5234375000000002 0.728125 0.5234375000000002 0.728125 0.5617187500000002 0.775 0.5617187500000002
19 0.8296875 0.5234375000000002 0.78125 0.5234375000000002 0.78125 0.5617187500000002 0.8296875 0.5617187500000002