19 0.421875 0.39766706250000006 0.3410683390625001 0.3976670625 0.3410683390625001 0.4984375 0.421875 0.4984375
19 0.6328125 0.3976670625000001 0.5600481187499999 0.3976670625000001 0.5600481187499999 0.4984375 0.6328125 0.4984375
19 0.5671875 0.4299335 0.4801362453125 0.4299335 0.4801362453125 0.4875 0.5671875 0.4875
19 0.3343750000000001 0.42086667499999997 0.2534926484375001 0.42086667499999997 0.2534926484375001 0.496875 0.3343750000000001 0.496875
19 0.2500000000000001 0.422010165625 0.17159656093750003 0.422010165625 0.17159656093750003 0.49375 0.2500000000000001 0.49375
19 0.7609375 0.43341533281250005 0.6739078703125 0.4334153328125 0.6739078703125 0.4843750000000001 0.7609375 0.48437500000000017
19 0.7015625 0.4357807078125 0.6168982484375001 0.4357807078125 0.6168982484375001 0.48125 0.7015625 0.48125
19 0.09375000000000006 0.4359375 0.039073312500000054 0.4359375 0.039073312500000054 0.496875 0.09375000000000007 0.496875
19 0.16250000000000003 0.4359375 0.10574448593750005 0.4359375 0.10574448593750005 0.496875 0.16250000000000003 0.496875
19 0.4875 0.44007893593749997 0.42779249531249997 0.44007893593749997 0.42779249531249997 0.4953125 0.4875 0.4953125
19 0.03281250000000006 0.456828503125 0.000029735937500055945 0.456828503125 0.000029735937500058385 0.49662089062500003 0.03281250000000006 0.49662089062500003
19 0.3765625000000001 0.5621431671875 0.2964154421875001 0.5621431671875 0.2964154421875001 0.6671875 0.3765625000000001 0.6671875
19 0.2843750000000001 0.5624243078125 0.1972886031250001 0.5624243078125 0.1972886031250001 0.6671875 0.2843750000000001 0.6671875
19 0.6890625 0.57574610625 0.5909142515625 0.57574610625 0.5909142515625 0.675 0.6890625 0.675
19 0.18906250000000008 0.5846912843750001 0.11384894062500009 0.5846912843750001 0.11384894062500009 0.666871215625 0.18906250000000008 0.666871215625
19 0.8 0.5709477734375 0.707347534375 0.5709477734374999 0.707347534375 0.6812500000000001 0.8 0.6812500000000001
19 0.9140625 0.5769761031250001 0.8285250859375 0.5769761031250001 0.8285250859375 0.6843750000000002 0.9140625 0.6843750000000002
19 0.10781250000000009 0.604749675 0.04657223125000008 0.604749675 0.04657223125000008 0.6640625 0.10781250000000009 0.6640625
19 0.05000000000000008 0.614254434375 7.522447269194117e-17 0.614254434375 7.760460838062634e-17 0.653125 0.050000000000000086 0.653125
19 0.4640625 0.5908926250000001 0.39796442343750005 0.5908926250000001 0.39796442343750005 0.6825881265625 0.4640625 0.6825881265625
19 0.5828125 0.602035575 0.48405601249999997 0.602035575 0.48405601249999997 0.6703125 0.5828125 0.6703125