19 0.7890625 0.0886718750000001 0.733984375 0.0886718750000001 0.733984375 0.19531250000000008 0.7890625 0.19531250000000008
19 0.9203125 0.11718750000000011 0.812890625 0.11718750000000008 0.812890625 0.1718750000000001 0.9203125 0.17187500000000014
19 0.8421875 0.0937500000000001 0.7859375 0.09375000000000008 0.7859375 0.1937500000000001 0.8421875 0.1937500000000001
19 0.734375 0.09375000000000008 0.6828125 0.09375000000000008 0.6828125 0.1984375000000001 0.734375 0.1984375000000001
19 0.5375 0.36992187500000007 0.465234375 0.36992187500000007 0.465234375 0.4078125 0.5375 0.4078125
19 0.5796875 0.3703125000000001 0.506640625 0.3703125000000001 0.506640625 0.409375 0.5796875 0.409375
19 0.6234375 0.3753906250000001 0.549609375 0.3753906250000001 0.549609375 0.4171875 0.6234375 0.4171875
19 0.66875 0.3792968750000001 0.59375 0.3792968750000001 0.59375 0.4203125 0.66875 0.4203125
19 0.75 0.3625000000000001 0.7015625 0.3625000000000001 0.7015625 0.4453125000000001 0.75 0.44531250000000017
19 0.7171875 0.3812500000000001 0.6390625 0.3812500000000001 0.6390625 0.428125 0.7171875 0.428125
19 0.3125000000000001 0.45625 0.2894531250000001 0.45625 0.2894531250000001 0.5125 0.3125000000000001 0.5125
19 0.5 0.475 0.4796875 0.475 0.4796875 0.5390625 0.5 0.5390625
19 0.33281250000000007 0.4875 0.3136718750000001 0.4875 0.3136718750000001 0.534375 0.33281250000000007 0.534375
19 0.5375 0.52734375 0.48515625 0.52734375 0.48515625 0.54375 0.5375 0.54375
19 0.5421875 0.5109375 0.525 0.5109375 0.525 0.5640625 0.5421875 0.5640625
19 0.3125000000000001 0.55078125 0.2503906250000001 0.55078125 0.2503906250000001 0.5734375 0.3125000000000001 0.5734375
19 0.446875 0.5546875 0.4203125 0.5546875 0.4203125 0.56875 0.446875 0.56875
19 0.36406250000000007 0.55859375 0.2964843750000001 0.55859375 0.2964843750000001 0.5828125 0.36406250000000007 0.5828125
19 0.3906250000000001 0.559375 0.3218750000000001 0.559375 0.3218750000000001 0.584375 0.3906250000000001 0.584375
19 0.5015625 0.564453125 0.412109375 0.564453125 0.412109375 0.5875 0.5015625 0.5875
19 0.39531250000000007 0.539453125 0.3722656250000001 0.539453125 0.3722656250000001 0.6078125 0.39531250000000007 0.6078125
19 0.3265625000000001 0.56640625 0.2804687500000001 0.56640625 0.2804687500000001 0.5859375 0.3265625000000001 0.5859375
19 0.521875 0.5734375 0.44375 0.5734375 0.44375 0.5953125 0.521875 0.5953125
19 0.4203125 0.5625 0.3984375000000001 0.5625 0.3984375000000001 0.615625 0.4203125 0.615625
19 0.5171875 0.571875 0.496875 0.571875 0.496875 0.625 0.5171875 0.625
19 0.44453125 0.590234375 0.415625 0.590234375 0.415625 0.609375 0.44453125 0.609375
19 0.5359375 0.575 0.519140625 0.575 0.519140625 0.63125 0.5359375 0.63125
19 0.8 0.6179687500000002 0.733984375 0.6179687500000002 0.733984375 0.6562500000000002 0.8 0.6562500000000002
19 0.8515625 0.6226562500000001 0.78359375 0.6226562500000001 0.78359375 0.6640625000000002 0.8515625 0.6640625000000002
19 0.4234375000000002 0.767578125 0.3726562500000001 0.767578125 0.3726562500000001 0.7984375 0.4234375000000002 0.7984375
19 0.4500000000000002 0.76875 0.4203125000000002 0.76875 0.4203125000000002 0.8171875 0.4500000000000002 0.8171875