19 0.5078125 0.2031352140625001 0.45073018906250006 0.2031352140625001 0.45073018906250006 0.28593750000000007 0.5078125 0.28593750000000007
19 0.2546875 0.21498672187499998 0.19687500000000005 0.21498672187499998 0.19687500000000005 0.29375 0.2546875 0.29375
19 0.17968750000000006 0.226838234375 0.09817708437500003 0.226838234375 0.09817708437500003 0.285661765625 0.17968750000000006 0.285661765625
19 0.6125 0.2748825562500001 0.5135518796875 0.2748825562500001 0.5135518796875 0.3531250000000001 0.6125 0.3531250000000001
19 0.5165900734375 0.27446384843750005 0.43125 0.27446384843750005 0.43125 0.3593750000000001 0.5165900734375 0.3593750000000001
19 0.675 0.30088337500000006 0.58125 0.30088337500000006 0.58125 0.3359375000000001 0.675 0.3359375000000001
19 0.3484375 0.2829656859375 0.27744076875 0.2829656859375 0.27744076875 0.3546875 0.3484375 0.3546875
19 0.15937500000000004 0.2798560046875 0.09121732031250004 0.2798560046875 0.09121732031250004 0.3578125 0.15937500000000004 0.3578125
19 0.2515625 0.280024509375 0.18353758125000003 0.280024509375 0.18353758125000003 0.3576388875 0.2515625 0.3576388875
19 0.7140625 0.3002502046875001 0.6241319453124999 0.3002502046875001 0.6241319453124999 0.3390625000000001 0.7140625 0.3390625000000001
19 0.759375 0.3017973843750001 0.66630923125 0.3017973843750001 0.66630923125 0.3375000000000001 0.759375 0.3375000000000001
19 0.41875 0.28426266250000004 0.3515625 0.2842626625 0.3515625 0.35468750000000004 0.41875 0.3546875000000001
19 0.7734375 0.27333537656250007 0.73586090625 0.27333537656250007 0.73586090625 0.3656250000000001 0.7734375 0.3656250000000001
19 0.84375 0.3031250000000001 0.750428921875 0.3031250000000001 0.750428921875 0.3390625000000001 0.84375 0.3390625000000001
19 0.85625 0.27812500000000007 0.820251225 0.27812500000000007 0.820251225 0.3703125000000001 0.85625 0.3703125000000001
19 0.928125 0.3046875000000001 0.8359375 0.3046875000000001 0.8359375 0.3436325562500001 0.928125 0.3436325562500001
19 0.94375 0.27812500000000007 0.9075163390625001 0.27812500000000007 0.9075163390625001 0.3703125000000001 0.94375 0.3703125000000001
19 0.434375 0.4171875 0.37407577656250013 0.4171875 0.37407577656250013 0.453125 0.434375 0.453125
19 0.3843750000000001 0.421875 0.3380923203125001 0.421875 0.3380923203125001 0.4578125 0.3843750000000001 0.4578125
19 0.6140625 0.45867034218749997 0.5124285140625 0.45867034218749997 0.5124285140625 0.5140625 0.6140625 0.5140625
19 0.13281250000000006 0.4574193203125 0.04967320312500005 0.4574193203125 0.04967320312500006 0.5171875 0.13281250000000006 0.5171875
19 0.6546875 0.436111109375 0.6 0.436111109375 0.6 0.5375 0.6546875 0.5375
19 0.18750000000000006 0.44502655156250004 0.13028492812500006 0.44502655156250004 0.13028492812500006 0.528125 0.18750000000000006 0.528125
19 0.2571997546875001 0.44817708281249996 0.19592524531250005 0.44817708281249996 0.19592524531250005 0.5296875 0.2571997546875001 0.5296875
19 0.715625 0.43800040781250005 0.6640727109375 0.43800040781250005 0.6640727109375 0.5390625 0.715625 0.5390625
19 0.3312500000000001 0.44977532656249997 0.2717064937500001 0.44977532656249997 0.2717064937500001 0.5296875 0.3312500000000001 0.5296875
19 0.8078125 0.4609375000000001 0.7041921984374999 0.4609375 0.7041921984374999 0.5185406453125001 0.8078125 0.5185406453125002
19 0.5232485703124999 0.44966809531249996 0.47831392968750003 0.44966809531249996 0.47831392968750003 0.534375 0.5232485703124999 0.534375
19 0.8765625 0.46421568593750023 0.7724520015625 0.46421568593750023 0.7724520015625 0.5187500000000002 0.8765625 0.5187500000000002
19 0.9375 0.46845383906250015 0.8343086187500001 0.46845383906250015 0.8343086187500001 0.5203125000000002 0.9375 0.5203125000000002
19 0.3888531453125001 0.48171977187500004 0.3281250000000001 0.48171977187500004 0.3281250000000001 0.51875 0.3888531453125001 0.51875
19 0.4296875 0.48452307968749997 0.3706137656250001 0.48452307968749997 0.3706137656250001 0.5203125 0.4296875 0.5203125