19 0.546875 0.3121093750000001 0.475 0.3121093750000001 0.475 0.3828125000000001 0.546875 0.3828125000000001
19 0.703125 0.3144531250000001 0.634765625 0.3144531250000001 0.634765625 0.38554687500000007 0.703125 0.38554687500000007
19 0.628125 0.3160156250000001 0.5546875 0.3160156250000001 0.5546875 0.3859375000000001 0.628125 0.3859375000000001
19 0.7703125 0.3300781250000001 0.716015625 0.3300781250000001 0.716015625 0.3902343750000001 0.7703125 0.3902343750000001
19 0.840625 0.32890625000000007 0.78828125 0.32890625000000007 0.78828125 0.3921875000000001 0.840625 0.3921875000000001
19 0.91875 0.3359375000000001 0.853125 0.3359375000000001 0.853125 0.3890625000000001 0.91875 0.3890625000000001
19 0.08750000000000005 0.40859375 0.01484375000000005 0.40859375 0.014843750000000055 0.4765625 0.08750000000000006 0.4765625
19 0.15000000000000005 0.418359375 0.09375000000000004 0.418359375 0.09375000000000006 0.4765625 0.15000000000000005 0.4765625
19 0.3921875000000001 0.421875 0.3390625000000001 0.421875 0.3390625000000001 0.478125 0.3921875000000001 0.478125
19 0.21250000000000008 0.420703125 0.15781250000000005 0.420703125 0.15781250000000005 0.478125 0.21250000000000008 0.478125
19 0.27031250000000007 0.423828125 0.2156250000000001 0.423828125 0.2156250000000001 0.475 0.27031250000000007 0.475
19 0.3296875000000001 0.421484375 0.27617187500000007 0.421484375 0.27617187500000007 0.4765625 0.3296875000000001 0.4765625
19 0.4484375 0.422265625 0.3988281250000001 0.422265625 0.3988281250000001 0.4765625 0.4484375 0.4765625
19 0.5484375 0.436328125 0.5078125 0.436328125 0.5078125 0.478125 0.5484375 0.478125
19 0.4984375 0.4390625 0.460546875 0.4390625 0.460546875 0.4796875 0.4984375 0.4796875
19 0.5921875 0.4390625 0.555078125 0.4390625 0.555078125 0.48125 0.5921875 0.48125
19 0.8671875 0.4390625000000002 0.823046875 0.4390625000000002 0.823046875 0.4812500000000002 0.8671875 0.4812500000000002
19 0.7640625 0.4414062500000001 0.724609375 0.44140625 0.724609375 0.48125000000000007 0.7640625 0.4812500000000002
19 0.8125 0.4390625000000002 0.7734375 0.4390625000000002 0.7734375 0.4812500000000002 0.8125 0.4812500000000002
19 0.628125 0.448828125 0.605859375 0.448828125 0.605859375 0.4828125 0.628125 0.4828125
19 0.671875 0.448046875 0.6484375 0.448046875 0.6484375 0.484375 0.671875 0.484375
19 0.7171875 0.448046875 0.69453125 0.448046875 0.69453125 0.484375 0.7171875 0.484375
19 0.09843750000000007 0.51640625 0.034765625000000064 0.51640625 0.034765625000000064 0.58125 0.09843750000000007 0.58125
19 0.2500000000000001 0.5203125 0.18906250000000005 0.5203125 0.18906250000000008 0.584375 0.2500000000000001 0.584375
19 0.3296875000000001 0.5125 0.2542968750000001 0.5125 0.2542968750000001 0.584375 0.3296875000000001 0.584375
19 0.17343750000000008 0.51953125 0.11367187500000005 0.51953125 0.11367187500000006 0.5859375 0.17343750000000008 0.5859375
19 0.403125 0.513671875 0.3285156250000001 0.513671875 0.3285156250000001 0.5828125 0.403125 0.5828125
19 0.478125 0.525 0.40625 0.525 0.40625 0.5828125 0.478125 0.5828125
19 0.7546875 0.520703125 0.7015625 0.520703125 0.7015625 0.5890625 0.7546875 0.5890625000000002
19 0.682421875 0.522265625 0.626953125 0.522265625 0.626953125 0.5875 0.682421875 0.5875
19 0.540625 0.5203125 0.485546875 0.5203125 0.485546875 0.59140625 0.540625 0.59140625
19 0.609375 0.5234375 0.558984375 0.5234375 0.558984375 0.58984375 0.609375 0.58984375
19 0.825 0.5335937500000002 0.77734375 0.5335937500000002 0.77734375 0.5953125000000001 0.825 0.5953125000000001
19 0.8984375 0.5335937500000002 0.851171875 0.5335937500000002 0.851171875 0.6000000000000002 0.8984375 0.6000000000000002