19 0.5078125 0.21445312500000008 0.453125 0.21445312500000008 0.453125 0.29375000000000007 0.5078125 0.29375000000000007
19 0.2765625 0.236328125 0.2 0.236328125 0.2 0.290625 0.2765625 0.290625
19 0.18281250000000004 0.22578125 0.12734375000000003 0.22578125 0.12734375000000003 0.3046875 0.18281250000000004 0.3046875
19 0.5984375 0.2734375000000001 0.521875 0.2734375000000001 0.521875 0.3687500000000001 0.5984375 0.3687500000000001
19 0.515625 0.2832031250000001 0.434765625 0.2832031250000001 0.434765625 0.36406250000000007 0.515625 0.36406250000000007
19 0.6671875 0.3082031250000001 0.578515625 0.3082031250000001 0.578515625 0.34062500000000007 0.6671875 0.34062500000000007
19 0.35625 0.291015625 0.2875 0.291015625 0.2875 0.359375 0.35625 0.359375
19 0.17968750000000006 0.291796875 0.10429687500000004 0.291796875 0.10429687500000004 0.3578125 0.17968750000000006 0.3578125
19 0.263671875 0.288671875 0.19726562500000006 0.288671875 0.19726562500000006 0.3625 0.263671875 0.3625
19 0.70625 0.3078125000000001 0.61875 0.3078125000000001 0.61875 0.3453125000000001 0.70625 0.3453125000000001
19 0.7203125 0.2816406250000001 0.686328125 0.2816406250000001 0.686328125 0.3703125000000001 0.7203125 0.3703125000000001
19 0.4234375 0.29375000000000007 0.355859375 0.29375 0.355859375 0.35781250000000003 0.4234375 0.3578125000000001
19 0.7625 0.2816406250000001 0.725 0.2816406250000001 0.725 0.3703125000000001 0.7625 0.3703125000000001
19 0.8015625 0.2832031250000001 0.766796875 0.2832031250000001 0.766796875 0.37187500000000007 0.8015625 0.37187500000000007
19 0.86875 0.3125000000000001 0.7796875 0.3125000000000001 0.7796875 0.34843750000000007 0.86875 0.34843750000000007
19 0.884375 0.28593750000000007 0.846875 0.28593750000000007 0.846875 0.3750000000000001 0.884375 0.3750000000000001
19 0.9515625 0.3125000000000001 0.8625 0.3125000000000001 0.8625 0.34843750000000007 0.9515625 0.34843750000000007
19 0.425 0.4078125 0.3910156250000001 0.4078125 0.3910156250000001 0.465625 0.425 0.465625
19 0.3890625000000001 0.42421875 0.3449218750000001 0.42421875 0.3449218750000001 0.4578125 0.3890625000000001 0.4578125
19 0.5875 0.4359375 0.534375 0.4359375 0.534375 0.534375 0.5875 0.534375
19 0.14843750000000006 0.4578125 0.06914062500000007 0.4578125 0.06914062500000007 0.515625 0.14843750000000006 0.515625
19 0.6703125 0.459765625 0.5734375 0.459765625 0.5734375 0.5125 0.6703125 0.5125
19 0.2140625000000001 0.458203125 0.13476562500000006 0.458203125 0.13476562500000006 0.5125 0.2140625000000001 0.5125
19 0.27812500000000007 0.459375 0.19882812500000005 0.459375 0.19882812500000005 0.5171875 0.27812500000000007 0.5171875
19 0.70625 0.438671875 0.656640625 0.438671875 0.656640625 0.5359375 0.70625 0.5359375
19 0.3390625000000001 0.45 0.2808593750000001 0.45 0.2808593750000001 0.528125 0.3390625000000001 0.528125
19 0.79375 0.4609375000000001 0.694921875 0.4609375 0.694921875 0.5156250000000001 0.79375 0.5156250000000002
19 0.521875 0.45 0.480078125 0.45 0.480078125 0.5328125 0.521875 0.5328125
19 0.8609375 0.46406250000000016 0.7609375 0.46406250000000016 0.7609375 0.5171875000000001 0.8609375 0.5171875000000001
19 0.89375 0.4437500000000002 0.844140625 0.4437500000000002 0.844140625 0.5437500000000002 0.89375 0.5437500000000002
19 0.3937500000000001 0.481640625 0.3359375000000001 0.481640625 0.3359375000000001 0.5171875 0.3937500000000001 0.5171875
19 0.421875 0.472265625 0.38750000000000007 0.472265625 0.38750000000000007 0.5296875 0.421875 0.5296875