19 0.2250000000000001 0.47890625 0.16328125000000004 0.47890625 0.16328125000000007 0.5578125 0.2250000000000001 0.5578125
19 0.14218750000000008 0.484375 0.07812500000000007 0.484375 0.07812500000000007 0.5578125 0.14218750000000008 0.5578125
19 0.58046875 0.483984375 0.515625 0.483984375 0.515625 0.5546875 0.58046875 0.5546875
19 0.6703125 0.487109375 0.59375 0.487109375 0.59375 0.5515625 0.6703125 0.5515625
19 0.4984375 0.484765625 0.433984375 0.484765625 0.433984375 0.5546875 0.4984375 0.5546875
19 0.2921875000000001 0.498828125 0.24414062500000008 0.498828125 0.24414062500000008 0.553125 0.2921875000000001 0.553125
19 0.3546875000000001 0.501171875 0.3058593750000001 0.501171875 0.3058593750000001 0.553125 0.3546875000000001 0.553125
19 0.421875 0.503125 0.3675781250000001 0.503125 0.3675781250000001 0.5515625 0.421875 0.5515625
19 0.7296875 0.5046875000000001 0.68125 0.5046875 0.68125 0.5562500000000001 0.7296875 0.5562500000000001
19 0.790625 0.5050781250000002 0.741015625 0.5050781250000002 0.741015625 0.5578125000000002 0.790625 0.5578125000000002
19 0.85 0.5265625000000002 0.7984375 0.5265625000000002 0.7984375 0.5562500000000001 0.85 0.5562500000000001
19 0.89375 0.5152343750000001 0.867578125 0.5152343750000001 0.867578125 0.5640625000000001 0.89375 0.5640625000000001
19 0.953125 0.5160156250000002 0.9265625 0.5160156250000002 0.9265625 0.5640625000000001 0.953125 0.5640625000000001
19 0.6046875 0.596875 0.5109375 0.596875 0.5109375 0.665625 0.6046875 0.665625
19 0.703125 0.598046875 0.6140625 0.598046875 0.6140625 0.6671875 0.703125 0.6671875
19 0.5046875 0.6078125 0.408984375 0.6078125 0.408984375 0.665625 0.5046875 0.665625
19 0.1984375000000001 0.6078125 0.11093750000000009 0.6078125 0.11093750000000009 0.6640625 0.1984375000000001 0.6640625
19 0.2843750000000001 0.596875 0.2316406250000001 0.596875 0.2316406250000001 0.68125 0.2843750000000001 0.68125
19 0.4015625 0.6140625 0.3128906250000001 0.6140625 0.3128906250000001 0.6671875 0.4015625 0.6671875