19 0.340625 0.061271618750000034 0.2672169796875 0.06127161875000002 0.2672169796875 0.08878734218750003 0.340625 0.08878734218750003
19 0.309375 0.06077535468750004 0.23828616406249997 0.060775354687500026 0.23828616406249997 0.08906250000000003 0.309375 0.08906250000000004
19 0.3703125 0.06406250000000005 0.29765625 0.06406250000000005 0.29765625 0.09062500000000004 0.3703125 0.09062500000000004
19 0.3625000000000001 0.8143671375 0.33281250000000007 0.8143671375 0.33281250000000007 0.8418828609375 0.3625000000000001 0.8418828609375
19 0.21875000000000008 0.8149616749999999 0.1906250000000001 0.8149616749999999 0.1906250000000001 0.84375 0.21875000000000008 0.84375
19 0.42500000000000016 0.81502555 0.3963296000000001 0.81502555 0.3963296000000001 0.8421875 0.42500000000000016 0.8421875
19 0.32500000000000007 0.813689071875 0.2964966593750001 0.813689071875 0.2964966593750001 0.846875 0.32500000000000007 0.846875
19 0.3937500000000001 0.8165438281249999 0.3651975218750001 0.8165438281249999 0.3651975218750001 0.8453125 0.3937500000000001 0.8453125
19 0.2875000000000001 0.81313384375 0.2595469734375001 0.81313384375 0.2595469734375001 0.8484375 0.2875000000000001 0.8484375
19 0.25468750000000007 0.8171875 0.22490172968750008 0.8171875 0.22490172968750008 0.846875 0.25468750000000007 0.846875
19 0.3046875000000001 0.8544074281249999 0.27125589687500007 0.8544074281249999 0.27125589687500007 0.8859375 0.3046875000000001 0.8859375
19 0.3359375000000001 0.8525599453125 0.30705090312500005 0.8525599453125 0.30705090312500005 0.8875 0.3359375000000001 0.8875
19 0.4312352593750002 0.8563875796874999 0.3997887187500001 0.8563875796874999 0.3997887187500001 0.884375 0.4312352593750002 0.884375
19 0.2747395828125001 0.8545204406250001 0.23700373437500008 0.8545204406250001 0.23700373437500008 0.8875 0.2747395828125001 0.8875
19 0.3671875000000001 0.853409984375 0.3359375000000001 0.853409984375 0.3359375000000001 0.8872150156249999 0.3671875000000001 0.8872150156249999
19 0.21093750000000008 0.8564956765625 0.1733244890625001 0.8564956765625 0.1733244890625001 0.884375 0.21093750000000008 0.884375
19 0.40134630468750015 0.8569772 0.3683274375000001 0.8569772 0.3683274375000001 0.8890625 0.40134630468750015 0.8890625
19 0.2390625000000001 0.8565349843750001 0.20927672968750008 0.8565349843750001 0.20927672968750008 0.8903400156249999 0.2390625000000001 0.8903400156249999
19 0.42500000000000016 0.9003881687499999 0.3967325078125001 0.9003881687499999 0.3967325078125001 0.9359375 0.42500000000000016 0.9359375
19 0.3859375000000001 0.90603871875 0.35859866250000005 0.90603871875 0.35859866250000005 0.934375 0.3859375000000001 0.934375
19 0.3531250000000001 0.90555228125 0.31932979687500007 0.90555228125 0.31932979687500007 0.9328125 0.3531250000000001 0.9328125
19 0.2750000000000001 0.9061271625 0.2484375000000001 0.9061271625 0.2484375000000001 0.934375 0.2750000000000001 0.934375
19 0.2015625000000001 0.9098958328125001 0.16941332500000011 0.9098958328125001 0.16941332500000011 0.934375 0.2015625000000001 0.934375
19 0.3125000000000001 0.907330975 0.2812500000000001 0.907330975 0.2812500000000001 0.934375 0.3125000000000001 0.934375
19 0.2390625000000001 0.9069919421874999 0.21099646093750007 0.9069919421874999 0.21099646093750007 0.9390625 0.2390625000000001 0.9390625
19 0.803125 0.1625000000000001 0.778557390625 0.1625000000000001 0.778557390625 0.21250000000000008 0.803125 0.21250000000000008
19 0.78125 0.19326847500000008 0.7485210312499999 0.19326847500000008 0.7485210312499999 0.2640625000000001 0.78125 0.2640625000000001
19 0.740625 0.1966588062500001 0.7092718171875 0.1966588062500001 0.7092718171875 0.2640625000000001 0.740625 0.2640625000000001
19 0.7234375 0.21736438750000006 0.6524076265625001 0.21736438750000006 0.6524076265625001 0.2468750000000001 0.7234375 0.2468750000000001
19 0.821875 0.22474940937500007 0.7724695359375 0.22474940937500007 0.7724695359375 0.2531250000000001 0.821875 0.2531250000000001
19 0.546875 0.2968750000000001 0.4890625 0.2968750000000001 0.4890625 0.3703125000000001 0.546875 0.3703125000000001
19 0.496875 0.3078125000000001 0.423211478125 0.3078125000000001 0.423211478125 0.3609375000000001 0.496875 0.3609375000000001
19 0.38750000000000007 0.30242727968750005 0.3494054625 0.3024272796875 0.34940546250000004 0.37031250000000004 0.38750000000000007 0.3703125000000001
19 0.6046875 0.3033117125000001 0.5515625 0.3033117125000001 0.5515625 0.3685632875000001 0.6046875 0.3685632875000001
19 0.30156250000000007 0.3020391109375 0.2612028296875 0.3020391109375 0.2612028296875001 0.371875 0.30156250000000007 0.371875
19 0.359375 0.31595911875 0.290639740625 0.31595911875 0.290639740625 0.35625 0.359375 0.35625
19 0.21406250000000004 0.3015625 0.17330483437500005 0.3015625 0.17330483437500005 0.3703125 0.2140625000000001 0.3703125
19 0.4453125 0.3187500000000001 0.37641018125 0.3187500000000001 0.37641018125 0.3578125000000001 0.4453125 0.3578125000000001
19 0.2703125 0.3191086875 0.20345420625 0.3191086875 0.20345420625 0.35763069999999997 0.2703125 0.35763069999999997
19 0.4921875 0.428125 0.42727004687500003 0.428125 0.42727004687500003 0.4498329390625 0.4921875 0.4498329390625
19 0.4421875 0.40917354531249994 0.42180621093750004 0.40917354531249994 0.42180621093750004 0.471875 0.4421875 0.471875
19 0.496875 0.4107409578125 0.476493709375 0.4107409578125 0.476493709375 0.471875 0.496875 0.471875
19 0.675 0.4156200859375 0.6159296390625 0.4156200859375 0.6159296390625 0.46875 0.675 0.46875
19 0.4171875 0.4116008265625 0.3814514546875001 0.4116008265625 0.3814514546875001 0.475 0.4171875 0.475
19 0.571875 0.4321246078125 0.5110505109375 0.4321246078125 0.5110505109375 0.45625 0.571875 0.45625
19 0.7296875 0.41657822187500015 0.671875 0.41657822187500004 0.671875 0.4687500000000001 0.7296875 0.46875000000000017
19 0.6171875 0.4187942203125 0.5600972875 0.4187942203125 0.5600972875 0.46875 0.6171875 0.46875
19 0.3843750000000001 0.4238698890625 0.3227692609375001 0.4238698890625 0.3227692609375001 0.465625 0.3843750000000001 0.465625
19 0.5421875 0.432694575 0.484375 0.432694575 0.484375 0.45625 0.5421875 0.45625
19 0.3281250000000001 0.41318297968750006 0.29086576250000007 0.41318297968750006 0.29086576250000007 0.4765625 0.3281250000000001 0.4765625
19 0.3359375000000001 0.5109375 0.2890625000000001 0.5109375 0.2890625000000001 0.56875 0.3359375000000001 0.56875
19 0.2875000000000001 0.5171875 0.2330286953125001 0.5171875 0.2330286953125001 0.56875 0.2875000000000001 0.56875
19 0.3687500000000001 0.5207104953125 0.3371216578125001 0.5207104953125 0.3371216578125001 0.565625 0.3687500000000001 0.565625
19 0.4024420203125 0.5203125 0.3709954796875001 0.5203125 0.3709954796875001 0.565625 0.4024420203125 0.565625
19 0.5046875 0.5237028296874999 0.47646914218749997 0.5237028296874999 0.47646914218749997 0.5625 0.5046875 0.5625
19 0.44375 0.5265625 0.4000343953125 0.5265625 0.4000343953125 0.559375 0.44375 0.559375
19 0.22812500000000008 0.519152909375 0.17343750000000005 0.519152909375 0.17343750000000008 0.571875 0.22812500000000008 0.571875
19 0.471875 0.523693003125 0.4436566421875 0.523693003125 0.4436566421875 0.565625 0.471875 0.565625
19 0.4372199296875 0.627898978125 0.39005011718750005 0.627898978125 0.39005011718750005 0.6578125 0.4372199296875 0.6578125
19 0.471875 0.628125 0.4251916265625 0.628125 0.4251916265625 0.6608441421875 0.471875 0.6608441421875
19 0.39306702031250007 0.6209512578124999 0.3616204796875001 0.6209512578124999 0.3616204796875001 0.6665487421875 0.39306702031250007 0.6665487421875
19 0.3234375000000001 0.621196934375 0.2928164296875001 0.621196934375 0.2928164296875001 0.669939071875 0.3234375000000001 0.669939071875
19 0.3668730343750001 0.628351021875 0.31813089687500007 0.628351021875 0.31813089687500007 0.662156053125 0.3668730343750001 0.662156053125
19 0.2965359687500001 0.631923153125 0.2515625000000001 0.631923153125 0.2515625000000001 0.6640625 0.2965359687500001 0.6640625
19 0.2578125000000001 0.6319919421875 0.2144703218750001 0.6319919421875 0.2144703218750001 0.6640625 0.2578125000000001 0.6640625
19 0.2234375000000001 0.634375 0.1782183578125001 0.634375 0.1782183578125001 0.6625 0.2234375000000001 0.6625
19 0.5343750000000002 0.7287293625 0.47877358437500017 0.7287293625 0.47877358437500017 0.7703125 0.5343750000000002 0.7703125
19 0.4812500000000002 0.730065840625 0.42884237343750015 0.730065840625 0.42884237343750015 0.771875 0.4812500000000002 0.771875
19 0.2375000000000001 0.7228970140625 0.19318494531250008 0.7228970140625 0.19318494531250008 0.78125 0.2375000000000001 0.78125
19 0.2890625000000001 0.7328125 0.2328125000000001 0.7328125 0.2328125000000001 0.7734375 0.2890625000000001 0.7734375
19 0.4343750000000002 0.7301592 0.38009040937500005 0.7301592 0.38009040937500005 0.7734375 0.4343750000000002 0.7734375
19 0.3359375000000001 0.7331073109374999 0.2842275953125001 0.7331073109374999 0.2842275953125001 0.7763463046875 0.3359375000000001 0.7763463046875
19 0.3843750000000001 0.7331957546875 0.3337608093750001 0.7331957546875 0.3337608093750001 0.7764347500000001 0.3843750000000001 0.7764347500000001
19 0.4 0.06085397031250005 0.325795990625 0.06085397031250005 0.325795990625 0.08593750000000004 0.4 0.08593750000000004
19 0.2546875 0.03750000000000003 0.231171384375 0.03750000000000003 0.231171384375 0.10937500000000004 0.2546875 0.10937500000000004
19 0.196875 0.03923447343750002 0.169830975 0.03923447343750002 0.169830975 0.10920302656250003 0.196875 0.10920302656250006
19 0.2265625 0.039386793750000024 0.201036753125 0.039386793750000024 0.201036753125 0.11092767343750005 0.2265625 0.11092767343750005