19 0.7686688312500001 0.1915584421875001 0.7110389609375 0.1915584421875001 0.7110389609375 0.2978896109375001 0.7686688312500001 0.2978896109375001
19 0.8352272734374999 0.1980519484375001 0.7824675328125 0.1980519484375001 0.7824675328125 0.3019480515625001 0.8352272734374999 0.3019480515625001
19 0.9042207796874999 0.1996753250000001 0.85064935 0.1996753250000001 0.85064935 0.3043831171875001 0.9042207796874999 0.3043831171875001
19 0.96915584375 0.20454545468750007 0.9139610390625 0.20454545468750007 0.9139610390625 0.3092532468750001 0.96915584375 0.3092532468750001
19 0.11931818125000004 0.3116883109375 0.0032467531250000388 0.3116883109375 0.0032467531250000453 0.415584415625 0.11931818125000004 0.415584415625
19 0.23782467500000007 0.3165584421875 0.13311688281250006 0.3165584421875 0.13311688281250006 0.41801948125 0.2378246750000001 0.41801948125
19 0.36363636406250005 0.31331168906250007 0.2516233765625 0.3133116890625 0.25162337656250006 0.41964285781250005 0.3636363640625001 0.41964285781250005
19 0.4870129875 0.3149350656250001 0.3798701296875 0.3149350656250001 0.37987012968750006 0.421266234375 0.4870129875 0.421266234375
19 0.5868506499999999 0.3344155843750001 0.496753246875 0.3344155843750001 0.496753246875 0.41964285781250005 0.5868506499999999 0.41964285781250005
19 0.6858766234375 0.3409090906250001 0.6006493500000001 0.3409090906250001 0.6006493500000001 0.422077921875 0.6858766234375 0.422077921875
19 0.7719155843750001 0.3425324671875001 0.6866883109375 0.3425324671875001 0.6866883109375 0.4277597406250001 0.7719155843750001 0.42775974062500016
19 0.8327922078125001 0.3506493500000001 0.7840909093749999 0.3506493500000001 0.7840909093749999 0.42532467500000015 0.8327922078125001 0.42532467500000015
19 0.8896103890625 0.3522727265625001 0.8392857140625001 0.3522727265625001 0.8392857140625001 0.4269480515625002 0.8896103890625 0.4269480515625002
19 0.9464285718750001 0.3555194812500001 0.8977272734374999 0.3555194812500001 0.8977272734374999 0.4301948046875002 0.9464285718750001 0.4301948046875002
19 0.13798701250000006 0.44805194843749996 0.030844156250000053 0.44805194843749996 0.03084415625000006 0.5730519484375 0.1379870125000001 0.5730519484375
19 0.7183441562499999 0.48863636406250005 0.6623376624999999 0.48863636406250005 0.6623376624999999 0.5300324671875 0.7183441562499999 0.5300324671875
19 0.24675324687500008 0.449675325 0.14772727343750006 0.449675325 0.14772727343750008 0.5730519484375 0.24675324687500008 0.5730519484375
19 0.83685065 0.49350649375000016 0.7857142859375 0.49350649375000016 0.7857142859375 0.5308441562500001 0.83685065 0.5308441562500001
19 0.7775974031249999 0.49350649375000016 0.7272727265625 0.49350649375000016 0.7272727265625 0.5324675328125001 0.7775974031249999 0.5324675328125001
19 0.3425324671875001 0.45129870156249996 0.2548701296875001 0.45129870156249996 0.2548701296875001 0.5738636359375 0.3425324671875001 0.5738636359375
19 0.43831168906249995 0.47564935 0.3555194812500001 0.47564935 0.3555194812500001 0.5730519484375 0.43831168906249995 0.5730519484375
19 0.5259740265625 0.47564935 0.44480519531249996 0.47564935 0.44480519531249996 0.5746753250000001 0.5259740265625 0.5746753250000001
19 0.5892857140625 0.5048701296875 0.5340909093749999 0.5048701296875 0.5340909093749999 0.5762987015625 0.5892857140625 0.5762987015625
19 0.9512987015625001 0.5064935062500002 0.8587662343750001 0.5064935062500002 0.8587662343750001 0.5738636359375001 0.9512987015625001 0.5738636359375001
19 0.6534090906250001 0.50649350625 0.5974025968750001 0.50649350625 0.5974025968750001 0.5754870125 0.6534090906250001 0.5754870125
19 0.7134740265625 0.5357142859375 0.6623376624999999 0.5357142859375 0.6623376624999999 0.5754870125 0.7134740265625 0.5754870125
19 0.7743506499999999 0.5357142859375001 0.7256493500000001 0.5357142859375001 0.7256493500000001 0.5754870125000002 0.7743506499999999 0.5754870125000002
19 0.83116883125 0.5357142859375001 0.7808441562499999 0.5357142859375001 0.7808441562499999 0.5754870125000002 0.83116883125 0.5754870125000002