19 0.5609375 0.3843750000000001 0.525 0.3843750000000001 0.525 0.42265625 0.5609375 0.42265625
19 0.5203125 0.3843750000000001 0.4890625 0.3843750000000001 0.4890625 0.425 0.5203125 0.425
19 0.59921875 0.4171875 0.571875 0.4171875 0.571875 0.44453125 0.59921875 0.44453125
19 0.665625 0.415625 0.6359375 0.415625 0.6359375 0.4453125 0.665625 0.4453125
19 0.634375 0.415625 0.603125 0.415625 0.603125 0.4453125 0.634375 0.4453125
19 0.38750000000000007 0.39531250000000007 0.3312500000000001 0.3953125 0.3312500000000001 0.48515625 0.38750000000000007 0.48515625
19 0.3296875000000001 0.3953125 0.2843750000000001 0.3953125 0.2843750000000001 0.4890625 0.3296875000000001 0.4890625
19 0.84765625 0.40937500000000016 0.7875 0.40937500000000016 0.7875 0.4789062500000002 0.84765625 0.4789062500000002
19 0.7875 0.4078125000000002 0.7265625 0.4078125000000002 0.7265625 0.4812500000000002 0.7875 0.4812500000000002
19 0.49140625 0.41875 0.4421875 0.41875 0.4421875 0.48515625 0.49140625 0.48515625
19 0.725 0.4171875 0.6734375 0.4171875 0.6734375 0.48203125 0.725 0.48203125
19 0.440625 0.41875 0.3937500000000001 0.41875 0.3937500000000001 0.48359375 0.440625 0.48359375
19 0.53515625 0.434375 0.496875 0.434375 0.496875 0.48125 0.53515625 0.48125
19 0.57421875 0.434375 0.534375 0.434375 0.534375 0.48125 0.57421875 0.48125
19 0.6703125 0.4484375 0.640625 0.4484375 0.640625 0.48203125 0.6703125 0.48203125
19 0.60625 0.45 0.575 0.45 0.575 0.48359375 0.60625 0.48359375
19 0.63671875 0.45 0.609375 0.45 0.609375 0.48359375 0.63671875 0.48359375
19 0.83515625 0.5609375000000002 0.7953125 0.5609375000000002 0.7953125 0.6125000000000002 0.83515625 0.6125000000000002
19 0.46328125 0.553125 0.403125 0.553125 0.403125 0.621875 0.46328125 0.621875
19 0.790625 0.5625000000000002 0.7453125 0.5625000000000002 0.7453125 0.6140625000000002 0.790625 0.6140625000000002
19 0.73828125 0.5640625000000001 0.6953125 0.5640625 0.6953125 0.6132812500000001 0.73828125 0.6132812500000002
19 0.5265625 0.5609375 0.465625 0.5609375 0.465625 0.61640625 0.5265625 0.61640625
19 0.4 0.553125 0.3375000000000001 0.553125 0.3375000000000001 0.6265625 0.4 0.6265625
19 0.5875 0.5609375 0.5296875 0.5609375 0.5296875 0.6171875 0.5875 0.6171875
19 0.69140625 0.56875 0.6484375 0.56875 0.6484375 0.615625 0.69140625 0.615625
19 0.6359375 0.5671875 0.590625 0.5671875 0.590625 0.61640625 0.6359375 0.61640625
19 0.6945312500000002 0.8015625 0.6718750000000002 0.8015625 0.6718750000000002 0.84140625 0.6945312500000002 0.84140625
19 0.6664062500000002 0.8015625 0.6421875000000001 0.8015625 0.6421875000000001 0.84140625 0.6664062500000002 0.84140625
19 0.6375000000000002 0.8046875 0.6125000000000002 0.8046875 0.6125000000000002 0.8453125 0.6375000000000002 0.8453125
19 0.81171875 0.9 0.7718750000000002 0.9 0.7718750000000002 0.953125 0.81171875 0.953125
19 0.7726562500000002 0.9 0.7281250000000001 0.9 0.7281250000000001 0.9578125 0.7726562500000002 0.9578125
19 0.7281250000000001 0.903125 0.6875000000000002 0.903125 0.6875000000000002 0.959375 0.7281250000000001 0.959375
19 0.6890625000000001 0.9046875 0.6468750000000002 0.9046875 0.6468750000000002 0.96328125 0.6890625000000001 0.96328125
19 0.5992187500000001 0.9015625 0.5500000000000002 0.9015625 0.5500000000000002 0.96796875 0.5992187500000001 0.96796875
19 0.5476562500000002 0.903125 0.49218750000000017 0.903125 0.49218750000000017 0.97265625 0.5476562500000002 0.97265625
19 0.6445312500000002 0.90625 0.6046875000000002 0.90625 0.6046875000000002 0.96875 0.6445312500000002 0.96875
19 0.49140625000000016 0.909375 0.44062500000000016 0.909375 0.44062500000000016 0.9765625 0.49140625000000016 0.9765625
19 0.43671875000000016 0.9109375 0.3828125000000001 0.9109375 0.3828125000000001 0.978125 0.43671875000000016 0.978125
19 0.37968750000000007 0.915625 0.3281250000000001 0.915625 0.3281250000000001 0.984375 0.37968750000000007 0.984375
19 0.3296875000000001 0.9171875 0.2734375000000001 0.9171875 0.2734375000000001 0.9859375 0.3296875000000001 0.9859375