19 0.6423611109375 0.1701388890625001 0.551215278125 0.1701388890625001 0.551215278125 0.2699652781250001 0.6423611109375 0.2699652781250001
19 0.26909722187499996 0.17361111093750003 0.1875 0.17361111093750003 0.18750000000000003 0.2673611109375 0.26909722187499996 0.2673611109375
19 0.546875 0.17534722187500007 0.45746527812500004 0.17534722187500004 0.45746527812500004 0.2647569437500001 0.546875 0.2647569437500001
19 0.3541666671875 0.17534722187500004 0.27430555624999997 0.17534722187500004 0.27430555624999997 0.26909722187499996 0.3541666671875 0.26909722187499996
19 0.4548611109375 0.17708333281250005 0.3723958328125 0.17708333281250005 0.3723958328125 0.26909722187500007 0.4548611109375 0.26909722187500007
19 0.18750000000000003 0.18055555625000003 0.1076388890625 0.18055555625 0.10763888906250003 0.26996527812500004 0.18750000000000006 0.26996527812500004
19 0.5295138890625 0.3420138890625001 0.4453125 0.3420138890625001 0.4453125 0.44097222187499996 0.5295138890625 0.44097222187499996
19 0.18402777812500004 0.34722222187499996 0.10677083281250004 0.34722222187499996 0.10677083281250004 0.44097222187499996 0.18402777812500004 0.44097222187499996
19 0.793402778125 0.33854166718750006 0.7239583328125 0.33854166718750006 0.7239583328125 0.45052083281250005 0.793402778125 0.45052083281250016
19 0.3541666671875 0.34722222187499996 0.2717013890625 0.34722222187499996 0.2717013890625001 0.44097222187499996 0.35416666718750006 0.44097222187499996
19 0.8697916671874999 0.3420138890625001 0.8020833328125001 0.3420138890625001 0.8020833328125001 0.4487847218750002 0.8697916671874999 0.4487847218750002
19 0.4392361109375 0.347222221875 0.3576388890625 0.34722222187499996 0.3576388890625001 0.44618055625 0.4392361109375 0.44618055625
19 0.269097221875 0.3489583328125 0.18923611093750003 0.3489583328125 0.18923611093750003 0.4427083328125 0.26909722187500007 0.4427083328125
19 0.621527778125 0.3506944437500001 0.5373263890625 0.3506944437500001 0.5373263890625 0.4470486109375 0.621527778125 0.4470486109375
19 0.71875 0.3524305562500001 0.6345486109375 0.3524305562500001 0.6345486109375 0.44878472187499996 0.71875 0.44878472187499996
19 0.6649305562500001 0.5381944437499999 0.6085069437499999 0.5381944437499999 0.6085069437499999 0.6171875 0.6649305562500001 0.6171875
19 0.3975694437500001 0.550347221875 0.3576388890625001 0.550347221875 0.3576388890625001 0.609375 0.3975694437500001 0.609375
19 0.33854166718750006 0.550347221875 0.2968750000000001 0.550347221875 0.2968750000000001 0.609375 0.33854166718750006 0.609375
19 0.7274305562500001 0.5416666671875001 0.6701388890625 0.5416666671875 0.6701388890625 0.6180555562500001 0.7274305562500001 0.6180555562500002
19 0.4513888890625 0.550347221875 0.40972222187499996 0.550347221875 0.40972222187499996 0.609375 0.4513888890625 0.609375
19 0.5 0.5538194437499999 0.4583333328125 0.5538194437499999 0.4583333328125 0.612847221875 0.5 0.612847221875
19 0.7916666671875 0.5451388890625002 0.734375 0.5451388890625002 0.734375 0.6215277781250002 0.7916666671875 0.6215277781250002
19 0.859375 0.5451388890625002 0.800347221875 0.5451388890625002 0.800347221875 0.6267361109375001 0.859375 0.6267361109375001
19 0.550347221875 0.5555555562500001 0.5086805562500001 0.5555555562500001 0.5086805562500001 0.6154513890625 0.550347221875 0.6154513890625
19 0.6041666671875 0.5572916671875 0.5598958328125 0.5572916671875 0.5598958328125 0.6171875 0.6041666671875 0.6171875