19 0.934375 0.26676317812500006 0.857517971875 0.26676317812500006 0.857517971875 0.3375000000000001 0.934375 0.3375000000000001
19 0.384375 0.28371605468750005 0.309375 0.2837160546875 0.309375 0.33593750000000006 0.384375 0.3359375000000001
19 0.321875 0.28475688906249996 0.247369209375 0.28475688906249996 0.247369209375 0.3359375 0.321875 0.3359375
19 0.2546875 0.2826477625 0.18067591875000005 0.2826477625 0.18067591875000005 0.3375 0.2546875 0.3375
19 0.49684754375000006 0.2956444703125001 0.44253444531249997 0.2956444703125001 0.44253444531249997 0.3421875000000001 0.49684754375000006 0.3421875000000001
19 0.4375 0.2939222234375001 0.3886182109375 0.2939222234375001 0.3886182109375 0.3468750000000001 0.4375 0.3468750000000001
19 0.514032546875 0.4203125 0.44534245156249996 0.4203125 0.44534245156249996 0.4796875 0.514032546875 0.4796875
19 0.16250000000000003 0.41875 0.10684904062500004 0.41875 0.10684904062500004 0.49340055937500005 0.16250000000000003 0.49340055937500005
19 0.2515625000000001 0.41948881718750003 0.19634085468750004 0.41948881718750003 0.19634085468750004 0.496875 0.2515625000000001 0.496875
19 0.43690594843749997 0.43758985624999996 0.38498901718750006 0.43758985624999996 0.38498901718750006 0.4796875 0.43690594843749997 0.4796875
19 0.3750000000000001 0.43777206562500004 0.33222843437500005 0.43777206562500004 0.33222843437500005 0.4859375 0.3750000000000001 0.4859375
19 0.3062500000000001 0.4434929109375 0.2824480828125001 0.4434929109375 0.2824480828125001 0.49375 0.3062500000000001 0.49375
19 0.3515625000000001 0.5060528140625 0.2956594453125001 0.5060528140625 0.2956594453125001 0.5875 0.3515625000000001 0.5875
19 0.1934155343750001 0.5223018171875 0.10395866562500004 0.5223018171875 0.10395866562500007 0.578125 0.1934155343750001 0.578125
19 0.10156250000000007 0.524298621875 0.011641375000000063 0.524298621875 0.011641375000000068 0.578125 0.10156250000000008 0.578125
19 0.26250000000000007 0.5140625 0.20804213437500008 0.5140625 0.20804213437500008 0.5951327875 0.26250000000000007 0.5951327875
19 0.18125000000000008 0.617833965625 0.14062500000000008 0.617833965625 0.14062500000000008 0.6875 0.18125000000000008 0.6875
19 0.2671875000000001 0.6222743609375 0.2259210265625001 0.6222743609375 0.2259210265625001 0.6875 0.2671875000000001 0.6875
19 0.09375000000000008 0.621875 0.05677416093750006 0.621875 0.056774160937500075 0.69375 0.09375000000000008 0.69375
19 0.1281250000000001 0.700811203125 0.09028803906250009 0.700811203125 0.09028803906250009 0.7671051328125 0.1281250000000001 0.7671051328125
19 0.37968750000000007 0.7169379015625 0.3152655765625001 0.7169379015625 0.3152655765625001 0.753125 0.37968750000000007 0.753125
19 0.2093750000000001 0.70399610625 0.1768320703125001 0.70399610625 0.1768320703125001 0.7671875 0.2093750000000001 0.7671875
19 0.4562500000000001 0.7205146765625 0.3872129593750001 0.7205146765625 0.3872129593750001 0.75 0.45625000000000016 0.75
19 0.3043854812500001 0.7185353437499999 0.2380915515625001 0.7185353437499999 0.2380915515625001 0.7515625 0.3043854812500001 0.7515625