19 0.8296875 0.3609375000000001 0.776953125 0.3609375000000001 0.776953125 0.4359375000000002 0.8296875 0.4359375000000002
19 0.6671875 0.36015625000000007 0.61484375 0.36015625000000007 0.61484375 0.4359375 0.6671875 0.4359375
19 1 0.3730468750000001 0.9375 0.3730468750000001 0.9375 0.4234375000000002 1 0.4234375000000002
19 0.9171875 0.36210937500000007 0.8671875 0.36210937500000007 0.8671875 0.43750000000000017 0.9171875 0.43750000000000017
19 0.5953125 0.3781250000000001 0.5078125 0.3781250000000001 0.5078125 0.4234375 0.5953125 0.4234375
19 0.7625 0.3781250000000001 0.678515625 0.3781250000000001 0.678515625 0.42656250000000007 0.7625 0.4265625000000002
19 0.22656250000000008 0.4609375 0.17695312500000004 0.4609375 0.17695312500000004 0.51875 0.22656250000000008 0.51875
19 0.2828125000000001 0.4625 0.2312500000000001 0.4625 0.2312500000000001 0.5203125 0.2828125000000001 0.5203125
19 0.06875000000000006 0.478125 0.028125000000000056 0.478125 0.02812500000000006 0.51875 0.06875000000000006 0.51875
19 0.11875000000000005 0.477734375 0.07812500000000007 0.477734375 0.07812500000000007 0.5171875 0.11875000000000005 0.5171875
19 0.17031250000000003 0.478125 0.13320312500000003 0.478125 0.13320312500000003 0.51875 0.17031250000000003 0.51875
19 0.8375 0.4597656250000002 0.7890625 0.4597656250000002 0.7890625 0.5359375000000002 0.8375 0.5359375000000002
19 0.9390625 0.4734375000000002 0.8625 0.4734375000000002 0.8625 0.5218750000000002 0.9390625 0.5218750000000002
19 0.7703125 0.4781250000000001 0.6859375 0.478125 0.6859375 0.5250000000000001 0.7703125 0.5250000000000001