19 0.2796875 0.18125000000000005 0.196875 0.18125000000000005 0.19687500000000002 0.259375 0.2796875 0.259375
19 0.371875 0.18398437500000003 0.287890625 0.18398437500000003 0.287890625 0.25781250000000006 0.371875 0.2578125000000001
19 0.18437500000000004 0.19570312500000003 0.12968750000000004 0.195703125 0.12968750000000004 0.2625 0.18437500000000004 0.2625
19 0.05312500000000002 0.21328125 0.02421875000000003 0.21328125 0.024218750000000032 0.259375 0.05312500000000002 0.259375
19 0.11093750000000005 0.215234375 0.07734375000000002 0.215234375 0.07734375000000002 0.2609375 0.11093750000000005 0.2609375
19 0.984375 0.2093750000000001 0.934375 0.2093750000000001 0.934375 0.27031250000000007 0.984375 0.27031250000000007
19 0.928125 0.21445312500000008 0.8703125 0.21445312500000008 0.8703125 0.2656250000000001 0.928125 0.2656250000000001
19 0.7296875 0.2984375000000001 0.627734375 0.2984375000000001 0.627734375 0.3828125000000001 0.7296875 0.3828125000000001
19 0.11406250000000004 0.314453125 0.027734375000000033 0.314453125 0.02773437500000004 0.36875 0.11406250000000004 0.36875
19 0.5046875 0.3203125000000001 0.414453125 0.3203125000000001 0.414453125 0.3765625000000001 0.5046875 0.3765625000000001
19 0.59375 0.29765625000000007 0.536328125 0.29765625000000007 0.536328125 0.403125 0.59375 0.403125