19 0.2796875000000001 0.36640625 0.19296875000000005 0.36640625 0.19296875000000005 0.4015625 0.2796875000000001 0.4015625
19 0.21093750000000006 0.340625 0.17968750000000006 0.340625 0.17968750000000006 0.428125 0.21093750000000008 0.428125
19 0.31718750000000007 0.36640625 0.23828125000000008 0.36640625 0.23828125000000008 0.40625 0.31718750000000007 0.40625
19 0.790625 0.38554687500000007 0.73671875 0.38554687500000007 0.73671875 0.42187500000000017 0.790625 0.42187500000000017
19 0.8390625 0.3871093750000001 0.785546875 0.3871093750000001 0.785546875 0.42187500000000017 0.8390625 0.42187500000000017
19 0.7265625 0.4761718750000001 0.646875 0.476171875 0.646875 0.55 0.7265625 0.5500000000000002
19 0.7890625 0.4828125000000002 0.733984375 0.4828125000000002 0.733984375 0.5562500000000001 0.7890625 0.5562500000000001
19 0.2828125000000001 0.5 0.23007812500000008 0.5 0.23007812500000008 0.54375 0.2828125000000001 0.54375
19 0.22812500000000008 0.4953125 0.18437500000000004 0.4953125 0.18437500000000007 0.5484375 0.22812500000000008 0.5484375
19 0.33281250000000007 0.500390625 0.2792968750000001 0.500390625 0.2792968750000001 0.543359375 0.33281250000000007 0.543359375
19 0.4765625 0.4921875 0.41875 0.4921875 0.41875 0.553125 0.4765625 0.553125
19 0.546875 0.490625 0.4953125 0.490625 0.4953125 0.5640625 0.546875 0.5640625
19 0.634375 0.5015625 0.5671875 0.5015625 0.5671875 0.5546875 0.634375 0.5546875
19 0.3671875000000001 0.511328125 0.33476562500000007 0.511328125 0.33476562500000007 0.55 0.3671875000000001 0.55
19 0.40859375 0.513671875 0.3750000000000001 0.513671875 0.3750000000000001 0.55 0.40859375 0.55