19 0.6921875000000002 0.823003471875 0.6203125000000002 0.823003471875 0.6203125000000002 0.9234375 0.6921875000000002 0.9234375
19 0.5296875000000002 0.825 0.4621527781250002 0.825 0.4621527781250002 0.9265625 0.5296875000000002 0.9265625
19 0.3859375000000001 0.83758680625 0.28524305625000007 0.83758680625 0.28524305625000007 0.9140625 0.3859375000000001 0.9140625
19 0.2921875000000001 0.825 0.2107638890625001 0.825 0.2107638890625001 0.928125 0.2921875000000001 0.928125
19 0.44982638906250016 0.825 0.3821180546875001 0.825 0.3821180546875001 0.928125 0.44982638906250016 0.928125
19 0.6156250000000002 0.823090278125 0.5421875000000002 0.823090278125 0.5421875000000002 0.9296875 0.6156250000000002 0.9296875
19 0.9390625 0.33142361093750006 0.846440971875 0.33142361093750006 0.846440971875 0.4451388890625002 0.9390625 0.4451388890625002
19 0.19843750000000004 0.340625 0.11076388906250005 0.340625 0.11076388906250005 0.4515625 0.19843750000000004 0.4515625
19 0.84375 0.3546875000000001 0.746875 0.3546875000000001 0.746875 0.44348958437500013 0.84375 0.44348958437500013
19 0.7421006953125 0.3548611125000001 0.644878471875 0.3548611125000001 0.644878471875 0.44218750000000007 0.7421006953125 0.4421875000000002
19 0.29375000000000007 0.3649305546875 0.2059027781250001 0.3649305546875 0.2059027781250001 0.44375 0.29375000000000007 0.44375
19 0.5810763890625 0.3644965281250001 0.4986111109375 0.3644965281250001 0.4986111109375 0.4495659734375 0.5810763890625 0.4495659734375
19 0.653125 0.3859375000000001 0.5820312484375 0.3859375000000001 0.5820312484375 0.44184027812500004 0.653125 0.44184027812500004
19 0.3828125000000001 0.37343750000000003 0.29887152656250005 0.3734375 0.29887152656250005 0.4515625 0.3828125000000001 0.4515625
19 0.478125 0.3687500000000001 0.39800347187500007 0.3687500000000001 0.39800347187500007 0.459375 0.478125 0.459375
19 0.8109375 0.5234375000000002 0.7444444453125 0.5234375000000002 0.7444444453125 0.5703125000000002 0.8109375 0.5703125000000002
19 0.6875 0.5214409703125 0.641232640625 0.5214409703125 0.641232640625 0.584375 0.6875 0.584375
19 0.6421875 0.529166665625 0.58125 0.529166665625 0.58125 0.575 0.6421875 0.575
19 0.753125 0.5244791656250001 0.6881076390625 0.5244791656250001 0.6881076390625 0.5718750000000001 0.753125 0.5718750000000001
19 0.8546875 0.5660590265625002 0.81414930625 0.5660590265625002 0.81414930625 0.6077256937500002 0.8546875 0.6077256937500002
19 0.953125 0.5671875000000002 0.911371528125 0.5671875000000002 0.911371528125 0.6171875000000002 0.953125 0.6171875000000002
19 0.9046875 0.5677083328125001 0.8622395828125 0.5677083328125001 0.8622395828125 0.6119791671875002 0.9046875 0.6119791671875002
19 0.465625 0.578559028125 0.3523437515625001 0.578559028125 0.3523437515625001 0.653125 0.465625 0.653125
19 0.3843750000000001 0.5781249984375 0.2707465281250001 0.5781249984375 0.2707465281250001 0.6578125 0.3843750000000001 0.6578125
19 0.1859375000000001 0.5592881937499999 0.1138888890625001 0.5592881937499999 0.1138888890625001 0.6765625 0.1859375000000001 0.6765625
19 0.2968750000000001 0.5821180546875 0.18125000000000008 0.5821180546875 0.18125000000000008 0.659375 0.2968750000000001 0.659375
19 0.6015625 0.597309028125 0.5125 0.597309028125 0.5125 0.6578125 0.6015625 0.6578125
19 0.5328125 0.5932291671875001 0.43819444374999994 0.5932291671875001 0.43819444374999994 0.659375 0.5328125 0.659375
19 0.775 0.6126736125000001 0.7049479171875 0.6126736125 0.7049479171875 0.6656250000000001 0.775 0.6656250000000001
19 0.6546875 0.6140625 0.5878472218749999 0.6140625 0.5878472218749999 0.6609375 0.6546875 0.6609375
19 0.7125 0.6118923609375 0.6447048609375 0.6118923609375 0.6447048609375 0.665625 0.7125 0.665625
19 0.824652778125 0.6062500000000002 0.776909721875 0.6062500000000002 0.776909721875 0.6750000000000002 0.824652778125 0.6750000000000002
19 0.978125 0.6302083328125001 0.9299479171874999 0.6302083328125001 0.9299479171874999 0.6744791671875002 0.978125 0.6744791671875002
19 0.9203125 0.6256076390625002 0.878125 0.6256076390625002 0.878125 0.6718750000000002 0.9203125 0.6718750000000002
19 0.875 0.6289930546875002 0.8276041656249999 0.6289930546875002 0.8276041656249999 0.6703125000000002 0.875 0.6703125000000002