19 0.2000000000000001 0.61171875 0.1554687500000001 0.61171875 0.1554687500000001 0.6421875 0.2000000000000001 0.6421875
19 0.2750000000000001 0.6125 0.22812500000000008 0.6125 0.22812500000000008 0.64375 0.2750000000000001 0.64375
19 0.3031250000000001 0.6046875 0.2718750000000001 0.6046875 0.2718750000000001 0.6515625 0.3031250000000001 0.6515625
19 0.2312500000000001 0.6046875 0.1996093750000001 0.6046875 0.1996093750000001 0.6515625 0.2312500000000001 0.6515625
19 0.775 0.6078125000000002 0.74375 0.6078125000000002 0.74375 0.6500000000000001 0.775 0.6500000000000001
19 0.8578125 0.6140625000000002 0.815625 0.6140625000000002 0.815625 0.6468750000000002 0.8578125 0.6468750000000002
19 0.81875 0.6148437500000001 0.77734375 0.6148437500000001 0.77734375 0.6453125000000002 0.81875 0.6453125000000002
19 0.7421875 0.6125 0.700390625 0.6125 0.700390625 0.64765625 0.7421875 0.6476562500000002
19 0.4765625 0.69140625 0.45078125 0.69140625 0.45078125 0.721875 0.4765625 0.721875
19 0.28398437500000007 0.7015625 0.25664062500000007 0.7015625 0.25664062500000007 0.7171875 0.28398437500000007 0.7171875
19 0.3156250000000001 0.69375 0.2894531250000001 0.69375 0.2894531250000001 0.71875 0.3156250000000001 0.71875
19 0.3828125000000001 0.694921875 0.3531250000000001 0.694921875 0.3531250000000001 0.7171875 0.3828125000000001 0.7171875
19 0.4453125 0.693359375 0.415625 0.693359375 0.415625 0.7203125 0.4453125 0.7203125
19 0.4171875 0.6953125 0.3859375000000001 0.6953125 0.3859375000000001 0.7203125 0.4171875 0.7203125
19 0.3500000000000001 0.6953125 0.3203125000000001 0.6953125 0.3203125000000001 0.71875 0.3500000000000001 0.71875
19 0.7984375000000001 0.6945312500000002 0.726953125 0.6945312500000002 0.7269531250000001 0.7515625000000001 0.7984375000000001 0.7515625000000001
19 0.854296875 0.6921875000000002 0.794140625 0.6921875000000002 0.794140625 0.7562500000000002 0.854296875 0.7562500000000002
19 0.37968750000000007 0.7265625 0.3527343750000001 0.7265625 0.3527343750000001 0.75 0.37968750000000007 0.75
19 0.47343750000000007 0.723046875 0.4515625 0.723046875 0.4515625000000001 0.7546875 0.4734375000000002 0.7546875
19 0.31718750000000007 0.725 0.28593750000000007 0.725 0.28593750000000007 0.75 0.31718750000000007 0.75
19 0.4125000000000001 0.721484375 0.3910156250000001 0.721484375 0.3910156250000001 0.7546875 0.4125000000000002 0.7546875
19 0.2843750000000001 0.723828125 0.2515625000000001 0.723828125 0.2515625000000001 0.746875 0.2843750000000001 0.746875
19 0.44531250000000017 0.7265625 0.4187500000000002 0.7265625 0.4187500000000002 0.7515625 0.44531250000000017 0.7515625
19 0.3500000000000001 0.725 0.3187500000000001 0.725 0.3187500000000001 0.75 0.3500000000000001 0.75
19 0.8171875 0.846875 0.7562500000000002 0.846875 0.7562500000000002 0.90625 0.8171875 0.90625
19 0.8828125 0.84609375 0.82578125 0.84609375 0.82578125 0.9078125 0.8828125 0.9078125
19 0.6796875000000002 0.844140625 0.6136718750000002 0.844140625 0.6136718750000002 0.909375 0.6796875000000002 0.909375
19 0.7515625000000001 0.846875 0.6824218750000002 0.846875 0.6824218750000002 0.9109375 0.7515625000000001 0.9109375
19 0.6078125000000002 0.851171875 0.5437500000000002 0.851171875 0.5437500000000002 0.9109375 0.6078125000000002 0.9109375
19 0.8171875 0.3609375000000001 0.773046875 0.3609375000000001 0.773046875 0.44531250000000017 0.8171875 0.44531250000000017
19 0.86875 0.3609375000000001 0.826171875 0.3609375000000001 0.826171875 0.4437500000000002 0.86875 0.4437500000000002
19 0.20898437500000008 0.371875 0.15976562500000005 0.371875 0.15976562500000005 0.4390625 0.20898437500000008 0.4390625
19 0.27031250000000007 0.3828125 0.20312500000000008 0.3828125 0.20312500000000008 0.428125 0.27031250000000007 0.428125
19 0.74765625 0.3917968750000001 0.678125 0.3917968750000001 0.678125 0.4234375000000001 0.74765625 0.4234375000000002
19 0.7671875 0.3750000000000001 0.733984375 0.3750000000000001 0.733984375 0.4437500000000002 0.7671875 0.4437500000000002
19 0.678125 0.50625 0.6296875 0.50625 0.6296875 0.5640625 0.678125 0.5640625
19 0.7234375 0.505859375 0.680078125 0.505859375 0.680078125 0.5640625 0.7234375 0.5640625
19 0.8265625 0.5148437500000002 0.766796875 0.5148437500000002 0.766796875 0.5578125000000002 0.8265625 0.5578125000000002
19 0.7703125 0.5062500000000002 0.728125 0.5062500000000002 0.728125 0.5671875000000002 0.7703125 0.5671875000000002
19 0.865625 0.5062500000000002 0.825 0.5062500000000002 0.825 0.5671875000000002 0.865625 0.5671875000000002
19 0.5453125 0.515625 0.511328125 0.515625 0.511328125 0.5609375 0.5453125 0.5609375
19 0.628125 0.5171875 0.594921875 0.5171875 0.594921875 0.5625 0.628125 0.5625
19 0.5953125 0.5203125 0.546875 0.5203125 0.546875 0.55625 0.5953125 0.55625