19 0.2796875 0.18125000000000005 0.196875 0.18125000000000005 0.19687500000000002 0.259375 0.2796875 0.259375
19 0.371875 0.18476562500000004 0.2875 0.18476562500000004 0.2875 0.25781250000000006 0.371875 0.2578125000000001
19 0.18437500000000004 0.19570312500000003 0.12968750000000004 0.195703125 0.12968750000000004 0.2625 0.18437500000000004 0.2625
19 0.06250000000000003 0.221875 0.015625000000000028 0.221875 0.01562500000000003 0.2515625 0.06250000000000003 0.2515625
19 0.11718750000000004 0.222265625 0.07031250000000003 0.222265625 0.07031250000000003 0.2546875 0.11718750000000004 0.2546875
19 0.984375 0.2093750000000001 0.934765625 0.2093750000000001 0.934765625 0.27031250000000007 0.984375 0.27031250000000007
19 0.925 0.21093750000000008 0.8734375 0.21093750000000008 0.8734375 0.2687500000000001 0.925 0.2687500000000001
19 0.7296875 0.2984375000000001 0.627734375 0.2984375000000001 0.627734375 0.3828125000000001 0.7296875 0.3828125000000001
19 0.09843750000000004 0.298828125 0.04414062500000003 0.298828125 0.04414062500000004 0.384375 0.09843750000000004 0.384375
19 0.5046875 0.3203125000000001 0.414453125 0.3203125000000001 0.414453125 0.3765625000000001 0.5046875 0.3765625000000001
19 0.59375 0.2984375000000001 0.536328125 0.2984375000000001 0.536328125 0.403125 0.59375 0.403125