19 0.18125000000000005 0.24921875 0.07265625000000002 0.24921875 0.07265625000000003 0.321875 0.18125000000000005 0.321875
19 0.2515625 0.25 0.14375000000000004 0.25 0.14375000000000004 0.3265625 0.2515625 0.3265625
19 0.328125 0.2578125 0.2203125 0.2578125 0.2203125 0.325 0.328125 0.325
19 0.5734375 0.26445312500000007 0.5 0.26445312500000007 0.5 0.3531250000000001 0.5734375 0.3531250000000001
19 0.434375 0.2867187500000001 0.370703125 0.2867187500000001 0.370703125 0.3359375000000001 0.434375 0.3359375000000001
19 0.36875 0.27812500000000007 0.314453125 0.278125 0.314453125 0.34687500000000004 0.36875 0.3468750000000001
19 0.4875 0.2812500000000001 0.434765625 0.2812500000000001 0.434765625 0.3500000000000001 0.4875 0.3500000000000001
19 0.653125 0.27226562500000007 0.5796875 0.27226562500000007 0.5796875 0.35625000000000007 0.653125 0.35625000000000007
19 0.7328125 0.2734375000000001 0.6640625 0.2734375000000001 0.6640625 0.3593750000000001 0.7328125 0.3593750000000001
19 0.8125 0.2777343750000001 0.744140625 0.2777343750000001 0.744140625 0.36406250000000007 0.8125 0.36406250000000007
19 0.8984375 0.2960937500000001 0.81015625 0.2960937500000001 0.81015625 0.3578125000000001 0.8984375 0.3578125000000001
19 0.934375 0.3343750000000001 0.892578125 0.3343750000000001 0.892578125 0.3703125000000001 0.934375 0.3703125000000001
19 0.990625 0.3375000000000001 0.940625 0.3375000000000001 0.940625 0.3750000000000001 0.990625 0.3750000000000001
19 0.2234375000000001 0.375 0.16718750000000004 0.375 0.16718750000000004 0.4421875 0.2234375000000001 0.4421875
19 0.2875000000000001 0.384765625 0.21679687500000008 0.384765625 0.21679687500000008 0.435546875 0.2875000000000001 0.435546875
19 0.18437500000000004 0.394921875 0.08750000000000005 0.394921875 0.08750000000000005 0.4453125 0.18437500000000004 0.4453125
19 0.35625000000000007 0.40234375 0.2613281250000001 0.40234375 0.2613281250000001 0.4515625 0.35625000000000007 0.4515625
19 0.419921875 0.39335937500000007 0.3332031250000001 0.393359375 0.3332031250000001 0.46875 0.419921875 0.46875
19 0.5015625 0.3890625000000001 0.426953125 0.3890625000000001 0.426953125 0.478125 0.5015625 0.478125
19 0.571875 0.421484375 0.507421875 0.421484375 0.507421875 0.4734375 0.571875 0.4734375
19 0.696875 0.41875 0.64375 0.41875 0.64375 0.48125 0.696875 0.48125
19 0.6375 0.418359375 0.5765625 0.418359375 0.5765625 0.4828125 0.6375 0.4828125
19 0.76875 0.4234375000000001 0.7046875 0.4234375 0.7046875 0.4843750000000001 0.76875 0.48437500000000017