19 0.7140625 0.3703125000000001 0.679296875 0.3703125000000001 0.679296875 0.4265625 0.7140625 0.4265625
19 0.675 0.3703125000000001 0.640625 0.3703125000000001 0.640625 0.425 0.675 0.425
19 0.6078125 0.38164062500000007 0.553125 0.38164062500000007 0.553125 0.4140625 0.6078125 0.4140625
19 0.56875 0.3824218750000001 0.51640625 0.3824218750000001 0.51640625 0.4140625 0.56875 0.4140625
19 0.5328125 0.3832031250000001 0.4828125 0.3832031250000001 0.4828125 0.4140625 0.5328125 0.4140625
19 0.6359375 0.37187500000000007 0.601953125 0.37187500000000007 0.601953125 0.425 0.6359375 0.425
19 0.7515625 0.3734375000000001 0.717578125 0.3734375000000001 0.717578125 0.4250000000000001 0.7515625 0.42500000000000016
19 0.696875 0.5359375 0.6328125 0.5359375 0.6328125 0.5625 0.696875 0.5625
19 0.6515625 0.519140625 0.6265625 0.519140625 0.6265625 0.578125 0.6515625 0.578125
19 0.834375 0.5351562500000002 0.77265625 0.5351562500000002 0.77265625 0.5609375000000002 0.834375 0.5609375000000002
19 0.70625 0.5171875 0.6796875 0.5171875 0.6796875 0.578125 0.70625 0.578125
19 0.7609375 0.5171875000000001 0.7359375 0.5171875000000001 0.7359375 0.5781250000000002 0.7609375 0.5781250000000002
19 0.7890625 0.5171875000000001 0.7625 0.5171875000000001 0.7625 0.5796875000000001 0.7890625 0.5796875000000001
19 0.75 0.5351562500000001 0.68984375 0.53515625 0.68984375 0.5593750000000001 0.75 0.5593750000000002
19 0.6937500000000001 0.645703125 0.646875 0.645703125 0.6468750000000001 0.7453125 0.6937500000000002 0.7453125
19 0.76875 0.6742187500000001 0.66484375 0.67421875 0.66484375 0.7203125000000001 0.76875 0.7203125000000001
19 0.82109375 0.6746093750000001 0.7140625 0.674609375 0.7140625 0.721875 0.82109375 0.7218750000000002
19 0.86875 0.6773437500000001 0.76953125 0.6773437500000001 0.76953125 0.7250000000000002 0.86875 0.7250000000000002
19 0.8953125 0.6531250000000002 0.846875 0.6531250000000002 0.846875 0.7531250000000002 0.8953125 0.7531250000000002
19 0.5406250000000001 0.8375 0.49531250000000016 0.8375 0.49531250000000016 0.946875 0.5406250000000001 0.946875
19 0.5265625000000002 0.86796875 0.4164062500000002 0.86796875 0.4164062500000002 0.9140625 0.5265625000000002 0.9140625
19 0.5875000000000001 0.8328125 0.5421875000000002 0.8328125 0.5421875000000002 0.94375 0.5875000000000001 0.94375
19 0.6652343750000002 0.870703125 0.5597656250000002 0.870703125 0.5597656250000002 0.9140625 0.6652343750000002 0.9140625
19 0.7187500000000002 0.86875 0.6078125000000002 0.86875 0.6078125000000002 0.9171875 0.7187500000000002 0.9171875