19 0.12187500000000004 0.267578125 0.006250000000000033 0.267578125 0.00625000000000004 0.3796875 0.12187500000000004 0.3796875
19 0.22187500000000004 0.2703125 0.11875000000000005 0.2703125 0.11875000000000005 0.378125 0.2218750000000001 0.378125
19 0.853125 0.2828125000000001 0.790625 0.2828125000000001 0.790625 0.37187500000000007 0.853125 0.37187500000000007
19 0.975 0.3031250000000001 0.906640625 0.3031250000000001 0.906640625 0.37187500000000007 0.975 0.37187500000000007
19 0.3296875 0.303125 0.2359375 0.303125 0.23593750000000005 0.3765625 0.3296875000000001 0.3765625
19 0.39375000000000004 0.3140625 0.326171875 0.3140625 0.32617187500000006 0.36875 0.3937500000000001 0.3687500000000001
19 0.4453125 0.30937500000000007 0.3921875 0.30937500000000007 0.3921875 0.3765625000000001 0.4453125 0.3765625000000001
19 0.8921875 0.3355468750000001 0.85 0.3355468750000001 0.85 0.3734375000000001 0.8921875 0.3734375000000001
19 0.2796875000000001 0.4171875 0.2253906250000001 0.4171875 0.2253906250000001 0.50625 0.2796875000000001 0.50625
19 0.3390625000000001 0.41875 0.2875000000000001 0.41875 0.2875000000000001 0.50625 0.3390625000000001 0.50625
19 0.3937500000000001 0.451171875 0.3343750000000001 0.451171875 0.3343750000000001 0.4953125 0.3937500000000001 0.4953125
19 0.43125 0.4453125 0.3890625000000001 0.4453125 0.3890625000000001 0.50625 0.43125 0.50625
19 0.78125 0.5339843750000001 0.701171875 0.533984375 0.701171875 0.5921875000000001 0.78125 0.5921875000000002
19 0.715625 0.546875 0.653125 0.546875 0.653125 0.6 0.715625 0.6
19 0.6578125 0.546484375 0.6046875 0.546484375 0.6046875 0.6046875 0.6578125 0.6046875
19 0.6 0.552734375 0.550390625 0.552734375 0.550390625 0.6109375 0.6 0.6109375
19 0.5484375 0.5546875 0.490625 0.5546875 0.490625 0.615625 0.5484375 0.615625
19 0.4875 0.55625 0.4328125 0.55625 0.4328125 0.61875 0.4875 0.61875