19 0.6477987421875 0.36163522031250006 0.5778301890625 0.36163522031250006 0.5778301890625 0.469339621875 0.6477987421875 0.469339621875
19 0.57232704375 0.3632075468750001 0.5007861640625 0.3632075468750001 0.5007861640625 0.47169811250000004 0.57232704375 0.47169811250000004
19 0.49842767343750005 0.3852201265625001 0.440251571875 0.3852201265625001 0.440251571875 0.47091194999999997 0.49842767343750005 0.47091194999999997
19 0.6981132078125001 0.550314465625 0.6650943390624999 0.550314465625 0.6650943390624999 0.5880503140625 0.6981132078125001 0.5880503140625
19 0.5754716984375 0.5660377359375001 0.49842767343750005 0.5660377359375001 0.49842767343750005 0.6352201265625 0.5754716984375 0.6352201265625
19 0.6619496859375 0.57232704375 0.579402515625 0.57232704375 0.579402515625 0.63993710625 0.6619496859375 0.63993710625
19 0.8050314468750001 0.5801886796875002 0.7555031453125001 0.5801886796875002 0.7555031453125001 0.6383647796875002 0.8050314468750001 0.6383647796875002
19 0.8584905656249999 0.5817610062500002 0.8066037734375 0.5817610062500002 0.8066037734375 0.6399371062500002 0.8584905656249999 0.6399371062500002
19 0.7515723265625 0.5801886796875001 0.7059748421875 0.5801886796875 0.7059748421875 0.63915094375 0.7515723265625 0.6391509437500001
19 0.9103773578125001 0.5801886796875002 0.8632075468749999 0.5801886796875002 0.8632075468749999 0.6415094343750002 0.9103773578125001 0.6415094343750002
19 0.7028301890625 0.599056603125 0.6619496859375 0.599056603125 0.6619496859375 0.6375786156250001 0.7028301890625 0.6375786156250001