19 0.6484375 0.2656250000000001 0.577734375 0.2656250000000001 0.577734375 0.3554687500000001 0.6484375 0.3554687500000001
19 0.846875 0.2621093750000001 0.776171875 0.2621093750000001 0.776171875 0.3578125000000001 0.846875 0.3578125000000001
19 0.746875 0.2660156250000001 0.678125 0.2660156250000001 0.678125 0.3593750000000001 0.746875 0.3593750000000001
19 0.953125 0.27812500000000007 0.8609375 0.27812500000000007 0.8609375 0.3468750000000001 0.953125 0.3468750000000001
19 0.9609375 0.3781250000000001 0.891015625 0.3781250000000001 0.891015625 0.4125000000000002 0.9609375 0.4125000000000002
19 0.8671875 0.3597656250000001 0.829296875 0.3597656250000001 0.829296875 0.43085937500000016 0.8671875 0.43085937500000016
19 0.7890625 0.3589843750000001 0.7515625 0.3589843750000001 0.7515625 0.4343750000000002 0.7890625 0.4343750000000002
19 0.634375 0.3656250000000001 0.5984375 0.3656250000000001 0.5984375 0.4296875 0.634375 0.4296875
19 0.7296875 0.38164062500000007 0.65625 0.38164062500000007 0.65625 0.4156250000000001 0.7296875 0.4156250000000002
19 0.45625 0.3890625000000001 0.417578125 0.3890625000000001 0.417578125 0.4109375 0.45625 0.4109375
19 0.4015625 0.3804687500000001 0.3808593750000001 0.3804687500000001 0.3808593750000001 0.4203125 0.4015625 0.4203125
19 0.5625 0.3703125000000001 0.526953125 0.3703125000000001 0.526953125 0.428125 0.5625 0.428125
19 0.3671875000000001 0.38906250000000003 0.32500000000000007 0.3890625 0.32500000000000007 0.4109375 0.3671875000000001 0.4109375
19 0.4953125 0.3804687500000001 0.474609375 0.3804687500000001 0.474609375 0.4203125 0.4953125 0.4203125
19 0.4 0.400390625 0.3734375000000001 0.400390625 0.3734375000000001 0.4484375 0.4 0.4484375
19 0.3578125000000001 0.4109375 0.3160156250000001 0.4109375 0.3160156250000001 0.4375 0.3578125000000001 0.4375
19 0.446875 0.3988281250000001 0.419921875 0.3988281250000001 0.419921875 0.453125 0.446875 0.453125
19 0.49375 0.40625 0.473046875 0.40625 0.473046875 0.4453125 0.49375 0.4453125
19 0.5640625 0.40703125 0.519921875 0.40703125 0.519921875 0.471875 0.5640625 0.471875
19 0.9484375 0.4031250000000002 0.9 0.4031250000000002 0.9 0.47656250000000017 0.9484375 0.47656250000000017
19 0.8796875 0.41718750000000016 0.8125 0.41718750000000016 0.8125 0.4656250000000002 0.8796875 0.4656250000000002
19 0.65 0.41875 0.5828125 0.41875 0.5828125 0.4640625 0.65 0.4640625
19 0.796875 0.40546875000000016 0.75078125 0.40546875000000016 0.75078125 0.4781250000000002 0.796875 0.4781250000000002
19 0.73125 0.4203125000000001 0.6578125 0.4203125 0.6578125 0.46562500000000007 0.73125 0.4656250000000002
19 0.18750000000000006 0.41640625 0.14765625000000004 0.41640625 0.14765625000000004 0.4734375 0.18750000000000006 0.4734375
19 0.25468750000000007 0.423828125 0.19687500000000005 0.423828125 0.19687500000000005 0.465625 0.25468750000000007 0.465625
19 0.30937500000000007 0.425 0.2578125000000001 0.425 0.2578125000000001 0.4671875 0.30937500000000007 0.4671875
19 0.12968750000000004 0.41953125 0.09023437500000005 0.41953125 0.09023437500000006 0.4734375 0.12968750000000004 0.4734375
19 0.4 0.43203125 0.37578125000000007 0.43203125 0.37578125000000007 0.4734375 0.4 0.4734375
19 0.4609375 0.440234375 0.41875 0.440234375 0.41875 0.4640625 0.4609375 0.4640625
19 0.3593750000000001 0.440625 0.3175781250000001 0.440625 0.3175781250000001 0.465625 0.3593750000000001 0.465625
19 0.496875 0.434765625 0.473828125 0.434765625 0.473828125 0.473046875 0.496875 0.473046875