19 0.456591640625 0.17202572343750006 0.38504823125 0.17202572343750006 0.38504823125 0.2845659156250001 0.456591640625 0.2845659156250001
19 0.5273311890625 0.17363344062500002 0.459003215625 0.17363344062500002 0.459003215625 0.2845659156250001 0.5273311890625 0.2845659156250001
19 0.3311897109375 0.19774919687500006 0.2596463015625 0.19774919687500006 0.2596463015625 0.279742765625 0.3311897109375 0.279742765625
19 0.58199356875 0.19131832812500008 0.529742765625 0.19131832812500005 0.529742765625 0.2861736328125001 0.58199356875 0.2861736328125001
19 0.255627009375 0.20578778125000002 0.17282958125000006 0.20578778125000002 0.17282958125000006 0.27652733125 0.255627009375 0.27652733125
19 0.6334405140625 0.19292604531250007 0.5836012859374999 0.19292604531250007 0.5836012859374999 0.28938906718750007 0.6334405140625 0.28938906718750007
19 0.3810289390625 0.21543408437500006 0.328778134375 0.215434084375 0.328778134375 0.2813504828125001 0.3810289390625 0.2813504828125001
19 0.6189710609375 0.3520900328125001 0.561093246875 0.3520900328125001 0.561093246875 0.4284565921875 0.6189710609375 0.4284565921875
19 0.6784565921875 0.35369774843750007 0.620578778125 0.35369774843750007 0.620578778125 0.43247588437499995 0.6784565921875 0.43247588437499995
19 0.7363344046875 0.3553054656250001 0.67926045 0.3553054656250001 0.67926045 0.4332797421875001 0.7363344046875 0.4332797421875002
19 0.7958199359375 0.3553054656250001 0.73874598125 0.3553054656250001 0.73874598125 0.4340836015625002 0.7958199359375 0.4340836015625002
19 0.8392282953124999 0.3745980703125001 0.799839228125 0.3745980703125001 0.799839228125 0.4340836015625002 0.8392282953124999 0.4340836015625002
19 0.8842443734375 0.3762057875000001 0.8424437296875 0.3762057875000001 0.8424437296875 0.43569131875000017 0.8842443734375 0.43569131875000017
19 0.93569131875 0.3762057875000001 0.8834405140625 0.3762057875000001 0.8834405140625 0.43569131875000017 0.93569131875 0.43569131875000017