19 0.83671875 0.10312500000000009 0.7609375 0.10312500000000009 0.7609375 0.1921875000000001 0.83671875 0.1921875000000001
19 0.91875 0.10781250000000012 0.840625 0.10781250000000009 0.840625 0.19218750000000012 0.91875 0.19218750000000012
19 0.4625 0.09531250000000005 0.3953125 0.09531250000000005 0.3953125 0.2062500000000001 0.4625 0.2062500000000001
19 0.53671875 0.10000000000000005 0.4671875 0.10000000000000005 0.4671875 0.20468750000000008 0.53671875 0.20468750000000008
19 0.99375 0.12500000000000014 0.925 0.12500000000000014 0.925 0.19218750000000012 0.99375 0.19218750000000012
19 0.38828125 0.12031250000000004 0.3125 0.12031250000000004 0.3125 0.20703125000000006 0.38828125 0.20703125000000008
19 0.6640625 0.1296875000000001 0.603125 0.1296875000000001 0.603125 0.2015625000000001 0.6640625 0.2015625000000001
19 0.30625 0.12187500000000004 0.2375 0.12187500000000004 0.2375 0.20703125 0.30625 0.20703125
19 0.6 0.13125000000000006 0.5359375 0.13125000000000003 0.5359375 0.2000000000000001 0.6 0.2000000000000001
19 0.70625 0.14062500000000008 0.665625 0.14062500000000008 0.665625 0.1984375000000001 0.70625 0.1984375000000001
19 0.7546875 0.14218750000000008 0.709375 0.14218750000000008 0.709375 0.1976562500000001 0.7546875 0.1976562500000001
19 0.23125 0.13281250000000003 0.1625 0.1328125 0.16250000000000003 0.2125 0.23125 0.2125
19 0.15859375000000003 0.1359375 0.08750000000000002 0.1359375 0.08750000000000002 0.21640625 0.15859375000000003 0.21640625
19 0.50390625 0.2812500000000001 0.46875 0.2812500000000001 0.46875 0.3125000000000001 0.50390625 0.3125000000000001
19 0.46171875 0.2828125000000001 0.4265625 0.2828125000000001 0.4265625 0.3125000000000001 0.46171875 0.3125000000000001
19 0.4234375 0.2828125000000001 0.3875 0.2828125000000001 0.3875 0.3156250000000001 0.4234375 0.3156250000000001
19 0.975 0.2578125000000001 0.8984375 0.2578125000000001 0.8984375 0.3500000000000001 0.975 0.3500000000000001
19 0.89375 0.2593750000000001 0.8171875 0.2593750000000001 0.8171875 0.3515625000000001 0.89375 0.3515625000000001
19 0.28125 0.26875 0.2234375 0.26875 0.2234375 0.3609375 0.28125 0.3609375
19 0.22031250000000005 0.26875 0.15937500000000004 0.26875 0.15937500000000004 0.36484375 0.22031250000000008 0.36484375
19 0.15781250000000005 0.2703125 0.09531250000000002 0.2703125 0.09531250000000004 0.3625 0.15781250000000005 0.3625
19 0.33671875 0.2796875 0.2875 0.2796875 0.2875 0.359375 0.33671875 0.359375
19 0.384375 0.30000000000000004 0.3390625 0.3 0.3390625 0.36015625000000007 0.384375 0.36015625000000007
19 0.46484375 0.3203125000000001 0.4265625 0.3203125000000001 0.4265625 0.3554687500000001 0.46484375 0.3554687500000001
19 0.50390625 0.3203125000000001 0.4703125 0.3203125000000001 0.4703125 0.3554687500000001 0.50390625 0.3554687500000001
19 0.4265625 0.3218750000000001 0.390625 0.3218750000000001 0.390625 0.3578125000000001 0.4265625 0.3578125000000001