19 0.93046875 0.2671875000000001 0.8546875 0.2671875000000001 0.8546875 0.3382812500000001 0.93046875 0.3382812500000001
19 0.38125 0.27187500000000003 0.3296875 0.271875 0.3296875 0.34609375000000003 0.38125 0.3460937500000001
19 0.3203125 0.2734375 0.26875 0.2734375 0.26875 0.34765625 0.3203125 0.34765625
19 0.25703125 0.2734375 0.2015625 0.2734375 0.2015625 0.346875 0.25703125 0.346875
19 0.4984375 0.2921875000000001 0.4515625 0.2921875000000001 0.4515625 0.3453125000000001 0.4984375 0.3453125000000001
19 0.44375 0.29375000000000007 0.3953125 0.29375000000000007 0.3953125 0.3468750000000001 0.44375 0.3468750000000001
19 0.51875 0.4171875 0.4515625 0.4171875 0.4515625 0.47578125 0.51875 0.47578125
19 0.18437500000000004 0.425 0.11093750000000005 0.425 0.11093750000000005 0.48046875 0.18437500000000004 0.48046875
19 0.2734375000000001 0.4265625 0.19687500000000005 0.4265625 0.19687500000000005 0.48203125 0.2734375000000001 0.48203125
19 0.44296875 0.434375 0.3921875000000001 0.434375 0.3921875000000001 0.4765625 0.44296875 0.4765625
19 0.3859375000000001 0.4375 0.3375000000000001 0.4375 0.3375000000000001 0.4796875 0.3859375000000001 0.4796875
19 0.32890625000000007 0.453125 0.27812500000000007 0.453125 0.27812500000000007 0.47734375 0.32890625000000007 0.47734375
19 0.3726562500000001 0.5140625 0.2921875000000001 0.5140625 0.2921875000000001 0.56953125 0.3726562500000001 0.56953125
19 0.20468750000000008 0.5171875 0.11718750000000004 0.5171875 0.11718750000000007 0.57265625 0.20468750000000008 0.57265625
19 0.11562500000000006 0.51875 0.026562500000000065 0.51875 0.026562500000000065 0.571875 0.11562500000000009 0.571875
19 0.28593750000000007 0.521875 0.2062500000000001 0.521875 0.2062500000000001 0.57578125 0.28593750000000007 0.57578125
19 0.2078125000000001 0.625 0.1390625000000001 0.625 0.1390625000000001 0.665625 0.2078125000000001 0.665625
19 0.28984375000000007 0.6265625 0.2250000000000001 0.6265625 0.2250000000000001 0.66875 0.28984375000000007 0.66875
19 0.1257812500000001 0.63125 0.05468750000000007 0.63125 0.054687500000000076 0.66875 0.1257812500000001 0.66875
19 0.1554687500000001 0.7046875 0.0906250000000001 0.7046875 0.0906250000000001 0.74296875 0.1554687500000001 0.74296875
19 0.38750000000000007 0.7078125 0.3234375000000001 0.7078125 0.3234375000000001 0.74375 0.38750000000000007 0.74375
19 0.23593750000000008 0.709375 0.17343750000000008 0.709375 0.17343750000000008 0.7421875 0.23593750000000008 0.7421875
19 0.4625000000000001 0.7109375 0.3937500000000001 0.7109375 0.3937500000000001 0.73984375 0.4625000000000002 0.73984375
19 0.31328125000000007 0.709375 0.2484375000000001 0.709375 0.2484375000000001 0.7421875 0.31328125000000007 0.7421875