19 0.5125 0.14492187500000003 0.415625 0.14492187500000003 0.415625 0.2515625000000001 0.5125 0.2515625000000001
19 0.646875 0.1515625000000001 0.551953125 0.1515625000000001 0.551953125 0.2468750000000001 0.646875 0.2468750000000001
19 0.7609375 0.1492187500000001 0.666015625 0.1492187500000001 0.666015625 0.2515625000000001 0.7609375 0.2515625000000001
19 0.875 0.1488281250000001 0.77890625 0.1488281250000001 0.77890625 0.2531250000000001 0.875 0.2531250000000001
19 0.990625 0.1515625000000001 0.8953125 0.1515625000000001 0.8953125 0.2562500000000001 0.990625 0.2562500000000001
19 0.9484375 0.34843750000000007 0.877734375 0.34843750000000007 0.877734375 0.4046875000000002 0.9484375 0.4046875000000002
19 0.646875 0.6046875 0.5671875 0.6046875 0.5671875 0.7 0.646875 0.7
19 0.559375 0.612890625 0.464453125 0.612890625 0.464453125 0.6921875 0.559375 0.6921875
19 0.7140625 0.644140625 0.656640625 0.644140625 0.656640625 0.7015625 0.7140625 0.7015625
19 0.9125 0.6468750000000002 0.85625 0.6468750000000002 0.85625 0.7000000000000002 0.9125 0.7000000000000002
19 0.8515625 0.6449218750000002 0.796875 0.6449218750000002 0.796875 0.7000000000000002 0.8515625 0.7000000000000002
19 0.7890625 0.645703125 0.725 0.645703125 0.725 0.7000000000000001 0.7890625 0.7000000000000002