19 0.4871382640625 0.11254019218750004 0.372990353125 0.11254019218750004 0.372990353125 0.17845659218750004 0.4871382640625 0.17845659218750004
19 0.3633440515625 0.11575562656250005 0.24919614218750002 0.11575562656250005 0.24919614218750002 0.18167202500000004 0.3633440515625 0.18167202500000004
19 0.22106109375 0.12379421250000003 0.120578778125 0.1237942125 0.12057877812500002 0.18327974218750004 0.22106109375 0.18327974218750004
19 0.09565916406250002 0.1254019296875 0.0016077171875000153 0.1254019296875 0.0016077171875000192 0.18569131875 0.09565916406250002 0.18569131875
19 0.54180064375 0.2266881031250001 0.4276527328125 0.2266881031250001 0.4276527328125 0.3159163984375001 0.54180064375 0.3159163984375001
19 0.421221865625 0.23954983906250002 0.3456591640625 0.2395498390625 0.3456591640625 0.31270096406250003 0.421221865625 0.3127009640625001
19 0.335209003125 0.2829582 0.2829582 0.2829582 0.2829582 0.311093246875 0.335209003125 0.311093246875
19 0.2749196140625 0.284565915625 0.226688103125 0.284565915625 0.226688103125 0.31189710625 0.2749196140625 0.31189710625
19 0.22106109375 0.2861736328125 0.16881028906250004 0.2861736328125 0.16881028906250004 0.31430868125 0.22106109375 0.31430868125
19 0.09405144687500004 0.2861736328125 0.03858520937500003 0.2861736328125 0.03858520937500003 0.31430868125 0.09405144687500004 0.31430868125
19 0.16157556250000005 0.284565915625 0.09967845625000005 0.284565915625 0.09967845625000005 0.315112540625 0.16157556250000005 0.315112540625
19 0.39951768437500007 0.37299035312500006 0.3118971062500001 0.372990353125 0.3118971062500001 0.423633440625 0.39951768437500007 0.423633440625
19 0.17926045000000004 0.3762057875 0.08681672031250004 0.3762057875 0.08681672031250004 0.426045015625 0.17926045000000004 0.426045015625
19 0.2998392281250001 0.3745980703125 0.20739549843750008 0.3745980703125 0.20739549843750008 0.42926045 0.2998392281250001 0.42926045