19 0.9647766328125 0.20446735468750007 0.8934707906250001 0.20446735468750007 0.8934707906250001 0.3264604812500001 0.9647766328125 0.3264604812500001
19 0.8840206187499999 0.20790377968750007 0.8109965640624999 0.20790377968750007 0.8109965640624999 0.3281786937500001 0.8840206187499999 0.3281786937500001
19 1 0.23195876250000008 0.972508590625 0.23195876250000008 0.972508590625 0.32474226875000006 1 0.32474226875000006
19 0.9140893468750001 0.3797250859375001 0.8470790375 0.3797250859375001 0.8470790375 0.4733676968750002 0.9140893468750001 0.4733676968750002
19 0.57474226875 0.3745704468750001 0.5257731953125 0.3745704468750001 0.5257731953125 0.48024055 0.57474226875 0.48024055
19 0.2783505156250001 0.3986254296875 0.19415807500000004 0.3986254296875 0.19415807500000004 0.48281786875000005 0.2783505156250001 0.48281786875000005
19 0.3591065296875001 0.3986254296875 0.2783505156250001 0.3986254296875 0.2783505156250001 0.48281786875000005 0.3591065296875001 0.48281786875000005
19 0.8427835046875 0.4072164953125002 0.7938144328125001 0.4072164953125002 0.7938144328125001 0.47594501718750015 0.8427835046875 0.47594501718750015
19 0.10652920937500003 0.3969072171875 0.02061855625000005 0.3969072171875 0.020618556250000055 0.4853951890625 0.10652920937500003 0.4853951890625
19 0.5163230234375 0.40549828125 0.47250859062500006 0.40549828125 0.47250859062500006 0.47938144375 0.5163230234375 0.47938144375
19 0.7843642609375 0.4072164953125002 0.7353951890625 0.4072164953125002 0.7353951890625 0.47594501718750015 0.7843642609375 0.47594501718750015
19 0.19501718281250005 0.40206185625 0.11168384843750005 0.40206185625 0.11168384843750005 0.4862542953125 0.19501718281250005 0.4862542953125
19 0.41065292031249995 0.41580755937499997 0.3642611687500001 0.41580755937499997 0.3642611687500001 0.48281786875000005 0.41065292031249995 0.48281786875000005
19 0.47250859062500006 0.4364261171875 0.4192439859375 0.4364261171875 0.4192439859375 0.48024055 0.47250859062500006 0.48024055