19 0.10937500000000003 0.17109375 0.047656250000000025 0.17109375 0.047656250000000025 0.2125 0.10937500000000004 0.2125
19 0.05468750000000002 0.172265625 2.1096454625936827e-17 0.172265625 2.3751450616275816e-17 0.215625 0.05468750000000002 0.215625
19 0.6796875 0.2765625000000001 0.626953125 0.2765625000000001 0.626953125 0.3812500000000001 0.6796875 0.3812500000000001
19 0.740625 0.2785156250000001 0.6890625 0.2785156250000001 0.6890625 0.3828125000000001 0.740625 0.3828125000000001
19 0.8125 0.3140625000000001 0.751171875 0.3140625000000001 0.751171875 0.3851562500000001 0.8125 0.3851562500000001
19 0.8953125 0.3218750000000001 0.828125 0.3218750000000001 0.828125 0.3828125000000001 0.8953125 0.3828125000000001
19 0.9671875 0.3187500000000001 0.9109375 0.3187500000000001 0.9109375 0.38750000000000007 0.9671875 0.38750000000000007
19 0.3156250000000001 0.412890625 0.2269531250000001 0.412890625 0.2269531250000001 0.498046875 0.3156250000000001 0.498046875
19 0.2234375000000001 0.4109375 0.14062500000000006 0.4109375 0.14062500000000006 0.5 0.2234375000000001 0.5
19 0.13125000000000003 0.4234375 0.047265625000000054 0.4234375 0.04726562500000006 0.503125 0.13125000000000003 0.503125
19 0.40625 0.417578125 0.3218750000000001 0.417578125 0.3218750000000001 0.5078125 0.40625 0.5078125
19 0.7046875 0.448828125 0.63046875 0.448828125 0.63046875 0.5 0.7046875 0.5
19 0.76328125 0.4496093750000001 0.6921875 0.449609375 0.6921875 0.5015625000000001 0.76328125 0.5015625000000001
19 0.815625 0.4410156250000002 0.7640625 0.4410156250000002 0.7640625 0.5140625000000002 0.815625 0.5140625000000002
19 0.884375 0.4515625000000002 0.8125 0.4515625000000002 0.8125 0.5046875000000002 0.884375 0.5046875000000002
19 0.9359375 0.4437500000000002 0.882421875 0.4437500000000002 0.882421875 0.5171875000000001 0.9359375 0.5171875000000001
19 0.475 0.453125 0.4328125 0.453125 0.4328125 0.50625 0.475 0.50625
19 0.578125 0.46171875 0.525390625 0.46171875 0.525390625 0.5 0.578125 0.5
19 0.634375 0.459765625 0.5796875 0.459765625 0.5796875 0.5015625 0.634375 0.5015625
19 0.528125 0.458984375 0.4734375 0.458984375 0.4734375 0.5046875 0.528125 0.5046875
19 0.9203125 0.7125000000000001 0.887109375 0.7125000000000001 0.887109375 0.7453125000000002 0.9203125 0.7453125000000002
19 0.8828125 0.7140625000000002 0.844140625 0.7140625000000002 0.844140625 0.7453125000000002 0.8828125 0.7453125000000002
19 0.871875 0.7484375000000002 0.833203125 0.7484375000000002 0.833203125 0.7796875000000002 0.871875 0.7796875000000002
19 0.9234375 0.7484375000000002 0.8765625 0.7484375000000002 0.8765625 0.7796875000000002 0.9234375 0.7796875000000002
19 0.921875 0.869921875 0.859375 0.869921875 0.859375 0.9359375 0.921875 0.9359375
19 0.853125 0.878515625 0.7906250000000001 0.878515625 0.7906250000000001 0.9375 0.853125 0.9375