19 0.9778521828125 0.10992063437500013 0.9318204359375001 0.10992063437500013 0.9318204359375001 0.19062500000000013 0.9778521828125 0.19062500000000013
19 0.31875 0.26773313593750003 0.2154141859375 0.26773313593750003 0.2154141859375 0.33836805625 0.31875 0.33836805625
19 0.8730902781250001 0.2875000000000001 0.8365823406249999 0.2875000000000001 0.8365823406249999 0.3203125000000001 0.8730902781250001 0.3203125000000001
19 0.390625 0.26728670625000006 0.2876364078125 0.26728670625 0.2876364078125 0.33906250000000004 0.390625 0.3390625000000001
19 0.909375 0.2842261906250001 0.87664930625 0.2842261906250001 0.87664930625 0.3234375000000001 0.909375 0.3234375000000001
19 0.8359375 0.2879960328125001 0.8011036703125001 0.2879960328125001 0.8011036703125001 0.3218750000000001 0.8359375 0.3218750000000001
19 0.4640625 0.26924603281250004 0.3609375 0.26924603281250004 0.3609375 0.3375 0.4640625 0.3375000000000001
19 0.9546875 0.2869915671875001 0.9140501000000001 0.2869915671875001 0.9140501000000001 0.3218750000000001 0.9546875 0.3218750000000001
19 0.50554315625 0.2767113093750001 0.4460193453125 0.2767113093750001 0.4460193453125 0.35625000000000007 0.50554315625 0.35625000000000007
19 0.575 0.2895337312500001 0.49274553593750003 0.2895337312500001 0.49274553593750003 0.3453125000000001 0.575 0.3453125000000001
19 0.634375 0.28840525937500006 0.552864584375 0.28840525937500006 0.552864584375 0.34843750000000007 0.634375 0.34843750000000007
19 0.6858134921875 0.2776909734375001 0.6270833328125 0.2776909734375001 0.6270833328125 0.3593750000000001 0.6858134921875 0.3593750000000001
19 0.8140625 0.29324156718750005 0.7341765859375 0.29324156718750005 0.7341765859375 0.34959077500000013 0.8140625 0.34959077500000013
19 0.7546875 0.29469246093750007 0.6754216265624999 0.29469246093750007 0.6754216265624999 0.3500000000000001 0.7546875 0.3500000000000001
19 0.8421626984374999 0.3238095234375001 0.8080357140625001 0.3238095234375001 0.8080357140625001 0.36406250000000007 0.8421626984374999 0.36406250000000007
19 0.884375 0.32605406562500006 0.8488963296875 0.32605406562500006 0.8488963296875 0.36406250000000007 0.884375 0.36406250000000007
19 0.9265625 0.33010912656250013 0.8890625 0.33010912656250013 0.8890625 0.3625000000000001 0.9265625 0.3625000000000001
19 0.9640625 0.33010912656250013 0.928521825 0.33010912656250013 0.928521825 0.3625000000000001 0.9640625 0.3625000000000001
19 0.55625 0.3922495046875001 0.51769593125 0.3922495046875001 0.51769593125 0.4265625 0.55625 0.4265625
19 0.646875 0.3938368046875001 0.611173115625 0.3938368046875001 0.611173115625 0.4296875 0.646875 0.4296875
19 0.509375 0.3906250000000001 0.47244543749999995 0.3906250000000001 0.47244543749999995 0.4308283734375 0.509375 0.4308283734375
19 0.5984375 0.39255952343750006 0.5625124015625 0.39255952343750006 0.5625124015625 0.4296875 0.5984375 0.4296875
19 0.7390625 0.3937500000000001 0.7016493046875001 0.3937500000000001 0.7016493046875001 0.4312500000000001 0.7390625 0.4312500000000002
19 0.88113839375 0.3918650796875001 0.8430431546875001 0.3918650796875001 0.8430431546875001 0.4312500000000002 0.88113839375 0.4312500000000002
19 0.69375 0.3937500000000001 0.6569444453125 0.3937500000000001 0.6569444453125 0.43125 0.69375 0.43125
19 0.790625 0.3922743046875001 0.7512400796875001 0.3922743046875001 0.7512400796875001 0.42968750000000017 0.790625 0.42968750000000017
19 0.8359375 0.3931175593750001 0.795436509375 0.3931175593750001 0.795436509375 0.4312500000000002 0.8359375 0.4312500000000002
19 0.9265625 0.3937748015625001 0.8866815484374999 0.3937748015625001 0.8866815484374999 0.4342509921875002 0.9265625 0.4342509921875002
19 0.04218750000000005 0.40172371093750003 0.01093750000000005 0.40172371093750003 0.010937500000000055 0.4796875 0.04218750000000006 0.4796875
19 0.12031250000000004 0.4062748015625 0.08697916718750004 0.4062748015625 0.08697916718750005 0.4828125 0.12031250000000004 0.4828125
19 0.10468750000000004 0.42961309375 0.026649304687500052 0.42961309375 0.026649304687500052 0.4625 0.10468750000000004 0.4625
19 0.15937500000000004 0.4078869046875 0.12208581406250005 0.4078869046875 0.12208581406250005 0.484375 0.15937500000000004 0.484375
19 0.19531250000000006 0.406411209375 0.16718750000000004 0.406411209375 0.16718750000000004 0.484375 0.19531250000000006 0.484375
19 0.2375000000000001 0.40796130937499997 0.20481150781250007 0.40796130937499997 0.20481150781250007 0.4875 0.2375000000000001 0.4875
19 0.2763392859375001 0.40830853125 0.2430059515625001 0.40830853125 0.2430059515625001 0.4890625 0.2763392859375001 0.4890625
19 0.3343750000000001 0.43101438437499995 0.2563368046875001 0.43101438437499995 0.2563368046875001 0.465625 0.3343750000000001 0.465625
19 0.3906250000000001 0.4111235125 0.3535466281250001 0.4111235125 0.3535466281250001 0.49048859218749996 0.3906250000000001 0.49048859218749996
19 0.421875 0.4111235125 0.3969742062500001 0.4111235125 0.3969742062500001 0.49048859218749996 0.421875 0.49048859218749996
19 0.3734375000000001 0.4330853171875 0.2936507937500001 0.4330853171875 0.2936507937500001 0.46641865156250006 0.3734375000000001 0.46641865156250006
19 0.4609375 0.41109871093750006 0.4302207328125 0.41109871093750006 0.4302207328125 0.49046379062499995 0.4609375 0.49046379062499995
19 0.5140625 0.444208828125 0.464471725 0.444208828125 0.464471725 0.4796875 0.5140625 0.4796875
19 0.5609375 0.44263392812499996 0.5093005953125 0.44263392812499996 0.5093005953125 0.485491071875 0.5609375 0.485491071875
19 0.6 0.4390625 0.559040178125 0.4390625 0.559040178125 0.490625 0.6 0.490625
19 0.6515625 0.4394345234375 0.6066716265625 0.4394345234375 0.6066716265625 0.4918154765625 0.6515625 0.4918154765625
19 0.696875 0.440625 0.655915178125 0.440625 0.655915178125 0.490625 0.696875 0.490625
19 0.753125 0.4468750000000001 0.699491565625 0.446875 0.699491565625 0.48906250000000007 0.753125 0.4890625000000002
19 0.8 0.44719742031250015 0.75186011875 0.44719742031250015 0.75186011875 0.48750000000000016 0.8 0.48750000000000016
19 0.8484375 0.4479662703125002 0.7945560515625 0.4479662703125002 0.7945560515625 0.48750000000000016 0.8484375 0.48750000000000016
19 0.9359375 0.44255952343750016 0.8985243046875 0.44255952343750016 0.8985243046875 0.4949404765625002 0.9359375 0.4949404765625002
19 0.8875 0.44155505781250015 0.850719246875 0.44155505781250015 0.850719246875 0.49531250000000016 0.8875 0.49531250000000016
19 0.1625000000000001 0.5572792671875 0.09218750000000006 0.5572792671875 0.09218750000000006 0.6234375 0.1625000000000001 0.6234375
19 0.23593750000000008 0.5611111125 0.1625000000000001 0.5611111125 0.1625000000000001 0.6265625 0.23593750000000008 0.6265625
19 0.6171875 0.5572420640625 0.5593005953125 0.5572420640625 0.5593005953125 0.628125 0.6171875 0.628125
19 0.553125 0.5586557546875001 0.48723958281249996 0.5586557546875001 0.48723958281249996 0.6296875 0.553125 0.6296875
19 0.3046875000000001 0.562648809375 0.2397569437500001 0.562648809375 0.2397569437500001 0.6265625 0.3046875000000001 0.6265625
19 0.09062500000000007 0.5594370046875 0.019370040625000067 0.5594370046875 0.019370040625000074 0.6296875 0.09062500000000007 0.6296875
19 0.3671875000000001 0.5703125 0.3046875000000001 0.5703125 0.3046875000000001 0.62958829375 0.3671875000000001 0.62958829375
19 0.6796875 0.56875 0.6210317453124999 0.56875 0.6210317453124999 0.6328125 0.6796875 0.6328125
19 0.428125 0.5734375 0.36749752031250005 0.5734375 0.36749752031250005 0.6296875 0.428125 0.6296875
19 0.4828125 0.5734375 0.4290550578125 0.5734375 0.4290550578125 0.63125 0.4828125 0.63125
19 0.8015625 0.5750620031250002 0.73936011875 0.5750620031250002 0.73936011875 0.6343750000000001 0.8015625 0.6343750000000001
19 0.7390625 0.5768353171875 0.6774553578125 0.5768353171875 0.6774553578125 0.6328125000000001 0.7390625 0.6328125000000002
19 0.8609375 0.5711061515625002 0.8029017859375 0.5711061515625002 0.8029017859375 0.6359375000000002 0.8609375 0.6359375000000002
19 0.921875 0.5734375000000002 0.8629960328124999 0.5734375000000002 0.8629960328124999 0.6359375000000002 0.921875 0.6359375000000002