19 0.5796875 0.3997694671875001 0.5431608609375 0.3997694671875001 0.5431608609375 0.4390625 0.5796875 0.4390625
19 0.5421875 0.40470030625 0.500217725 0.40470030625 0.500217725 0.43748719375 0.5421875 0.43748719375
19 0.61875 0.434375 0.5919057375000001 0.434375 0.5919057375000001 0.4625 0.61875 0.4625
19 0.6890625 0.433196721875 0.65893955 0.433196721875 0.65893955 0.4625 0.6890625 0.4625
19 0.65625 0.4323898578125 0.6253329921875 0.4323898578125 0.6253329921875 0.4640625 0.65625 0.4640625
19 0.415625 0.4289959 0.32173411875000013 0.4289959 0.32173411875000013 0.4875 0.415625 0.4875
19 0.3625000000000001 0.43675717187499996 0.2642546109375001 0.43675717187499996 0.2642546109375001 0.4828125 0.3625000000000001 0.4828125
19 0.8796875 0.4265625000000002 0.8184426234375 0.4265625000000002 0.8184426234375 0.4984375000000002 0.8796875 0.4984375000000002
19 0.8171875 0.4244236671875002 0.7534451859375 0.4244236671875002 0.7534451859375 0.5000000000000002 0.8171875 0.5000000000000002
19 0.515625 0.44460809375 0.446913421875 0.44460809375 0.446913421875 0.4953125 0.515625 0.4953125
19 0.7515625 0.4341188531250001 0.6979892421875 0.43411885312500004 0.6979892421875 0.5015625000000001 0.7515625 0.5015625000000001
19 0.453125 0.43583504062499995 0.40473872968749997 0.43583504062499995 0.40473872968749997 0.503125 0.453125 0.503125
19 0.55625 0.456582990625 0.5083119875000001 0.456582990625 0.5083119875000001 0.49674692499999995 0.55625 0.49674692499999995
19 0.5921875 0.4527535859375 0.5525358609375 0.4527535859375 0.5525358609375 0.5 0.5921875 0.5
19 0.69375 0.46753330000000004 0.6641137296874999 0.46753330000000004 0.6641137296874999 0.5015625 0.69375 0.5015625
19 0.6265625 0.46860912031249996 0.594838628125 0.46860912031249996 0.594838628125 0.503125 0.6265625 0.503125
19 0.6625 0.47195184531249995 0.6276255125 0.47195184531249995 0.6276255125 0.5 0.6625 0.5
19 0.8734375 0.5919185453125002 0.8203125 0.5919185453125002 0.8203125 0.6328125000000002 0.8734375 0.6328125000000002
19 0.48125 0.58133965 0.41086065468750005 0.58133965 0.41086065468750005 0.64375 0.48125 0.64375
19 0.8203125 0.5867571703125002 0.7736552265625 0.5867571703125002 0.7736552265625 0.6390625000000002 0.8203125 0.6390625000000002
19 0.765625 0.5890240781250001 0.721875 0.589024078125 0.721875 0.6390625000000001 0.765625 0.6390625000000002
19 0.5436859640625 0.5857453890625 0.4797515359375 0.5857453890625 0.4797515359375 0.6421875 0.5436859640625 0.6421875
19 0.41716188593750003 0.5822233609375 0.3401127031250001 0.5822233609375 0.3401127031250001 0.646875 0.41716188593750003 0.646875
19 0.6078125 0.58515625 0.5480660875 0.58515625 0.5480660875 0.6421875 0.6078125 0.6421875
19 0.71875 0.595632684375 0.6703125 0.595632684375 0.6703125 0.640625 0.71875 0.640625
19 0.6591060453125 0.5914574781249999 0.6115650609375 0.5914574781249999 0.6115650609375 0.6421875 0.6591060453125 0.6421875
19 0.7295210046875001 0.846875 0.6877177265625002 0.846875 0.6877177265625002 0.8703125 0.7295210046875001 0.8703125
19 0.6984375000000002 0.8457479515624999 0.6573898578125001 0.8457479515624999 0.6573898578125001 0.8703125 0.6984375000000002 0.8703125
19 0.6593750000000002 0.8407786890625 0.6343109625000002 0.8407786890625 0.6343109625000002 0.8828125 0.6593750000000002 0.8828125
19 0.85 0.9480660859375 0.7947745890625002 0.9480660859375 0.7947745890625002 0.9890625 0.85 0.9890625
19 0.8015625 0.940804303125 0.7563268453125002 0.940804303125 0.7563268453125002 0.9998206968750001 0.8015625 0.9998206968750001
19 0.7620389343750003 0.9508709015625 0.7063012296875002 0.9508709015625 0.7063012296875002 0.9934938515624999 0.7620389343750003 0.9934938515624999
19 0.7187500000000002 0.950384221875 0.6658683406250001 0.950384221875 0.6658683406250001 0.99375 0.7187500000000002 0.99375
19 0.6234375000000002 0.945350921875 0.5662013328125002 0.945350921875 0.5662013328125002 0.996875 0.6234375000000002 0.996875
19 0.5640625000000001 0.9424564546875001 0.5096823765625003 0.9424564546875001 0.5096823765625003 1 0.5640625000000001 1
19 0.6671875000000002 0.9472079921875001 0.6267546109375002 0.9472079921875001 0.6267546109375002 0.9996670078125 0.6671875000000002 0.9996670078125
19 0.5046875000000002 0.9492827875 0.45625000000000016 0.9492827875 0.45625000000000016 1 0.5046875000000002 1
19 0.4437500000000002 0.9481045078125 0.3976178265625001 0.9481045078125 0.3976178265625001 1 0.4437500000000002 1
19 0.3890625000000001 0.9575947749999999 0.3362320687500001 0.9575947749999999 0.3362320687500001 0.9984375 0.3890625000000001 0.9984375
19 0.3373206968750001 0.9591956968750001 0.2783043031250001 0.9591956968750001 0.2783043031250001 0.9984375 0.3373206968750001 0.9984375