19 0.1578125 0.08945312500000002 0.123046875 0.08945312500000002 0.123046875 0.153125 0.1578125 0.153125
19 0.1296875 0.10078125 0.06640625000000003 0.10078125 0.06640625000000003 0.140625 0.1296875 0.140625
19 0.790625 0.1082031250000001 0.725 0.1082031250000001 0.725 0.1546875000000001 0.790625 0.1546875000000001
19 0.8390625 0.11093750000000009 0.775 0.11093750000000009 0.775 0.1625000000000001 0.8390625 0.1625000000000001
19 0.8890625 0.11445312500000009 0.830859375 0.11445312500000009 0.830859375 0.15625000000000008 0.8890625 0.15625000000000008
19 0.590625 0.11015625000000007 0.53359375 0.11015625000000004 0.53359375 0.16250000000000006 0.590625 0.1625000000000001
19 0.5390625 0.11289062500000005 0.4796875 0.11289062500000005 0.4796875 0.15937500000000004 0.5390625 0.15937500000000004
19 0.2796875 0.13984375000000004 0.23359375 0.13984375000000004 0.23359375 0.17187500000000006 0.2796875 0.17187500000000006
19 0.1953125 0.13632812500000002 0.167578125 0.136328125 0.167578125 0.17968750000000003 0.1953125 0.17968750000000006
19 0.2328125 0.13554687500000004 0.204296875 0.13554687500000004 0.204296875 0.17968750000000006 0.2328125 0.17968750000000006
19 0.684375 0.13828125000000008 0.63671875 0.13828125000000008 0.63671875 0.1781250000000001 0.684375 0.1781250000000001
19 0.7265625 0.13437500000000008 0.684375 0.13437500000000008 0.684375 0.1828125000000001 0.7265625 0.1828125000000001
19 0.6328125 0.1359375000000001 0.598046875 0.1359375000000001 0.598046875 0.18125000000000008 0.6328125 0.18125000000000008
19 0.484375 0.14531250000000004 0.425 0.14531250000000004 0.425 0.2406250000000001 0.484375 0.2406250000000001
19 0.434375 0.16406250000000006 0.339453125 0.16406250000000006 0.339453125 0.22187500000000004 0.434375 0.2218750000000001
19 0.13906250000000003 0.1578125 0.101171875 0.1578125 0.10117187500000002 0.2375 0.13906250000000003 0.2375
19 0.11562500000000002 0.178125 0.033984375000000025 0.178125 0.033984375000000025 0.215625 0.11562500000000005 0.215625
19 0.6078125 0.17578125000000006 0.53515625 0.17578125000000006 0.53515625 0.2312500000000001 0.6078125 0.2312500000000001
19 0.8453125 0.1691406250000001 0.79375 0.1691406250000001 0.79375 0.2375000000000001 0.8453125 0.2375000000000001
19 0.7875 0.1671875000000001 0.7390625 0.1671875000000001 0.7390625 0.2375000000000001 0.7875 0.2375000000000001
19 0.9125 0.1789062500000001 0.84140625 0.1789062500000001 0.84140625 0.2296875000000001 0.9125 0.2296875000000001
19 0.5515625 0.17890625000000007 0.48046875 0.17890625000000004 0.48046875 0.2296875000000001 0.5515625 0.2296875000000001
19 0.2328125 0.19453125000000002 0.17578125000000006 0.19453125 0.17578125000000006 0.225 0.2328125 0.225
19 0.19218750000000004 0.19179687500000003 0.13320312500000003 0.191796875 0.13320312500000003 0.2265625 0.19218750000000004 0.2265625
19 0.2765625 0.19335937500000006 0.21640625 0.19335937500000006 0.21640625 0.225 0.2765625 0.225
19 0.6984375 0.1898437500000001 0.64140625 0.1898437500000001 0.64140625 0.2296875000000001 0.6984375 0.2296875000000001
19 0.7359375 0.1843750000000001 0.69375 0.1843750000000001 0.69375 0.2406250000000001 0.7359375 0.2406250000000001
19 0.646875 0.1839843750000001 0.6015625 0.1839843750000001 0.6015625 0.2390625000000001 0.646875 0.2390625000000001
19 0.7859375 0.29375000000000007 0.759375 0.29375000000000007 0.759375 0.3234375000000001 0.7859375 0.3234375000000001
19 0.746875 0.29375000000000007 0.7203125 0.29375000000000007 0.7203125 0.3265625000000001 0.746875 0.3265625000000001
19 0.9734375 0.2910156250000001 0.925 0.2910156250000001 0.925 0.33281250000000007 0.9734375 0.33281250000000007
19 0.9203125 0.2875000000000001 0.8796875 0.2875000000000001 0.8796875 0.3390625000000001 0.9203125 0.3390625000000001
19 0.821875 0.30156250000000007 0.7921875 0.30156250000000007 0.7921875 0.3265625000000001 0.821875 0.3265625000000001
19 0.8765625 0.29570312500000007 0.8265625 0.29570312500000007 0.8265625 0.33281250000000007 0.8765625 0.33281250000000007
19 0.75 0.3253906250000001 0.716015625 0.3253906250000001 0.716015625 0.3531250000000001 0.75 0.3531250000000001
19 0.784375 0.3242187500000001 0.755078125 0.3242187500000001 0.755078125 0.3578125000000001 0.784375 0.3578125000000001
19 0.821875 0.3253906250000001 0.798046875 0.3253906250000001 0.798046875 0.3605468750000001 0.821875 0.3605468750000001
19 0.8875 0.3421875000000001 0.846875 0.3421875000000001 0.846875 0.4000000000000002 0.8875 0.4000000000000002
19 0.934375 0.3453125000000001 0.895703125 0.3453125000000001 0.895703125 0.3968750000000001 0.934375 0.3968750000000001
19 0.7609375 0.36406250000000007 0.727734375 0.36406250000000007 0.727734375 0.3968750000000001 0.7609375 0.3968750000000001
19 0.8 0.3656250000000001 0.7703125 0.3656250000000001 0.7703125 0.3984375000000001 0.8 0.3984375000000001
19 0.8421875 0.36406250000000007 0.8125 0.36406250000000007 0.8125 0.4000000000000002 0.8421875 0.4000000000000002