19 0.59921875 0.19218750000000007 0.5296875 0.19218750000000004 0.5296875 0.30156250000000007 0.59921875 0.30156250000000007
19 0.52734375 0.19375000000000003 0.4609375 0.19375000000000003 0.4609375 0.30156250000000007 0.52734375 0.30156250000000007
19 0.72109375 0.2171875000000001 0.6515625 0.2171875000000001 0.6515625 0.2968750000000001 0.72109375 0.2968750000000001
19 0.45859375 0.21093750000000008 0.4078125 0.21093750000000008 0.4078125 0.3031250000000001 0.45859375 0.3031250000000001
19 0.80546875 0.2250000000000001 0.725 0.2250000000000001 0.725 0.29375000000000007 0.80546875 0.29375000000000007
19 0.40625 0.21250000000000005 0.3578125 0.2125 0.3578125 0.30625 0.40625 0.3062500000000001
19 0.65390625 0.23437500000000008 0.603125 0.23437500000000008 0.603125 0.2984375000000001 0.65390625 0.2984375000000001
19 0.428125 0.3671875000000001 0.37187500000000007 0.3671875000000001 0.37187500000000007 0.44140625 0.428125 0.44140625
19 0.3703125000000001 0.36875 0.3140625000000001 0.36875 0.3140625000000001 0.4453125 0.3703125000000001 0.4453125
19 0.31328125000000007 0.3703125 0.2578125000000001 0.3703125 0.2578125000000001 0.44609375 0.31328125000000007 0.44609375
19 0.2554687500000001 0.3703125 0.2000000000000001 0.3703125 0.2000000000000001 0.446875 0.2554687500000001 0.446875
19 0.19609375000000004 0.3890625 0.15781250000000005 0.3890625 0.15781250000000005 0.446875 0.19609375000000004 0.446875
19 0.15468750000000003 0.390625 0.11406250000000004 0.390625 0.11406250000000004 0.4484375 0.15468750000000003 0.4484375
19 0.11484375000000005 0.390625 0.06406250000000005 0.390625 0.06406250000000005 0.4484375 0.11484375000000005 0.4484375