19 0.77890625 0.01875000000000009 0.68125 0.018750000000000083 0.68125 0.1398437500000001 0.77890625 0.1398437500000001
19 0.7078125000000002 0.796875 0.6500000000000001 0.796875 0.6500000000000001 0.865625 0.7078125000000002 0.865625
19 0.7726562500000002 0.803125 0.7140625000000002 0.803125 0.7140625000000002 0.8671875 0.7726562500000002 0.8671875
19 0.6445312500000002 0.809375 0.5859375000000002 0.809375 0.5859375000000002 0.86484375 0.6445312500000002 0.86484375
19 0.5195312500000002 0.8078125 0.4593750000000002 0.8078125 0.4593750000000002 0.86640625 0.5195312500000002 0.86640625
19 0.5789062500000002 0.8078125 0.5281250000000002 0.8078125 0.5281250000000002 0.86640625 0.5789062500000002 0.86640625
19 0.675 0.02500000000000007 0.5765625 0.025000000000000067 0.5765625 0.1453125000000001 0.675 0.1453125000000001
19 0.575 0.02812500000000006 0.475 0.028125000000000056 0.475 0.15156250000000007 0.575 0.1515625000000001
19 0.7640625000000002 0.909375 0.6968750000000001 0.909375 0.6968750000000001 0.9890625 0.7640625000000002 0.9890625
19 0.6968750000000001 0.9140625 0.6296875000000002 0.9140625 0.6296875000000002 0.98828125 0.6968750000000001 0.98828125
19 0.465625 0.03437500000000005 0.3671875 0.034375000000000044 0.3671875 0.15781250000000005 0.465625 0.15781250000000005
19 0.7671875 0.2375000000000001 0.684375 0.2375000000000001 0.684375 0.3531250000000001 0.7671875 0.3531250000000001
19 0.67578125 0.2500000000000001 0.584375 0.2500000000000001 0.584375 0.3609375000000001 0.67578125 0.3609375000000001
19 0.57890625 0.2515625000000001 0.4890625 0.2515625000000001 0.4890625 0.3648437500000001 0.57890625 0.3648437500000001
19 0.48046875 0.2500000000000001 0.390625 0.2500000000000001 0.39062500000000006 0.36796875000000007 0.48046875 0.36796875000000007
19 0.74765625 0.45000000000000007 0.68125 0.45 0.68125 0.5375000000000001 0.74765625 0.5375000000000002
19 0.48984375 0.4546875 0.4078125 0.4546875 0.4078125 0.54453125 0.48984375 0.54453125
19 0.5796875 0.4578125 0.4953125 0.4578125 0.4953125 0.5453125 0.5796875 0.5453125
19 0.91953125 0.4750000000000002 0.875 0.4750000000000002 0.875 0.5289062500000001 0.91953125 0.5289062500000001
19 0.67578125 0.4609375 0.590625 0.4609375 0.590625 0.54296875 0.67578125 0.54296875
19 0.978125 0.47656250000000017 0.9296875 0.47656250000000017 0.9296875 0.5296875000000002 0.978125 0.5296875000000002
19 0.86015625 0.4750000000000002 0.8171875 0.4750000000000002 0.8171875 0.5390625000000002 0.86015625 0.5390625000000002
19 0.7640625 0.64375 0.721875 0.64375 0.721875 0.7015625000000001 0.7640625 0.7015625000000002
19 0.715625 0.6453125 0.66875 0.6453125 0.66875 0.70078125 0.715625 0.70078125
19 0.615625 0.6484375 0.56875 0.6484375 0.56875 0.70390625 0.615625 0.70390625
19 0.66328125 0.6484375 0.6140625 0.6484375 0.6140625 0.70390625 0.66328125 0.70390625
19 0.56015625 0.6515625 0.5171875 0.6515625 0.5171875 0.7046875 0.56015625 0.7046875
19 0.465625 0.6515625 0.41875 0.6515625 0.41875 0.70546875 0.465625 0.70546875
19 0.51484375 0.6515625 0.4703125 0.6515625 0.4703125 0.70546875 0.51484375 0.70546875