19 0.12656250000000005 0.26875 0.048437500000000036 0.26875 0.048437500000000036 0.36484375 0.12656250000000005 0.36484375
19 0.22109375000000003 0.2734375 0.14062500000000006 0.2734375 0.14062500000000006 0.365625 0.2210937500000001 0.365625
19 0.28828125000000004 0.29375 0.2296875 0.29375 0.22968750000000004 0.365625 0.2882812500000001 0.365625
19 0.36406250000000007 0.29687500000000006 0.303125 0.296875 0.30312500000000003 0.37031250000000004 0.36406250000000007 0.3703125000000001
19 0.76640625 0.2968750000000001 0.675 0.2968750000000001 0.675 0.3750000000000001 0.76640625 0.3750000000000001
19 0.66796875 0.30156250000000007 0.5859375 0.30156250000000007 0.5859375 0.3734375000000001 0.66796875 0.3734375000000001
19 0.57890625 0.3000000000000001 0.4890625 0.3000000000000001 0.4890625 0.3695312500000001 0.57890625 0.3695312500000001
19 0.8671875 0.3031250000000001 0.775 0.3031250000000001 0.775 0.3812500000000001 0.8671875 0.3812500000000001
19 0.42421875 0.31718750000000007 0.3734375 0.31718750000000007 0.37343750000000003 0.3687500000000001 0.42421875 0.3687500000000001
19 0.9375 0.3187500000000001 0.865625 0.3187500000000001 0.865625 0.3828125000000001 0.9375 0.3828125000000001
19 0.47734375 0.3390625000000001 0.4328125 0.3390625000000001 0.4328125 0.3703125000000001 0.47734375 0.3703125000000001
19 0.11406250000000004 0.453125 0.029687500000000054 0.453125 0.02968750000000006 0.53515625 0.11406250000000004 0.53515625
19 0.20703125000000008 0.459375 0.12500000000000006 0.459375 0.12500000000000006 0.53359375 0.20703125000000008 0.53359375
19 0.2968750000000001 0.4578125 0.2171875000000001 0.4578125 0.2171875000000001 0.534375 0.2968750000000001 0.534375
19 0.3945312500000001 0.4625 0.3125000000000001 0.4625 0.3125000000000001 0.53828125 0.3945312500000001 0.53828125
19 0.48984375 0.46875 0.3984375000000001 0.46875 0.3984375000000001 0.53828125 0.48984375 0.53828125
19 0.58984375 0.4734375 0.503125 0.4734375 0.503125 0.540625 0.58984375 0.540625
19 0.68046875 0.478125 0.6 0.478125 0.6 0.54453125 0.68046875 0.54453125
19 0.78359375 0.4859375000000001 0.709375 0.4859375 0.709375 0.5445312500000001 0.78359375 0.5445312500000001
19 0.8796875 0.49218750000000017 0.8 0.49218750000000017 0.8 0.5476562500000002 0.8796875 0.5476562500000002