19 0.36484375 0.018750000000000037 0.278125 0.018750000000000034 0.278125 0.11484375000000005 0.36484375 0.11484375000000005
19 0.725 0.025000000000000085 0.6609375 0.025000000000000078 0.6609375 0.11484375000000009 0.725 0.11484375000000009
19 0.64921875 0.026562500000000072 0.5828125 0.026562500000000065 0.5828125 0.1140625000000001 0.64921875 0.1140625000000001
19 0.46875 0.03437500000000005 0.3796875 0.034375000000000044 0.3796875 0.11406250000000004 0.46875 0.11406250000000004
19 0.57421875 0.03906250000000006 0.4828125 0.039062500000000056 0.4828125 0.11328125000000007 0.57421875 0.11328125000000008
19 0.7859375 0.0468750000000001 0.7390625 0.04687500000000009 0.7390625 0.10781250000000009 0.7859375 0.10781250000000009
19 0.84921875 0.0468750000000001 0.7984375 0.0468750000000001 0.7984375 0.10546875000000008 0.84921875 0.10546875000000008
19 0.9640625 0.0718750000000001 0.9125 0.0718750000000001 0.9125 0.10781250000000013 0.9640625 0.10781250000000013
19 0.90625 0.0718750000000001 0.8578125 0.0718750000000001 0.8578125 0.10937500000000008 0.90625 0.10937500000000008
19 0.3890625 0.22187500000000004 0.328125 0.221875 0.328125 0.32656250000000003 0.3890625 0.3265625000000001
19 0.4640625 0.2218750000000001 0.4 0.2218750000000001 0.4 0.3273437500000001 0.4640625 0.3273437500000001
19 0.58359375 0.2390625000000001 0.5328125 0.2390625000000001 0.5328125 0.3242187500000001 0.58359375 0.3242187500000001
19 0.5234375 0.2390625000000001 0.4765625 0.2390625000000001 0.4765625 0.3281250000000001 0.5234375 0.3281250000000001
19 0.80546875 0.24375000000000008 0.7453125 0.24375000000000008 0.7453125 0.3257812500000001 0.80546875 0.3257812500000001
19 0.684375 0.2640625000000001 0.64375 0.2640625000000001 0.64375 0.3226562500000001 0.684375 0.3226562500000001
19 0.7328125 0.2640625000000001 0.6921875 0.2640625000000001 0.6921875 0.3226562500000001 0.7328125 0.3226562500000001
19 0.6328125 0.26250000000000007 0.590625 0.26250000000000007 0.590625 0.3226562500000001 0.6328125 0.3226562500000001
19 0.86875 0.2640625000000001 0.815625 0.2640625000000001 0.815625 0.3218750000000001 0.86875 0.3218750000000001
19 0.928125 0.26250000000000007 0.8765625 0.26250000000000007 0.8765625 0.3226562500000001 0.928125 0.3226562500000001
19 0.53359375 0.37187500000000007 0.44375 0.37187500000000007 0.44375 0.46328125 0.53359375 0.46328125
19 0.63125 0.37187500000000007 0.54375 0.37187500000000007 0.54375 0.465625 0.63125 0.465625
19 0.81640625 0.3968750000000001 0.7296875 0.3968750000000001 0.7296875 0.46406250000000016 0.81640625 0.46406250000000016
19 0.72734375 0.4000000000000001 0.640625 0.4 0.640625 0.4664062500000001 0.72734375 0.4664062500000002