19 0.31875 0.13303931562500004 0.22908266249999998 0.13303931562500004 0.22908266249999998 0.18906250000000005 0.31875 0.18906250000000005
19 0.4125 0.26406250000000003 0.326209678125 0.2640625 0.326209678125 0.31073588750000003 0.4125 0.3107358875000001
19 0.3401461703125 0.24375 0.29579133125 0.24375 0.29579133125 0.3328125 0.3401461703125 0.3328125
19 0.46875 0.26570060468750006 0.38067036249999997 0.26570060468750006 0.38067036249999997 0.3109375000000001 0.46875 0.3109375000000001
19 0.5046875 0.2470262093750001 0.4546875 0.2470262093750001 0.4546875 0.3359375000000001 0.5046875 0.3359375000000001
19 0.13281250000000006 0.2776965734375 0.10461189531250004 0.2776965734375 0.10461189531250004 0.328125 0.13281250000000006 0.328125
19 0.17968750000000006 0.2875 0.12835181406250004 0.2875 0.12835181406250004 0.31875 0.17968750000000006 0.31875
19 0.21875 0.2885080640625 0.16875000000000004 0.2885080640625 0.16875000000000004 0.315625 0.21875 0.315625
19 0.2859375 0.280443546875 0.25471270156250003 0.280443546875 0.25471270156250003 0.3296875 0.2859375 0.3296875
19 0.25625 0.2909022171875 0.2046875 0.2909022171875 0.2046875 0.321875 0.25625 0.321875
19 0.7953125 0.48760080625000024 0.730997984375 0.48760080625000024 0.730997984375 0.5546875000000002 0.7953125 0.5546875000000002
19 0.6453125 0.4891129046875 0.5841733875 0.4891129046875 0.5841733875 0.559375 0.6453125 0.559375
19 0.24674899218750007 0.49395161249999997 0.2048135078125001 0.49395161249999997 0.2048135078125001 0.5546875 0.24674899218750007 0.5546875
19 0.19218750000000007 0.4931451625 0.15481350781250006 0.4931451625 0.15481350781250008 0.5546875 0.1921875000000001 0.5546875
19 0.29989919375000007 0.49375 0.25635080625000006 0.49375 0.25635080625000006 0.559375 0.29989919375000007 0.559375
19 0.4 0.49480846874999995 0.3553679437500001 0.49480846874999995 0.3553679437500001 0.55625 0.4 0.55625
19 0.8639364921875 0.4937500000000002 0.7970010078125 0.4937500000000002 0.7970010078125 0.5593750000000002 0.8639364921875 0.5593750000000002
19 0.4578125 0.505317540625 0.3967237906250001 0.505317540625 0.3967237906250001 0.546875 0.4578125 0.546875
19 0.935408265625 0.4922883078125002 0.869279234375 0.4922883078125002 0.869279234375 0.5593750000000002 0.935408265625 0.5593750000000002
19 0.3593750000000001 0.503125 0.2963961703125001 0.503125 0.2963961703125001 0.5484375 0.3593750000000001 0.5484375
19 0.7171875 0.49432963750000003 0.656401209375 0.49432963750000003 0.656401209375 0.5578125 0.7171875 0.5578125
19 0.5734375 0.504838709375 0.5243447578125 0.504838709375 0.5243447578125 0.5604838703125 0.5734375 0.5604838703125
19 0.50625 0.505418346875 0.45751007968749996 0.505418346875 0.45751007968749996 0.559375 0.50625 0.559375