19 0.6875 0.30503177968750006 0.6512447031249999 0.30503177968750006 0.6512447031249999 0.3262182203125001 0.6875 0.3262182203125001
19 0.8076536015625001 0.3013109109375001 0.7805349578125 0.3013109109375001 0.7805349578125 0.3390625000000001 0.8076536015625001 0.3390625000000001
19 0.7234375 0.3062632421875001 0.6936970328125 0.3062632421875001 0.6936970328125 0.33592425781250007 0.7234375 0.33592425781250007
19 0.7671875 0.30736228906250007 0.7359375 0.30736228906250007 0.7359375 0.3375000000000001 0.7671875 0.3375000000000001
19 0.38593750000000004 0.3026615468750001 0.28098517031250003 0.302661546875 0.28098517031250003 0.37812500000000004 0.3859375000000001 0.3781250000000001
19 0.290625 0.29724576406250003 0.18323622812500004 0.29724576406250003 0.18323622812500004 0.3875 0.2906250000000001 0.3875
19 0.528125 0.3203125000000001 0.4546875 0.3203125000000001 0.4546875 0.38123675937500007 0.528125 0.38123675937500007
19 0.4515625 0.31378442812500007 0.3832229875 0.31378442812500007 0.38322298750000006 0.3890625000000001 0.4515625 0.3890625000000001
19 0.678125 0.3292108046875001 0.641048728125 0.3292108046875001 0.641048728125 0.3812500000000001 0.678125 0.3812500000000001
19 0.6359375 0.3330376078125001 0.5842955515625 0.3330376078125001 0.5842955515625 0.3765625000000001 0.6359375 0.3765625000000001
19 0.575 0.3289194906250001 0.5304157843749999 0.3289194906250001 0.5304157843749999 0.3840042359375001 0.575 0.3840042359375001
19 0.8421875 0.3436705500000001 0.8164062515625 0.3436705500000001 0.8164062515625 0.3734375000000001 0.8421875 0.3734375000000001
19 0.8046875 0.3468750000000001 0.7765492593750001 0.3468750000000001 0.7765492593750001 0.3763903593750001 0.8046875 0.3763903593750001
19 0.7640625 0.3453125000000001 0.738148834375 0.3453125000000001 0.738148834375 0.3828125000000001 0.7640625 0.3828125000000001
19 0.726443325 0.3494306140625001 0.688307734375 0.3494306140625001 0.688307734375 0.3781250000000001 0.726443325 0.3781250000000001
19 0.815625 0.44710010468750017 0.7319120765625 0.44710010468750017 0.7319120765625 0.5046875000000002 0.815625 0.5046875000000002
19 0.7359375 0.4441340031250001 0.6625264843750001 0.444134003125 0.6625264843750001 0.5203125000000001 0.7359375 0.5203125000000002
19 0.653125 0.46844544531250004 0.599086334375 0.46844544531250004 0.599086334375 0.528125 0.653125 0.528125
19 0.3937500000000001 0.4671875 0.2913665265625001 0.4671875 0.2913665265625001 0.5370365453125 0.3937500000000001 0.5370365453125
19 0.5854872875 0.4749602765625 0.5270127125 0.4749602765625 0.5270127125 0.534375 0.5854872875 0.534375
19 0.5171875 0.48125 0.461030190625 0.48125 0.461030190625 0.5421875 0.5171875 0.5421875
19 0.4484375 0.48407044531250004 0.38734110156250007 0.48407044531250004 0.38734110156250007 0.546875 0.4484375 0.546875
19 0.2984375000000001 0.5067002125 0.21543961875000012 0.5067002125 0.21543961875000012 0.5651747890625 0.2984375000000001 0.5651747890625
19 0.18593750000000006 0.4976959734375 0.12764830468750005 0.4976959734375 0.12764830468750005 0.5875 0.1859375000000001 0.5875
19 0.09531250000000006 0.5171875 6.333720164340217e-17 0.5171875 6.754692501547121e-17 0.5859375 0.09531250000000006 0.5859375
19 0.3437500000000001 0.605826271875 0.2919756359375001 0.605826271875 0.2919756359375001 0.6515625 0.3437500000000001 0.6515625
19 0.2843750000000001 0.6146451265625 0.2313426921875001 0.6146451265625 0.2313426921875001 0.6546875 0.2843750000000001 0.6546875
19 0.2250000000000001 0.6140625 0.18125000000000008 0.6140625 0.18125000000000008 0.66875 0.2250000000000001 0.66875
19 0.3468750000000001 0.6634931140625 0.30119173750000006 0.6634931140625 0.30119173750000006 0.7078125 0.3468750000000001 0.7078125
19 0.17343750000000008 0.6391949171875 0.09978813593750009 0.6391949171875 0.09978813593750009 0.7359375 0.17343750000000008 0.7359375
19 0.2875000000000001 0.6698093218750001 0.24278336875000012 0.6698093218750001 0.24278336875000012 0.71875 0.2875000000000001 0.71875
19 0.23437500000000008 0.678125 0.18445444843750008 0.678125 0.18445444843750008 0.7246292375000001 0.23437500000000008 0.7246292375000001