19 0.5359375 0.664398734375 0.4888943828125 0.664398734375 0.4888943828125 0.7046875 0.5359375 0.7046875
19 0.3140625000000001 0.6692939078125 0.2849683546875001 0.6692939078125 0.2849683546875001 0.7072685921875 0.3140625000000001 0.7072685921875
19 0.27812500000000007 0.667701740625 0.2502076750000001 0.667701740625 0.2502076750000001 0.710423259375 0.27812500000000007 0.710423259375
19 0.20896954062500012 0.6677314078125 0.1836530843750001 0.6677314078125 0.1836530843750001 0.7088706484375 0.20896954062500012 0.7088706484375
19 0.584375 0.667741296875 0.5399426421875 0.667741296875 0.5399426421875 0.710462815625 0.584375 0.710462815625
19 0.2453125000000001 0.667701740625 0.2171875000000001 0.667701740625 0.2171875000000001 0.710423259375 0.2453125000000001 0.710423259375
19 0.6921875 0.6665348109375 0.647320015625 0.6665348109375 0.647320015625 0.709375 0.6921875 0.709375
19 0.490625 0.670856409375 0.45134493593749997 0.670856409375 0.45134493593749997 0.703125 0.490625 0.703125
19 0.3843750000000001 0.6708564078125 0.35448971406250007 0.6708564078125 0.35448971406250007 0.708831090625 0.3843750000000001 0.708831090625
19 0.4234375 0.6748121046875 0.3832871843750001 0.6748121046875 0.3832871843750001 0.703125 0.4234375 0.703125
19 0.4497824375 0.6692741296875 0.42209256406250006 0.6692741296875 0.42209256406250006 0.7104133703125 0.4497824375 0.7104133703125
19 0.3528283234375001 0.6739220734375 0.3125000000000001 0.6739220734375 0.3125000000000001 0.703125 0.3528283234375001 0.703125
19 0.640625 0.667741296875 0.589685521875 0.667741296875 0.589685521875 0.710462815625 0.640625 0.710462815625
19 0.7436313296875 0.668957675 0.7009098093749999 0.6689576749999999 0.7009098093749999 0.7109375000000001 0.7436313296875 0.7109375000000002
19 0.7921875 0.6694224687500002 0.7504351265625 0.6694224687500002 0.7504351265625 0.7125000000000001 0.7921875 0.7125000000000001
19 0.7060126578125 0.3017009500000001 0.681487340625 0.3017009500000001 0.681487340625 0.3420490500000001 0.7060126578125 0.3420490500000001
19 0.73125 0.3032634484375001 0.707654271875 0.3032634484375001 0.707654271875 0.3436115500000001 0.73125 0.3436115500000001
19 0.503125 0.3117583078125001 0.4630142421875 0.3117583078125001 0.4630142421875 0.3837519765625001 0.503125 0.3837519765625001
19 0.559375 0.3307654281250001 0.48978441406249995 0.3307654281250001 0.48978441406249995 0.3656250000000001 0.559375 0.3656250000000001
19 0.628125 0.3406645562500001 0.57105419375 0.3406645562500001 0.57105419375 0.3687500000000001 0.628125 0.3687500000000001
19 0.6640625 0.34031843281250007 0.6062598890625 0.34031843281250007 0.6062598890625 0.3687500000000001 0.6640625 0.3687500000000001
19 0.6953125 0.3399426421875001 0.639893196875 0.3399426421875001 0.639893196875 0.3687500000000001 0.6953125 0.3687500000000001
19 0.715625 0.3448180390625001 0.687272546875 0.3448180390625001 0.687272546875 0.3843750000000001 0.715625 0.3843750000000001
19 0.7453125 0.34702333906250005 0.71875 0.34702333906250005 0.71875 0.3843750000000001 0.7453125 0.3843750000000001
19 0.7140625 0.3828421687500001 0.7119066468749999 0.3828421687500001 0.7119066468749999 0.3843750000000001 0.7140625 0.3843750000000001
19 0.2468750000000001 0.4130241296875 0.19744857500000004 0.4130241296875 0.19744857500000004 0.4515625 0.2468750000000001 0.4515625
19 0.53125 0.40469738906249997 0.4813192234375 0.40469738906249997 0.4813192234375 0.4656151109375 0.53125 0.4656151109375
19 0.2890625000000001 0.415545884375 0.2409216781250001 0.415545884375 0.2409216781250001 0.4546875 0.2890625000000001 0.4546875
19 0.4234375 0.4066653484375 0.3703125000000001 0.4066653484375 0.3703125000000001 0.4640625 0.4234375 0.4640625
19 0.4841969953125 0.4100079109375 0.422488134375 0.4100079109375 0.422488134375 0.4609375 0.4841969953125 0.4609375
19 0.3765625000000001 0.41999604375 0.3259592546875001 0.41999604375 0.3259592546875001 0.45625 0.3765625000000001 0.45625
19 0.3343750000000001 0.42006527031249996 0.2859770562500001 0.42006527031249996 0.2859770562500001 0.4578125 0.3343750000000001 0.4578125
19 0.5875 0.4133900296875 0.5332476265625 0.4133900296875 0.5332476265625 0.46560522187500003 0.5875 0.46560522187500003
19 0.23593750000000008 0.4984375 0.18171479375000005 0.4984375 0.18171479375000005 0.5390625 0.23593750000000008 0.5390625
19 0.4078125 0.492345728125 0.3859671687500001 0.492345728125 0.3859671687500001 0.5484375 0.4078125 0.5484375
19 0.4515625 0.507298259375 0.39463014375000005 0.507298259375 0.39463014375000005 0.53125 0.4515625 0.53125
19 0.2796875000000001 0.49963409687500004 0.2252076734375001 0.49963409687500004 0.2252076734375001 0.540625 0.2796875000000001 0.540625
19 0.3812500000000001 0.4923556171875 0.35594343281250007 0.4923556171875 0.35594343281250007 0.55 0.3812500000000001 0.55
19 0.3154865500000001 0.4953125 0.2751384500000001 0.4953125 0.2751384500000001 0.5484375 0.3154865500000001 0.5484375
19 0.3609375000000001 0.505231409375 0.31041337187500007 0.505231409375 0.31041337187500007 0.540625 0.3609375000000001 0.540625
19 0.4890625 0.4984375 0.4389734984375 0.4984375 0.4389734984375 0.546875 0.4890625 0.546875
19 0.5421875 0.5 0.4971420078125 0.5 0.4971420078125 0.5484375 0.5421875 0.5484375
19 0.5983583859375 0.5015625 0.5485166140625 0.5015625 0.5485166140625 0.546875 0.5983583859375 0.546875
19 0.6546875 0.5032041125 0.604756725 0.5032041125 0.604756725 0.5515625 0.6546875 0.5515625
19 0.7609375 0.5046875000000001 0.7148338609375 0.5046875 0.7148338609375 0.5515625000000001 0.7609375 0.5515625000000002
19 0.703125 0.504034809375 0.6589893203125 0.504034809375 0.6589893203125 0.553125 0.703125 0.553125
19 0.6046875 0.5765625 0.5902492078125 0.5765625 0.5902492078125 0.6 0.6046875 0.6
19 0.66875 0.5806467578125 0.6443829125 0.5806467578125 0.6443829125 0.596875 0.66875 0.596875
19 0.6328125 0.578322784375 0.616742484375 0.578322784375 0.616742484375 0.6 0.6328125 0.6
19 0.7009493671875 0.58270371875 0.6740506328125 0.58270371875 0.6740506328125 0.5984375 0.7009493671875 0.5984375
19 0.728125 0.5807456500000001 0.704529271875 0.58074565 0.704529271875 0.596875 0.728125 0.5968750000000002
19 0.7859375 0.5782733390625002 0.76875 0.5782733390625002 0.76875 0.6031250000000001 0.7859375 0.6031250000000001
19 0.2312500000000001 0.576859178125 0.18750000000000008 0.576859178125 0.18750000000000008 0.622745253125 0.2312500000000001 0.622745253125
19 0.2875000000000001 0.575721915625 0.24693433593750008 0.575721915625 0.24693433593750008 0.6265625 0.2875000000000001 0.6265625
19 0.3578125000000001 0.5851859171875 0.3271360750000001 0.5851859171875 0.3271360750000001 0.621875 0.3578125000000001 0.621875
19 0.4234375 0.5851859171875 0.3975969140625001 0.5851859171875 0.3975969140625001 0.621875 0.4234375 0.621875
19 0.3921875000000001 0.5898041921875 0.35494462031250007 0.5898041921875 0.35494462031250007 0.615625 0.3921875000000001 0.615625
19 0.4625 0.5920787171875 0.42537579062499997 0.5920787171875 0.42537579062499997 0.6171875 0.4625 0.6171875
19 0.4890625 0.5859375 0.4625 0.5859375 0.4625 0.6234375 0.4890625 0.6234375
19 0.32500000000000007 0.591416140625 0.29167326093750007 0.591416140625 0.29167326093750007 0.6183148734375 0.32500000000000007 0.6183148734375
19 0.5203125 0.6046875 0.5001285609375 0.6046875 0.5001285609375 0.621875 0.5203125 0.621875
19 0.5499208859375 0.6046875 0.5253955703125001 0.6046875 0.5253955703125001 0.621875 0.5499208859375 0.621875
19 0.5839398734375 0.605884096875 0.5538765828125001 0.605884096875 0.5538765828125001 0.621875 0.5839398734375 0.621875
19 0.60625 0.6090684343749999 0.584375 0.6090684343749999 0.584375 0.621875 0.60625 0.621875
19 0.6390625 0.6071004734375001 0.6119659796875 0.6071004734375001 0.6119659796875 0.625 0.6390625 0.625
19 0.6921875 0.6036095734375 0.6784909015625 0.6036095734375 0.6784909015625 0.63125 0.6921875 0.63125
19 0.728125 0.6092662187500001 0.704529271875 0.60926621875 0.704529271875 0.6250000000000001 0.728125 0.6250000000000002
19 0.6625 0.6071795890625 0.6464299859375 0.6071795890625 0.6464299859375 0.63125 0.6625 0.63125
19 0.78125 0.6043611546875002 0.7694521375 0.6043611546875002 0.7694521375 0.6328125000000002 0.78125 0.6328125000000002
19 0.7546875 0.6124011078125002 0.7330597296875 0.6124011078125002 0.7330597296875 0.6265625000000001 0.7546875 0.6265625000000001