19 0.790625 0.030859375000000088 0.669921875 0.030859375000000078 0.669921875 0.12656250000000008 0.790625 0.12656250000000008
19 0.7078125000000002 0.796875 0.6500000000000001 0.796875 0.6500000000000001 0.865625 0.7078125000000002 0.865625
19 0.7750000000000001 0.80625 0.7113281250000002 0.80625 0.7113281250000002 0.8640625 0.7750000000000001 0.8640625
19 0.6437500000000002 0.809765625 0.5859375000000002 0.809765625 0.5859375000000002 0.8640625 0.6437500000000002 0.8640625
19 0.5171875000000001 0.806640625 0.4605468750000002 0.806640625 0.4605468750000002 0.865625 0.5171875000000001 0.865625
19 0.5781250000000002 0.808203125 0.5285156250000002 0.808203125 0.5285156250000002 0.865625 0.5781250000000002 0.865625
19 0.675 0.02500000000000007 0.5765625 0.025000000000000067 0.5765625 0.1453125000000001 0.675 0.1453125000000001
19 0.5859375 0.03984375000000006 0.46328125 0.03984375000000005 0.46328125 0.13906250000000006 0.5859375 0.1390625000000001
19 0.7640625000000002 0.909375 0.6968750000000001 0.909375 0.6968750000000001 0.9890625 0.7640625000000002 0.9890625
19 0.6968750000000001 0.9140625 0.6296875000000002 0.9140625 0.6296875000000002 0.9875 0.6968750000000001 0.9875
19 0.465625 0.03437500000000005 0.3671875 0.034375000000000044 0.3671875 0.15781250000000005 0.465625 0.15781250000000005
19 0.7671875 0.2375000000000001 0.684375 0.2375000000000001 0.684375 0.3531250000000001 0.7671875 0.3531250000000001
19 0.684375 0.2593750000000001 0.574609375 0.2593750000000001 0.574609375 0.3500000000000001 0.684375 0.3500000000000001
19 0.578125 0.2519531250000001 0.4890625 0.2519531250000001 0.4890625 0.36406250000000007 0.578125 0.36406250000000007
19 0.4796875 0.24960937500000008 0.390234375 0.24960937500000008 0.390234375 0.3671875000000001 0.4796875 0.3671875000000001
19 0.7578125 0.4609375000000001 0.670703125 0.4609375 0.670703125 0.5265625 0.7578125 0.5265625000000002
19 0.4921875 0.458203125 0.403515625 0.458203125 0.403515625 0.540234375 0.4921875 0.540234375
19 0.5796875 0.4578125 0.4953125 0.4578125 0.4953125 0.5453125 0.5796875 0.5453125
19 0.9234375 0.4800781250000002 0.8703125 0.4800781250000002 0.8703125 0.5234375000000002 0.9234375 0.5234375000000002
19 0.6734375 0.459375 0.591796875 0.459375 0.591796875 0.54375 0.6734375 0.54375
19 0.978125 0.47656250000000017 0.9296875 0.47656250000000017 0.9296875 0.5296875000000002 0.978125 0.5296875000000002
19 0.859375 0.4750000000000002 0.8171875 0.4750000000000002 0.8171875 0.5390625000000002 0.859375 0.5390625000000002
19 0.771875 0.6515625 0.7140625 0.6515625 0.7140625 0.6937500000000001 0.771875 0.6937500000000002
19 0.71875 0.649609375 0.6640625 0.649609375 0.6640625 0.6953125 0.71875 0.6953125
19 0.615625 0.6484375 0.56875 0.6484375 0.56875 0.703125 0.615625 0.703125
19 0.665625 0.6515625 0.611328125 0.6515625 0.611328125 0.7 0.665625 0.7
19 0.5640625 0.65625 0.512109375 0.65625 0.512109375 0.6984375 0.5640625 0.6984375
19 0.46875 0.655078125 0.415625 0.655078125 0.415625 0.7015625 0.46875 0.7015625
19 0.51875 0.655859375 0.466015625 0.655859375 0.466015625 0.7 0.51875 0.7