19 0.16406250000000006 0.23125 0.09062500000000002 0.23125 0.09062500000000004 0.340625 0.16406250000000006 0.340625
19 0.2359375 0.234375 0.15937500000000004 0.234375 0.15937500000000004 0.3421875 0.2359375 0.3421875
19 0.3078125 0.2375 0.240625 0.2375 0.240625 0.3453125 0.3078125 0.3453125
19 0.5734375 0.2640625000000001 0.5 0.2640625000000001 0.5 0.3539062500000001 0.5734375 0.3539062500000001
19 0.42734375 0.2796875000000001 0.378125 0.2796875000000001 0.378125 0.3437500000000001 0.42734375 0.3437500000000001
19 0.36953125 0.27812500000000007 0.3140625 0.278125 0.3140625 0.34687500000000004 0.36953125 0.3468750000000001
19 0.48828125 0.2812500000000001 0.434375 0.2812500000000001 0.434375 0.3500000000000001 0.48828125 0.3500000000000001
19 0.653125 0.2718750000000001 0.5796875 0.2718750000000001 0.5796875 0.3570312500000001 0.653125 0.3570312500000001
19 0.7328125 0.2734375000000001 0.6640625 0.2734375000000001 0.6640625 0.36015625000000007 0.7328125 0.36015625000000007
19 0.81328125 0.27812500000000007 0.74375 0.27812500000000007 0.74375 0.3648437500000001 0.81328125 0.3648437500000001
19 0.8859375 0.2828125000000001 0.8234375 0.2828125000000001 0.8234375 0.37187500000000007 0.8859375 0.37187500000000007
19 0.93515625 0.3343750000000001 0.8921875 0.3343750000000001 0.8921875 0.3703125000000001 0.93515625 0.3703125000000001
19 0.99140625 0.3375000000000001 0.940625 0.3375000000000001 0.940625 0.3750000000000001 0.99140625 0.3750000000000001
19 0.2234375000000001 0.375 0.16718750000000004 0.375 0.16718750000000004 0.4421875 0.2234375000000001 0.4421875
19 0.2773437500000001 0.375 0.22656250000000008 0.375 0.22656250000000008 0.44609375 0.2773437500000001 0.44609375
19 0.16250000000000003 0.371875 0.11093750000000005 0.371875 0.11093750000000005 0.46953125 0.16250000000000003 0.46953125
19 0.3335937500000001 0.3796875 0.2843750000000001 0.3796875 0.2843750000000001 0.475 0.3335937500000001 0.475
19 0.41484375 0.38750000000000007 0.3390625000000001 0.3875 0.3390625000000001 0.47421875 0.41484375 0.47421875
19 0.50234375 0.3890625000000001 0.4265625 0.3890625000000001 0.4265625 0.47890625 0.50234375 0.47890625
19 0.56640625 0.415625 0.5125 0.415625 0.5125 0.48046875 0.56640625 0.48046875
19 0.696875 0.41875 0.64375 0.41875 0.64375 0.48125 0.696875 0.48125
19 0.6375 0.41875 0.5765625 0.41875 0.5765625 0.48359375 0.6375 0.48359375
19 0.7671875 0.4218750000000001 0.70625 0.421875 0.70625 0.4859375000000001 0.7671875 0.4859375000000002