19 0.243399340625 0.06765676562500003 0.1798679875 0.06765676562500003 0.1798679875 0.14768976875 0.243399340625 0.14768976875000003
19 0.3168316828125 0.07755775625000003 0.252475246875 0.07755775625000003 0.252475246875 0.14851485156250005 0.3168316828125 0.14851485156250005
19 0.5907590765624999 0.07920792031250007 0.5313531359375 0.07920792031250007 0.5313531359375 0.15181518125000007 0.5907590765624999 0.1518151812500001
19 0.6526402640625 0.08580858125000008 0.5957095703124999 0.08580858125000007 0.5957095703124999 0.1476897687500001 0.6526402640625 0.1476897687500001
19 0.367161715625 0.08415841562500005 0.321782178125 0.08415841562500005 0.321782178125 0.15181518125000004 0.367161715625 0.15181518125000004
19 0.4125412546875 0.08580858125000004 0.3696369640625 0.08580858125000004 0.3696369640625 0.15016501718750003 0.4125412546875 0.15016501718750003
19 0.7731023109375 0.08910891093750009 0.7161716171875 0.08910891093750009 0.7161716171875 0.15099009843750008 0.7731023109375 0.15099009843750008
19 0.8300330031250001 0.0924092406250001 0.7755775578125 0.09240924062500008 0.7755775578125 0.1518151812500001 0.8300330031250001 0.1518151812500001
19 0.711221121875 0.09405940625000009 0.6551155109375 0.09405940625000009 0.6551155109375 0.1526402640625001 0.711221121875 0.1526402640625001
19 0.2450495046875 0.18811881250000004 0.21617161718750003 0.18811881250000004 0.21617161718750003 0.255775578125 0.2450495046875 0.255775578125
19 0.2772277234375 0.18811881250000004 0.244224421875 0.18811881250000004 0.244224421875 0.255775578125 0.2772277234375 0.255775578125
19 0.18481848125000006 0.1881188125 0.15676567656250004 0.1881188125 0.15676567656250004 0.258250825 0.18481848125000006 0.258250825
19 0.3366336640625 0.19141914218750006 0.305280528125 0.19141914218750006 0.305280528125 0.255775578125 0.3366336640625 0.255775578125
19 0.6625412546875 0.1881188125000001 0.6039603953125 0.1881188125000001 0.6039603953125 0.2607260718750001 0.6625412546875 0.2607260718750001
19 0.6014851484375 0.18811881250000007 0.542904290625 0.18811881250000004 0.542904290625 0.2607260718750001 0.6014851484375 0.2607260718750001
19 0.21617161718750003 0.18976897656250005 0.18811881250000004 0.18976897656250005 0.18811881250000004 0.259900990625 0.21617161718750003 0.259900990625
19 0.3061056109375 0.19141914218750006 0.2772277234375 0.19141914218750006 0.2772277234375 0.259900990625 0.3061056109375 0.259900990625
19 0.3820132015625 0.19471947187500005 0.3366336640625 0.19471947187500005 0.3366336640625 0.25660065937500004 0.3820132015625 0.2566006593750001
19 0.43151815156250006 0.19636963750000005 0.3844884484375 0.19636963750000005 0.3844884484375 0.2582508250000001 0.43151815156250006 0.2582508250000001
19 0.768151815625 0.1996699671875001 0.7145214515625 0.1996699671875001 0.7145214515625 0.2590759078125001 0.768151815625 0.2590759078125001
19 0.7128712875 0.1996699671875001 0.6633663359375 0.1996699671875001 0.6633663359375 0.2590759078125001 0.7128712875 0.2590759078125001
19 0.8267326734375 0.1996699671875001 0.772277228125 0.1996699671875001 0.772277228125 0.2590759078125001 0.8267326734375 0.2590759078125001
19 0.8877887781249999 0.2013201312500001 0.8333333328125001 0.2013201312500001 0.8333333328125001 0.2599009906250001 0.8877887781249999 0.2599009906250001
19 0.4678217828125 0.21287128750000012 0.43234323437500005 0.21287128750000012 0.43234323437500005 0.2599009906250001 0.4678217828125 0.2599009906250001
19 0.538778878125 0.2145214515625001 0.501650165625 0.2145214515625001 0.501650165625 0.2574257421875001 0.538778878125 0.2574257421875001
19 0.5033003296875 0.2145214515625001 0.4702970296875 0.2145214515625001 0.4702970296875 0.2590759078125001 0.5033003296875 0.2590759078125001
19 0.8391089109375001 0.2970297031250001 0.7854785484375 0.2970297031250001 0.7854785484375 0.34488448906250013 0.8391089109375001 0.34488448906250013
19 0.7136963703125 0.3085808578125001 0.68481848125 0.3085808578125001 0.68481848125 0.3349834984375001 0.7136963703125 0.3349834984375001
19 0.653465346875 0.3102310234375001 0.625412540625 0.3102310234375001 0.625412540625 0.3366336640625001 0.653465346875 0.3366336640625001
19 0.6815181515625001 0.3102310234375001 0.6551155109375 0.3102310234375001 0.6551155109375 0.3366336640625001 0.6815181515625001 0.3366336640625001
19 0.19884488437500006 0.29867986874999997 0.16171617187500004 0.29867986874999997 0.16171617187500004 0.354785478125 0.19884488437500006 0.354785478125
19 0.2376237625 0.29867986874999997 0.19966996718750005 0.29867986874999997 0.19966996718750005 0.35726072656249996 0.2376237625 0.35726072656249996
19 0.3844884484375 0.30528052812500006 0.33993399375 0.305280528125 0.33993399375 0.3597359734375 0.3844884484375 0.3597359734375001
19 0.43151815156250006 0.30528052812500006 0.3861386140625 0.30528052812500006 0.3861386140625 0.36138613906250006 0.43151815156250006 0.36138613906250006
19 0.47689768906249996 0.30528052812500006 0.43234323437500005 0.30528052812500006 0.43234323437500005 0.3622112218750001 0.47689768906249996 0.3622112218750001
19 0.5206270625 0.30528052812500006 0.475247525 0.30528052812500006 0.475247525 0.3622112218750001 0.5206270625 0.3622112218750001
19 0.2689768984375 0.3168316828125 0.235973596875 0.3168316828125 0.235973596875 0.358910890625 0.2689768984375 0.358910890625
19 0.3349834984375 0.3184818484375 0.3003300328125 0.3184818484375 0.3003300328125 0.36056105625 0.3349834984375 0.36056105625
19 0.3036303625 0.3184818484375 0.2706270625 0.3184818484375 0.2706270625 0.358910890625 0.3036303625 0.358910890625
19 0.7772277234375 0.31683168281250007 0.7260726078124999 0.31683168281250007 0.7260726078124999 0.3646864687500001 0.7772277234375 0.3646864687500001
19 0.5602310234375001 0.3217821781250001 0.5231023109375 0.3217821781250001 0.5231023109375 0.3622112218750001 0.5602310234375001 0.3622112218750001
19 0.62706270625 0.3201320125000001 0.59405940625 0.3201320125000001 0.59405940625 0.36303630312500007 0.62706270625 0.36303630312500007
19 0.8943894390624999 0.3184818484375001 0.838283828125 0.3184818484375001 0.838283828125 0.3655115515625001 0.8943894390624999 0.3655115515625001
19 0.59405940625 0.3217821781250001 0.559405940625 0.3217821781250001 0.559405940625 0.3646864687500001 0.59405940625 0.3646864687500001
19 0.66006600625 0.3366336640625001 0.6320132015625 0.3366336640625001 0.6320132015625 0.36303630312500007 0.66006600625 0.36303630312500007
19 0.6897689765624999 0.33828382812500013 0.661716171875 0.33828382812500013 0.661716171875 0.36386138593750006 0.6897689765624999 0.36386138593750006
19 0.7219471953125 0.33828382812500013 0.69306930625 0.33828382812500013 0.69306930625 0.36386138593750006 0.7219471953125 0.36386138593750006