19 0.523890784375 0.3412969281250001 0.4453924921875 0.3412969281250001 0.4453924921875 0.41894197968749997 0.523890784375 0.41894197968749997
19 0.6970989765625 0.3447098968750001 0.619453925 0.3447098968750001 0.619453925 0.4206484640625 0.6970989765625 0.4206484640625
19 0.613481228125 0.3447098968750001 0.5324232078125 0.3447098968750001 0.5324232078125 0.4223549484375 0.613481228125 0.4223549484375
19 0.7721842999999999 0.36348122812500006 0.7064846421875 0.36348122812500006 0.7064846421875 0.4240614328125001 0.7721842999999999 0.4240614328125002
19 0.8515358359375 0.36518771406250006 0.7815699656249999 0.36518771406250006 0.7815699656249999 0.4232081906250002 0.8515358359375 0.4232081906250002
19 0.930887371875 0.3668941984375001 0.858361775 0.3668941984375001 0.858361775 0.42491467500000024 0.930887371875 0.42491467500000024
19 0.020477815625000062 0.44368600625 5.433586473805351e-17 0.44368600625 5.924699097840875e-17 0.523890784375 0.02047781562500007 0.523890784375
19 0.09044368593750006 0.45733788437499995 0.029010239062500054 0.45733788437499995 0.02901023906250006 0.5213310578125 0.09044368593750006 0.5213310578125
19 0.3549488046875001 0.46075085312499997 0.2969283281250001 0.46075085312499997 0.2969283281250001 0.5221842999999999 0.3549488046875001 0.5221842999999999
19 0.16040955625000003 0.46075085312499997 0.09726962500000007 0.46075085312499997 0.09726962500000007 0.5213310578125 0.16040955625000003 0.5213310578125
19 0.2201365187500001 0.46075085312499997 0.16382252500000005 0.46075085312499997 0.16382252500000005 0.5213310578125 0.2201365187500001 0.5213310578125
19 0.28754266250000005 0.46075085312499997 0.22866894218750006 0.46075085312499997 0.22866894218750006 0.5213310578125 0.28754266250000005 0.5213310578125
19 0.4172354953125 0.46075085312499997 0.36177474375000007 0.46075085312499997 0.36177474375000007 0.5213310578125 0.4172354953125 0.5213310578125
19 0.5255972703125 0.476109215625 0.48122866875000003 0.476109215625 0.48122866875000003 0.5230375421875 0.5255972703125 0.5230375421875
19 0.47184300312499994 0.47952218437500005 0.4300341296875 0.47952218437500005 0.4300341296875 0.523890784375 0.47184300312499994 0.523890784375
19 0.57423208125 0.47952218437500005 0.5324232078125 0.47952218437500005 0.5324232078125 0.5255972703125 0.57423208125 0.5255972703125
19 0.8745733781249999 0.4795221843750002 0.8259385671875 0.4795221843750002 0.8259385671875 0.5255972703125001 0.8745733781249999 0.5255972703125001
19 0.7619453921875 0.48122866875000014 0.7184300343750001 0.48122866875000003 0.7184300343750001 0.5255972703125 0.7619453921875 0.5255972703125001
19 0.814846415625 0.4795221843750002 0.7713310578125 0.4795221843750002 0.7713310578125 0.5264505125000002 0.814846415625 0.5264505125000002
19 0.6203071671875 0.49658703125 0.5819112625 0.49658703125 0.5819112625 0.5230375421875 0.6203071671875 0.5230375421875
19 0.6689419796875 0.49658703125 0.6279863484375 0.49658703125 0.6279863484375 0.5230375421875 0.6689419796875 0.5230375421875
19 0.7184300343750001 0.49658703125 0.677474403125 0.49658703125 0.677474403125 0.5230375421875 0.7184300343750001 0.5230375421875
19 0.03498293437500007 0.564846415625 6.917373549050118e-17 0.564846415625 7.345790944688927e-17 0.6348122859374999 0.03498293437500008 0.6348122859374999
19 0.20136518750000007 0.5699658703125 0.1313993171875001 0.5699658703125 0.1313993171875001 0.636518771875 0.20136518750000007 0.636518771875
19 0.28754266250000005 0.5597269625 0.2047781562500001 0.5597269625 0.2047781562500001 0.6382252562499999 0.28754266250000005 0.6382252562499999
19 0.12030716718750009 0.5699658703125 0.04778157031250006 0.5699658703125 0.04778157031250007 0.636518771875 0.12030716718750009 0.636518771875
19 0.3677474406250001 0.561433446875 0.2849829343750001 0.561433446875 0.2849829343750001 0.6373720140625 0.3677474406250001 0.6373720140625
19 0.4488054609375 0.5733788390625 0.3703071671875001 0.5733788390625 0.3703071671875001 0.636518771875 0.4488054609375 0.636518771875
19 0.759385665625 0.5767918093750001 0.684300340625 0.576791809375 0.684300340625 0.6356655296875001 0.759385665625 0.6356655296875002
19 0.6783276453125 0.576791809375 0.6058020484375 0.576791809375 0.6058020484375 0.6373720140625 0.6783276453125 0.6373720140625
19 0.5264505125000001 0.576791809375 0.4488054609375 0.576791809375 0.4488054609375 0.6382252562499999 0.5264505125000001 0.6382252562499999
19 0.6015358359375 0.5802047781249999 0.5290102390625 0.5802047781249999 0.5290102390625 0.636518771875 0.6015358359375 0.636518771875
19 0.8361774750000001 0.5904436859375002 0.7679180890625 0.5904436859375002 0.7679180890625 0.6433447093750002 0.8361774750000001 0.6433447093750002
19 0.9189419796875 0.5921501703125002 0.8464163828125001 0.5921501703125002 0.8464163828125001 0.6450511953125002 0.9189419796875 0.6450511953125002