19 0.23437500000000008 0.4875 0.15468750000000003 0.4875 0.15468750000000006 0.55 0.23437500000000008 0.55
19 0.14687500000000006 0.4890625 0.07343750000000007 0.4890625 0.07343750000000007 0.553125 0.1468750000000001 0.553125
19 0.58125 0.483984375 0.51640625 0.483984375 0.51640625 0.5546875 0.58125 0.5546875
19 0.6640625 0.481640625 0.59921875 0.481640625 0.59921875 0.5578125 0.6640625 0.5578125
19 0.5015625 0.487109375 0.430859375 0.487109375 0.430859375 0.5515625 0.5015625 0.5515625
19 0.2953125000000001 0.501953125 0.24023437500000008 0.501953125 0.24023437500000008 0.55 0.2953125000000001 0.55
19 0.35625000000000007 0.503515625 0.3031250000000001 0.503515625 0.3031250000000001 0.5515625 0.35625000000000007 0.5515625
19 0.421875 0.503125 0.3671875000000001 0.503125 0.3671875000000001 0.5515625 0.421875 0.5515625
19 0.73125 0.5062500000000001 0.6796875 0.50625 0.6796875 0.5546875000000001 0.73125 0.5546875000000002
19 0.790625 0.5050781250000002 0.741015625 0.5050781250000002 0.741015625 0.5578125000000002 0.790625 0.5578125000000002
19 0.85 0.5265625000000002 0.7984375 0.5265625000000002 0.7984375 0.5562500000000001 0.85 0.5562500000000001
19 0.90625 0.5265625000000002 0.85625 0.5265625000000002 0.85625 0.5531250000000002 0.90625 0.5531250000000002
19 0.953125 0.5160156250000002 0.9265625 0.5160156250000002 0.9265625 0.5640625000000001 0.953125 0.5640625000000001
19 0.5921875 0.584765625 0.5234375 0.584765625 0.5234375 0.678125 0.5921875 0.678125
19 0.69296875 0.588671875 0.6234375 0.588671875 0.6234375 0.6765625 0.69296875 0.6765625
19 0.5046875 0.6078125 0.408984375 0.6078125 0.408984375 0.665625 0.5046875 0.665625
19 0.1984375000000001 0.6078125 0.11093750000000009 0.6078125 0.11093750000000009 0.6640625 0.1984375000000001 0.6640625
19 0.2843750000000001 0.596875 0.2316406250000001 0.596875 0.2316406250000001 0.68125 0.2843750000000001 0.68125
19 0.3828125000000001 0.5953125 0.33085937500000007 0.5953125 0.33085937500000007 0.68515625 0.3828125000000001 0.68515625