19 0.1375000000000001 0.612890625 0.08906250000000007 0.612890625 0.08906250000000007 0.6953125 0.1375000000000001 0.6953125
19 0.5671875000000001 0.7 0.501953125 0.7 0.5019531250000001 0.7421875 0.5671875000000002 0.7421875
19 0.4859375000000001 0.691015625 0.44296875 0.691015625 0.4429687500000001 0.7515625 0.4859375000000002 0.7515625
19 0.4156250000000001 0.6984375 0.3753906250000001 0.6984375 0.3753906250000001 0.7515625 0.4156250000000002 0.7515625
19 0.3546875000000001 0.69921875 0.31523437500000007 0.69921875 0.31523437500000007 0.753125 0.3546875000000001 0.753125
19 0.2984375000000001 0.70625 0.2386718750000001 0.70625 0.2386718750000001 0.746875 0.2984375000000001 0.746875
19 0.23593750000000008 0.709375 0.18320312500000008 0.709375 0.18320312500000008 0.75 0.23593750000000008 0.75
19 0.1781250000000001 0.709375 0.12070312500000009 0.709375 0.12070312500000009 0.7515625 0.1781250000000001 0.7515625
19 0.10156250000000008 0.699609375 0.05859375000000009 0.699609375 0.05859375000000009 0.7609375 0.10156250000000008 0.7609375
19 0.6328125 0.22070312500000008 0.5703125 0.22070312500000008 0.5703125 0.2953125000000001 0.6328125 0.2953125000000001
19 0.5625 0.21875000000000008 0.4984375 0.21875000000000008 0.4984375 0.29375000000000007 0.5625 0.29375000000000007
19 0.7109375 0.23203125000000008 0.63515625 0.23203125000000008 0.63515625 0.2875000000000001 0.7109375 0.2875000000000001
19 0.490625 0.21875000000000008 0.4203125 0.21875000000000008 0.4203125 0.2984375000000001 0.490625 0.2984375000000001
19 0.78125 0.22617187500000008 0.70625 0.22617187500000008 0.70625 0.2921875000000001 0.78125 0.2921875000000001
19 0.8296875 0.23593750000000008 0.780078125 0.23593750000000008 0.780078125 0.3000000000000001 0.8296875 0.3000000000000001
19 1 0.24375000000000008 0.941015625 0.24375000000000008 0.941015625 0.2921875000000001 1 0.2921875000000001
19 0.884375 0.23437500000000008 0.834765625 0.23437500000000008 0.834765625 0.2984375000000001 0.884375 0.2984375000000001
19 0.95 0.2386718750000001 0.886328125 0.2386718750000001 0.886328125 0.29375000000000007 0.95 0.29375000000000007
19 0.7140625 0.3359375000000001 0.655859375 0.3359375000000001 0.655859375 0.3781250000000001 0.7140625 0.3781250000000001
19 0.7671875 0.3343750000000001 0.707421875 0.3343750000000001 0.707421875 0.3781250000000001 0.7671875 0.3781250000000001
19 0.6546875 0.3472656250000001 0.6125 0.3472656250000001 0.6125 0.3859375000000001 0.6546875 0.3859375000000001
19 0.6078125 0.3437500000000001 0.566796875 0.3437500000000001 0.566796875 0.38750000000000007 0.6078125 0.38750000000000007
19 0.3343750000000001 0.442578125 0.3128906250000001 0.442578125 0.3128906250000001 0.4859375 0.3343750000000001 0.4859375
19 0.40625 0.444140625 0.3511718750000001 0.444140625 0.3511718750000001 0.504296875 0.40625 0.504296875
19 0.24375000000000008 0.4484375 0.18437500000000004 0.4484375 0.18437500000000004 0.503125 0.24375000000000008 0.503125
19 0.45859375 0.457421875 0.4203125 0.457421875 0.4203125 0.5015625 0.45859375 0.5015625
19 0.5671875 0.4609375 0.521875 0.4609375 0.521875 0.5 0.5671875 0.5
19 0.2953125000000001 0.459375 0.2535156250000001 0.459375 0.2535156250000001 0.5015625 0.2953125000000001 0.5015625
19 0.6203125 0.4609375 0.572265625 0.4609375 0.572265625 0.5015625 0.6203125 0.5015625
19 0.5125 0.461328125 0.469140625 0.461328125 0.469140625 0.5 0.5125 0.5
19 0.3355468750000001 0.469921875 0.3128906250000001 0.469921875 0.3128906250000001 0.5125 0.3355468750000001 0.5125
19 0.2078125000000001 0.52734375 0.15546875000000004 0.52734375 0.15546875000000007 0.609375 0.2078125000000001 0.609375
19 0.11875000000000006 0.530078125 0.06406250000000006 0.530078125 0.06406250000000006 0.609375 0.11875000000000009 0.609375