19 0.409375 0.27344528593750006 0.3200166125 0.2734452859375 0.3200166125 0.37477418906250004 0.409375 0.3747741890625001
19 0.29687500000000006 0.313919746875 0.2538517453125 0.313919746875 0.25385174531250004 0.3796875 0.2968750000000001 0.3796875
19 0.6484375 0.4332173984375 0.5853275546875001 0.4332173984375 0.5853275546875001 0.4796875 0.6484375 0.4796875
19 0.53125 0.434375 0.46985569062500004 0.434375 0.46985569062500004 0.48125 0.53125 0.48125
19 0.5796875 0.42666632031249996 0.534141403125 0.42666632031249996 0.534141403125 0.4889586796875 0.5796875 0.4889586796875
19 0.2218750000000001 0.44375 0.17500000000000004 0.44375 0.17500000000000004 0.48082952656250005 0.2218750000000001 0.48082952656250005
19 0.17031250000000003 0.437533740625 0.13443729218750006 0.437533740625 0.13443729218750006 0.4875 0.17031250000000003 0.4875
19 0.12031250000000004 0.45313538124999997 0.09023048125000005 0.45313538124999997 0.09023048125000006 0.49051079687500004 0.12031250000000004 0.49051079687500004
19 0.1984375000000001 0.5563408437499999 0.1734297140625001 0.5563408437499999 0.1734297140625001 0.5795966578125 0.1984375000000001 0.5795966578125
19 0.1687500000000001 0.5579033421874999 0.1359375000000001 0.5579033421874999 0.1359375000000001 0.5811591578125 0.1687500000000001 0.5811591578125
19 0.1247456390625001 0.5600861703125 0.09152304843750006 0.5600861703125 0.09152304843750006 0.58125 0.1247456390625001 0.58125
19 0.5859375 0.5512951625 0.5387795875 0.5512951625 0.5387795875 0.5984375 0.5859375 0.5984375
19 0.5296875 0.5543734421875001 0.48494860937500006 0.5543734421875001 0.48494860937500006 0.5984375 0.5296875 0.5984375
19 0.6453125 0.554967815625 0.5969580578125 0.554967815625 0.5969580578125 0.596875 0.6453125 0.596875
19 0.475 0.5523774921875 0.4304479875 0.5523774921875 0.4304479875 0.5984375 0.475 0.5984375
19 0.7015625 0.5581862531249999 0.652439784375 0.5581862531249999 0.652439784375 0.601375621875 0.7015625 0.601375621875
19 0.3281250000000001 0.564942378125 0.2968750000000001 0.564942378125 0.2968750000000001 0.603125 0.3281250000000001 0.603125
19 0.41875 0.5636524078125 0.3879464296875001 0.5636524078125 0.3879464296875001 0.603125 0.41875 0.603125
19 0.2828125000000001 0.5676183546875 0.24812863437500007 0.5676183546875 0.24812863437500007 0.5984375 0.2828125000000001 0.5984375
19 0.2375000000000001 0.566429609375 0.2081291546875001 0.566429609375 0.2081291546875001 0.6 0.2375000000000001 0.6
19 0.3734375000000001 0.5649449734374999 0.3426806484375001 0.5649449734374999 0.3426806484375001 0.6015625 0.3734375000000001 0.6015625
19 0.28736762812500005 0.6375 0.2391948703125001 0.6375 0.2391948703125001 0.6828125 0.28736762812500005 0.6828125
19 0.22656250000000008 0.636308659375 0.1817509343750001 0.636308659375 0.1817509343750001 0.684375 0.22656250000000008 0.684375
19 0.34062500000000007 0.6408560015625 0.29507890312500007 0.6408560015625 0.29507890312500007 0.6857064984375 0.34062500000000007 0.6857064984375
19 0.5234375 0.6384862953125 0.48363268281250005 0.6384862953125 0.48363268281250005 0.69375 0.5234375 0.69375
19 0.5859375 0.6386160703125 0.546875 0.6386160703125 0.546875 0.696875 0.5859375 0.696875
19 0.668459303125 0.635465115625 0.63125 0.635465115625 0.63125 0.7 0.668459303125 0.7
19 0.17187500000000008 0.6493978406250001 0.13843438593750007 0.6493978406250001 0.13843438593750007 0.6859375 0.17187500000000008 0.6859375
19 0.12500000000000008 0.6481000828125 0.09192275781250009 0.6481000828125 0.09192275781250009 0.6875 0.12500000000000008 0.6875
19 0.753125 0.6512095109375001 0.69067950625 0.6512095109375 0.69067950625 0.6875000000000001 0.753125 0.6875000000000002
19 0.6328125000000002 0.734375 0.5417696218750001 0.734375 0.5417696218750001 0.81875 0.6328125000000002 0.81875
19 0.5281250000000002 0.734375 0.4339830765625002 0.734375 0.4339830765625002 0.81875 0.5281250000000002 0.81875
19 0.7328125000000002 0.7389508921875001 0.6418682515625002 0.7389508921875 0.6418682515625002 0.8171875 0.7328125000000002 0.8171875
19 0.8625 0.7558892234375001 0.806501765625 0.7558892234375001 0.806501765625 0.81875 0.8625 0.81875
19 0.9328125 0.7552740859375001 0.8765625 0.7552740859375001 0.8765625 0.8171875 0.9328125 0.8171875
19 0.8015625 0.7625000000000002 0.7395919843750002 0.7625000000000002 0.7395919843750002 0.8140625 0.8015625 0.8140625
19 0.41718750000000016 0.75768531875 0.36371210625000006 0.75768531875 0.36371210625000006 0.8171875 0.41718750000000016 0.8171875
19 0.3453125000000001 0.7562681671875 0.2886965328125001 0.7562681671875 0.2886965328125001 0.81875 0.3453125000000001 0.81875
19 0.11718750000000008 0.7560086171875 0.05156250000000009 0.7560086171875 0.0515625000000001 0.828125 0.11718750000000008 0.828125
19 0.19687500000000008 0.759232246875 0.1239773671875001 0.759232246875 0.1239773671875001 0.828125 0.19687500000000008 0.828125
19 0.2734375000000001 0.7655159890625 0.2062500000000001 0.7655159890625 0.2062500000000001 0.8296875 0.2734375000000001 0.8296875