19 0.2545921000000001 0.7587175125 0.20343698437500007 0.7587175125 0.20343698437500007 0.784375 0.2545921000000001 0.784375
19 0.21875000000000008 0.7628815999999999 0.1726072609375001 0.7628815999999999 0.1726072609375001 0.7859375 0.21875000000000008 0.7859375
19 0.2825572390625001 0.7602954828125 0.2314021234375001 0.7602954828125 0.2314021234375001 0.7859375 0.2825572390625001 0.7859375
19 0.3109375000000001 0.76117986875 0.2642739265625001 0.76117986875 0.2642739265625001 0.7875 0.3109375000000001 0.7875
19 0.3355326937500001 0.75263510625 0.3066548062500001 0.75263510625 0.3066548062500001 0.7984375 0.3355326937500001 0.7984375
19 0.3687500000000001 0.7523153875 0.3426387171875001 0.7523153875 0.3426387171875001 0.7984375 0.3687500000000001 0.7984375
19 0.40156250000000016 0.75263510625 0.37664242968750006 0.75263510625 0.37664242968750006 0.7984375 0.40156250000000016 0.7984375
19 0.2140625000000001 0.8742419546875 0.1937500000000001 0.8742419546875 0.1937500000000001 0.8984375 0.2140625000000001 0.8984375
19 0.24375000000000008 0.8750515671875 0.22392997187500008 0.8750515671875 0.22392997187500008 0.9 0.24375000000000008 0.9
19 0.3607570125000001 0.8832044140624999 0.3087768140625001 0.8832044140624999 0.3087768140625001 0.9390625 0.3607570125000001 0.9390625
19 0.41718750000000016 0.8890341375 0.3620823015625001 0.8890341375 0.3620823015625001 0.9390625 0.41718750000000016 0.9390625
19 0.47187500000000016 0.889531765625 0.4205961218750002 0.889531765625 0.4205961218750002 0.940625 0.47187500000000016 0.940625
19 0.21386654375000008 0.9141089093750001 0.1899391500000001 0.9141089093750001 0.1899391500000001 0.934375 0.21386654375000008 0.934375
19 0.24375000000000008 0.9151119015625 0.2233653046875001 0.9151119015625 0.2233653046875001 0.94375 0.24375000000000008 0.94375
19 0.265625 0.16377630000000004 0.20625 0.16377630000000004 0.20625 0.2609375 0.265625 0.2609375
19 0.3356719265625 0.16505775625000005 0.27214057343750003 0.16505775625000005 0.27214057343750003 0.2578125 0.3356719265625 0.2578125
19 0.4140625 0.18199257500000005 0.3205858078125 0.18199257500000005 0.3205858078125 0.24062500000000003 0.4140625 0.2406250000000001
19 0.2046256203125 0.16940748750000004 0.14852000781250002 0.1694074875 0.14852000781250002 0.2640625 0.2046256203125 0.2640625
19 0.3305409453125 0.334375 0.22988087968749998 0.334375 0.22988087968750004 0.3828125 0.33054094531250006 0.3828125
19 0.4109375 0.35098494218750004 0.3352026609375 0.3509849421875 0.33520266093750006 0.39062500000000006 0.4109375 0.3906250000000001
19 0.4796875 0.3318327156250001 0.4408338484375 0.3318327156250001 0.4408338484375 0.409375 0.4796875 0.409375
19 0.34833952187500006 0.3331399546875 0.307910478125 0.3331399546875 0.30791047812500005 0.40904754531250004 0.3483395218750001 0.40904754531250004
19 0.435839521875 0.33313995468750013 0.39541047812499996 0.33313995468750013 0.395410478125 0.40904754531250004 0.435839521875 0.40904754531250004
19 0.3296875000000001 0.471875 0.23805435156250007 0.471875 0.23805435156250007 0.5140625 0.3296875000000001 0.5140625
19 0.2843750000000001 0.4742986796875 0.19106848125000003 0.4742986796875 0.19106848125000003 0.5139026390625 0.2843750000000001 0.5139026390625
19 0.34843750000000007 0.4476253078125 0.3075572406250001 0.4476253078125 0.3075572406250001 0.5390625 0.34843750000000007 0.5390625
19 0.609375 0.46104579218749997 0.57963593125 0.46104579218749997 0.57963593125 0.54375 0.609375 0.54375
19 0.6453125 0.4617651609375 0.6158183796875 0.4617651609375 0.6158183796875 0.540625 0.6453125 0.540625
19 0.703125 0.48501959375 0.623806209375 0.48501959375 0.623806209375 0.515625 0.703125 0.515625
19 0.2140625000000001 0.44717667031249997 0.17349164531250005 0.44717667031249997 0.17349164531250005 0.5387608296875 0.2140625000000001 0.5387608296875
19 0.571875 0.4625 0.5441728546875 0.4625 0.5441728546875 0.5421875 0.571875 0.5421875
19 0.4171875 0.47630981875 0.3253893359375001 0.47630981875 0.3253893359375001 0.5125 0.4171875 0.5125
19 0.435839521875 0.44717667031249997 0.3954104781250001 0.44717667031249997 0.3954104781250001 0.5387608296875 0.435839521875 0.5387608296875
19 0.5640625 0.486221121875 0.48528001249999997 0.486221121875 0.48528001249999997 0.5171875 0.5640625 0.5171875
19 0.7152640265625 0.46393358124999995 0.6847359734375 0.46393358124999995 0.6847359734375 0.540625 0.7152640265625 0.540625
19 0.471875 0.463459159375 0.440625 0.463459159375 0.440625 0.540625 0.471875 0.540625
19 0.528125 0.48699979375 0.45 0.48699979375 0.45 0.5171875 0.528125 0.5171875
19 0.4015625 0.5860457921875 0.3512041046875001 0.5860457921875 0.3512041046875001 0.6578125 0.4015625 0.6578125