19 0.2125 0.215625 0.17187500000000006 0.215625 0.17187500000000006 0.28046875 0.2125 0.28046875
19 0.25078125 0.2171875 0.2171875 0.2171875 0.2171875 0.284375 0.25078125 0.284375
19 0.29921875 0.2171875 0.2609375 0.2171875 0.2609375 0.284375 0.29921875 0.284375
19 0.340625 0.21875 0.3078125 0.21875 0.3078125 0.28515625 0.340625 0.28515625
19 0.40703125 0.24687500000000004 0.3421875 0.246875 0.3421875 0.35156250000000006 0.40703125 0.3515625000000001
19 0.16171875000000005 0.259375 0.11093750000000005 0.259375 0.11093750000000005 0.346875 0.16171875000000005 0.346875
19 0.47578125 0.27031250000000007 0.4171875 0.27031250000000007 0.4171875 0.3546875000000001 0.47578125 0.3546875000000001
19 0.5359375 0.2718750000000001 0.4796875 0.2718750000000001 0.4796875 0.3539062500000001 0.5359375 0.3539062500000001
19 0.20234375 0.2828125 0.15937500000000004 0.2828125 0.15937500000000004 0.34921875 0.20234375 0.34921875
19 0.340625 0.284375 0.3 0.284375 0.3 0.3484375 0.340625 0.3484375
19 0.246875 0.2828125 0.2109375 0.2828125 0.2109375 0.34921875 0.246875 0.34921875
19 0.29375 0.284375 0.25625 0.284375 0.25625 0.35078125 0.29375 0.35078125
19 0.5859375 0.29375000000000007 0.54375 0.29375000000000007 0.54375 0.3546875000000001 0.5859375 0.3546875000000001
19 0.63359375 0.2953125000000001 0.59375 0.2953125000000001 0.59375 0.3539062500000001 0.63359375 0.3539062500000001
19 0.73359375 0.2953125000000001 0.690625 0.2953125000000001 0.690625 0.35625000000000007 0.73359375 0.35625000000000007
19 0.684375 0.2953125000000001 0.6390625 0.2953125000000001 0.6390625 0.35625000000000007 0.684375 0.35625000000000007
19 0.77734375 0.38750000000000007 0.7421875 0.38750000000000007 0.7421875 0.42968750000000017 0.77734375 0.42968750000000017
19 0.8296875 0.3906250000000001 0.7875 0.3906250000000001 0.7875 0.4312500000000002 0.8296875 0.4312500000000002
19 0.871875 0.3890625000000001 0.834375 0.3890625000000001 0.834375 0.4320312500000002 0.871875 0.4320312500000002
19 0.06875000000000006 0.3984375 0.03281250000000004 0.3984375 0.03281250000000005 0.48515625 0.06875000000000006 0.48515625
19 0.14687500000000003 0.3984375 0.11562500000000005 0.3984375 0.11562500000000005 0.4859375 0.14687500000000003 0.4859375
19 0.10625000000000004 0.4 0.07343750000000004 0.4 0.07343750000000006 0.4890625 0.10625000000000004 0.4890625
19 0.22265625000000008 0.4015625 0.19531250000000006 0.4015625 0.19531250000000006 0.4890625 0.22265625000000008 0.4890625
19 0.2671875000000001 0.4015625 0.2296875000000001 0.4015625 0.2296875000000001 0.4890625 0.2671875000000001 0.4890625
19 0.18750000000000006 0.4015625 0.15625000000000006 0.4015625 0.15625000000000006 0.49140625 0.18750000000000006 0.49140625
19 0.73671875 0.4015625000000001 0.6671875 0.4015625 0.6671875 0.4906250000000001 0.73671875 0.4906250000000002
19 0.58359375 0.4 0.5140625 0.4 0.5140625 0.49375 0.58359375 0.49375
19 0.6578125 0.4 0.5890625 0.4 0.5890625 0.4921875 0.6578125 0.4921875
19 0.3867187500000001 0.4125 0.33281250000000007 0.4125 0.33281250000000007 0.490625 0.3867187500000001 0.490625
19 0.44375 0.4125 0.3968750000000001 0.4125 0.3968750000000001 0.4921875 0.44375 0.4921875
19 0.50234375 0.4140625 0.4484375 0.4140625 0.4484375 0.490625 0.50234375 0.490625
19 0.3281250000000001 0.4125 0.2750000000000001 0.4125 0.2750000000000001 0.4921875 0.3281250000000001 0.4921875
19 0.95234375 0.41718750000000016 0.878125 0.41718750000000016 0.878125 0.49140625000000016 0.95234375 0.49140625000000016
19 0.78125 0.43750000000000017 0.74375 0.43750000000000017 0.74375 0.4929687500000002 0.78125 0.4929687500000002
19 0.82734375 0.43750000000000017 0.784375 0.43750000000000017 0.784375 0.49140625000000016 0.82734375 0.49140625000000016
19 0.87421875 0.43750000000000017 0.83125 0.43750000000000017 0.83125 0.4937500000000002 0.87421875 0.4937500000000002
19 0.63984375 0.5625 0.60625 0.5625 0.60625 0.5953125 0.63984375 0.5953125
19 0.6765625 0.559375 0.64375 0.559375 0.64375 0.59296875 0.6765625 0.59296875
19 0.60234375 0.5609375 0.5734375 0.5609375 0.5734375 0.59609375 0.60234375 0.59609375
19 0.82421875 0.5546875000000002 0.759375 0.5546875000000002 0.759375 0.6375000000000002 0.82421875 0.6375000000000002
19 0.75 0.5546875000000001 0.6859375 0.5546875 0.6859375 0.6414062500000001 0.75 0.6414062500000002
19 0.9 0.5546875000000002 0.8328125 0.5546875000000002 0.8328125 0.6398437500000002 0.9 0.6398437500000002
19 0.97109375 0.5562500000000001 0.9046875 0.5562500000000001 0.9046875 0.6406250000000002 0.97109375 0.6406250000000002
19 0.44296875 0.575 0.3843750000000001 0.575 0.3843750000000001 0.6375 0.44296875 0.6375
19 0.56484375 0.5734375 0.5109375 0.5734375 0.5109375 0.63828125 0.56484375 0.63828125
19 0.1140625000000001 0.5734375 0.05156250000000007 0.5734375 0.05156250000000008 0.63828125 0.1140625000000001 0.63828125
19 0.1820312500000001 0.5734375 0.12343750000000009 0.5734375 0.12343750000000009 0.6375 0.1820312500000001 0.6375
19 0.3125000000000001 0.575 0.2593750000000001 0.575 0.2593750000000001 0.6359375 0.3125000000000001 0.6359375
19 0.4984375 0.5734375 0.446875 0.5734375 0.446875 0.6375 0.4984375 0.6375
19 0.3742187500000001 0.575 0.3203125000000001 0.575 0.3203125000000001 0.63984375 0.3742187500000001 0.63984375
19 0.2492187500000001 0.5734375 0.19531250000000008 0.5734375 0.19531250000000008 0.63984375 0.2492187500000001 0.63984375
19 0.67890625 0.603125 0.65 0.603125 0.65 0.6359375 0.67890625 0.6359375
19 0.603125 0.6015625 0.571875 0.6015625 0.571875 0.63671875 0.603125 0.63671875
19 0.64375 0.603125 0.6078125 0.603125 0.6078125 0.6390625 0.64375 0.6390625