19 0.2203125 0.2359375 0.17968750000000006 0.2359375 0.17968750000000006 0.3 0.2203125 0.3
19 0.26484375 0.2375 0.2265625 0.2375 0.2265625 0.3 0.26484375 0.3
19 0.17656250000000004 0.2359375 0.13593750000000004 0.2359375 0.13593750000000004 0.3 0.17656250000000004 0.3
19 0.30625 0.2359375 0.26875 0.2359375 0.26875 0.3 0.30625 0.3
19 0.12421875000000004 0.275 0.07500000000000004 0.275 0.07500000000000004 0.3625 0.12421875000000004 0.3625
19 0.37265625 0.26562500000000006 0.30625 0.265625 0.30625 0.36875 0.3726562500000001 0.3687500000000001
19 0.43359375 0.2875000000000001 0.375 0.2875000000000001 0.37500000000000006 0.36796875000000007 0.43359375 0.36796875000000007
19 0.49140625 0.2890625000000001 0.4328125 0.2890625000000001 0.4328125 0.3687500000000001 0.49140625 0.3687500000000001
19 0.16484375000000004 0.3015625 0.12500000000000006 0.3015625 0.12500000000000006 0.3625 0.16484375000000004 0.3625
19 0.21406250000000004 0.303125 0.17343750000000005 0.303125 0.17343750000000005 0.3640625 0.2140625000000001 0.3640625
19 0.25625000000000003 0.3046875 0.215625 0.3046875 0.21562500000000004 0.365625 0.2562500000000001 0.365625
19 0.30078125000000006 0.3046875 0.25625 0.3046875 0.25625000000000003 0.365625 0.3007812500000001 0.365625
19 0.54296875 0.30937500000000007 0.4984375 0.30937500000000007 0.4984375 0.3695312500000001 0.54296875 0.3695312500000001
19 0.58828125 0.3109375000000001 0.5453125 0.3109375000000001 0.5453125 0.3687500000000001 0.58828125 0.3687500000000001
19 0.63828125 0.3125000000000001 0.59375 0.3125000000000001 0.59375 0.3710937500000001 0.63828125 0.3710937500000001
19 0.68359375 0.3140625000000001 0.6390625 0.3140625000000001 0.6390625 0.3695312500000001 0.68359375 0.3695312500000001
19 0.78515625 0.4046875000000002 0.7421875 0.4046875000000002 0.7421875 0.44531250000000017 0.78515625 0.44531250000000017
19 0.7328125 0.4046875000000001 0.696875 0.4046875 0.696875 0.4445312500000001 0.7328125 0.44453125000000016
19 0.828125 0.4078125000000002 0.7875 0.4078125000000002 0.7875 0.44531250000000017 0.828125 0.44531250000000017
19 0.04218750000000006 0.4140625 0.00625000000000005 0.4140625 0.006250000000000056 0.49375 0.04218750000000006 0.49375
19 0.07890625000000005 0.4140625 0.04375000000000005 0.4140625 0.04375000000000005 0.49453125 0.07890625000000007 0.49453125
19 0.11796875000000004 0.4140625 0.08281250000000004 0.4140625 0.08281250000000005 0.496875 0.11796875000000004 0.496875
19 0.19687500000000005 0.4140625 0.15625000000000006 0.4140625 0.15625000000000006 0.49609375 0.19687500000000005 0.49609375
19 0.15703125000000004 0.415625 0.11718750000000004 0.415625 0.11718750000000004 0.50078125 0.15703125000000004 0.50078125
19 0.2312500000000001 0.41875 0.19375000000000003 0.41875 0.19375000000000003 0.4984375 0.2312500000000001 0.4984375
19 0.53984375 0.415625 0.4703125 0.415625 0.4703125 0.50234375 0.53984375 0.50234375
19 0.61484375 0.415625 0.5453125 0.415625 0.5453125 0.5046875 0.61484375 0.5046875
19 0.6953125 0.41875 0.6234375 0.41875 0.6234375 0.50625 0.6953125 0.50625
19 0.4078125 0.4265625 0.3500000000000001 0.4265625 0.3500000000000001 0.4984375 0.4078125 0.4984375
19 0.3500000000000001 0.4265625 0.2968750000000001 0.4265625 0.2968750000000001 0.50078125 0.3500000000000001 0.50078125
19 0.2882812500000001 0.428125 0.23437500000000008 0.428125 0.23437500000000008 0.50234375 0.2882812500000001 0.50234375
19 0.465625 0.4296875 0.4078125 0.4296875 0.4078125 0.50078125 0.465625 0.50078125
19 0.9046875 0.43281250000000016 0.8328125 0.43281250000000016 0.8328125 0.5093750000000001 0.9046875 0.5093750000000001
19 0.98671875 0.43750000000000017 0.9109375 0.43750000000000017 0.9109375 0.5093750000000001 0.98671875 0.5093750000000001
19 0.82734375 0.44531250000000017 0.784375 0.44531250000000017 0.784375 0.5062500000000002 0.82734375 0.5062500000000002
19 0.78046875 0.44531250000000017 0.7375 0.44531250000000017 0.7375 0.5062500000000002 0.78046875 0.5062500000000002
19 0.7375 0.4468750000000001 0.6953125 0.446875 0.6953125 0.5093750000000001 0.7375 0.5093750000000001
19 0.5578125 0.5375 0.525 0.5375 0.525 0.5625 0.5578125 0.5625
19 0.63203125 0.5375 0.5984375 0.5375 0.5984375 0.5625 0.63203125 0.5625
19 0.596875 0.5390625 0.5640625 0.5390625 0.5640625 0.56328125 0.596875 0.56328125
19 0.08984375000000007 0.534375 0.03125000000000007 0.534375 0.03125000000000007 0.575 0.08984375000000007 0.575
19 0.21093750000000008 0.5359375 0.15312500000000004 0.5359375 0.15312500000000007 0.5765625 0.21093750000000008 0.5765625
19 0.15000000000000008 0.534375 0.09218750000000006 0.534375 0.09218750000000006 0.57734375 0.15000000000000008 0.57734375
19 0.33671875000000007 0.5359375 0.2812500000000001 0.5359375 0.2812500000000001 0.5765625 0.33671875000000007 0.5765625
19 0.2757812500000001 0.5375 0.2171875000000001 0.5375 0.2171875000000001 0.578125 0.2757812500000001 0.578125
19 0.5640625 0.56875 0.5265625 0.56875 0.5265625 0.6015625 0.5640625 0.6015625
19 0.59921875 0.571875 0.5640625 0.571875 0.5640625 0.6015625 0.59921875 0.6015625
19 0.63515625 0.5734375 0.6015625 0.5734375 0.6015625 0.6 0.63515625 0.6
19 0.70625 0.565625 0.6375 0.565625 0.6375 0.6484375 0.70625 0.6484375
19 0.85234375 0.5656250000000002 0.7859375 0.5656250000000002 0.7859375 0.6500000000000001 0.85234375 0.6500000000000001
19 0.7796875 0.5671875000000001 0.7125 0.5671875 0.7125 0.6468750000000001 0.7796875 0.6468750000000002
19 0.15000000000000008 0.578125 0.08906250000000007 0.578125 0.08906250000000007 0.6421875 0.15000000000000008 0.6421875
19 0.9234375 0.5703125000000002 0.8625 0.5703125000000002 0.8625 0.6523437500000002 0.9234375 0.6523437500000002
19 0.2179687500000001 0.5796875 0.15781250000000008 0.5796875 0.15781250000000008 0.63984375 0.2179687500000001 0.63984375
19 0.08437500000000007 0.578125 0.020312500000000074 0.578125 0.020312500000000074 0.64296875 0.08437500000000009 0.64296875
19 0.2757812500000001 0.5828125 0.2250000000000001 0.5828125 0.2250000000000001 0.640625 0.2757812500000001 0.640625
19 0.40078125 0.58125 0.34062500000000007 0.58125 0.34062500000000007 0.6453125 0.40078125 0.6453125
19 0.521875 0.58125 0.465625 0.58125 0.465625 0.6453125 0.521875 0.6453125
19 0.3375000000000001 0.5828125 0.2796875000000001 0.5828125 0.2796875000000001 0.646875 0.3375000000000001 0.646875
19 0.4609375 0.5828125 0.4078125 0.5828125 0.4078125 0.646875 0.4609375 0.646875
19 0.56328125 0.6109375 0.528125 0.6109375 0.528125 0.64453125 0.56328125 0.64453125
19 0.60234375 0.6125 0.56875 0.6125 0.56875 0.64609375 0.60234375 0.64609375
19 0.63671875 0.6125 0.6015625 0.6125 0.6015625 0.64609375 0.63671875 0.64609375