19 0.546875 0.3121093750000001 0.475 0.3121093750000001 0.475 0.3828125000000001 0.546875 0.3828125000000001
19 0.703125 0.31523437500000007 0.635546875 0.31523437500000007 0.635546875 0.3859375000000001 0.703125 0.3859375000000001
19 0.6265625 0.3144531250000001 0.556640625 0.3144531250000001 0.556640625 0.38750000000000007 0.6265625 0.38750000000000007
19 0.7703125 0.3300781250000001 0.716015625 0.3300781250000001 0.716015625 0.3902343750000001 0.7703125 0.3902343750000001
19 0.846875 0.3343750000000001 0.7828125 0.3343750000000001 0.7828125 0.38750000000000007 0.846875 0.38750000000000007
19 0.91875 0.3359375000000001 0.853125 0.3359375000000001 0.853125 0.3890625000000001 0.91875 0.3890625000000001
19 0.08593750000000006 0.40625 0.01718750000000005 0.40625 0.017187500000000057 0.4796875 0.08593750000000007 0.4796875
19 0.15078125000000003 0.419921875 0.09218750000000005 0.419921875 0.09218750000000006 0.475 0.15078125000000003 0.475
19 0.3937500000000001 0.4234375 0.3375000000000001 0.4234375 0.3375000000000001 0.4765625 0.3937500000000001 0.4765625
19 0.21250000000000008 0.420703125 0.15781250000000005 0.420703125 0.15781250000000005 0.478125 0.21250000000000008 0.478125
19 0.27031250000000007 0.423828125 0.2156250000000001 0.423828125 0.2156250000000001 0.475 0.27031250000000007 0.475
19 0.3296875000000001 0.422265625 0.2769531250000001 0.422265625 0.2769531250000001 0.4765625 0.3296875000000001 0.4765625
19 0.4484375 0.421484375 0.3980468750000001 0.421484375 0.3980468750000001 0.4765625 0.4484375 0.4765625
19 0.5484375 0.436328125 0.5078125 0.436328125 0.5078125 0.478125 0.5484375 0.478125
19 0.4984375 0.4390625 0.461328125 0.4390625 0.461328125 0.4796875 0.4984375 0.4796875
19 0.5921875 0.4390625 0.555078125 0.4390625 0.555078125 0.48125 0.5921875 0.48125
19 0.8671875 0.4390625000000002 0.823046875 0.4390625000000002 0.823046875 0.4812500000000002 0.8671875 0.4812500000000002
19 0.7640625 0.44062500000000016 0.725390625 0.44062500000000016 0.725390625 0.4812500000000002 0.7640625 0.4812500000000002
19 0.8140625 0.4410156250000002 0.771875 0.4410156250000002 0.771875 0.47968750000000016 0.8140625 0.47968750000000016
19 0.628125 0.448828125 0.605859375 0.448828125 0.605859375 0.4828125 0.628125 0.4828125
19 0.6796875 0.4546875 0.6421875 0.4546875 0.6421875 0.478125 0.6796875 0.478125
19 0.725 0.4546875 0.6875 0.4546875 0.6875 0.478125 0.725 0.478125
19 0.09843750000000007 0.51640625 0.034765625000000064 0.51640625 0.034765625000000064 0.58125 0.09843750000000007 0.58125
19 0.2500000000000001 0.5203125 0.18906250000000005 0.5203125 0.18906250000000008 0.584375 0.2500000000000001 0.584375
19 0.3281250000000001 0.51015625 0.25664062500000007 0.51015625 0.25664062500000007 0.5859375 0.3281250000000001 0.5859375
19 0.17656250000000007 0.521875 0.11054687500000004 0.521875 0.11054687500000007 0.5828125 0.1765625000000001 0.5828125
19 0.4 0.5109375 0.33085937500000007 0.5109375 0.33085937500000007 0.5859375 0.4 0.5859375
19 0.478125 0.525 0.40625 0.525 0.40625 0.5828125 0.478125 0.5828125
19 0.7546875 0.520703125 0.7015625 0.520703125 0.7015625 0.5890625 0.7546875 0.5890625000000002
19 0.682421875 0.522265625 0.626953125 0.522265625 0.626953125 0.5875 0.682421875 0.5875
19 0.540625 0.5203125 0.485546875 0.5203125 0.485546875 0.59140625 0.540625 0.59140625
19 0.609375 0.5234375 0.558984375 0.5234375 0.558984375 0.58984375 0.609375 0.58984375
19 0.8328125 0.5406250000000001 0.7703125 0.5406250000000001 0.7703125 0.5890625000000002 0.8328125 0.5890625000000002
19 0.9078125 0.5421875000000002 0.842578125 0.5421875000000002 0.842578125 0.5906250000000002 0.9078125 0.5906250000000002