19 0.523032209375 0.34113694687500007 0.4453871578125 0.34113694687500007 0.4453871578125 0.41875 0.523032209375 0.41875
19 0.6966350265625 0.3448432156250001 0.6189899750000001 0.3448432156250001 0.6189899750000001 0.41875 0.6966350265625 0.41875
19 0.6109375 0.3425181312500001 0.534375 0.3425181312500001 0.534375 0.4234375 0.6109375 0.4234375
19 0.771875 0.36406250000000007 0.7067566125 0.36406250000000007 0.7067566125 0.4234375000000001 0.771875 0.4234375000000002
19 0.8452298421875 0.35906836718750007 0.7875 0.35906836718750007 0.7875 0.4281250000000002 0.8452298421875 0.4281250000000002
19 0.9309806953124999 0.36670488593750006 0.8584550984374999 0.36670488593750006 0.8584550984374999 0.4234375000000002 0.9309806953124999 0.4234375000000002
19 0.02031250000000006 0.4438806515625 0.00008265781250005436 0.4438806515625 0.00008265781250005922 0.5234375 0.020312500000000067 0.5234375
19 0.09062500000000007 0.45818845937499997 0.028239654687500053 0.45818845937499997 0.02823965468750006 0.51875 0.09062500000000007 0.51875
19 0.3546875000000001 0.4609375 0.2970856453125001 0.4609375 0.2970856453125001 0.521875 0.3546875000000001 0.521875
19 0.15781250000000005 0.45953764843749995 0.09818419375000006 0.45953764843749995 0.09818419375000006 0.521875 0.15781250000000005 0.521875
19 0.2218750000000001 0.46267597968749996 0.16205471406250005 0.46267597968749996 0.16205471406250005 0.51875 0.2218750000000001 0.51875
19 0.28724935937500007 0.46111614687499997 0.22837563906250008 0.46111614687499997 0.22837563906250008 0.5203125 0.28724935937500007 0.5203125
19 0.41875 0.4629719484375 0.3595803109375001 0.4629719484375 0.3595803109375001 0.5171875 0.41875 0.5171875
19 0.5264505125000001 0.47710110937500005 0.4796875 0.47710110937500005 0.4796875 0.5203125 0.5264505125000001 0.5203125
19 0.471875 0.48095936406249995 0.42861028125 0.48095936406249995 0.42861028125 0.521875 0.471875 0.521875
19 0.5734375 0.4797381609375 0.5318446031249999 0.4797381609375 0.5318446031249999 0.525 0.5734375 0.525
19 0.871875 0.4781250000000002 0.8270024515625 0.4781250000000002 0.8270024515625 0.5263518546875001 0.871875 0.5263518546875001
19 0.7609375 0.48209257656250004 0.7182913828124999 0.4820925765625 0.7182913828124999 0.5250000000000001 0.7609375 0.5250000000000001
19 0.8140625 0.4793835328125001 0.7706697953125 0.4793835328125001 0.7706697953125 0.5250000000000001 0.8140625 0.5250000000000001
19 0.6140625 0.49094230000000005 0.588227921875 0.49094230000000005 0.588227921875 0.528125 0.6140625 0.528125
19 0.66875 0.4969309953125 0.628125 0.4969309953125 0.628125 0.521875 0.66875 0.521875
19 0.7171875 0.4969309953125 0.677959684375 0.4969309953125 0.677959684375 0.521875 0.7171875 0.521875
19 0.05156250000000007 0.58264185 7.135304766517922e-17 0.58264185 7.337268311884408e-17 0.615625 0.05156250000000007 0.615625
19 0.1984375000000001 0.5682353875 0.1329884812500001 0.5682353875 0.1329884812500001 0.6375 0.1984375000000001 0.6375
19 0.2875000000000001 0.560265571875 0.2048448156250001 0.560265571875 0.2048448156250001 0.6375 0.2875000000000001 0.6375
19 0.11875000000000009 0.5703125 0.04811220156250007 0.5703125 0.048112201562500075 0.6359375 0.11875000000000009 0.6359375
19 0.3671635031250001 0.561249465625 0.2843989968750001 0.561249465625 0.2843989968750001 0.637188034375 0.3671635031250001 0.637188034375
19 0.440625 0.565625 0.3782476531250001 0.565625 0.3782476531250001 0.64375 0.440625 0.64375
19 0.75 0.5687180031250001 0.6923848125000001 0.568718003125 0.6923848125000001 0.6421875000000001 0.75 0.6421875000000001
19 0.671875 0.570696459375 0.6117240828125 0.570696459375 0.6117240828125 0.6421875 0.671875 0.6421875
19 0.5263225265625 0.5765625 0.44867747500000005 0.5765625 0.44867747500000005 0.6375 0.5263225265625 0.6375
19 0.6 0.580754053125 0.5286582765625 0.580754053125 0.5286582765625 0.6359375 0.6 0.6359375
19 0.8356921937499999 0.5907369890625002 0.76743280625 0.5907369890625002 0.76743280625 0.6421875000000001 0.8356921937499999 0.6421875000000001
19 0.9078125 0.5822045656250002 0.8563779859375 0.5822045656250002 0.8563779859375 0.6531250000000002 0.9078125 0.6531250000000002