19 0.22031250000000008 0.7625 0.1437500000000001 0.7625 0.1437500000000001 0.803125 0.22031250000000008 0.803125
19 0.3656250000000001 0.7515625 0.3234375000000001 0.7515625 0.3234375000000001 0.815625 0.3656250000000001 0.815625
19 0.5156250000000002 0.751171875 0.4773437500000002 0.751171875 0.4773437500000002 0.8140625 0.5156250000000002 0.8140625
19 0.3000000000000001 0.765625 0.23593750000000008 0.765625 0.23593750000000008 0.80625 0.3000000000000001 0.80625
19 0.471875 0.453125 0.403515625 0.453125 0.403515625 0.534375 0.471875 0.534375
19 0.3843750000000001 0.4546875 0.3160156250000001 0.4546875 0.3160156250000001 0.5359375 0.3843750000000001 0.5359375
19 0.5640625 0.4609375 0.480078125 0.4609375 0.480078125 0.5296875 0.5640625 0.5296875
19 0.14218750000000005 0.4859375 0.10273437500000004 0.4859375 0.10273437500000004 0.528125 0.14218750000000005 0.528125
19 0.19687500000000005 0.485546875 0.15859375000000003 0.485546875 0.15859375000000003 0.5296875 0.19687500000000005 0.5296875
19 0.3000000000000001 0.4875 0.26445312500000007 0.4875 0.26445312500000007 0.5296875 0.3000000000000001 0.5296875
19 0.25468750000000007 0.490625 0.2062500000000001 0.490625 0.2062500000000001 0.528125 0.25468750000000007 0.528125
19 0.3687500000000001 0.545703125 0.3101562500000001 0.545703125 0.3101562500000001 0.625 0.3687500000000001 0.625
19 0.29375000000000007 0.559375 0.2140625000000001 0.559375 0.2140625000000001 0.615625 0.29375000000000007 0.615625
19 0.4609375 0.559765625 0.3812500000000001 0.559765625 0.3812500000000001 0.6140625 0.4609375 0.6140625
19 0.1937500000000001 0.546875 0.1410156250000001 0.546875 0.1410156250000001 0.63125 0.1937500000000001 0.63125
19 0.534375 0.548828125 0.4796875 0.548828125 0.4796875 0.628125 0.534375 0.628125
19 0.24375000000000008 0.648828125 0.20117187500000008 0.648828125 0.20117187500000008 0.7125 0.24375000000000008 0.7125
19 0.3296875000000001 0.659765625 0.27226562500000007 0.659765625 0.27226562500000007 0.7015625 0.3296875000000001 0.7015625
19 0.4703125 0.65 0.4296875 0.65 0.4296875 0.7125 0.4703125 0.7125
19 0.625 0.649609375 0.588671875 0.649609375 0.588671875 0.7140625 0.625 0.7140625
19 0.40625 0.659765625 0.3437500000000001 0.659765625 0.3437500000000001 0.7015625 0.40625 0.7015625
19 0.55625 0.6609375 0.4921875 0.6609375 0.4921875 0.7 0.55625 0.7
19 0.18125000000000008 0.659375 0.11875000000000009 0.659375 0.11875000000000009 0.7046875 0.18125000000000008 0.7046875
19 0.5882812500000002 0.738671875 0.5500000000000002 0.738671875 0.5500000000000002 0.8015625 0.5882812500000002 0.8015625
19 0.44062500000000016 0.75078125 0.39921875000000007 0.75078125 0.39921875000000007 0.8125 0.44062500000000016 0.8125