19 0.5203125 0.22656250000000008 0.440625 0.22656250000000008 0.440625 0.28203125000000007 0.5203125 0.28203125000000007
19 0.2765625 0.2359375 0.2 0.2359375 0.2 0.29140625 0.2765625 0.29140625
19 0.19531250000000006 0.2375 0.11562500000000005 0.2375 0.11562500000000005 0.29375 0.19531250000000006 0.29375
19 0.5984375 0.2734375000000001 0.521875 0.2734375000000001 0.521875 0.3687500000000001 0.5984375 0.3687500000000001
19 0.51640625 0.2828125000000001 0.434375 0.2828125000000001 0.434375 0.3648437500000001 0.51640625 0.3648437500000001
19 0.63984375 0.2796875000000001 0.60625 0.2796875000000001 0.60625 0.3695312500000001 0.63984375 0.3695312500000001
19 0.35625 0.290625 0.2875 0.290625 0.2875 0.36015625 0.35625 0.36015625
19 0.18046875000000004 0.2921875 0.10468750000000004 0.2921875 0.10468750000000004 0.35859375 0.18046875000000004 0.35859375
19 0.26796875 0.2921875 0.19375000000000003 0.2921875 0.19375000000000003 0.35859375 0.26796875 0.35859375
19 0.68125 0.2828125000000001 0.64375 0.2828125000000001 0.64375 0.3703125000000001 0.68125 0.3703125000000001
19 0.72109375 0.2812500000000001 0.6859375 0.2812500000000001 0.6859375 0.3710937500000001 0.72109375 0.3710937500000001
19 0.42265625 0.29218750000000004 0.3578125 0.2921875 0.3578125 0.3609375 0.42265625 0.3609375000000001
19 0.7625 0.2812500000000001 0.725 0.2812500000000001 0.725 0.3710937500000001 0.7625 0.3710937500000001
19 0.80234375 0.2828125000000001 0.7671875 0.2828125000000001 0.7671875 0.3726562500000001 0.80234375 0.3726562500000001
19 0.8421875 0.28593750000000007 0.80625 0.28593750000000007 0.80625 0.3750000000000001 0.8421875 0.3750000000000001
19 0.884375 0.28593750000000007 0.846875 0.28593750000000007 0.846875 0.3750000000000001 0.884375 0.3750000000000001
19 0.925 0.28593750000000007 0.8890625 0.28593750000000007 0.8890625 0.3750000000000001 0.925 0.3750000000000001
19 0.42578125 0.4078125 0.3906250000000001 0.4078125 0.3906250000000001 0.465625 0.42578125 0.465625
19 0.3851562500000001 0.41875 0.3500000000000001 0.41875 0.3500000000000001 0.4640625 0.3851562500000001 0.4640625
19 0.5875 0.4359375 0.534375 0.4359375 0.534375 0.534375 0.5875 0.534375
19 0.13828125000000005 0.446875 0.07968750000000005 0.446875 0.07968750000000005 0.5265625 0.13828125000000005 0.5265625
19 0.6484375 0.4375 0.5953125 0.4375 0.5953125 0.53515625 0.6484375 0.53515625
19 0.2023437500000001 0.4453125 0.14687500000000003 0.4453125 0.14687500000000003 0.52578125 0.2023437500000001 0.52578125
19 0.2679687500000001 0.4484375 0.2093750000000001 0.4484375 0.2093750000000001 0.528125 0.2679687500000001 0.528125
19 0.70703125 0.4390625 0.65625 0.4390625 0.65625 0.53671875 0.70703125 0.53671875
19 0.3398437500000001 0.45 0.2812500000000001 0.45 0.2812500000000001 0.528125 0.3398437500000001 0.528125
19 0.77265625 0.4390625000000001 0.7171875 0.4390625 0.7171875 0.5390625000000001 0.77265625 0.5390625000000002
19 0.52265625 0.45 0.4796875 0.45 0.4796875 0.5328125 0.52265625 0.5328125
19 0.8375 0.44062500000000016 0.784375 0.44062500000000016 0.784375 0.5406250000000001 0.8375 0.5406250000000001
19 0.89453125 0.4437500000000002 0.84375 0.4437500000000002 0.84375 0.5437500000000002 0.89453125 0.5437500000000002
19 0.3828125000000001 0.4703125 0.3468750000000001 0.4703125 0.3468750000000001 0.52890625 0.3828125000000001 0.52890625
19 0.42265625 0.471875 0.38750000000000007 0.471875 0.38750000000000007 0.53046875 0.42265625 0.53046875