19 0.5375 0.60390625 0.496484375 0.60390625 0.496484375 0.6375 0.5375 0.6375
19 0.490625 0.601953125 0.4546875 0.601953125 0.4546875 0.640625 0.490625 0.640625
19 0.446875 0.603515625 0.40390625 0.603515625 0.40390625 0.6390625 0.446875 0.6390625
19 0.5828125 0.604296875 0.54296875 0.604296875 0.54296875 0.640625 0.5828125 0.640625
19 0.39531250000000007 0.60234375 0.3558593750000001 0.60234375 0.3558593750000001 0.6421875 0.39531250000000007 0.6421875
19 0.3453125000000001 0.603125 0.3128906250000001 0.603125 0.3128906250000001 0.64375 0.3453125000000001 0.64375
19 0.7 0.625 0.668359375 0.625 0.668359375 0.6625 0.7 0.6625
19 0.740625 0.6312500000000001 0.7015625 0.63125 0.7015625 0.6609375000000001 0.740625 0.6609375000000002
19 0.6203125 0.62890625 0.58984375 0.62890625 0.58984375 0.6609375 0.6203125 0.6609375
19 0.6609375 0.626171875 0.627734375 0.626171875 0.627734375 0.6625 0.6609375 0.6625
19 0.778125 0.6296875000000002 0.7453125 0.6296875000000002 0.7453125 0.6625000000000002 0.778125 0.6625000000000002
19 0.8203125 0.6273437500000002 0.78828125 0.6273437500000002 0.78828125 0.6640625000000002 0.8203125 0.6640625000000002
19 0.24375000000000008 0.6375 0.1906250000000001 0.6375 0.1906250000000001 0.7109375 0.24375000000000008 0.7109375
19 0.30937500000000007 0.646875 0.23242187500000008 0.646875 0.23242187500000008 0.7046875 0.30937500000000007 0.7046875
19 0.19531250000000008 0.64921875 0.1199218750000001 0.64921875 0.1199218750000001 0.7015625 0.19531250000000008 0.7015625
19 0.12656250000000008 0.6375 0.07031250000000008 0.6375 0.07031250000000008 0.715625 0.12656250000000008 0.715625
19 0.9234375 0.6550781250000002 0.88125 0.6550781250000002 0.88125 0.7078125000000002 0.9234375 0.7078125000000002
19 0.878125 0.6562500000000002 0.8375 0.6562500000000002 0.8375 0.7093750000000002 0.878125 0.7093750000000002
19 0.3546875000000001 0.653125 0.3050781250000001 0.653125 0.3050781250000001 0.7125 0.3546875000000001 0.7125
19 0.3984375000000001 0.6546875 0.35625000000000007 0.6546875 0.35625000000000007 0.7109375 0.3984375000000001 0.7109375
19 0.4453125 0.656640625 0.403125 0.656640625 0.403125 0.709375 0.4453125 0.709375
19 0.54375 0.6578125 0.4984375 0.6578125 0.4984375 0.7109375 0.54375 0.7109375
19 0.5953125 0.6640625 0.540234375 0.6640625 0.540234375 0.703125 0.5953125 0.703125
19 0.49375 0.656640625 0.4453125 0.656640625 0.4453125 0.709375 0.49375 0.709375
19 0.7484375 0.675 0.7125 0.675 0.7125 0.70625 0.7484375 0.7062500000000002
19 0.7046875 0.6703125 0.675390625 0.6703125 0.675390625 0.709375 0.7046875 0.709375
19 0.6265625 0.671875 0.594921875 0.671875 0.594921875 0.71015625 0.6265625 0.71015625
19 0.790625 0.6734375000000001 0.7515625 0.6734375000000001 0.7515625 0.7062500000000002 0.790625 0.7062500000000002
19 0.8296875 0.6707031250000002 0.7953125 0.6707031250000002 0.7953125 0.7109375000000002 0.8296875 0.7109375000000002
19 0.6703125 0.6765625 0.633203125 0.6765625 0.633203125 0.709375 0.6703125 0.709375
19 0.9125 0.7527343750000002 0.8390625 0.7527343750000002 0.8390625 0.8171875 0.9125 0.8171875
19 0.5359375000000002 0.7546875 0.4675781250000002 0.7546875 0.4675781250000002 0.8203125 0.5359375000000002 0.8203125
19 0.7656250000000002 0.7542968750000001 0.6871093750000001 0.754296875 0.6871093750000001 0.8234375 0.7656250000000002 0.8234375
19 0.6859375000000002 0.748828125 0.6125000000000002 0.748828125 0.6125000000000002 0.828125 0.6859375000000002 0.828125
19 0.8390625 0.7535156250000001 0.7640625000000002 0.7535156250000001 0.7640625000000002 0.821875 0.8390625 0.821875
19 0.4636718750000002 0.754296875 0.3941406250000001 0.754296875 0.3941406250000001 0.825 0.4636718750000002 0.825
19 0.6093750000000002 0.758203125 0.5347656250000001 0.758203125 0.5347656250000001 0.8234375 0.6093750000000002 0.8234375
19 0.3890625000000001 0.7578125 0.3203125000000001 0.7578125 0.3203125000000001 0.8265625 0.3890625000000001 0.8265625
19 0.3109375000000001 0.7546875 0.24179687500000008 0.7546875 0.24179687500000008 0.83125 0.3109375000000001 0.83125
19 0.16562500000000008 0.765625 0.10664062500000009 0.765625 0.10664062500000009 0.8328125 0.16562500000000008 0.8328125
19 0.1062500000000001 0.77421875 0.0449218750000001 0.77421875 0.0449218750000001 0.821875 0.1062500000000001 0.821875
19 0.2375000000000001 0.76953125 0.16953125000000008 0.76953125 0.16953125000000008 0.8328125 0.2375000000000001 0.8328125
19 0.5109375000000002 0.901953125 0.43085937500000016 0.901953125 0.43085937500000016 0.971484375 0.5109375000000002 0.971484375
19 0.21093750000000008 0.890625 0.1371093750000001 0.890625 0.13710937500000012 0.9828125 0.21093750000000008 0.9828125
19 0.1343750000000001 0.8921875 0.06093750000000011 0.8921875 0.06093750000000011 0.984375 0.13437500000000013 0.984375
19 0.2921875000000001 0.9046875 0.2035156250000001 0.9046875 0.2035156250000001 0.975 0.2921875000000001 0.975
19 0.4390625000000002 0.905078125 0.3546875000000001 0.905078125 0.3546875000000001 0.9765625 0.4390625000000002 0.9765625
19 0.3578125000000001 0.896875 0.28593750000000007 0.896875 0.28593750000000007 0.984375 0.3578125000000001 0.984375