19 1 0.10963455156250013 0.9310631234375 0.10963455156250013 0.9310631234375 0.2475083062500001 1 0.2475083062500001
19 0.7358803984375 0.12458471718750008 0.6818936875 0.12458471718750008 0.6818936875 0.24335548125000012 0.7358803984375 0.24335548125000012
19 0.863787375 0.1279069765625001 0.8073089703124999 0.1279069765625001 0.8073089703124999 0.24169435156250008 0.863787375 0.24169435156250008
19 0.11627907031250002 0.144518271875 0.06893687656250003 0.144518271875 0.06893687656250003 0.22591362187500003 0.11627907031250004 0.22591362187500003
19 0.17275747500000002 0.1428571421875 0.12707641249999999 0.1428571421875 0.1270764125 0.22840531562500002 0.17275747500000005 0.22840531562500002
19 0.799003321875 0.1295681062500001 0.7425249171875 0.1295681062500001 0.7425249171875 0.2458471765625001 0.799003321875 0.2458471765625001
19 0.9235880406250001 0.13289036562500012 0.869601328125 0.1328903656250001 0.869601328125 0.24418604687500006 0.9235880406250001 0.24418604687500006
19 0.23421926875 0.14950166093750003 0.18687707656250002 0.14950166093750003 0.18687707656250002 0.23089700937500002 0.23421926875 0.23089700937500002
19 0.558139534375 0.3571428578125001 0.5016611296875 0.3571428578125001 0.5016611296875 0.4335548171875 0.558139534375 0.4335548171875
19 0.38039867187500004 0.35215946875000004 0.3255813953125 0.35215946875 0.3255813953125001 0.42774086406249995 0.3803986718750001 0.42774086406249995
19 0.43853820624999995 0.3521594687500001 0.3837209296875 0.3521594687500001 0.38372092968750005 0.4302325578125 0.43853820624999995 0.4302325578125
19 0.49833887031249996 0.3538205984375001 0.44102990000000003 0.3538205984375001 0.44102990000000003 0.4318936875 0.49833887031249996 0.4318936875
19 0.2176079734375001 0.37541528281250003 0.17026578125000005 0.37541528281250003 0.17026578125000005 0.42275747499999994 0.2176079734375001 0.42275747499999994
19 0.3222591359375001 0.3770764125 0.27657807343750007 0.3770764125 0.27657807343750007 0.4244186046875 0.3222591359375001 0.4244186046875
19 0.2674418609375001 0.3770764125 0.2200996671875001 0.3770764125 0.2200996671875001 0.42026578125 0.2674418609375001 0.42026578125
19 0.7026578078125 0.485049834375 0.6212624578125 0.485049834375 0.6212624578125 0.5946843859375 0.7026578078125 0.5946843859375
19 0.7940199328124999 0.4850498343750001 0.703488371875 0.485049834375 0.703488371875 0.5963455156250002 0.7940199328124999 0.5963455156250002
19 0.6129568109375 0.48837209374999996 0.5274086375 0.48837209374999996 0.5274086375 0.59551495 0.6129568109375 0.59551495
19 0.8853820593749999 0.4966777406250002 0.7923588046875001 0.4966777406250002 0.7923588046875001 0.5963455156250002 0.8853820593749999 0.5963455156250002
19 0.521594684375 0.509966778125 0.45764119531249997 0.509966778125 0.45764119531249997 0.5946843859375 0.521594684375 0.5946843859375
19 0.45182724218750003 0.509966778125 0.38704318906250007 0.509966778125 0.38704318906250007 0.59551495 0.45182724218750003 0.59551495
19 0.17774086406250006 0.5132890359375 0.11295681093750005 0.5132890359375 0.11295681093750007 0.5946843859375 0.1777408640625001 0.5946843859375
19 0.33222591406250007 0.514950165625 0.2632890359375001 0.514950165625 0.2632890359375001 0.5938538203125 0.33222591406250007 0.5938538203125
19 0.2558139531250001 0.5182724249999999 0.18770764062500006 0.5182724249999999 0.18770764062500006 0.5938538203125 0.2558139531250001 0.5938538203125
19 0.38704318906250007 0.5299003328125 0.33720930156250006 0.5299003328125 0.33720930156250006 0.592192690625 0.38704318906250007 0.592192690625