19 0.5609375 0.38554687500000007 0.52421875 0.38554687500000007 0.52421875 0.4203125 0.5609375 0.4203125
19 0.5203125 0.3843750000000001 0.4890625 0.3843750000000001 0.4890625 0.425 0.5203125 0.425
19 0.5984375 0.4171875 0.572265625 0.4171875 0.572265625 0.44375 0.5984375 0.44375
19 0.665625 0.415625 0.6359375 0.415625 0.6359375 0.4453125 0.665625 0.4453125
19 0.634375 0.415625 0.603125 0.415625 0.603125 0.4453125 0.634375 0.4453125
19 0.403125 0.412109375 0.3148437500000001 0.412109375 0.3148437500000001 0.4671875 0.403125 0.4671875
19 0.3531250000000001 0.41953125 0.2601562500000001 0.41953125 0.2601562500000001 0.4640625 0.3531250000000001 0.4640625
19 0.846875 0.4097656250000002 0.787890625 0.4097656250000002 0.787890625 0.4781250000000002 0.846875 0.4781250000000002
19 0.7875 0.4078125000000002 0.7265625 0.4078125000000002 0.7265625 0.4812500000000002 0.7875 0.4812500000000002
19 0.4984375 0.427734375 0.433203125 0.427734375 0.433203125 0.475 0.4984375 0.475
19 0.73125 0.4238281250000001 0.6671875 0.423828125 0.6671875 0.4750000000000001 0.73125 0.4750000000000002
19 0.440625 0.418359375 0.3937500000000001 0.418359375 0.3937500000000001 0.4828125 0.440625 0.4828125
19 0.534375 0.434375 0.497265625 0.434375 0.497265625 0.48125 0.534375 0.48125
19 0.5765625 0.43828125 0.530859375 0.43828125 0.530859375 0.478125 0.5765625 0.478125
19 0.671875 0.450390625 0.6390625 0.450390625 0.6390625 0.4796875 0.671875 0.4796875
19 0.60625 0.450390625 0.575 0.450390625 0.575 0.4828125 0.60625 0.4828125
19 0.6359375 0.449609375 0.608984375 0.449609375 0.608984375 0.4828125 0.6359375 0.4828125
19 0.840625 0.5671875000000002 0.789453125 0.5671875000000002 0.789453125 0.6062500000000002 0.840625 0.6062500000000002
19 0.4671875 0.5578125 0.3988281250000001 0.5578125 0.3988281250000001 0.6171875 0.4671875 0.6171875
19 0.790625 0.5625000000000002 0.7453125 0.5625000000000002 0.7453125 0.6140625000000002 0.790625 0.6140625000000002
19 0.740625 0.567578125 0.6921875 0.567578125 0.6921875 0.6093750000000001 0.740625 0.6093750000000002
19 0.5234375 0.558203125 0.46875 0.558203125 0.46875 0.61875 0.5234375 0.61875
19 0.4 0.553125 0.3375000000000001 0.553125 0.3375000000000001 0.6265625 0.4 0.6265625
19 0.5859375 0.56015625 0.53046875 0.56015625 0.53046875 0.6171875 0.5859375 0.6171875
19 0.690625 0.56875 0.648828125 0.56875 0.648828125 0.615625 0.690625 0.615625
19 0.6359375 0.5671875 0.590625 0.5671875 0.590625 0.615625 0.6359375 0.615625
19 0.7015625000000002 0.809765625 0.6636718750000001 0.809765625 0.6636718750000001 0.83125 0.7015625000000002 0.83125
19 0.6656250000000001 0.8015625 0.6421875000000001 0.8015625 0.6421875000000001 0.840625 0.6656250000000001 0.840625
19 0.6375000000000002 0.8046875 0.6125000000000002 0.8046875 0.6125000000000002 0.8453125 0.6375000000000002 0.8453125
19 0.8171875 0.90625 0.7652343750000001 0.90625 0.7652343750000001 0.94609375 0.8171875 0.94609375
19 0.7781250000000002 0.90625 0.7214843750000002 0.90625 0.7214843750000002 0.95 0.7781250000000002 0.95
19 0.7281250000000001 0.903125 0.6875000000000002 0.903125 0.6875000000000002 0.959375 0.7281250000000001 0.959375
19 0.6968750000000001 0.912890625 0.6390625000000002 0.912890625 0.6390625000000002 0.9546875 0.6968750000000001 0.9546875
19 0.5984375000000002 0.901953125 0.5503906250000001 0.901953125 0.5503906250000001 0.9671875 0.5984375000000002 0.9671875
19 0.5468750000000002 0.903125 0.49218750000000017 0.903125 0.49218750000000017 0.971875 0.5468750000000002 0.971875
19 0.6437500000000002 0.90625 0.6050781250000001 0.90625 0.6050781250000001 0.96875 0.6437500000000002 0.96875
19 0.4906250000000002 0.909375 0.4410156250000002 0.909375 0.4410156250000002 0.9765625 0.4906250000000002 0.9765625
19 0.4359375000000002 0.9109375 0.3824218750000001 0.9109375 0.3824218750000001 0.978125 0.4359375000000002 0.978125
19 0.37968750000000007 0.915625 0.3281250000000001 0.915625 0.3281250000000001 0.984375 0.37968750000000007 0.984375
19 0.3359375000000001 0.9234375 0.2671875000000001 0.9234375 0.2671875000000001 0.9796875 0.3359375000000001 0.9796875