19 0.5609375 0.38554687500000007 0.52421875 0.38554687500000007 0.52421875 0.4203125 0.5609375 0.4203125
19 0.525 0.3890625000000001 0.484375 0.3890625000000001 0.484375 0.4203125 0.525 0.4203125
19 0.5984375 0.417578125 0.572265625 0.417578125 0.572265625 0.44375 0.5984375 0.44375
19 0.665625 0.415625 0.6359375 0.415625 0.6359375 0.4453125 0.665625 0.4453125
19 0.634375 0.415625 0.603125 0.415625 0.603125 0.4453125 0.634375 0.4453125
19 0.403125 0.412109375 0.3140625000000001 0.412109375 0.3140625000000001 0.4671875 0.403125 0.4671875
19 0.3531250000000001 0.41953125 0.2601562500000001 0.41953125 0.2601562500000001 0.4640625 0.3531250000000001 0.4640625
19 0.8515625 0.4144531250000002 0.7828125 0.4144531250000002 0.7828125 0.4734375000000002 0.8515625 0.4734375000000002
19 0.7875 0.4078125000000002 0.7265625 0.4078125000000002 0.7265625 0.4812500000000002 0.7875 0.4812500000000002
19 0.490625 0.41875 0.4421875 0.41875 0.4421875 0.484375 0.490625 0.484375
19 0.725 0.417578125 0.6734375 0.417578125 0.6734375 0.48125 0.725 0.48125
19 0.45 0.427734375 0.3851562500000001 0.427734375 0.3851562500000001 0.4734375 0.45 0.4734375
19 0.534375 0.434375 0.497265625 0.434375 0.497265625 0.48125 0.534375 0.48125
19 0.5765625 0.4375 0.530859375 0.4375 0.530859375 0.47734375 0.5765625 0.47734375
19 0.671875 0.450390625 0.6390625 0.450390625 0.6390625 0.4796875 0.671875 0.4796875
19 0.60703125 0.451171875 0.5734375 0.451171875 0.5734375 0.48125 0.60703125 0.48125
19 0.6359375 0.449609375 0.608984375 0.449609375 0.608984375 0.4828125 0.6359375 0.4828125
19 0.834375 0.5609375000000002 0.7953125 0.5609375000000002 0.7953125 0.6125000000000002 0.834375 0.6125000000000002
19 0.4671875 0.5578125 0.3988281250000001 0.5578125 0.3988281250000001 0.6171875 0.4671875 0.6171875
19 0.790625 0.5625000000000002 0.7453125 0.5625000000000002 0.7453125 0.6140625000000002 0.790625 0.6140625000000002
19 0.7375 0.5640625000000001 0.6953125 0.5640625 0.6953125 0.6125 0.7375 0.6125000000000002
19 0.5234375 0.558203125 0.46875 0.558203125 0.46875 0.61875 0.5234375 0.61875
19 0.4 0.553125 0.3375000000000001 0.553125 0.3375000000000001 0.6265625 0.4 0.6265625
19 0.5859375 0.56015625 0.53046875 0.56015625 0.53046875 0.6171875 0.5859375 0.6171875
19 0.6921875 0.57109375 0.646484375 0.57109375 0.646484375 0.6125 0.6921875 0.6125
19 0.6359375 0.5671875 0.590625 0.5671875 0.590625 0.615625 0.6359375 0.615625
19 0.7015625000000002 0.810546875 0.6628906250000002 0.810546875 0.6628906250000002 0.83125 0.7015625000000002 0.83125
19 0.6734375000000001 0.809765625 0.6343750000000001 0.809765625 0.6343750000000001 0.8328125 0.6734375000000001 0.8328125
19 0.6375000000000002 0.8046875 0.6125000000000002 0.8046875 0.6125000000000002 0.8453125 0.6375000000000002 0.8453125
19 0.8171875 0.90625 0.7652343750000001 0.90625 0.7652343750000001 0.94609375 0.8171875 0.94609375
19 0.7718750000000002 0.9 0.7285156250000002 0.9 0.7285156250000002 0.9578125 0.7718750000000002 0.9578125
19 0.7281250000000001 0.903125 0.6875000000000002 0.903125 0.6875000000000002 0.959375 0.7281250000000001 0.959375
19 0.6890625000000001 0.9046875 0.6468750000000002 0.9046875 0.6468750000000002 0.9625 0.6890625000000001 0.9625
19 0.5984375000000002 0.901171875 0.5496093750000002 0.901171875 0.5496093750000002 0.9671875 0.5984375000000002 0.9671875
19 0.5468750000000002 0.903125 0.49218750000000017 0.903125 0.49218750000000017 0.971875 0.5468750000000002 0.971875
19 0.6546875000000002 0.91796875 0.5933593750000001 0.91796875 0.5933593750000001 0.95625 0.6546875000000002 0.95625
19 0.4984375000000002 0.91796875 0.4324218750000002 0.91796875 0.4324218750000002 0.9671875 0.4984375000000002 0.9671875
19 0.4421875000000002 0.9171875 0.3761718750000001 0.9171875 0.3761718750000001 0.97109375 0.4421875000000002 0.97109375
19 0.37968750000000007 0.915625 0.3281250000000001 0.915625 0.3281250000000001 0.984375 0.37968750000000007 0.984375
19 0.3359375000000001 0.9234375 0.2671875000000001 0.9234375 0.2671875000000001 0.9796875 0.3359375000000001 0.9796875