19 0.7921875 0.2160156250000001 0.690625 0.2160156250000001 0.690625 0.27031250000000007 0.7921875 0.27031250000000007
19 0.8578125 0.2234375000000001 0.758203125 0.2234375000000001 0.758203125 0.2734375000000001 0.8578125 0.2734375000000001
19 0.9234375 0.22460937500000008 0.8234375 0.22460937500000008 0.8234375 0.2750000000000001 0.9234375 0.2750000000000001
19 0.9625 0.20507812500000008 0.909375 0.20507812500000008 0.909375 0.3046875000000001 0.9625 0.3046875000000001
19 0.13750000000000004 0.30234375 0.038671875000000036 0.30234375 0.03867187500000004 0.4125 0.13750000000000004 0.4125
19 0.25625000000000003 0.311328125 0.15976562500000005 0.311328125 0.15976562500000005 0.4109375 0.2562500000000001 0.4109375
19 0.37968750000000007 0.30898437500000003 0.271875 0.308984375 0.27187500000000003 0.4109375 0.37968750000000007 0.4109375
19 0.4984375 0.31132812500000007 0.3953125 0.31132812500000007 0.39531250000000007 0.4125 0.4984375 0.4125
19 0.591796875 0.32695312500000007 0.509765625 0.32695312500000007 0.509765625 0.4125 0.591796875 0.4125
19 0.6890625 0.3359375000000001 0.607421875 0.3359375000000001 0.607421875 0.4140625 0.6890625 0.4140625
19 0.771875 0.3378906250000001 0.691015625 0.3378906250000001 0.691015625 0.41875000000000007 0.771875 0.4187500000000002
19 0.84375 0.3578125000000001 0.771875 0.3578125000000001 0.771875 0.4046875000000002 0.84375 0.4046875000000002
19 0.896875 0.3585937500000001 0.82578125 0.3585937500000001 0.82578125 0.40625000000000017 0.896875 0.40625000000000017
19 0.953125 0.3625000000000001 0.88125 0.3625000000000001 0.88125 0.40937500000000016 0.953125 0.40937500000000016
19 0.16250000000000006 0.4390625 0.059375000000000046 0.4390625 0.05937500000000005 0.559375 0.1625000000000001 0.559375
19 0.7203125 0.478515625 0.667578125 0.478515625 0.667578125 0.5171875 0.7203125 0.5171875
19 0.2671875000000001 0.440625 0.17187500000000006 0.440625 0.17187500000000006 0.559375 0.2671875000000001 0.559375
19 0.828125 0.47656250000000017 0.792578125 0.47656250000000017 0.792578125 0.5250000000000001 0.828125 0.5250000000000001
19 0.778125 0.4828125000000002 0.7296875 0.4828125000000002 0.7296875 0.5203125000000002 0.778125 0.5203125000000002
19 0.3593750000000001 0.442578125 0.2750000000000001 0.442578125 0.2750000000000001 0.559375 0.3593750000000001 0.559375
19 0.4515625 0.465625 0.37187500000000007 0.465625 0.37187500000000007 0.559375 0.4515625 0.559375
19 0.54375 0.47421875 0.44921875 0.47421875 0.44921875 0.5515625 0.54375 0.5515625
19 0.596875 0.49375 0.54375 0.49375 0.54375 0.5625 0.596875 0.5625
19 0.9328125 0.4832031250000002 0.86875 0.4832031250000002 0.86875 0.5718750000000001 0.9328125 0.5718750000000001
19 0.6578125 0.495703125 0.605078125 0.495703125 0.605078125 0.5609375 0.6578125 0.5609375
19 0.7109375 0.518359375 0.673046875 0.518359375 0.673046875 0.565625 0.7109375 0.565625
19 0.7703125 0.5191406250000001 0.7328125 0.5191406250000001 0.7328125 0.5656250000000002 0.7703125 0.5656250000000002
19 0.82421875 0.5183593750000002 0.7859375 0.5183593750000002 0.7859375 0.5656250000000002 0.82421875 0.5656250000000002