19 0.62421875 0.01406250000000007 0.5109375 0.014062500000000061 0.5109375 0.15703125000000007 0.62421875 0.1570312500000001
19 0.6351562500000002 0.8796875 0.5968750000000002 0.8796875 0.5968750000000002 0.9875 0.6351562500000002 0.9875
19 0.6835937500000002 0.8828125 0.6437500000000002 0.8828125 0.6437500000000002 0.9875 0.6835937500000002 0.9875
19 0.7335937500000002 0.8828125 0.6906250000000002 0.8828125 0.6906250000000002 0.9921875 0.7335937500000002 0.9921875
19 0.7820312500000002 0.8859375 0.7421875000000002 0.8859375 0.7421875000000002 0.990625 0.7820312500000002 0.990625
19 0.9046875 0.039062500000000104 0.828125 0.0390625000000001 0.828125 0.16171875000000008 0.9046875 0.16171875000000008
19 0.99296875 0.03906250000000012 0.9109375 0.03906250000000011 0.9109375 0.16406250000000014 0.99296875 0.16406250000000014
19 0.71328125 0.05937500000000008 0.6265625 0.05937500000000007 0.6265625 0.1625000000000001 0.71328125 0.1625000000000001
19 0.81171875 0.06875000000000009 0.721875 0.06875000000000009 0.721875 0.16406250000000008 0.81171875 0.16406250000000008
19 0.63203125 0.2062500000000001 0.55 0.2062500000000001 0.55 0.3609375000000001 0.63203125 0.3609375000000001
19 0.7203125 0.21093750000000008 0.6328125 0.21093750000000008 0.6328125 0.3656250000000001 0.7203125 0.3656250000000001
19 0.7828125 0.2390625000000001 0.725 0.2390625000000001 0.725 0.3703125000000001 0.7828125 0.3703125000000001
19 0.93046875 0.2515625000000001 0.8484375 0.2515625000000001 0.8484375 0.3703125000000001 0.93046875 0.3703125000000001
19 0.84453125 0.2765625000000001 0.7890625 0.2765625000000001 0.7890625 0.3687500000000001 0.84453125 0.3687500000000001
19 0.69375 0.434375 0.5828125 0.434375 0.5828125 0.5578125 0.69375 0.5578125
19 0.803125 0.4359375000000001 0.69375 0.4359375 0.69375 0.5593750000000001 0.803125 0.5593750000000002