19 0.902777778125 0.6442708328125002 0.878472221875 0.6442708328125002 0.878472221875 0.6640625000000002 0.902777778125 0.6640625000000002
19 0.925 0.6439236109375002 0.9060763890624999 0.6439236109375002 0.9060763890624999 0.6638888890625002 0.925 0.6638888890625002
19 0.9515625 0.6440972234375002 0.9302951390624999 0.6440972234375002 0.9302951390624999 0.6640625000000002 0.9515625 0.6640625000000002
19 0.980902778125 0.6457465265625002 0.956597221875 0.6457465265625002 0.956597221875 0.6683159718750001 0.980902778125 0.6683159718750001
19 1 0.6487847218750001 0.9834201390624999 0.6487847218750001 0.9834201390624999 0.6625000000000002 1 0.6625000000000002
19 0.890625 0.6671875000000002 0.8513888890624999 0.6671875000000002 0.8513888890624999 0.6949652781250002 0.890625 0.6949652781250002
19 0.821875 0.6618923593750001 0.7947916671875 0.6618923593750001 0.7947916671875 0.6984375000000002 0.821875 0.6984375000000002
19 0.659375 0.66163194375 0.6335937515625 0.66163194375 0.6335937515625 0.7015625 0.659375 0.7015625
19 0.696875 0.6672743046875 0.6578125 0.6672743046875 0.6578125 0.6953125 0.696875 0.6953125
19 0.603125 0.6662326375000001 0.5615451375 0.6662326375000001 0.5615451375 0.6953125 0.603125 0.6953125
19 0.6279513890625 0.661284721875 0.6001736109375 0.661284721875 0.6001736109375 0.7012152781250001 0.6279513890625 0.7012152781250001
19 0.73125 0.6671875 0.689583334375 0.6671875 0.689583334375 0.6937500000000001 0.73125 0.6937500000000002
19 0.8546875 0.6612847218750002 0.825 0.6612847218750002 0.825 0.7012152781250002 0.8546875 0.7012152781250002
19 0.56875 0.666753471875 0.5313368046875 0.666753471875 0.5313368046875 0.69375 0.56875 0.69375
19 0.7637152796875 0.6660590281250001 0.723784721875 0.6660590281250001 0.723784721875 0.6953125000000001 0.7637152796875 0.6953125000000002
19 0.7890625 0.6638020812500002 0.758420140625 0.6638020812500002 0.758420140625 0.7000000000000002 0.7890625 0.7000000000000002
19 0.9125 0.6738715281250002 0.8884548609375 0.6738715281250002 0.8884548609375 0.7000000000000002 0.9125 0.7000000000000002
19 0.9671875 0.6769965265625002 0.9470486109375 0.6769965265625002 0.9470486109375 0.6984375000000002 0.9671875 0.6984375000000002
19 0.940625 0.6770833328125001 0.918315971875 0.6770833328125001 0.918315971875 0.6984375000000002 0.940625 0.6984375000000002
19 0.996875 0.6794270812500002 0.9763020812500001 0.6794270812500002 0.9763020812500001 0.7000000000000002 0.996875 0.7000000000000002
19 0.7468750000000001 0.7244791656250001 0.7 0.724479165625 0.7000000000000001 0.7859375000000001 0.7468750000000002 0.7859375000000002
19 0.6984375 0.722135415625 0.6498263890625 0.722135415625 0.6498263890625001 0.7872395828125 0.6984375000000002 0.7872395828125
19 0.6031250000000001 0.726996528125 0.5362847234375001 0.726996528125 0.5362847234375001 0.7828125 0.6031250000000001 0.7828125
19 0.6481770843750001 0.725 0.5986979171875 0.725 0.5986979171875001 0.7875 0.6481770843750001 0.7875
19 1 0.7413194437500001 0.9538194437499999 0.7413194437500001 0.9538194437499999 0.7718750000000002 1 0.7718750000000002
19 0.859375 0.7256944437500001 0.80625 0.7256944437500001 0.80625 0.7899305562500002 0.859375 0.7899305562500002
19 0.9109375 0.7346354171875003 0.8651041656249999 0.7346354171875003 0.8651041656249999 0.7859375000000002 0.9109375 0.7859375000000002
19 0.80625 0.7336805562500002 0.7509548609375002 0.7336805562500002 0.7509548609375002 0.7875000000000002 0.80625 0.7875000000000002
19 0.965625 0.7308159734375002 0.9171875 0.7308159734375002 0.9171875 0.7890625000000002 0.965625 0.7890625000000002
19 0.803125 0.8196180546875 0.7466145828125001 0.8196180546875 0.7466145828125001 0.865625 0.803125 0.865625
19 0.853125 0.8176215265625 0.800434028125 0.8176215265625 0.800434028125 0.8671875 0.853125 0.8671875
19 0.7468750000000002 0.8140625 0.7015625000000002 0.8140625 0.7015625000000002 0.8734375 0.7468750000000002 0.8734375
19 0.9984375 0.819010415625 0.9654513890624999 0.819010415625 0.9654513890624999 0.8684895828125001 0.9984375 0.8684895828125001
19 0.9046875 0.819184028125 0.85625 0.819184028125 0.85625 0.8730034734375 0.9046875 0.8730034734375
19 0.6451388906250002 0.8213541671875 0.5913194453125001 0.8213541671875 0.5913194453125001 0.8703125 0.6451388906250002 0.8703125
19 0.9625 0.821527778125 0.916753471875 0.821527778125 0.916753471875 0.8734375 0.9625 0.8734375
19 0.6980034718750001 0.8208333343750001 0.6476562484375001 0.8208333343750001 0.6476562484375001 0.8734375 0.6980034718750001 0.8734375
19 0.5828125000000002 0.8288194437499999 0.5468750000000002 0.8288194437499999 0.5468750000000002 0.8826388890624999 0.5828125000000002 0.8826388890624999
19 0.7966145843750001 0.9219618046875 0.7549479171875002 0.9219618046875 0.7549479171875002 0.965625 0.7966145843750001 0.965625
19 0.7515625000000001 0.921875 0.7116319453125002 0.921875 0.7116319453125002 0.96875 0.7515625000000001 0.96875
19 0.6656250000000001 0.9240451390625 0.6247395828125002 0.9240451390625 0.6247395828125002 0.9671875 0.6656250000000001 0.9671875
19 0.7093750000000002 0.9236979171874999 0.6687500000000002 0.9236979171874999 0.6687500000000002 0.96875 0.7093750000000002 0.96875
19 0.6233506937500002 0.9256076390624999 0.5816840265625002 0.9256076390624999 0.5816840265625002 0.9703125 0.6233506937500002 0.9703125
19 0.98125 0.9330729171875 0.944270834375 0.9330729171875 0.944270834375 0.9608506953125 0.98125 0.9608506953125
19 0.9453125 0.9282118046875001 0.916840278125 0.9282118046875001 0.916840278125 0.9655381953125 0.9453125 0.9655381953125
19 0.9203125 0.933159721875 0.8838541671875 0.933159721875 0.8838541671875 0.9609375 0.9203125 0.9609375
19 0.9984375 0.93125 0.97890625 0.93125 0.97890625 0.9671875 0.9984375 0.9671875
19 0.8515625 0.928125 0.8251736109375001 0.928125 0.8251736109375001 0.9671875 0.8515625 0.9671875
19 0.8890625 0.9345486109375001 0.8537326390625 0.9345486109375001 0.8537326390625 0.9623263906249999 0.8890625 0.9623263906249999
19 0.821875 0.93125 0.7968750000000002 0.93125 0.7968750000000002 0.9671875 0.821875 0.9671875
19 0.5806423609375002 0.930815971875 0.5381076375000002 0.930815971875 0.5381076375000002 0.96875 0.5806423609375002 0.96875
19 0.9390625 0.5375000000000002 0.8685763890624999 0.5375000000000002 0.8685763890624999 0.5781250000000002 0.9390625 0.5781250000000002
19 1 0.5487847218750002 0.9552083328125001 0.5487847218750002 0.9552083328125001 0.5671875000000002 1 0.5671875000000002
19 0.9890625 0.5361979171875002 0.9208333328125 0.5361979171875002 0.9208333328125 0.5781250000000002 0.9890625 0.5781250000000002
19 0.784375 0.5379340265625001 0.7176215296875 0.5379340265625 0.7176215296875 0.58125 0.784375 0.5812500000000002
19 0.8375 0.5391493046875002 0.7679687515625 0.5391493046875002 0.7679687515625 0.5796875000000001 0.8375 0.5796875000000001
19 0.8734375 0.5240451406250002 0.8321180546875 0.5240451406250002 0.8321180546875 0.5937500000000002 0.8734375 0.5937500000000002