19 0.11171875000000005 0.2328125 0.031250000000000035 0.2328125 0.03125000000000004 0.3203125 0.11171875000000005 0.3203125
19 0.19531250000000006 0.2484375 0.11562500000000005 0.2484375 0.11562500000000005 0.32265625 0.19531250000000006 0.32265625
19 0.28046875 0.253125 0.20625 0.253125 0.20625 0.32265625 0.28046875 0.32265625
19 0.325 0.2703125 0.2828125 0.2703125 0.2828125 0.32421875 0.325 0.32421875
19 0.87109375 0.2875000000000001 0.8109375 0.2875000000000001 0.8109375 0.3460937500000001 0.87109375 0.3460937500000001
19 0.80546875 0.29375000000000007 0.7671875 0.29375000000000007 0.7671875 0.34453125000000007 0.80546875 0.34453125000000007
19 0.7578125 0.3140625000000001 0.721875 0.3140625000000001 0.721875 0.3429687500000001 0.7578125 0.3429687500000001
19 0.14921875000000004 0.375 0.10937500000000004 0.375 0.10937500000000004 0.43359375 0.14921875000000004 0.43359375
19 0.10625000000000004 0.375 0.06875000000000005 0.375 0.06875000000000005 0.4328125 0.10625000000000004 0.4328125
19 0.6078125 0.37187500000000007 0.5546875 0.37187500000000007 0.5546875 0.4453125 0.6078125 0.4453125
19 0.66328125 0.3734375000000001 0.609375 0.3734375000000001 0.609375 0.4453125 0.66328125 0.4453125
19 0.71484375 0.3734375000000001 0.6640625 0.3734375000000001 0.6640625 0.44453125 0.71484375 0.44453125
19 0.52109375 0.4765625 0.4609375 0.4765625 0.4609375 0.5640625 0.52109375 0.5640625
19 0.584375 0.475 0.5234375 0.475 0.5234375 0.56484375 0.584375 0.56484375