19 0.10000000000000002 0.1609375 0.057812500000000024 0.1609375 0.057812500000000024 0.2234375 0.10000000000000005 0.2234375
19 0.04687500000000002 0.163671875 0.0035156250000000196 0.163671875 0.0035156250000000235 0.2234375 0.04687500000000002 0.2234375
19 0.6796875 0.2765625000000001 0.626953125 0.2765625000000001 0.626953125 0.3812500000000001 0.6796875 0.3812500000000001
19 0.740625 0.2777343750000001 0.6890625 0.2777343750000001 0.6890625 0.3828125000000001 0.740625 0.3828125000000001
19 0.8125 0.3148437500000001 0.751171875 0.3148437500000001 0.751171875 0.3859375000000001 0.8125 0.3859375000000001
19 0.8921875 0.3187500000000001 0.83125 0.3187500000000001 0.83125 0.3859375000000001 0.8921875 0.3859375000000001
19 0.9734375 0.32500000000000007 0.9046875 0.32500000000000007 0.9046875 0.3812500000000001 0.9734375 0.3812500000000001
19 0.3140625000000001 0.411328125 0.2292968750000001 0.411328125 0.2292968750000001 0.5 0.3140625000000001 0.5
19 0.2234375000000001 0.4109375 0.14062500000000006 0.4109375 0.14062500000000006 0.5 0.2234375000000001 0.5
19 0.12812500000000004 0.42109375 0.04960937500000005 0.42109375 0.04960937500000006 0.5046875 0.12812500000000004 0.5046875
19 0.409375 0.4203125 0.3183593750000001 0.4203125 0.3183593750000001 0.5046875 0.409375 0.5046875
19 0.69375 0.437890625 0.6421875 0.437890625 0.6421875 0.5109375 0.69375 0.5109375
19 0.7546875 0.4410156250000001 0.7015625 0.441015625 0.7015625 0.5109375 0.7546875 0.5109375000000002
19 0.8265625 0.4519531250000002 0.75234375 0.4519531250000002 0.75234375 0.5031250000000002 0.8265625 0.5031250000000002
19 0.884375 0.4515625000000002 0.8125 0.4515625000000002 0.8125 0.5046875000000002 0.884375 0.5046875000000002
19 0.9453125 0.4539062500000002 0.873046875 0.4539062500000002 0.873046875 0.5078125000000002 0.9453125 0.5078125000000002
19 0.4796875 0.458984375 0.4265625 0.458984375 0.4265625 0.5 0.4796875 0.5
19 0.578125 0.4625 0.525390625 0.4625 0.525390625 0.5 0.578125 0.5
19 0.628125 0.452734375 0.5859375 0.452734375 0.5859375 0.5078125 0.628125 0.5078125
19 0.525 0.4546875 0.478125 0.4546875 0.478125 0.509375 0.525 0.509375
19 0.9203125 0.7125000000000001 0.887109375 0.7125000000000001 0.887109375 0.7453125000000002 0.9203125 0.7453125000000002
19 0.878125 0.7093750000000002 0.848046875 0.7093750000000002 0.848046875 0.7492187500000002 0.878125 0.7492187500000002
19 0.8671875 0.7437500000000001 0.837109375 0.7437500000000001 0.837109375 0.7828125000000001 0.8671875 0.7828125000000001
19 0.9234375 0.7484375000000002 0.8765625 0.7484375000000002 0.8765625 0.7796875000000002 0.9234375 0.7796875000000002
19 0.9234375 0.872265625 0.8578125 0.872265625 0.8578125 0.934375 0.9234375 0.934375
19 0.853125 0.878125 0.7906250000000001 0.878125 0.7906250000000001 0.9375 0.853125 0.9375