19 0.6927083328125001 0.8229166671874999 0.6206597218750002 0.8229166671874999 0.6206597218750002 0.925347221875 0.6927083328125001 0.925347221875
19 0.5312500000000002 0.824652778125 0.4618055562500002 0.824652778125 0.4618055562500002 0.9270833328125001 0.5312500000000002 0.9270833328125001
19 0.3750000000000001 0.824652778125 0.2977430562500001 0.824652778125 0.2977430562500001 0.9270833328125001 0.3750000000000001 0.9270833328125001
19 0.2934027781250001 0.824652778125 0.21093750000000008 0.824652778125 0.21093750000000008 0.9288194437499999 0.2934027781250001 0.9288194437499999
19 0.4496527781250002 0.824652778125 0.3819444437500001 0.824652778125 0.3819444437500001 0.9288194437499999 0.4496527781250002 0.9288194437499999
19 0.6163194437500001 0.8229166671874999 0.5425347218750002 0.8229166671874999 0.5425347218750002 0.9314236109375 0.6163194437500001 0.9314236109375
19 0.940972221875 0.33159722187500007 0.8463541671874999 0.33159722187500007 0.8463541671874999 0.44531250000000017 0.940972221875 0.44531250000000017
19 0.19965277812500004 0.34027777812500004 0.11024305625000004 0.34027777812500004 0.11024305625000004 0.45225694375 0.19965277812500004 0.45225694375
19 0.840277778125 0.3506944437500001 0.7508680562500001 0.3506944437500001 0.7508680562500001 0.44791666718750023 0.840277778125 0.44791666718750023
19 0.737847221875 0.3506944437500001 0.6493055562500001 0.3506944437500001 0.6493055562500001 0.4479166671875001 0.737847221875 0.44791666718750023
19 0.28993055625 0.359375 0.2109375 0.359375 0.21093750000000006 0.44878472187499996 0.2899305562500001 0.44878472187499996
19 0.581597221875 0.3645833328125001 0.49913194375 0.3645833328125001 0.49913194375 0.44965277812500004 0.581597221875 0.44965277812500004
19 0.6458333328125 0.37847222187500007 0.589409721875 0.37847222187500007 0.589409721875 0.44965277812500004 0.6458333328125 0.44965277812500004
19 0.3836805562500001 0.3732638890625001 0.2986111109375001 0.3732638890625 0.2986111109375001 0.45225694375 0.3836805562500001 0.45225694375
19 0.484375 0.3732638890625001 0.39322916718750006 0.3732638890625001 0.39322916718750006 0.4548611109375 0.484375 0.4548611109375
19 0.8020833328125001 0.5138888890625002 0.754340278125 0.5138888890625002 0.754340278125 0.5807291671875002 0.8020833328125001 0.5807291671875002
19 0.6892361109375 0.5208333328125 0.6414930562500001 0.5208333328125 0.6414930562500001 0.5850694437499999 0.6892361109375 0.5850694437499999
19 0.6354166671875 0.5208333328125 0.5885416671875 0.5208333328125 0.5885416671875 0.5833333328125 0.6354166671875 0.5833333328125
19 0.7447916671875 0.5156250000000001 0.6970486109375 0.515625 0.6970486109375 0.5807291671875001 0.7447916671875 0.5807291671875002
19 0.855902778125 0.5659722218750002 0.8142361109375 0.5659722218750002 0.8142361109375 0.6076388890625002 0.855902778125 0.6076388890625002
19 0.9583333328125001 0.5711805562500002 0.9079861109375 0.5711805562500002 0.9079861109375 0.6137152781250002 0.9583333328125001 0.6137152781250002
19 0.90625 0.5677083328125001 0.8619791671874999 0.5677083328125001 0.8619791671874999 0.6119791671875002 0.90625 0.6119791671875002
19 0.4479166671875 0.559027778125 0.3715277781250001 0.559027778125 0.3715277781250001 0.6736111109375 0.4479166671875 0.6736111109375
19 0.3680555562500001 0.5607638890625 0.2881944437500001 0.5607638890625 0.2881944437500001 0.675347221875 0.3680555562500001 0.675347221875
19 0.18750000000000008 0.559027778125 0.11371527812500008 0.559027778125 0.11371527812500008 0.6779513890625 0.18750000000000008 0.6779513890625
19 0.2777777781250001 0.5625 0.2005208328125001 0.5625 0.2005208328125001 0.6788194437499999 0.2777777781250001 0.6788194437499999
19 0.5885416671875 0.5833333328125 0.5260416671875 0.5833333328125 0.5260416671875 0.6727430562500001 0.5885416671875 0.6727430562500001
19 0.519097221875 0.5798611109375 0.45225694375 0.5798611109375 0.45225694375 0.6744791671875 0.519097221875 0.6744791671875
19 0.7673611109375 0.6041666671875001 0.7135416671875 0.6041666671875 0.7135416671875 0.6753472218750001 0.7673611109375 0.6753472218750002
19 0.6458333328125 0.6041666671875 0.598090278125 0.6041666671875 0.598090278125 0.671875 0.6458333328125 0.671875
19 0.706597221875 0.6041666671875 0.651909721875 0.6041666671875 0.651909721875 0.6736111109375 0.706597221875 0.6736111109375
19 0.824652778125 0.6059027781250002 0.776909721875 0.6059027781250002 0.776909721875 0.6753472218750002 0.824652778125 0.6753472218750002
19 0.9791666671874999 0.6302083328125001 0.9296875 0.6302083328125001 0.9296875 0.6744791671875002 0.9791666671874999 0.6744791671875002
19 0.9236111109375 0.6284722218750002 0.8758680562500001 0.6284722218750002 0.8758680562500001 0.6710069437500001 0.9236111109375 0.6710069437500001
19 0.875 0.6284722218750002 0.8272569437499999 0.6284722218750002 0.8272569437499999 0.6710069437500001 0.875 0.6710069437500001