19 0.765625 0.2218750000000001 0.712890625 0.2218750000000001 0.712890625 0.2562500000000001 0.765625 0.2562500000000001
19 0.7203125 0.21250000000000008 0.690625 0.21250000000000008 0.690625 0.2656250000000001 0.7203125 0.2656250000000001
19 0.659375 0.22226562500000008 0.6046875 0.22226562500000008 0.6046875 0.25468750000000007 0.659375 0.25468750000000007
19 0.69375 0.2250000000000001 0.6421875 0.2250000000000001 0.6421875 0.25468750000000007 0.69375 0.25468750000000007
19 0.7609375 0.32109375000000007 0.73671875 0.32109375000000007 0.73671875 0.3500000000000001 0.7609375 0.3500000000000001
19 0.728125 0.3246093750000001 0.696875 0.3246093750000001 0.696875 0.34843750000000007 0.728125 0.34843750000000007
19 0.28125000000000006 0.312109375 0.213671875 0.312109375 0.21367187500000004 0.3703125 0.2812500000000001 0.3703125
19 0.4125 0.312109375 0.339453125 0.312109375 0.339453125 0.37031250000000004 0.4125 0.3703125000000001
19 0.22500000000000003 0.309375 0.15351562500000004 0.309375 0.15351562500000004 0.375 0.2250000000000001 0.375
19 0.34843750000000007 0.31171875 0.27734375 0.31171875 0.27734375000000006 0.375 0.34843750000000007 0.375
19 0.553125 0.3125000000000001 0.50625 0.3125000000000001 0.50625 0.3812500000000001 0.553125 0.3812500000000001
19 0.5109375 0.3207031250000001 0.446484375 0.3207031250000001 0.446484375 0.3687500000000001 0.5109375 0.3687500000000001
19 0.465625 0.32695312500000007 0.400390625 0.32695312500000007 0.400390625 0.36992187500000007 0.465625 0.36992187500000007
19 0.69375 0.3253906250000001 0.6421875 0.3253906250000001 0.6421875 0.3781250000000001 0.69375 0.3781250000000001
19 0.6296875 0.3300781250000001 0.597265625 0.3300781250000001 0.597265625 0.37968750000000007 0.6296875 0.37968750000000007
19 0.596875 0.3382812500000001 0.549609375 0.3382812500000001 0.549609375 0.37187500000000007 0.596875 0.37187500000000007
19 0.725 0.3507812500000001 0.696484375 0.3507812500000001 0.696484375 0.3781250000000001 0.725 0.3781250000000001
19 0.759375 0.3488281250000001 0.7328125 0.3488281250000001 0.7328125 0.3781250000000001 0.759375 0.3781250000000001
19 0.453125 0.420703125 0.3792968750000001 0.420703125 0.3792968750000001 0.484375 0.453125 0.484375
19 0.3859375000000001 0.421875 0.3136718750000001 0.421875 0.3136718750000001 0.48828125 0.3859375000000001 0.48828125
19 0.3187500000000001 0.4171875 0.25468750000000007 0.4171875 0.25468750000000007 0.490625 0.3187500000000001 0.490625
19 0.2484375000000001 0.41875 0.18476562500000004 0.41875 0.18476562500000004 0.4921875 0.2484375000000001 0.4921875
19 0.5828125 0.42734375 0.515234375 0.42734375 0.515234375 0.484375 0.5828125 0.484375
19 0.5109375 0.421875 0.452734375 0.421875 0.452734375 0.490625 0.5109375 0.490625
19 0.6421875 0.4296875 0.584765625 0.4296875 0.584765625 0.4921875 0.6421875 0.4921875
19 0.7234375 0.4421875 0.683984375 0.4421875 0.683984375 0.490625 0.7234375 0.490625
19 0.76875 0.4492187500000001 0.721484375 0.44921875 0.721484375 0.4828125000000001 0.76875 0.4828125000000002
19 0.6890625 0.4484375 0.6421875 0.4484375 0.6421875 0.4859375 0.6890625 0.4859375