19 0.2203125 0.2359375 0.17968750000000006 0.2359375 0.17968750000000006 0.3 0.2203125 0.3
19 0.2765625 0.24921875 0.214453125 0.24921875 0.214453125 0.2875 0.2765625 0.2875
19 0.17656250000000004 0.2359375 0.13593750000000004 0.2359375 0.13593750000000004 0.3 0.17656250000000004 0.3
19 0.30625 0.2359375 0.26875 0.2359375 0.26875 0.3 0.30625 0.3
19 0.14218750000000005 0.29453125 0.055859375000000044 0.29453125 0.055859375000000044 0.34375 0.14218750000000005 0.34375
19 0.37187500000000007 0.26562500000000006 0.30625 0.265625 0.30625 0.36875 0.37187500000000007 0.3687500000000001
19 0.44375 0.2980468750000001 0.364453125 0.2980468750000001 0.364453125 0.35625000000000007 0.44375 0.35625000000000007
19 0.5015625 0.3000000000000001 0.422265625 0.3000000000000001 0.422265625 0.3578125000000001 0.5015625 0.3578125000000001
19 0.16406250000000006 0.3015625 0.12539062500000003 0.3015625 0.12539062500000003 0.3625 0.16406250000000006 0.3625
19 0.21406250000000004 0.303125 0.17343750000000005 0.303125 0.17343750000000005 0.3640625 0.2140625000000001 0.3640625
19 0.265625 0.31484375 0.20546875 0.31484375 0.20546875 0.3546875 0.265625 0.3546875
19 0.30000000000000004 0.3046875 0.25625 0.3046875 0.25625000000000003 0.365625 0.3000000000000001 0.365625
19 0.55 0.3175781250000001 0.491015625 0.3175781250000001 0.491015625 0.3609375000000001 0.55 0.3609375000000001
19 0.5953125 0.3187500000000001 0.537890625 0.3187500000000001 0.537890625 0.3609375000000001 0.5953125 0.3609375000000001
19 0.6375 0.3121093750000001 0.594140625 0.3121093750000001 0.594140625 0.3703125000000001 0.6375 0.3703125000000001
19 0.6828125 0.3144531250000001 0.638671875 0.3144531250000001 0.638671875 0.3687500000000001 0.6828125 0.3687500000000001
19 0.784375 0.4046875000000002 0.7421875 0.4046875000000002 0.7421875 0.44531250000000017 0.784375 0.44531250000000017
19 0.734375 0.4066406250000001 0.6953125 0.406640625 0.6953125 0.44218750000000007 0.734375 0.4421875000000002
19 0.8265625 0.40625000000000017 0.7890625 0.40625000000000017 0.7890625 0.4468750000000002 0.8265625 0.4468750000000002
19 0.06406250000000005 0.4359375 5.338694640032993e-17 0.4359375 5.558748361754783e-17 0.471875 0.06406250000000006 0.471875
19 0.07812500000000006 0.4140625 0.04375000000000005 0.4140625 0.04375000000000005 0.49375 0.07812500000000007 0.49375
19 0.14062500000000006 0.43828125 0.05898437500000005 0.43828125 0.058984375000000054 0.4734375 0.14062500000000006 0.4734375
19 0.2171875000000001 0.434765625 0.13515625000000003 0.434765625 0.13515625000000003 0.475 0.2171875000000001 0.475
19 0.17812500000000003 0.438671875 0.09414062500000005 0.438671875 0.09414062500000006 0.4765625 0.17812500000000003 0.4765625
19 0.2515625000000001 0.43984375 0.17265625000000004 0.43984375 0.17265625000000004 0.4765625 0.2515625000000001 0.4765625
19 0.5390625 0.416015625 0.470703125 0.416015625 0.470703125 0.5015625 0.5390625 0.5015625
19 0.6234375 0.42578125 0.535546875 0.42578125 0.535546875 0.4953125 0.6234375 0.4953125
19 0.6953125 0.41875 0.6234375 0.41875 0.6234375 0.50625 0.6953125 0.50625
19 0.4078125 0.4265625 0.3500000000000001 0.4265625 0.3500000000000001 0.4984375 0.4078125 0.4984375
19 0.3593750000000001 0.437109375 0.28593750000000007 0.437109375 0.28593750000000007 0.4890625 0.3593750000000001 0.4890625
19 0.2875000000000001 0.427734375 0.2347656250000001 0.427734375 0.2347656250000001 0.5015625 0.2875000000000001 0.5015625
19 0.471875 0.436328125 0.4015625 0.436328125 0.4015625 0.49375 0.471875 0.49375
19 0.90625 0.4351562500000002 0.83046875 0.4351562500000002 0.83046875 0.5062500000000002 0.90625 0.5062500000000002
19 0.9859375 0.43750000000000017 0.910546875 0.43750000000000017 0.910546875 0.5093750000000001 0.9859375 0.5093750000000001
19 0.8265625 0.44531250000000017 0.783984375 0.44531250000000017 0.783984375 0.5062500000000002 0.8265625 0.5062500000000002
19 0.7796875 0.44531250000000017 0.737109375 0.44531250000000017 0.737109375 0.5062500000000002 0.7796875 0.5062500000000002
19 0.746875 0.4570312500000001 0.68515625 0.45703125 0.68515625 0.4984375000000001 0.746875 0.4984375000000002
19 0.553125 0.53359375 0.52890625 0.53359375 0.52890625 0.565625 0.553125 0.565625
19 0.63125 0.5375 0.598828125 0.5375 0.598828125 0.5625 0.63125 0.5625
19 0.5921875 0.534765625 0.56875 0.534765625 0.56875 0.5671875 0.5921875 0.5671875
19 0.08906250000000007 0.534375 0.030859375000000067 0.534375 0.030859375000000067 0.575 0.08906250000000007 0.575
19 0.21093750000000008 0.5359375 0.15312500000000004 0.5359375 0.15312500000000007 0.5765625 0.21093750000000008 0.5765625
19 0.14218750000000008 0.526953125 0.10000000000000005 0.526953125 0.10000000000000006 0.584375 0.14218750000000008 0.584375
19 0.3359375000000001 0.5359375 0.2816406250000001 0.5359375 0.2816406250000001 0.5765625 0.3359375000000001 0.5765625
19 0.2656250000000001 0.528125 0.22617187500000008 0.528125 0.22617187500000008 0.5859375 0.2656250000000001 0.5859375
19 0.5609375 0.56640625 0.52890625 0.56640625 0.52890625 0.603125 0.5609375 0.603125
19 0.5984375 0.571875 0.564453125 0.571875 0.564453125 0.6015625 0.5984375 0.6015625
19 0.634375 0.5734375 0.601953125 0.5734375 0.601953125 0.6 0.634375 0.6
19 0.70625 0.565625 0.6375 0.565625 0.6375 0.6484375 0.70625 0.6484375
19 0.8609375 0.5750000000000002 0.776953125 0.5750000000000002 0.776953125 0.6406250000000002 0.8609375 0.6406250000000002
19 0.7796875 0.5671875000000001 0.7125 0.5671875 0.7125 0.6468750000000001 0.7796875 0.6468750000000002
19 0.1515625000000001 0.5796875 0.08750000000000006 0.5796875 0.08750000000000008 0.640625 0.1515625000000001 0.640625
19 0.9234375 0.5699218750000001 0.8625 0.5699218750000001 0.8625 0.6515625000000002 0.9234375 0.6515625000000002
19 0.2171875000000001 0.580078125 0.15820312500000008 0.580078125 0.15820312500000008 0.6390625 0.2171875000000001 0.6390625
19 0.08437500000000007 0.578515625 0.020312500000000074 0.578515625 0.020312500000000074 0.6421875 0.08437500000000009 0.6421875
19 0.2750000000000001 0.5828125 0.2253906250000001 0.5828125 0.2253906250000001 0.640625 0.2750000000000001 0.640625
19 0.4015625 0.58359375 0.33867187500000007 0.58359375 0.33867187500000007 0.6421875 0.4015625 0.6421875
19 0.521875 0.58125 0.465625 0.58125 0.465625 0.6453125 0.521875 0.6453125
19 0.3375000000000001 0.5828125 0.2796875000000001 0.5828125 0.2796875000000001 0.646875 0.3375000000000001 0.646875
19 0.4609375 0.5828125 0.4078125 0.5828125 0.4078125 0.646875 0.4609375 0.646875
19 0.5625 0.6109375 0.528125 0.6109375 0.528125 0.64375 0.5625 0.64375
19 0.6015625 0.612109375 0.569140625 0.612109375 0.569140625 0.6453125 0.6015625 0.6453125
19 0.6359375 0.612109375 0.601171875 0.612109375 0.601171875 0.6453125 0.6359375 0.6453125