19 0.64375 0.3003906250000001 0.59375 0.3003906250000001 0.59375 0.3578125000000001 0.64375 0.3578125000000001
19 0.740625 0.3066406250000001 0.686328125 0.3066406250000001 0.686328125 0.3511718750000001 0.740625 0.3511718750000001
19 0.690625 0.30156250000000007 0.6453125 0.30156250000000007 0.6453125 0.3578125000000001 0.690625 0.3578125000000001
19 0.475 0.31718750000000007 0.409375 0.31718750000000007 0.409375 0.415625 0.475 0.415625
19 1 0.3566406250000001 0.932421875 0.3566406250000001 0.932421875 0.3984375000000001 1 0.3984375000000001
19 0.54375 0.3500000000000001 0.464453125 0.3500000000000001 0.464453125 0.4078125 0.54375 0.4078125
19 0.9 0.3375000000000001 0.858203125 0.3375000000000001 0.858203125 0.42187500000000017 0.9 0.42187500000000017
19 0.59375 0.34062500000000007 0.5359375 0.34062500000000007 0.5359375 0.4203125 0.59375 0.4203125
19 0.96640625 0.3589843750000001 0.884375 0.3589843750000001 0.884375 0.4000000000000002 0.96640625 0.4000000000000002
19 0.8 0.3535156250000001 0.724609375 0.3535156250000001 0.724609375 0.4062500000000001 0.8 0.40625000000000017
19 0.8453125 0.3441406250000001 0.791796875 0.3441406250000001 0.791796875 0.4187500000000002 0.8453125 0.4187500000000002
19 0.690625 0.36796875000000007 0.633203125 0.36796875000000007 0.633203125 0.4109375 0.690625 0.4109375
19 0.6390625 0.3609375000000001 0.5921875 0.3609375000000001 0.5921875 0.4171875 0.6390625 0.4171875
19 0.734375 0.3609375000000001 0.6859375 0.3609375000000001 0.6859375 0.4171875000000001 0.734375 0.41718750000000016
19 0.7578125 0.4503906250000001 0.723828125 0.450390625 0.723828125 0.4875000000000001 0.7578125 0.48750000000000016
19 0.80625 0.45039062500000016 0.771875 0.45039062500000016 0.771875 0.4906250000000002 0.80625 0.4906250000000002
19 0.85 0.4515625000000002 0.815625 0.4515625000000002 0.815625 0.4890625000000002 0.85 0.4890625000000002
19 0.9 0.4515625000000002 0.859375 0.4515625000000002 0.859375 0.4890625000000002 0.9 0.4890625000000002
19 0.9421875 0.45507812500000017 0.905078125 0.45507812500000017 0.905078125 0.4890625000000002 0.9421875 0.4890625000000002
19 0.05468750000000007 0.4640625 0.001953125000000057 0.4640625 0.0019531250000000616 0.5375 0.05468750000000007 0.5375
19 0.5765625 0.46796875 0.49296875 0.46796875 0.49296875 0.534375 0.5765625 0.534375
19 0.13593750000000004 0.4671875 0.06406250000000006 0.4671875 0.06406250000000006 0.5390625 0.13593750000000004 0.5390625
19 0.65 0.469140625 0.565234375 0.469140625 0.565234375 0.5375 0.65 0.5375
19 0.3843750000000001 0.4671875 0.3578125000000001 0.4671875 0.3578125000000001 0.54375 0.3843750000000001 0.54375
19 0.4453125 0.4890625 0.36601562500000007 0.4890625 0.36601562500000007 0.521875 0.4453125 0.521875
19 0.5171875 0.4890625 0.4390625 0.4890625 0.4390625 0.5203125 0.5171875 0.5203125
19 0.459375 0.4671875 0.425390625 0.4671875 0.425390625 0.5453125 0.459375 0.5453125
19 0.723046875 0.471484375 0.642578125 0.471484375 0.642578125 0.540625 0.723046875 0.540625
19 0.30937500000000007 0.487890625 0.2718750000000001 0.487890625 0.2718750000000001 0.540625 0.30937500000000007 0.540625
19 0.2750000000000001 0.495703125 0.22031250000000008 0.495703125 0.22031250000000008 0.53125 0.2750000000000001 0.53125
19 0.3500000000000001 0.488671875 0.3140625000000001 0.488671875 0.3140625000000001 0.5390625 0.3500000000000001 0.5390625
19 0.7578125 0.4972656250000001 0.719921875 0.497265625 0.719921875 0.55 0.7578125 0.5500000000000002
19 0.853125 0.49726562500000016 0.8125 0.49726562500000016 0.8125 0.5515625000000002 0.853125 0.5515625000000002
19 0.8109375 0.5039062500000002 0.75859375 0.5039062500000002 0.75859375 0.5453125000000002 0.8109375 0.5453125000000002
19 0.9015625 0.4984375000000002 0.858984375 0.4984375000000002 0.858984375 0.5515625000000002 0.9015625 0.5515625000000002
19 0.953125 0.5054687500000001 0.901171875 0.5054687500000001 0.901171875 0.5437500000000002 0.953125 0.5437500000000002
19 0.896875 0.6171875000000002 0.8703125 0.6171875000000002 0.8703125 0.6468750000000002 0.896875 0.6468750000000002
19 0.8640625 0.6222656250000002 0.8390625 0.6222656250000002 0.8390625 0.6453125000000002 0.8640625 0.6453125000000002
19 0.9375 0.6203125000000002 0.9078125 0.6203125000000002 0.9078125 0.6468750000000002 0.9375 0.6468750000000002
19 0.1359375000000001 0.598046875 0.06406250000000006 0.598046875 0.06406250000000008 0.6796875 0.1359375000000001 0.6796875
19 0.20468750000000008 0.603125 0.1394531250000001 0.603125 0.1394531250000001 0.68125 0.20468750000000008 0.68125
19 0.2765625000000001 0.603125 0.2093750000000001 0.603125 0.2093750000000001 0.6828125 0.2765625000000001 0.6828125
19 0.3531250000000001 0.6078125 0.2714843750000001 0.6078125 0.2714843750000001 0.6765625 0.3531250000000001 0.6765625
19 0.4734375 0.625 0.409375 0.625 0.409375 0.6828125 0.4734375 0.6828125
19 0.409375 0.622265625 0.3500000000000001 0.622265625 0.3500000000000001 0.6859375 0.409375 0.6859375
19 0.53046875 0.627734375 0.4703125 0.627734375 0.4703125 0.684375 0.53046875 0.684375
19 0.5890625 0.62890625 0.527734375 0.62890625 0.527734375 0.6859375 0.5890625 0.6859375
19 0.7109375 0.628125 0.6546875 0.628125 0.6546875 0.6890625 0.7109375 0.6890625
19 0.6515625 0.6296875 0.590625 0.6296875 0.590625 0.690625 0.6515625 0.690625
19 0.775 0.6312500000000001 0.707421875 0.63125 0.707421875 0.6898437500000001 0.775 0.6898437500000002
19 0.834375 0.6335937500000002 0.771484375 0.6335937500000002 0.771484375 0.6937500000000002 0.834375 0.6937500000000002
19 0.9015625 0.6636718750000001 0.875 0.6636718750000001 0.875 0.6906250000000002 0.9015625 0.6906250000000002
19 0.9453125 0.6652343750000002 0.910546875 0.6652343750000002 0.910546875 0.6921875000000002 0.9453125 0.6921875000000002
19 0.8625 0.6648437500000002 0.837890625 0.6648437500000002 0.837890625 0.6937500000000002 0.8625 0.6937500000000002