19 0.2734375000000001 0.720703125 0.2296875000000001 0.720703125 0.2296875000000001 0.7421875 0.2734375000000001 0.7421875
19 0.2875000000000001 0.7109375 0.2656250000000001 0.7109375 0.2656250000000001 0.753125 0.2875000000000001 0.753125
19 0.3125000000000001 0.7140625 0.2906250000000001 0.7140625 0.2906250000000001 0.75625 0.3125000000000001 0.75625
19 0.4078125000000001 0.719921875 0.3664062500000001 0.719921875 0.3664062500000001 0.74375 0.4078125000000002 0.74375
19 0.3500000000000001 0.7203125 0.3097656250000001 0.7203125 0.3097656250000001 0.7484375 0.3500000000000001 0.7484375
19 0.3687500000000001 0.7140625 0.3453125000000001 0.7140625 0.3453125000000001 0.7546875 0.3687500000000001 0.7546875
19 0.4375000000000001 0.721875 0.39531250000000007 0.721875 0.39531250000000007 0.7484375 0.43750000000000017 0.7484375
19 0.2687500000000001 0.819140625 0.2468750000000001 0.819140625 0.2468750000000001 0.840625 0.2687500000000001 0.840625
19 0.2921875000000001 0.82421875 0.2714843750000001 0.82421875 0.2714843750000001 0.840625 0.2921875000000001 0.840625
19 0.5375000000000002 0.83046875 0.48554687500000016 0.83046875 0.48554687500000016 0.8734375 0.5375000000000002 0.8734375
19 0.4390625000000002 0.828515625 0.3996093750000001 0.828515625 0.3996093750000001 0.878125 0.4390625000000002 0.878125
19 0.3968750000000001 0.828515625 0.3578125000000001 0.828515625 0.3578125000000001 0.8765625 0.3968750000000001 0.8765625
19 0.4890625000000002 0.83125 0.4437500000000002 0.83125 0.4437500000000002 0.8796875 0.4890625000000002 0.8796875
19 0.2671875000000001 0.856640625 0.24570312500000008 0.856640625 0.24570312500000008 0.8796875 0.2671875000000001 0.8796875
19 0.2953125000000001 0.8578125 0.2714843750000001 0.8578125 0.2714843750000001 0.8796875 0.2953125000000001 0.8796875
19 0.2703125 0.2046875 0.21875 0.2046875 0.21875 0.29375 0.2703125 0.29375
19 0.6921875 0.21250000000000008 0.644140625 0.21250000000000008 0.644140625 0.2921875000000001 0.6921875 0.2921875000000001
19 0.3921875 0.22656250000000006 0.308203125 0.2265625 0.308203125 0.27656250000000004 0.3921875 0.2765625000000001
19 0.7453125 0.21093750000000008 0.694921875 0.21093750000000008 0.694921875 0.29375000000000007 0.7453125 0.29375000000000007
19 0.809375 0.23046875000000008 0.727734375 0.23046875000000008 0.727734375 0.2734375000000001 0.809375 0.2734375000000001
19 0.65625 0.2269531250000001 0.5765625 0.2269531250000001 0.5765625 0.27812500000000007 0.65625 0.27812500000000007
19 0.5984375 0.23007812500000008 0.52421875 0.23007812500000008 0.52421875 0.2750000000000001 0.5984375 0.2750000000000001
19 0.3234375 0.212890625 0.273046875 0.212890625 0.273046875 0.29375 0.3234375 0.29375
19 0.4921875 0.2292968750000001 0.417578125 0.2292968750000001 0.417578125 0.2796875000000001 0.4921875 0.2796875000000001
19 0.5453125 0.23046875000000008 0.474609375 0.23046875000000008 0.474609375 0.27812500000000007 0.5453125 0.27812500000000007
19 0.4265625 0.2156250000000001 0.377734375 0.2156250000000001 0.377734375 0.29375000000000007 0.4265625 0.29375000000000007
19 0.36406250000000007 0.35468750000000004 0.2796875 0.3546875 0.27968750000000003 0.39531250000000007 0.36406250000000007 0.39531250000000007
19 0.38906250000000003 0.33437500000000003 0.346875 0.334375 0.34687500000000004 0.41875 0.3890625000000001 0.41875
19 0.709375 0.3644531250000001 0.6453125 0.3644531250000001 0.6453125 0.4 0.709375 0.4
19 0.59765625 0.3636718750000001 0.53125 0.3636718750000001 0.53125 0.3984375000000001 0.59765625 0.3984375000000001
19 0.784375 0.36406250000000007 0.7203125 0.36406250000000007 0.7203125 0.4000000000000001 0.784375 0.4000000000000002
19 0.65625 0.3500000000000001 0.6203125 0.3500000000000001 0.6203125 0.4140625 0.65625 0.4140625
19 0.7453125 0.3664062500000001 0.68359375 0.3664062500000001 0.68359375 0.3984375000000001 0.7453125 0.3984375000000001
19 0.6328125 0.3656250000000001 0.566015625 0.3656250000000001 0.566015625 0.3984375000000001 0.6328125 0.3984375000000001
19 0.54375 0.35039062500000007 0.5078125 0.35039062500000007 0.5078125 0.415625 0.54375 0.415625
19 0.4421875 0.36796875000000007 0.3785156250000001 0.36796875000000007 0.3785156250000001 0.4015625 0.4421875 0.4015625
19 0.5046875 0.3519531250000001 0.46875 0.3519531250000001 0.46875 0.415625 0.5046875 0.415625
19 0.465625 0.3531250000000001 0.431640625 0.3531250000000001 0.431640625 0.4171875 0.465625 0.4171875
19 0.4203125 0.45 0.38750000000000007 0.45 0.38750000000000007 0.5296875 0.4203125 0.5296875
19 0.4578125 0.45 0.421875 0.45 0.421875 0.528125 0.4578125 0.528125
19 0.3453125000000001 0.45 0.30937500000000007 0.45 0.30937500000000007 0.53125 0.3453125000000001 0.53125
19 0.3296875000000001 0.473828125 0.2503906250000001 0.473828125 0.2503906250000001 0.50625 0.3296875000000001 0.50625
19 0.27031250000000007 0.4515625 0.23437500000000008 0.4515625 0.23437500000000008 0.53125 0.27031250000000007 0.53125
19 0.696875 0.462890625 0.6703125 0.462890625 0.6703125 0.528125 0.696875 0.528125
19 0.3828125000000001 0.458984375 0.3480468750000001 0.458984375 0.3480468750000001 0.5296875 0.3828125000000001 0.5296875
19 0.625 0.48125 0.560546875 0.48125 0.560546875 0.5078125 0.625 0.5078125
19 0.6671875 0.4625 0.639453125 0.4625 0.639453125 0.5296875 0.6671875 0.5296875
19 0.6359375 0.4609375 0.609765625 0.4609375 0.609765625 0.5296875 0.6359375 0.5296875
19 0.4875 0.4625 0.4625 0.4625 0.4625 0.528125 0.4875 0.528125
19 0.5484375 0.4625 0.522265625 0.4625 0.522265625 0.528125 0.5484375 0.528125
19 0.5375 0.4828125 0.470703125 0.4828125 0.470703125 0.509375 0.5375 0.509375
19 0.5953125 0.483984375 0.53203125 0.483984375 0.53203125 0.5078125 0.5953125 0.5078125
19 0.48125 0.58046875 0.424609375 0.58046875 0.424609375 0.6234375 0.48125 0.6234375
19 0.4296875 0.575 0.3863281250000001 0.575 0.3863281250000001 0.6328125 0.4296875 0.6328125