19 0.23801916875000004 0.3194888171875 0.2060702875 0.3194888171875 0.20607028750000006 0.385782746875 0.2380191687500001 0.385782746875
19 0.26996805156250003 0.32428115 0.2396166140625 0.32428115 0.23961661406250007 0.385782746875 0.2699680515625001 0.385782746875
19 0.33386581406250004 0.32907348281250004 0.30591054375 0.32907348281250004 0.30591054375000004 0.3865814703125 0.3338658140625001 0.3865814703125
19 0.3035143765625 0.32907348281250004 0.2739616609375 0.32907348281250004 0.2739616609375001 0.385782746875 0.3035143765625001 0.385782746875
19 0.3977635781250001 0.3290734828125001 0.367412140625 0.3290734828125001 0.36741214062500005 0.38658147031250006 0.3977635781250001 0.38658147031250006
19 0.36581469687500007 0.32907348281250004 0.335463259375 0.32907348281250004 0.33546325937500004 0.3865814703125 0.3658146968750001 0.38658147031250006
19 0.11980830625000008 0.5095846640625 0.09904153281250007 0.5095846640625 0.09904153281250007 0.5638977640625 0.1198083062500001 0.5638977640625
19 0.14536741250000007 0.511182109375 0.12460063906250005 0.511182109375 0.12460063906250007 0.5654952078125 0.1453674125000001 0.5654952078125
19 0.24600638906250008 0.5207667734375 0.23162939375000008 0.5207667734375 0.23162939375000008 0.5646964859375 0.24600638906250008 0.5646964859375
19 0.22683706093750006 0.5207667734375 0.21246006406250012 0.5207667734375 0.21246006406250012 0.5638977640625 0.22683706093750006 0.5638977640625
19 0.2619808312500001 0.5239616609375 0.24760383437500008 0.5239616609375 0.24760383437500008 0.5654952078125 0.2619808312500001 0.5654952078125
19 0.2076677312500001 0.5239616609375 0.19169329062500004 0.5239616609375 0.19169329062500007 0.5646964859375 0.2076677312500001 0.5646964859375
19 0.18849840312500005 0.5255591046875 0.17252396093750005 0.5255591046875 0.17252396093750005 0.5670926515625 0.18849840312500007 0.5670926515625
19 0.16773162968750005 0.5271565500000001 0.15015974375000005 0.5271565500000001 0.15015974375000007 0.5662939296875 0.16773162968750008 0.5662939296875
19 0.2028754000000001 0.6134185296875 0.1821086265625001 0.6134185296875 0.1821086265625001 0.65015974375 0.2028754000000001 0.65015974375
19 0.22683706093750006 0.61661341875 0.20447284375000008 0.61661341875 0.20447284375000008 0.6533546328125001 0.22683706093750006 0.6533546328125001
19 0.1805111828125001 0.6182108625 0.1557507984375001 0.6182108625 0.1557507984375001 0.6549520765625 0.1805111828125001 0.6549520765625
19 0.21725239687500011 0.6869009578124999 0.1924920125000001 0.6869009578124999 0.1924920125000001 0.7396166140625 0.21725239687500011 0.7396166140625
19 0.2763578281250001 0.690095846875 0.2492012781250001 0.690095846875 0.2492012781250001 0.7420127796875 0.2763578281250001 0.7420127796875
19 0.2428115015625001 0.690095846875 0.21725239687500011 0.690095846875 0.21725239687500011 0.7420127796875 0.2428115015625001 0.7420127796875
19 0.18849840312500007 0.691693290625 0.1637380187500001 0.691693290625 0.1637380187500001 0.7396166140625 0.18849840312500007 0.7396166140625
19 0.15814696562500008 0.6948881796874999 0.1325878593750001 0.6948881796874999 0.1325878593750001 0.7412140578125 0.15814696562500008 0.7412140578125
19 0.1293929718750001 0.6964856234375 0.10223642187500008 0.6964856234375 0.10223642187500008 0.7420127796875 0.1293929718750001 0.7420127796875
19 0.21565495156250009 0.8322683703125 0.19808306718750007 0.8322683703125 0.19808306718750007 0.8666134187500001 0.21565495156250009 0.8666134187500001
19 0.2332268375000001 0.8322683703125 0.21725239687500011 0.8322683703125 0.21725239687500011 0.8666134187500001 0.2332268375000001 0.8666134187500001
19 0.2284345046875001 0.8897763578125 0.21086262031250008 0.8897763578125 0.21086262031250008 0.9329073484375 0.2284345046875001 0.9329073484375
19 0.2076677312500001 0.8913738015625 0.1892971250000001 0.8913738015625 0.18929712500000012 0.9329073484375 0.2076677312500001 0.9329073484375
19 0.17092651718750013 0.9057507984375001 0.1573482421875001 0.9057507984375001 0.15734824218750013 0.9329073484375 0.17092651718750013 0.9329073484375
19 0.1884984031250001 0.9057507984375001 0.17492012812500007 0.9057507984375001 0.1749201281250001 0.9337060703125 0.18849840312500013 0.9337060703125
19 0.13897763593750012 0.9057507984375001 0.1246006390625001 0.9057507984375001 0.12460063906250012 0.9337060703125 0.13897763593750015 0.9337060703125
19 0.12140575156250014 0.9073482421874999 0.10702875468750013 0.9073482421874999 0.10702875468750013 0.9321086265625 0.12140575156250014 0.9321086265625
19 0.15495207656250015 0.9073482421874999 0.14137380156250012 0.9073482421874999 0.14137380156250012 0.9345047921875 0.15495207656250015 0.9345047921875