19 0.757421875 0.1550781250000001 0.722265625 0.1550781250000001 0.722265625 0.18750000000000008 0.757421875 0.18750000000000008
19 0.19531250000000003 0.147265625 0.1140625 0.147265625 0.11406250000000002 0.215625 0.19531250000000006 0.215625
19 0.2625 0.15000000000000005 0.1859375 0.15000000000000005 0.18593750000000003 0.2171875 0.2625 0.2171875
19 0.39375 0.14570312500000004 0.328125 0.14570312500000004 0.328125 0.22031250000000005 0.39375 0.22031250000000008
19 0.325 0.14726562500000004 0.259375 0.14726562500000004 0.259375 0.2203125 0.325 0.2203125
19 0.465625 0.14843750000000006 0.396875 0.14843750000000006 0.396875 0.2218750000000001 0.465625 0.2218750000000001
19 0.5296875 0.16484375000000004 0.46171875 0.16484375000000004 0.46171875 0.21250000000000008 0.5296875 0.21250000000000008
19 0.5703125 0.15468750000000006 0.5234375 0.15468750000000003 0.5234375 0.2234375000000001 0.5703125 0.2234375000000001
19 0.7171875 0.1664062500000001 0.65390625 0.1664062500000001 0.65390625 0.21875000000000008 0.7171875 0.21875000000000008
19 0.6109375 0.1703125000000001 0.578125 0.1703125000000001 0.578125 0.2218750000000001 0.6109375 0.2218750000000001
19 0.6609375 0.1781250000000001 0.610546875 0.1781250000000001 0.610546875 0.21250000000000008 0.6609375 0.21250000000000008
19 0.753125 0.1906250000000001 0.723828125 0.1906250000000001 0.723828125 0.2234375000000001 0.753125 0.2234375000000001
19 0.796875 0.2593750000000001 0.74375 0.2593750000000001 0.74375 0.3125000000000001 0.796875 0.3125000000000001
19 0.17343750000000005 0.289453125 0.14062500000000006 0.289453125 0.14062500000000006 0.34375 0.17343750000000005 0.34375
19 0.2109375 0.2890625 0.17812500000000003 0.2890625 0.17812500000000003 0.34375 0.2109375 0.34375
19 0.2515625 0.289453125 0.21875 0.289453125 0.21875 0.34375 0.2515625 0.34375
19 0.296875 0.301953125 0.2421875 0.301953125 0.2421875 0.33125 0.296875 0.33125
19 0.79375 0.3117187500000001 0.754296875 0.3117187500000001 0.754296875 0.3687500000000001 0.79375 0.3687500000000001
19 0.8 0.3781250000000001 0.745703125 0.3781250000000001 0.745703125 0.4265625000000002 0.8 0.4265625000000002
19 0.3515625000000001 0.384375 0.2863281250000001 0.384375 0.2863281250000001 0.4640625 0.3515625000000001 0.4640625
19 0.2890625000000001 0.392578125 0.2140625000000001 0.392578125 0.2140625000000001 0.4578125 0.2890625000000001 0.4578125
19 0.2140625000000001 0.39296875 0.13867187500000006 0.39296875 0.13867187500000006 0.4578125 0.2140625000000001 0.4578125
19 0.41875 0.39179687500000004 0.3546875000000001 0.391796875 0.3546875000000001 0.4609375 0.41875 0.4609375
19 0.4796875 0.4015625 0.419140625 0.4015625 0.419140625 0.459375 0.4796875 0.459375
19 0.56875 0.42265625 0.521484375 0.42265625 0.521484375 0.45625 0.56875 0.45625
19 0.528125 0.421484375 0.480078125 0.421484375 0.480078125 0.4546875 0.528125 0.4546875
19 0.796875 0.4320312500000002 0.74921875 0.4320312500000002 0.74921875 0.48437500000000017 0.796875 0.48437500000000017
19 0.8 0.49335937500000016 0.746875 0.49335937500000016 0.746875 0.5406250000000001 0.8 0.5406250000000001
19 0.7984375 0.5781250000000002 0.745703125 0.5781250000000002 0.745703125 0.6281250000000002 0.7984375 0.6281250000000002