19 0.4625 0.08801999531250006 0.396920215625 0.08801999531250004 0.396920215625 0.2015625000000001 0.4625 0.2015625000000001
19 0.3633239546875 0.11562500000000005 0.24917604531249998 0.11562500000000005 0.24917604531249998 0.18125000000000005 0.3633239546875 0.18125000000000005
19 0.2 0.10312500000000002 0.1414891484375 0.103125 0.14148914843750002 0.203125 0.2 0.203125
19 0.09531250000000002 0.125479803125 0.0018036578125000154 0.125479803125 0.0018036578125000193 0.18576919218750002 0.09531250000000002 0.18576919218750002
19 0.528125 0.2140625000000001 0.43990403906250003 0.2140625000000001 0.43990403906250003 0.3279466437500001 0.528125 0.3279466437500001
19 0.4203125 0.23920568750000007 0.3458123984375 0.2392056875 0.3458123984375 0.3123568125 0.4203125 0.3123568125000001
19 0.321875 0.2706089234375 0.2948653546875 0.2706089234375 0.2948653546875 0.3228597265625 0.321875 0.3228597265625
19 0.27489700625 0.2847719046875 0.22666549531250002 0.2847719046875 0.22666549531250002 0.3109375 0.27489700625 0.3109375
19 0.2078125 0.2745201953125 0.18062700937500004 0.2745201953125 0.18062700937500004 0.325 0.2078125 0.325
19 0.09218750000000005 0.2859375 0.038673131250000034 0.2859375 0.038673131250000034 0.3140625 0.09218750000000005 0.3140625
19 0.16093750000000004 0.28472668749999996 0.10000000000000005 0.28472668749999996 0.10000000000000005 0.3140625 0.16093750000000004 0.3140625
19 0.3984375000000001 0.3728647500000001 0.3113545015625001 0.37286475 0.3113545015625001 0.421875 0.3984375000000001 0.421875
19 0.17812500000000003 0.3757686890625 0.08626155468750005 0.3757686890625 0.08626155468750005 0.425 0.17812500000000003 0.425
19 0.2984375000000001 0.375012559375 0.2076843843750001 0.375012559375 0.2076843843750001 0.428125 0.2984375000000001 0.428125