19 0.7953125 0.3324218750000001 0.73046875 0.3324218750000001 0.73046875 0.3625000000000001 0.7953125 0.3625000000000001
19 0.7609375 0.3355468750000001 0.70078125 0.3355468750000001 0.70078125 0.36406250000000007 0.7609375 0.36406250000000007
19 0.6796875 0.32500000000000007 0.652734375 0.32500000000000007 0.652734375 0.3812500000000001 0.6796875 0.3812500000000001
19 0.725 0.3378906250000001 0.669921875 0.3378906250000001 0.669921875 0.3667968750000001 0.725 0.3667968750000001
19 0.6203125 0.32500000000000007 0.590625 0.32500000000000007 0.590625 0.3812500000000001 0.6203125 0.3812500000000001
19 0.6640625 0.3382812500000001 0.60859375 0.3382812500000001 0.60859375 0.3671875000000001 0.6640625 0.3671875000000001
19 0.8828125 0.5015625000000001 0.8625 0.5015625000000001 0.8625 0.5546875000000002 0.8828125 0.5546875000000002
19 0.8734375 0.5195312500000002 0.82109375 0.5195312500000002 0.82109375 0.5390625000000002 0.8734375 0.5390625000000002
19 0.753125 0.5121093750000002 0.7390625 0.5121093750000002 0.7390625 0.5546875000000002 0.753125 0.5546875000000002
19 0.771875 0.5125000000000002 0.7578125 0.5125000000000002 0.7578125 0.5546875000000002 0.771875 0.5546875000000002
19 0.75 0.5289062500000001 0.71015625 0.52890625 0.71015625 0.5421875 0.75 0.5421875000000002
19 0.7921875 0.5152343750000001 0.7765625 0.5152343750000001 0.7765625 0.5546875000000002 0.7921875 0.5546875000000002
19 0.8234375 0.5296875000000002 0.7828125 0.5296875000000002 0.7828125 0.5453125000000002 0.8234375 0.5453125000000002
19 0.8421875 0.5292968750000002 0.8046875 0.5292968750000002 0.8046875 0.5453125000000002 0.8421875 0.5453125000000002
19 0.809375 0.6109375000000001 0.7734375 0.6109375000000001 0.7734375 0.6312500000000002 0.809375 0.6312500000000002
19 0.7859375 0.6132812500000002 0.75078125 0.6132812500000002 0.75078125 0.6343750000000001 0.7859375 0.6343750000000001
19 0.8328125 0.6140625000000002 0.797265625 0.6140625000000002 0.797265625 0.6375000000000002 0.8328125 0.6375000000000002
19 0.8046875 0.6890625000000001 0.753515625 0.6890625000000001 0.753515625 0.7125000000000001 0.8046875 0.7125000000000001
19 0.746875 0.6902343750000001 0.696875 0.690234375 0.696875 0.7156250000000001 0.746875 0.7156250000000002
19 0.7796875 0.6910156250000001 0.7296875 0.6910156250000001 0.7296875 0.7156250000000002 0.7796875 0.7156250000000002
19 0.8296875 0.6906250000000002 0.783984375 0.6906250000000002 0.783984375 0.7140625000000002 0.8296875 0.7140625000000002
19 0.85 0.6828125000000002 0.825 0.6828125000000002 0.825 0.7281250000000001 0.85 0.7281250000000001
19 0.8875 0.6933593750000002 0.84453125 0.6933593750000002 0.84453125 0.7187500000000002 0.8875 0.7187500000000002
19 0.7937500000000002 0.825390625 0.7609375000000002 0.825390625 0.7609375000000002 0.8421875 0.7937500000000002 0.8421875
19 0.7671875000000001 0.817578125 0.7515625000000001 0.817578125 0.7515625000000001 0.85 0.7671875000000001 0.85
19 0.7859375000000002 0.8859375 0.7437500000000001 0.8859375 0.7437500000000001 0.903125 0.7859375000000002 0.903125
19 0.8046875 0.88671875 0.7652343750000001 0.88671875 0.7652343750000001 0.903125 0.8046875 0.903125
19 0.83125 0.89609375 0.805859375 0.89609375 0.805859375 0.9078125 0.83125 0.9078125
19 0.8140625 0.895703125 0.7878906250000002 0.895703125 0.7878906250000002 0.908984375 0.8140625 0.908984375
19 0.8578125 0.8890625 0.84375 0.8890625 0.84375 0.915625 0.8578125 0.915625
19 0.8796875 0.895703125 0.85546875 0.895703125 0.85546875 0.909375 0.8796875 0.909375
19 0.846875 0.89765625 0.821484375 0.89765625 0.821484375 0.909375 0.846875 0.909375