19 0.6821086265625003 0.8594249203125001 0.6501597437500002 0.8594249203125001 0.6501597437500002 0.896166134375 0.6821086265625003 0.896166134375
19 0.7539936109375002 0.8578274765625 0.7244408953125002 0.8578274765625 0.7244408953125002 0.9009584671875001 0.7539936109375002 0.9009584671875001
19 0.7204472843750002 0.8626198078125 0.6869009578125002 0.8626198078125 0.6869009578125002 0.89696485625 0.7204472843750002 0.89696485625
19 0.7859424921875002 0.8546325875 0.7579872203125002 0.8546325875 0.7579872203125002 0.9065495203125 0.7859424921875002 0.9065495203125
19 0.6293929718750002 0.8514377 0.5934504796875002 0.8514377 0.5934504796875002 0.9113418531249999 0.6293929718750002 0.9113418531249999
19 0.923322684375 0.865814696875 0.8953674125 0.865814696875 0.8953674125 0.9073482421874999 0.923322684375 0.9073482421874999
19 0.85623003125 0.865814696875 0.8194888171875 0.865814696875 0.8194888171875 0.9113418531249999 0.85623003125 0.9113418531249999
19 0.8929712453124999 0.8690095843750001 0.8570287546875001 0.8690095843750001 0.8570287546875001 0.9105431312500001 0.8929712453124999 0.9105431312500001
19 0.9185303515625 0.05271565468750011 0.8777955265624999 0.05271565468750011 0.8777955265624999 0.1309904156250001 0.9185303515625 0.13099041562500013
19 0.8354632593750001 0.0527156546875001 0.7971246 0.05271565468750009 0.7971246 0.13099041562500008 0.8354632593750001 0.13099041562500008
19 0.958466453125 0.05271565468750011 0.9177316296875 0.05271565468750011 0.9177316296875 0.13019169375000011 0.958466453125 0.13019169375000011
19 0.7971246 0.05431309843750008 0.7579872203125 0.05431309843750008 0.7579872203125 0.1301916937500001 0.7971246 0.1301916937500001
19 0.8753993609374999 0.05431309843750011 0.8370607031249999 0.05431309843750011 0.8370607031249999 0.1293929718750001 0.8753993609374999 0.1293929718750001
19 0.7571884984375 0.05750798750000009 0.7180511187499999 0.05750798750000009 0.7180511187499999 0.1301916937500001 0.7571884984375 0.1301916937500001
19 0.7156549515624999 0.06070287500000009 0.6789137375000001 0.06070287500000009 0.6789137375000001 0.1317891375000001 0.7156549515624999 0.1317891375000001
19 0.6373801921875 0.06070287500000008 0.5990415328124999 0.060702875000000066 0.5990415328124999 0.1317891375000001 0.6373801921875 0.1317891375000001
19 0.5990415328124999 0.060702875000000066 0.558306709375 0.060702875000000066 0.558306709375 0.1317891375000001 0.5990415328124999 0.1317891375000001
19 0.6789137375000001 0.0654952078125001 0.6397763578125 0.0654952078125001 0.6397763578125 0.1317891375000001 0.6789137375000001 0.1317891375000001
19 0.8194888171875 0.27156549531250007 0.796325878125 0.27156549531250007 0.796325878125 0.3602236421875001 0.8194888171875 0.3602236421875001
19 0.9456869015624999 0.27156549531250007 0.9201277953125 0.27156549531250007 0.9201277953125 0.3610223640625001 0.9456869015624999 0.3610223640625001
19 0.9153354625000001 0.27156549531250007 0.8897763578125 0.27156549531250007 0.8897763578125 0.3610223640625001 0.9153354625000001 0.3610223640625001
19 0.8514377 0.27156549531250007 0.8258785937500001 0.27156549531250007 0.8258785937500001 0.3586261984375001 0.8514377 0.3586261984375001
19 0.8833865812499999 0.27156549531250007 0.8586261984375 0.27156549531250007 0.8586261984375 0.3610223640625001 0.8833865812499999 0.3610223640625001
19 0.6661341859375 0.2891373796875001 0.6269968046875001 0.2891373796875001 0.6269968046875001 0.3578274765625001 0.6661341859375 0.3578274765625001
19 0.70447284375 0.28753993593750005 0.6677316296875 0.28753993593750005 0.6677316296875 0.3586261984375001 0.70447284375 0.3586261984375001
19 0.7859424921875 0.2907348250000001 0.7444089453125 0.2907348250000001 0.7444089453125 0.3586261984375001 0.7859424921875 0.3586261984375001
19 0.7444089453125 0.29712460000000007 0.708466453125 0.29712460000000007 0.708466453125 0.35942492031250006 0.7444089453125 0.35942492031250006
19 0.8690095843750001 0.46166134218750016 0.8482428109375 0.46166134218750016 0.8482428109375 0.5367412140625002 0.8690095843750001 0.5367412140625002
19 0.9456869015624999 0.46166134218750016 0.923322684375 0.46166134218750016 0.923322684375 0.5367412140625002 0.9456869015624999 0.5367412140625002
19 0.9201277953125 0.46166134218750016 0.89696485625 0.46166134218750016 0.89696485625 0.5367412140625002 0.9201277953125 0.5367412140625002
19 0.894568690625 0.4600638984375002 0.8714057515625001 0.4600638984375002 0.8714057515625001 0.5359424921875002 0.894568690625 0.5359424921875002
19 0.6549520765625 0.4664536734375 0.6269968046875001 0.4664536734375 0.6269968046875001 0.5351437703124999 0.6549520765625 0.5351437703124999
19 0.7140575078125 0.4648562296875 0.6869009578124999 0.4648562296875 0.6869009578124999 0.5351437703124999 0.7140575078125 0.5351437703124999
19 0.7460063890625 0.4648562296875001 0.7164536734375 0.4648562296875 0.7164536734375 0.5351437703125 0.7460063890625 0.5351437703125002
19 0.6261980828125 0.4664536734375 0.5990415328124999 0.4664536734375 0.5990415328124999 0.5343450484375001 0.6261980828125 0.5343450484375001
19 0.6837060703125 0.46805111874999994 0.6581469656250001 0.46805111874999994 0.6581469656250001 0.5343450484375001 0.6837060703125 0.5343450484375001
19 0.8083067093749999 0.46805111875000016 0.781150159375 0.46805111875000016 0.781150159375 0.5343450484375002 0.8083067093749999 0.5343450484375002
19 0.8434504796875 0.46645367343750016 0.8154952078125 0.46645367343750016 0.8154952078125 0.5343450484375002 0.8434504796875 0.5343450484375002
19 0.777955271875 0.46805111875000016 0.7507987218750001 0.46805111875000016 0.7507987218750001 0.5359424921875002 0.777955271875 0.5359424921875002
19 0.6805111828125 0.6533546328125001 0.6573482421875 0.6533546328125001 0.6573482421875 0.703674121875 0.6805111828125 0.703674121875
19 0.7332268375 0.6549520765625001 0.708466453125 0.6549520765625 0.708466453125 0.7044728437500001 0.7332268375 0.7044728437500002
19 0.7060702875 0.6549520765625 0.6837060703125 0.6549520765625 0.6837060703125 0.70447284375 0.7060702875 0.70447284375
19 0.7571884984375 0.6549520765625002 0.734025559375 0.6549520765625002 0.734025559375 0.7044728437500002 0.7571884984375 0.7044728437500002
19 0.7795527156250001 0.6565495203125001 0.7571884984375 0.6565495203125001 0.7571884984375 0.7060702875000001 0.7795527156250001 0.7060702875000001
19 0.85303514375 0.6565495203125001 0.8354632593750001 0.6565495203125001 0.8354632593750001 0.7092651750000002 0.85303514375 0.7092651750000002
19 0.8035143765624999 0.6565495203125001 0.782747603125 0.6565495203125001 0.782747603125 0.7068690093750002 0.8035143765624999 0.7068690093750002
19 0.8769968046875001 0.6565495203125001 0.8586261984375 0.6565495203125001 0.8586261984375 0.7084664531250001 0.8769968046875001 0.7084664531250001
19 0.899361021875 0.6565495203125001 0.8809904156249999 0.6565495203125001 0.8809904156249999 0.7084664531250001 0.899361021875 0.7084664531250001
19 0.9408945687499999 0.6565495203125001 0.923322684375 0.6565495203125001 0.923322684375 0.7092651750000002 0.9408945687499999 0.7092651750000002
19 0.8306709265625001 0.6565495203125001 0.8083067093749999 0.6565495203125001 0.8083067093749999 0.7108626203125001 0.8306709265625001 0.7108626203125001
19 0.9217252390624999 0.6565495203125001 0.9017571890625 0.6565495203125001 0.9017571890625 0.7084664531250001 0.9217252390624999 0.7084664531250001
19 0.6070287546875 0.6725239609375 0.5894568687499999 0.6725239609375 0.5894568687499999 0.7020766765625 0.6070287546875 0.7020766765625
19 0.6517571890625 0.6725239609375 0.63338658125 0.6725239609375 0.63338658125 0.7020766765625 0.6517571890625 0.7020766765625
19 0.587859425 0.6725239609375 0.5678913734375 0.6725239609375 0.5678913734375 0.7020766765625 0.587859425 0.7020766765625
19 0.544728434375 0.6725239609375 0.5271565500000001 0.6725239609375 0.5271565500000001 0.70447284375 0.544728434375 0.70447284375
19 0.5638977640625 0.67412140625 0.546325878125 0.67412140625 0.546325878125 0.7020766765625 0.5638977640625 0.7020766765625
19 0.6277955265624999 0.6725239609375 0.6094249203125 0.6725239609375 0.6094249203125 0.7028754 0.6277955265624999 0.7028754