19 0.5796875 0.4002305328125 0.5421875 0.4002305328125 0.5421875 0.4390625 0.5796875 0.4390625
19 0.5421875 0.4051357578125 0.5 0.4051357578125 0.5 0.4375 0.5421875 0.4375
19 0.61875 0.434375 0.5914702859375 0.434375 0.5914702859375 0.4625 0.61875 0.4625
19 0.6890625 0.4328637296875 0.6594262296875 0.4328637296875 0.6594262296875 0.4625 0.6890625 0.4625
19 0.65625 0.4328637296875 0.6250128078125 0.4328637296875 0.6250128078125 0.4625 0.65625 0.4625
19 0.3982581968750001 0.41146260312500005 0.3392418031250001 0.41146260312500005 0.3392418031250001 0.505724896875 0.3982581968750001 0.505724896875
19 0.3625000000000001 0.43675717187499996 0.2642546109375001 0.43675717187499996 0.2642546109375001 0.4828125 0.3625000000000001 0.4828125
19 0.884375 0.4315573765625002 0.813319671875 0.4315573765625002 0.813319671875 0.4937500000000002 0.884375 0.4937500000000002
19 0.8234375 0.4318007171875002 0.7473744890625 0.4318007171875002 0.7473744890625 0.4937500000000002 0.8234375 0.4937500000000002
19 0.515625 0.44460809375 0.446913421875 0.44460809375 0.446913421875 0.4953125 0.515625 0.4953125
19 0.7515625 0.4341188531250001 0.6979892421875 0.43411885312500004 0.6979892421875 0.5015625000000001 0.7515625 0.5015625000000001
19 0.4625 0.44567110625 0.3952612703125001 0.44567110625 0.3952612703125001 0.49375 0.4625 0.49375
19 0.553125 0.4521644453125 0.5134989765625 0.4521644453125 0.5134989765625 0.5 0.553125 0.5
19 0.596875 0.45625 0.5484759218749999 0.45625 0.5484759218749999 0.496875 0.596875 0.496875
19 0.69375 0.46753330000000004 0.6641137296874999 0.46753330000000004 0.6641137296874999 0.5015625 0.69375 0.5015625
19 0.6265625 0.46860912031249996 0.594838628125 0.46860912031249996 0.594838628125 0.503125 0.6265625 0.503125
19 0.6625 0.47195184531249995 0.6276255125 0.47195184531249995 0.6276255125 0.5 0.6625 0.5
19 0.8734375 0.5908683390625001 0.8203125 0.5908683390625001 0.8203125 0.6326716187500001 0.8734375 0.6326716187500001
19 0.48125 0.58133965 0.41086065468750005 0.58133965 0.41086065468750005 0.64375 0.48125 0.64375
19 0.8234375 0.5900486671875002 0.770619878125 0.5900486671875002 0.770619878125 0.6375000000000002 0.8234375 0.6375000000000002
19 0.76875 0.5921875000000001 0.7175333 0.5921875 0.7175333 0.6359375 0.76875 0.6359375000000002
19 0.54375 0.5847464140625 0.4809042 0.5847464140625 0.4809042 0.6421875 0.54375 0.6421875
19 0.4109118859375 0.5771004093750001 0.3453381140625001 0.5771004093750001 0.3453381140625001 0.653125 0.4109118859375 0.653125
19 0.60625 0.5839011265625 0.5484375 0.5839011265625 0.5484375 0.64375 0.60625 0.64375
19 0.71875 0.595632684375 0.6703125 0.595632684375 0.6703125 0.640625 0.71875 0.640625
19 0.6609375 0.5939421109375 0.609772028125 0.5939421109375 0.609772028125 0.640625 0.6609375 0.640625
19 0.7203125000000001 0.8377177265625001 0.6968750000000001 0.8377177265625001 0.6968750000000001 0.8795210046875 0.7203125000000001 0.8795210046875
19 0.6984375000000002 0.8457479515624999 0.6573898578125001 0.8457479515624999 0.6573898578125001 0.8703125 0.6984375000000002 0.8703125
19 0.6686475406250001 0.84929559375 0.6260245890625001 0.84929559375 0.6260245890625001 0.875 0.6686475406250001 0.875
19 0.8421875 0.940881146875 0.8017546109374999 0.940881146875 0.8017546109374999 0.996618853125 0.8421875 0.996618853125
19 0.8078125 0.946875 0.7494108609375002 0.946875 0.7494108609375002 0.9932633187500001 0.8078125 0.9932633187500001
19 0.7556864750000002 0.9440061468750001 0.7130635250000001 0.9440061468750001 0.7130635250000001 0.9997438531249999 0.7556864750000002 0.9997438531249999
19 0.7187500000000002 0.950384221875 0.6658683406250001 0.950384221875 0.6658683406250001 0.99375 0.7187500000000002 0.99375
19 0.6203125000000002 0.9428406765625 0.5689933406250002 0.9428406765625 0.5689933406250002 1 0.6203125000000002 1
19 0.5656250000000002 0.9440061468750001 0.5078125000000002 0.9440061468750001 0.5078125000000002 0.9997438531249999 0.5656250000000002 0.9997438531249999
19 0.6671875000000002 0.9472079921875001 0.6267546109375002 0.9472079921875001 0.6267546109375002 0.9996670078125 0.6671875000000002 0.9996670078125
19 0.5046875000000002 0.9484375 0.45651895468750014 0.9484375 0.45651895468750014 1 0.5046875000000002 1
19 0.44843750000000016 0.9521260234375 0.39328893437500007 0.9521260234375 0.39328893437500007 0.9984375 0.44843750000000016 0.9984375
19 0.3890625000000001 0.9575947749999999 0.3362320687500001 0.9575947749999999 0.3362320687500001 0.9984375 0.3890625000000001 0.9984375
19 0.3281250000000001 0.949615778125 0.28752561562500006 0.949615778125 0.28752561562500006 1 0.3281250000000001 1