19 0.371875 0.05468750000000004 0.3140625 0.05468750000000004 0.3140625 0.13515625000000003 0.371875 0.13515625000000003
19 0.3078125 0.08906250000000003 0.259375 0.08906250000000002 0.259375 0.13359375000000004 0.3078125 0.13359375000000004
19 0.253125 0.09062500000000002 0.2046875 0.09062500000000002 0.2046875 0.13750000000000004 0.253125 0.13750000000000004
19 0.50625 0.2250000000000001 0.4125 0.2250000000000001 0.4125 0.3382812500000001 0.50625 0.3382812500000001
19 0.60390625 0.2375000000000001 0.5125 0.2375000000000001 0.5125 0.3398437500000001 0.60390625 0.3398437500000001
19 0.709375 0.2375000000000001 0.6140625 0.2375000000000001 0.6140625 0.34062500000000007 0.709375 0.34062500000000007
19 0.7640625 0.02187500000000009 0.6921875 0.021875000000000082 0.6921875 0.13281250000000008 0.7640625 0.13281250000000008
19 0.52421875 0.02500000000000006 0.453125 0.025000000000000057 0.453125 0.13593750000000004 0.52421875 0.13593750000000004
19 0.68359375 0.026562500000000083 0.6140625 0.02656250000000008 0.6140625 0.13437500000000008 0.68359375 0.13437500000000008
19 0.4484375 0.02500000000000005 0.3765625 0.025000000000000043 0.3765625 0.13671875000000006 0.4484375 0.13671875000000006
19 0.4593750000000002 0.775 0.39531250000000007 0.775 0.39531250000000007 0.84140625 0.4593750000000002 0.84140625
19 0.60390625 0.026562500000000072 0.534375 0.026562500000000065 0.534375 0.13359375000000007 0.60390625 0.1335937500000001
19 0.5375000000000002 0.78125 0.46406250000000016 0.78125 0.46406250000000016 0.84765625 0.5375000000000002 0.84765625