19 0.3375 0.296875 0.2921875 0.296875 0.29218750000000004 0.4234375 0.3375000000000001 0.4234375
19 0.22890625000000003 0.3375 0.18906250000000005 0.3375 0.18906250000000005 0.42421875 0.2289062500000001 0.42421875
19 0.71875 0.46875 0.6625 0.46875 0.6625 0.61171875 0.71875 0.61171875
19 0.56875 0.48125 0.4890625 0.48125 0.4890625 0.60859375 0.56875 0.60859375
19 0.8453125 0.4984375000000002 0.784375 0.4984375000000002 0.784375 0.6007812500000002 0.8453125 0.6007812500000002
19 0.78125 0.5281250000000001 0.725 0.528125 0.725 0.6062500000000001 0.78125 0.6062500000000002
19 0.64921875 0.5234375 0.5734375 0.5234375 0.5734375 0.6125 0.64921875 0.6125
19 0.17578125000000006 0.515625 0.09531250000000006 0.515625 0.09531250000000006 0.62109375 0.17578125000000008 0.62109375
19 0.08437500000000006 0.509375 6.23804463315683e-17 0.509375 6.97474622326891e-17 0.6296875 0.08437500000000006 0.6296875
19 0.896875 0.5484375000000001 0.85 0.5484375000000001 0.85 0.6046875000000002 0.896875 0.6046875000000002
19 0.3085937500000001 0.5375 0.2640625000000001 0.5375 0.2640625000000001 0.61953125 0.3085937500000001 0.61953125
19 0.2601562500000001 0.5359375 0.18437500000000004 0.5359375 0.18437500000000007 0.625 0.2601562500000001 0.625