19 0.08437500000000003 0.2125 0.035937500000000025 0.2125 0.03593750000000004 0.4171875 0.08437500000000005 0.4171875
19 0.13281250000000006 0.2125 0.08750000000000002 0.2125 0.08750000000000004 0.4171875 0.13281250000000006 0.4171875
19 0.18203125000000003 0.2171875 0.13906250000000003 0.2171875 0.13906250000000003 0.4203125 0.18203125000000003 0.4203125
19 0.4703125 0.2250000000000001 0.409375 0.2250000000000001 0.409375 0.428125 0.4703125 0.428125
19 0.52890625 0.2531250000000001 0.4734375 0.2531250000000001 0.4734375 0.43359375 0.52890625 0.43359375
19 0.640625 0.2562500000000001 0.5875 0.2562500000000001 0.5875 0.4328125 0.640625 0.4328125
19 0.58359375 0.2578125000000001 0.5328125 0.2578125000000001 0.5328125 0.434375 0.58359375 0.434375
19 0.22656250000000006 0.2765625 0.18906250000000005 0.2765625 0.18906250000000005 0.42421875 0.22656250000000008 0.42421875
19 0.6828125 0.3046875000000001 0.6453125 0.3046875000000001 0.6453125 0.440625 0.6828125 0.440625
19 0.8609375 0.3062500000000001 0.8046875 0.3062500000000001 0.8046875 0.44453125000000016 0.8609375 0.44453125000000016
19 0.71796875 0.3515625000000001 0.6828125 0.3515625000000001 0.6828125 0.43671875 0.71796875 0.43671875
19 0.7578125 0.3531250000000001 0.721875 0.3531250000000001 0.721875 0.4398437500000001 0.7578125 0.4398437500000002
19 0.796875 0.3609375000000001 0.7609375 0.3609375000000001 0.7609375 0.4437500000000002 0.796875 0.4437500000000002
19 0.12968750000000007 0.4796875 0.05312500000000007 0.4796875 0.053125000000000075 0.6421875 0.1296875000000001 0.6421875
19 0.2062500000000001 0.4796875 0.12968750000000004 0.4796875 0.12968750000000007 0.6453125 0.2062500000000001 0.6453125
19 0.2812500000000001 0.484375 0.2078125000000001 0.484375 0.2078125000000001 0.6453125 0.2812500000000001 0.6453125
19 0.3539062500000001 0.4875 0.2843750000000001 0.4875 0.2843750000000001 0.6484375 0.3539062500000001 0.6484375
19 0.425 0.4890625 0.35625000000000007 0.4890625 0.35625000000000007 0.6453125 0.425 0.6453125
19 0.48046875 0.4921875 0.4296875 0.4921875 0.4296875 0.653125 0.48046875 0.653125
19 0.53359375 0.490625 0.4828125 0.490625 0.4828125 0.653125 0.53359375 0.653125
19 0.6796875 0.525 0.6234375 0.525 0.6234375 0.65 0.6796875 0.65
19 0.75078125 0.5250000000000001 0.690625 0.525 0.690625 0.6484375000000001 0.75078125 0.6484375000000002
19 0.61640625 0.5359375 0.578125 0.5359375 0.578125 0.65625 0.61640625 0.65625
19 0.575 0.5375 0.5375 0.5375 0.5375 0.65390625 0.575 0.65390625