19 0.6421006953124999 0.639496528125 0.603125 0.639496528125 0.603125 0.6671875 0.6421006953124999 0.6671875
19 0.515625 0.634375 0.48619791562500003 0.634375 0.48619791562500003 0.6703125 0.515625 0.6703125
19 0.5763888890625 0.634375 0.5486111109375 0.634375 0.5486111109375 0.6703125 0.5763888890625 0.6703125
19 0.6109375 0.6390625 0.575 0.6390625 0.575 0.6654513890625 0.6109375 0.6654513890625
19 0.6984375 0.6348090296875 0.6717013890625 0.6348090296875 0.6717013890625 0.671875 0.6984375 0.671875
19 0.5453125 0.63125 0.51875 0.63125 0.51875 0.6703125 0.5453125 0.6703125
19 0.6734375 0.637847221875 0.6352430546875001 0.637847221875 0.6352430546875001 0.6640625 0.6734375 0.6640625
19 0.796875 0.6407118062500002 0.7593749984375 0.6407118062500002 0.7593749984375 0.6656250000000001 0.796875 0.6656250000000001
19 0.7359375 0.6391493046875001 0.6972222234375 0.6391493046875001 0.6972222234375 0.6625000000000001 0.7359375 0.6625000000000002
19 0.7609375 0.6329861125000001 0.7363715281250001 0.6329861125000001 0.7363715281250001 0.6718750000000002 0.7609375 0.6718750000000002
19 0.81875 0.6348090296875002 0.797222221875 0.6348090296875002 0.797222221875 0.6718750000000002 0.81875 0.6718750000000002
19 0.8701388890624999 0.6472222218750001 0.8501736109375001 0.6472222218750001 0.8501736109375001 0.6715277781250002 0.8701388890624999 0.6715277781250002
19 0.8453125 0.6472222218750001 0.8267361109375001 0.6472222218750001 0.8267361109375001 0.6715277781250002 0.8453125 0.6715277781250002
19 0.8983506953125 0.6472222218750001 0.87664930625 0.6472222218750001 0.87664930625 0.6715277781250002 0.8983506953125 0.6715277781250002
19 0.9484375 0.6500000000000001 0.9304687515625 0.6500000000000001 0.9304687515625 0.6703125000000002 0.9484375 0.6703125000000002
19 0.928125 0.6506944453125001 0.90625 0.6506944453125001 0.90625 0.6718750000000002 0.928125 0.6718750000000002
19 0.7421875000000001 0.6941840281250001 0.6985243046875 0.694184028125 0.6985243046875002 0.7558159734375001 0.7421875000000002 0.7558159734375002
19 0.7968750000000001 0.6989583343750001 0.7378472234375 0.6989583343750001 0.7378472234375001 0.7527777796875001 0.7968750000000002 0.7527777796875001
19 0.846875 0.7038194437500002 0.7894097234374999 0.7038194437500002 0.7894097234375 0.7500000000000002 0.846875 0.7500000000000002
19 0.6984375 0.7029513875 0.6409722234374999 0.7029513875 0.6409722234375 0.7515625 0.6984375000000002 0.7515625
19 0.94375 0.7026909734375002 0.8845486109375 0.7026909734375002 0.8845486109375 0.7484375000000002 0.94375 0.7484375000000002
19 0.8953125 0.7039930562500002 0.8377604171874999 0.7039930562500002 0.8377604171874999 0.7531250000000002 0.8953125 0.7531250000000002
19 0.64375 0.70477430625 0.59539930625 0.70477430625 0.5953993062500001 0.753125 0.6437500000000002 0.753125
19 0.5937500000000001 0.7049479171875 0.5401041656250001 0.7049479171875 0.5401041656250001 0.7515625 0.5937500000000002 0.7515625
19 0.5406250000000001 0.7033854171875 0.49288194531249996 0.7033854171875 0.49288194531250007 0.7546875 0.5406250000000001 0.7546875
19 0.6875000000000002 0.783854165625 0.6388020843750002 0.783854165625 0.6388020843750002 0.8328125 0.6875000000000002 0.8328125
19 0.7375000000000002 0.781597221875 0.6913194437500001 0.781597221875 0.6913194437500001 0.834375 0.7375000000000002 0.834375
19 0.7859375000000002 0.7868055546875002 0.7359375000000001 0.7868055546875002 0.7359375000000001 0.8328125 0.7859375000000002 0.8328125
19 0.940625 0.7861111109375002 0.8946180546875 0.7861111109375002 0.8946180546875 0.8328125 0.940625 0.8328125
19 0.5890625000000002 0.7870659734375 0.5394097218750001 0.7870659734375 0.5394097218750001 0.834375 0.5890625000000002 0.834375
19 0.840625 0.7880208328125001 0.7868055546875002 0.7880208328125001 0.7868055546875002 0.834375 0.840625 0.834375
19 0.89375 0.7882812500000002 0.8471354156249999 0.7882812500000002 0.8471354156249999 0.834375 0.89375 0.834375
19 0.6390625000000002 0.790625 0.5921875000000002 0.790625 0.5921875000000002 0.8359375 0.6390625000000002 0.8359375
19 0.5375000000000002 0.8001736109375001 0.4920138875000002 0.8001736109375001 0.4920138875000002 0.8359375 0.5375000000000002 0.8359375
19 0.7296875000000002 0.8858506937499999 0.6933159703125001 0.8858506937499999 0.6933159703125001 0.921875 0.7296875000000002 0.921875
19 0.6046875000000002 0.8848958343750001 0.5681423593750001 0.8848958343750001 0.5681423593750001 0.9234375 0.6046875000000002 0.9234375
19 0.6890625000000001 0.8873263874999999 0.6500000000000001 0.8873263874999999 0.6500000000000001 0.9234375 0.6890625000000001 0.9234375
19 0.5640625000000001 0.8875 0.5296875000000002 0.8875 0.5296875000000002 0.9265625 0.5640625000000001 0.9265625
19 0.6453125000000002 0.88680555625 0.6074652781250002 0.88680555625 0.6074652781250002 0.925 0.6453125000000002 0.925
19 0.7578125000000002 0.896875 0.7260416671875002 0.896875 0.7260416671875002 0.9167534734375 0.7578125000000002 0.9167534734375
19 0.5250000000000001 0.890625 0.4859375000000002 0.890625 0.4859375000000002 0.925 0.5250000000000001 0.925
19 0.7843750000000002 0.8953124984375 0.7519097234375002 0.8953124984375 0.7519097234375002 0.921875 0.7843750000000002 0.921875
19 0.840625 0.8921875 0.8145833328125001 0.8921875 0.8145833328125001 0.9234375 0.840625 0.9234375
19 0.875 0.8967013890625 0.8430555546875 0.8967013890625 0.8430555546875 0.9203125 0.875 0.9203125
19 0.903125 0.8927951390625 0.8770833328125001 0.8927951390625 0.8770833328125001 0.928125 0.903125 0.928125
19 0.9328125 0.8927951390625 0.9082465281250001 0.8927951390625 0.9082465281250001 0.928125 0.9328125 0.928125
19 0.815625 0.8967013875 0.7855034718750001 0.8967013875 0.7855034718750001 0.921875 0.815625 0.921875
19 0.5765625 0.50546875 0.5388888875 0.50546875 0.5388888875 0.5703125 0.5765625 0.5703125
19 0.5419270828125 0.5161458328124999 0.47508680468750003 0.5161458328124999 0.47508680468750003 0.5578125 0.5419270828125 0.5578125
19 0.668402778125 0.5049479171875 0.628472221875 0.5049479171875 0.628472221875 0.570052084375 0.668402778125 0.570052084375
19 0.634375 0.51875 0.5680555546875 0.51875 0.5680555546875 0.5578125 0.634375 0.5578125
19 0.834375 0.6220486109375002 0.81631944375 0.6220486109375002 0.81631944375 0.6359375000000002 0.834375 0.6359375000000002
19 0.8640625 0.6183159718750002 0.840625 0.6183159718750002 0.840625 0.6406250000000002 0.8640625 0.6406250000000002
19 0.8875 0.6211805562500002 0.8665798625000001 0.6211805562500002 0.8665798625000001 0.6390625000000002 0.8875 0.6390625000000002
19 0.934375 0.6218750000000002 0.9144097234374999 0.6218750000000002 0.9144097234374999 0.6406250000000002 0.934375 0.6406250000000002
19 0.9125 0.6215277781250002 0.89288194375 0.6215277781250002 0.89288194375 0.6406250000000002 0.9125 0.6406250000000002