19 0.6234375 0.01406250000000007 0.511328125 0.014062500000000061 0.511328125 0.15625000000000006 0.6234375 0.15625000000000008
19 0.6343750000000001 0.8796875 0.5968750000000002 0.8796875 0.5968750000000002 0.9875 0.6343750000000001 0.9875
19 0.7156250000000002 0.91484375 0.6113281250000002 0.91484375 0.6113281250000002 0.9546875 0.7156250000000002 0.9546875
19 0.7328125000000002 0.8828125 0.6902343750000002 0.8828125 0.6902343750000002 0.9921875 0.7328125000000002 0.9921875
19 0.8140625 0.91875 0.7097656250000002 0.91875 0.7097656250000002 0.9578125 0.8140625 0.9578125
19 0.92734375 0.0621093750000001 0.8046875 0.06210937500000009 0.8046875 0.13750000000000012 0.92734375 0.13750000000000012
19 0.9921875 0.03906250000000012 0.910546875 0.03906250000000011 0.910546875 0.16406250000000014 0.9921875 0.16406250000000014
19 0.7125 0.05937500000000008 0.6265625 0.05937500000000007 0.6265625 0.1625000000000001 0.7125 0.1625000000000001
19 0.8109375 0.06875000000000009 0.721484375 0.06875000000000009 0.721484375 0.16406250000000008 0.8109375 0.16406250000000008
19 0.63125 0.2062500000000001 0.550390625 0.2062500000000001 0.550390625 0.3609375000000001 0.63125 0.3609375000000001
19 0.753125 0.2445312500000001 0.59921875 0.2445312500000001 0.59921875 0.3312500000000001 0.753125 0.3312500000000001
19 0.7828125 0.2390625000000001 0.725 0.2390625000000001 0.725 0.3703125000000001 0.7828125 0.3703125000000001
19 0.9484375 0.2695312500000001 0.830078125 0.2695312500000001 0.830078125 0.3515625000000001 0.9484375 0.3515625000000001
19 0.8625 0.2953125000000001 0.770703125 0.2953125000000001 0.770703125 0.3500000000000001 0.8625 0.3500000000000001
19 0.7 0.440625 0.5765625 0.440625 0.5765625 0.5515625 0.7 0.5515625
19 0.803125 0.4359375000000001 0.69375 0.4359375 0.69375 0.5593750000000001 0.803125 0.5593750000000002