19 0.725 0.3812500000000001 0.669140625 0.3812500000000001 0.669140625 0.415625 0.725 0.415625
19 0.675 0.3707031250000001 0.641015625 0.3707031250000001 0.641015625 0.425 0.675 0.425
19 0.6078125 0.3812500000000001 0.553515625 0.3812500000000001 0.553515625 0.4140625 0.6078125 0.4140625
19 0.559375 0.3722656250000001 0.5265625 0.3722656250000001 0.5265625 0.425 0.559375 0.425
19 0.5234375 0.3730468750000001 0.4921875 0.3730468750000001 0.4921875 0.4234375 0.5234375 0.4234375
19 0.6453125 0.38164062500000007 0.592578125 0.38164062500000007 0.592578125 0.415625 0.6453125 0.415625
19 0.759375 0.3812500000000001 0.708984375 0.3812500000000001 0.708984375 0.4164062500000001 0.759375 0.4164062500000002
19 0.696875 0.5359375 0.6328125 0.5359375 0.6328125 0.5625 0.696875 0.5625
19 0.66875 0.536328125 0.609375 0.536328125 0.609375 0.5609375 0.66875 0.5609375
19 0.834375 0.5351562500000002 0.77265625 0.5351562500000002 0.77265625 0.5609375000000002 0.834375 0.5609375000000002
19 0.7234375 0.534375 0.6625 0.534375 0.6625 0.5609375 0.7234375 0.5609375
19 0.778125 0.5351562500000001 0.71796875 0.53515625 0.71796875 0.5593750000000001 0.778125 0.5593750000000002
19 0.80625 0.5351562500000002 0.74453125 0.5351562500000002 0.74453125 0.5609375000000002 0.80625 0.5609375000000002
19 0.7328125 0.5171875000000001 0.7078125 0.5171875 0.7078125 0.5781250000000001 0.7328125 0.5781250000000002
19 0.7203125 0.672265625 0.61953125 0.672265625 0.61953125 0.71875 0.7203125 0.71875
19 0.76875 0.6742187500000001 0.66484375 0.67421875 0.66484375 0.7203125000000001 0.76875 0.7203125000000001
19 0.7921875 0.6457031250000002 0.74375 0.6457031250000002 0.7437500000000001 0.7515625000000001 0.7921875000000002 0.7515625000000001
19 0.86875 0.6773437500000001 0.76953125 0.6773437500000001 0.76953125 0.7250000000000002 0.86875 0.7250000000000002
19 0.8953125 0.6531250000000002 0.846875 0.6531250000000002 0.846875 0.7531250000000002 0.8953125 0.7531250000000002
19 0.5406250000000001 0.8375 0.49531250000000016 0.8375 0.49531250000000016 0.946875 0.5406250000000001 0.946875
19 0.49531250000000016 0.8359375 0.44843750000000016 0.8359375 0.44843750000000016 0.946875 0.49531250000000016 0.946875
19 0.5875000000000001 0.8328125 0.5421875000000002 0.8328125 0.5421875000000002 0.94375 0.5875000000000001 0.94375
19 0.6656250000000001 0.871484375 0.5605468750000002 0.871484375 0.5605468750000002 0.9140625 0.6656250000000001 0.9140625
19 0.7187500000000002 0.86875 0.6078125000000002 0.86875 0.6078125000000002 0.9171875 0.7187500000000002 0.9171875