19 0.5046575484375 0.2798747000000001 0.43596745156249994 0.2798747000000001 0.43596745156249994 0.33281250000000007 0.5046575484375 0.33281250000000007
19 0.5796875 0.28084564687500013 0.5162415124999999 0.28084564687500013 0.5162415124999999 0.33281250000000007 0.5796875 0.33281250000000007
19 0.16093750000000004 0.28086311875000003 0.09308606406250004 0.28086311875000003 0.09308606406250004 0.334375 0.16093750000000004 0.334375
19 0.4296875 0.2814372000000001 0.37003045 0.2814372000000001 0.37003045 0.3343750000000001 0.4296875 0.3343750000000001
19 0.3578125 0.27656000468749997 0.3038014171875 0.27656000468749997 0.3038014171875 0.3390625 0.3578125 0.3390625
19 0.290625 0.275244609375 0.23693340625 0.275244609375 0.23693340625 0.340625 0.290625 0.340625
19 0.2203125 0.2752196484375 0.16668080937500004 0.2752196484375 0.16668080937500004 0.34375 0.2203125 0.34375
19 0.08750000000000005 0.2812799515625 0.021875000000000033 0.2812799515625 0.021875000000000037 0.3375 0.08750000000000005 0.3375
19 0.2812500000000001 0.383072084375 0.2478684109375001 0.383072084375 0.2478684109375001 0.426203075 0.2812500000000001 0.426203075
19 0.17187500000000006 0.3862994203125 0.13967651875000003 0.3862994203125 0.13967651875000003 0.425 0.17187500000000006 0.425
19 0.22812500000000008 0.3846595453125 0.19478833906250004 0.3846595453125 0.19478833906250004 0.428125 0.22812500000000008 0.428125
19 0.12968750000000004 0.39970297499999996 0.08306958750000004 0.39970297499999996 0.08306958750000004 0.425 0.12968750000000004 0.425
19 0.08281250000000004 0.4006339875 0.03930211562500004 0.4006339875 0.03930211562500005 0.425 0.08281250000000004 0.425
19 0.5421875 0.5589332078125 0.47684205156250004 0.5589332078125 0.47684205156250004 0.61875 0.5421875 0.61875
19 0.4776083265625 0.5578948687499999 0.4177041734375 0.5578948687499999 0.4177041734375 0.6203125 0.4776083265625 0.6203125
19 0.8953125 0.5643320687500002 0.849975040625 0.5643320687500002 0.849975040625 0.6250000000000002 0.8953125 0.6250000000000002
19 0.409375 0.58308206875 0.37324281250000013 0.58308206875 0.37324281250000013 0.615625 0.409375 0.615625
19 0.3656250000000001 0.5829422921875 0.3300594062500001 0.5829422921875 0.3300594062500001 0.61875 0.3656250000000001 0.61875
19 0.27812500000000007 0.5836386765625 0.2414886187500001 0.5836386765625 0.2414886187500001 0.61875 0.27812500000000007 0.61875
19 0.3187350234375001 0.5828125 0.2843899765625001 0.5828125 0.2843899765625001 0.61875 0.3187350234375001 0.61875