19 0.7734375000000002 0.7744959671875 0.6951864906250002 0.7744959671875 0.6951864906250002 0.8234375 0.7734375000000002 0.8234375
19 0.828125 0.7726562484375001 0.7504032250000001 0.7726562484375001 0.7504032250000001 0.8265625 0.828125 0.8265625
19 0.8826360875000001 0.7750000000000001 0.8068296374999999 0.7750000000000001 0.8068296374999999 0.8265625 0.8826360875000001 0.8265625
19 0.7062500000000002 0.777973790625 0.6637600812500002 0.777973790625 0.6637600812500002 0.8359375 0.7062500000000002 0.8359375
19 0.5781250000000002 0.7859375 0.5192540328125002 0.7859375 0.5192540328125002 0.83125 0.5781250000000002 0.83125
19 0.6593750000000002 0.7785030234375 0.6203125000000002 0.7785030234375 0.6203125000000002 0.8359375 0.6593750000000002 0.8359375
19 0.6156250000000002 0.7795614921875 0.5718750000000001 0.7795614921875 0.5718750000000001 0.8359375 0.6156250000000002 0.8359375
19 0.5234375000000002 0.7805947578125 0.48029233750000017 0.7805947578125 0.48029233750000017 0.8390625 0.5234375000000002 0.8390625
19 0.47656250000000017 0.7791330640624999 0.43329133125000013 0.7791330640624999 0.43329133125000013 0.8375 0.47656250000000017 0.8375
19 0.4281250000000002 0.793296371875 0.3943296375000001 0.793296371875 0.3943296375000001 0.8390625 0.4281250000000002 0.8390625
19 0.2828125000000001 0.7953125 0.2423135093750001 0.7953125 0.2423135093750001 0.8390625 0.2828125000000001 0.8390625
19 0.3234375000000001 0.7975806453125001 0.2768145171875001 0.7975806453125001 0.2768145171875001 0.8375 0.3234375000000001 0.8375
19 0.3984375000000001 0.8015877015624999 0.3510332671875001 0.8015877015624999 0.3510332671875001 0.8359375 0.3984375000000001 0.8359375
19 0.3544354828125001 0.7953125 0.3205645156250001 0.7953125 0.3205645156250001 0.840625 0.3544354828125001 0.840625
19 0.16562500000000008 0.8013860890625001 0.12031250000000009 0.8013860890625001 0.12031250000000009 0.8390625 0.16562500000000008 0.8390625
19 0.2390625000000001 0.796622984375 0.20355342812500007 0.796622984375 0.20355342812500007 0.8421875 0.2390625000000001 0.8421875
19 0.2062500000000001 0.8021421375 0.16038306406250008 0.8021421375 0.16038306406250008 0.840625 0.2062500000000001 0.840625
19 0.38906250000000003 0.29374999843750005 0.27167338750000003 0.2937499984375 0.27167338750000003 0.38593750000000004 0.3890625000000001 0.3859375000000001
19 0.275 0.325730846875 0.21479334843750003 0.325730846875 0.21479334843750006 0.3921875 0.2750000000000001 0.3921875
19 0.20937500000000003 0.341229840625 0.15864415312500005 0.341229840625 0.15864415312500005 0.39375 0.2093750000000001 0.39375
19 0.15126008125000004 0.34375 0.09561492031250005 0.34375 0.09561492031250005 0.3953125 0.15126008125000004 0.3953125
19 0.609375 0.44417842656250006 0.5297127015624999 0.44417842656250006 0.5297127015624999 0.4875 0.609375 0.4875
19 0.4421875 0.451713709375 0.37444556406250007 0.451713709375 0.37444556406250007 0.4875 0.4421875 0.4875
19 0.40589717812500004 0.4520917328125 0.3375000000000001 0.4520917328125 0.3375000000000001 0.4875 0.40589717812500004 0.4875
19 0.46875 0.43606350781250003 0.4296875 0.43606350781250003 0.4296875 0.5015625 0.46875 0.5015625
19 0.521875 0.4520413296875 0.4537802421875 0.4520413296875 0.4537802421875 0.4875 0.521875 0.4875
19 0.3512852812500001 0.4546875 0.31902721718750005 0.4546875 0.31902721718750005 0.5046875 0.3512852812500001 0.5046875
19 0.3156250000000001 0.45660282187499995 0.2867187500000001 0.45660282187499995 0.2867187500000001 0.503125 0.3156250000000001 0.503125
19 0.5359375 0.5546875 0.4740423390625 0.5546875 0.4740423390625 0.6042338703125 0.5359375 0.6042338703125
19 0.4359375 0.54853830625 0.38669354687500007 0.54853830625 0.38669354687500007 0.6109375 0.4359375 0.6109375
19 0.3968750000000001 0.55675403125 0.33442540312500013 0.55675403125 0.33442540312500013 0.6027217734375 0.3968750000000001 0.6027217734375
19 0.5734375 0.548563509375 0.5265625 0.548563509375 0.5265625 0.6125 0.5734375 0.6125
19 0.66875 0.55 0.61875 0.55 0.61875 0.6125 0.66875 0.6125
19 0.715625 0.5497731859375 0.666633065625 0.5497731859375 0.666633065625 0.609375 0.715625 0.609375
19 0.6296875 0.5565272171875 0.56552419375 0.5565272171875 0.56552419375 0.6046875 0.6296875 0.6046875
19 0.48125 0.548563509375 0.4361895140625 0.548563509375 0.4361895140625 0.6125 0.48125 0.6125
19 0.7592741937499999 0.55 0.7157258078125001 0.55 0.7157258078125001 0.6125 0.7592741937499999 0.6125000000000002
19 0.2640625000000001 0.5656502015625 0.22752016093750008 0.5656502015625 0.22752016093750008 0.6140372984375 0.2640625000000001 0.6140372984375
19 0.30156250000000007 0.565675403125 0.2670110890625001 0.565675403125 0.2670110890625001 0.612449596875 0.30156250000000007 0.612449596875
19 0.3390625000000001 0.5666078640625 0.3031250000000001 0.5666078640625 0.3031250000000001 0.6140625 0.3390625000000001 0.6140625
19 0.2250000000000001 0.580519153125 0.1914314531250001 0.580519153125 0.1914314531250001 0.609375 0.2250000000000001 0.609375
19 0.18750000000000008 0.5806199578125 0.15859375156250008 0.5806199578125 0.15859375156250008 0.609375 0.18750000000000008 0.609375
19 0.1593750000000001 0.582762096875 0.12343750000000009 0.582762096875 0.12343750000000009 0.609375 0.1593750000000001 0.609375
19 0.4185987906250001 0.66875 0.34440524218750007 0.66875 0.34440524218750007 0.7265625 0.4185987906250002 0.7265625
19 0.3578125000000001 0.668321571875 0.28099798437500006 0.668321571875 0.28099798437500006 0.728125 0.3578125000000001 0.728125
19 0.2765625000000001 0.68233366875 0.21781754062500008 0.68233366875 0.21781754062500008 0.7359375 0.2765625000000001 0.7359375