19 0.9578125 0.15625000000000014 0.9171875 0.15625000000000014 0.9171875 0.18750000000000014 0.9578125 0.18750000000000014
19 0.9125 0.1578125000000001 0.8765625 0.15781250000000008 0.8765625 0.1890625000000001 0.9125 0.18906250000000013
19 0.97265625 0.19218750000000012 0.9296875 0.19218750000000012 0.9296875 0.22812500000000008 0.97265625 0.22812500000000008
19 0.92265625 0.19375000000000012 0.8828125 0.1937500000000001 0.8828125 0.2289062500000001 0.92265625 0.2289062500000001
19 0.590625 0.17187500000000006 0.5265625 0.17187500000000006 0.5265625 0.27421875000000007 0.590625 0.27421875000000007
19 0.1765625 0.1765625 0.1203125 0.1765625 0.12031250000000002 0.2796875 0.17656250000000004 0.2796875
19 0.7796875 0.1921875000000001 0.7234375 0.1921875000000001 0.7234375 0.2718750000000001 0.7796875 0.2718750000000001
19 0.6546875 0.1937500000000001 0.5984375 0.1937500000000001 0.5984375 0.2734375000000001 0.6546875 0.2734375000000001
19 0.71640625 0.1921875000000001 0.65625 0.1921875000000001 0.65625 0.27421875000000007 0.71640625 0.27421875000000007
19 0.221875 0.1921875 0.18125000000000005 0.1921875 0.18125000000000005 0.27890625 0.221875 0.27890625
19 0.87890625 0.21093750000000008 0.834375 0.21093750000000008 0.834375 0.2710937500000001 0.87890625 0.2710937500000001
19 0.828125 0.21093750000000008 0.7828125 0.21093750000000008 0.7828125 0.2710937500000001 0.828125 0.2710937500000001
19 0.31484375 0.215625 0.275 0.215625 0.275 0.2765625 0.31484375 0.2765625
19 0.9640625 0.2328125000000001 0.9265625 0.2328125000000001 0.9265625 0.27031250000000007 0.9640625 0.27031250000000007
19 0.9203125 0.23437500000000008 0.8828125 0.23437500000000008 0.8828125 0.27031250000000007 0.9203125 0.27031250000000007
19 0.81171875 0.3437500000000001 0.746875 0.3437500000000001 0.746875 0.44140625000000017 0.81171875 0.44140625000000017
19 0.8859375 0.3421875000000001 0.8171875 0.3421875000000001 0.8171875 0.4421875000000002 0.8859375 0.4421875000000002
19 0.69609375 0.3593750000000001 0.6609375 0.3593750000000001 0.6609375 0.44375 0.69609375 0.44375
19 0.7421875 0.3812500000000001 0.7 0.3812500000000001 0.7 0.4398437500000001 0.7421875 0.4398437500000002
19 0.5796875 0.3843750000000001 0.51875 0.3843750000000001 0.51875 0.43984375 0.5796875 0.43984375
19 0.65390625 0.3859375000000001 0.5875 0.3859375000000001 0.5875 0.4421875 0.65390625 0.4421875
19 0.74296875 0.5046875000000001 0.6671875 0.5046875 0.6671875 0.5914062500000001 0.74296875 0.5914062500000001
19 0.82265625 0.5062500000000002 0.7484375 0.5062500000000002 0.7484375 0.5929687500000002 0.82265625 0.5929687500000002