19 0.984375 0.1378906250000001 0.9046875 0.1378906250000001 0.9046875 0.1828125000000001 0.984375 0.18281250000000013
19 0.3015625 0.259375 0.232421875 0.259375 0.232421875 0.3625 0.3015625 0.3625
19 0.8640625 0.2953125000000001 0.828125 0.2953125000000001 0.828125 0.3281250000000001 0.8640625 0.3281250000000001
19 0.3734375 0.259375 0.303515625 0.259375 0.303515625 0.36250000000000004 0.3734375 0.3625000000000001
19 0.9 0.2921875000000001 0.867578125 0.2921875000000001 0.867578125 0.3312500000000001 0.9 0.3312500000000001
19 0.8265625 0.2949218750000001 0.793359375 0.2949218750000001 0.793359375 0.3296875000000001 0.8265625 0.3296875000000001
19 0.4453125 0.2609375000000001 0.3765625 0.2609375000000001 0.3765625 0.3625000000000001 0.4453125 0.3625000000000001
19 0.9421875 0.2925781250000001 0.9078125 0.2925781250000001 0.9078125 0.33281250000000007 0.9421875 0.33281250000000007
19 0.5125 0.2953125000000001 0.433203125 0.2953125000000001 0.433203125 0.3531250000000001 0.5125 0.3531250000000001
19 0.5578125 0.2843750000000001 0.503515625 0.2843750000000001 0.503515625 0.3656250000000001 0.5578125 0.3656250000000001
19 0.63125 0.2964843750000001 0.54921875 0.2964843750000001 0.54921875 0.35625000000000007 0.63125 0.35625000000000007
19 0.6796875 0.2863281250000001 0.621875 0.2863281250000001 0.621875 0.3671875000000001 0.6796875 0.3671875000000001
19 0.79375 0.2890625000000001 0.739453125 0.2890625000000001 0.739453125 0.3687500000000001 0.79375 0.3687500000000001
19 0.7484375 0.3031250000000001 0.669140625 0.3031250000000001 0.669140625 0.3578125000000001 0.7484375 0.3578125000000001
19 0.8375 0.3339843750000001 0.796875 0.3339843750000001 0.796875 0.3671875000000001 0.8375 0.3671875000000001
19 0.875 0.3332031250000001 0.841015625 0.3332031250000001 0.841015625 0.3703125000000001 0.875 0.3703125000000001
19 0.9140625 0.3351562500000001 0.88203125 0.3351562500000001 0.88203125 0.37187500000000007 0.9140625 0.37187500000000007
19 0.9546875 0.3375000000000001 0.91875 0.3375000000000001 0.91875 0.3703125000000001 0.9546875 0.3703125000000001
19 0.5515625 0.3988281250000001 0.5140625 0.3988281250000001 0.5140625 0.4328125 0.5515625 0.4328125
19 0.640625 0.4 0.60625 0.4 0.60625 0.4359375 0.640625 0.4359375
19 0.50625 0.3968750000000001 0.469921875 0.3968750000000001 0.469921875 0.43671875 0.50625 0.43671875
19 0.59375 0.39921875000000007 0.55859375 0.39921875000000007 0.55859375 0.4359375 0.59375 0.4359375
19 0.7328125 0.4000000000000001 0.695703125 0.4 0.695703125 0.4375000000000001 0.7328125 0.43750000000000017
19 0.871875 0.3996093750000001 0.8328125 0.3996093750000001 0.8328125 0.4359375000000002 0.871875 0.4359375000000002
19 0.6890625 0.4 0.6515625 0.4 0.6515625 0.4375 0.6890625 0.4375
19 0.784375 0.3980468750000001 0.74375 0.3980468750000001 0.74375 0.4359375000000002 0.784375 0.4359375000000002
19 0.828125 0.39921875000000007 0.787890625 0.39921875000000007 0.787890625 0.43750000000000017 0.828125 0.43750000000000017
19 0.9171875 0.4000000000000002 0.878515625 0.4000000000000002 0.878515625 0.44062500000000016 0.9171875 0.44062500000000016
19 0.07031250000000006 0.43125 5.281289321322961e-17 0.43125 5.472640383689735e-17 0.4625 0.07031250000000007 0.4625
19 0.14531250000000004 0.43359375 0.06914062500000004 0.43359375 0.06914062500000005 0.4671875 0.14531250000000004 0.4671875
19 0.10781250000000005 0.43515625 0.030859375000000057 0.43515625 0.030859375000000057 0.46875 0.10781250000000005 0.46875
19 0.18125000000000005 0.43359375 0.10546875000000004 0.43359375 0.10546875000000004 0.4703125 0.18125000000000005 0.4703125
19 0.2218750000000001 0.4375 0.14414062500000005 0.4375 0.14414062500000005 0.465625 0.2218750000000001 0.465625
19 0.26250000000000007 0.43671875 0.18320312500000005 0.43671875 0.18320312500000005 0.4703125 0.26250000000000007 0.4703125
19 0.2765625000000001 0.4140625 0.24375000000000008 0.4140625 0.24375000000000008 0.49375 0.2765625000000001 0.49375
19 0.3343750000000001 0.43671875 0.2570312500000001 0.43671875 0.2570312500000001 0.471875 0.3343750000000001 0.471875
19 0.3906250000000001 0.4171875 0.3531250000000001 0.4171875 0.3531250000000001 0.4953125 0.3906250000000001 0.4953125
19 0.4203125 0.4171875 0.39531250000000007 0.4171875 0.39531250000000007 0.4953125 0.4203125 0.4953125
19 0.3500000000000001 0.415625 0.31718750000000007 0.415625 0.31718750000000007 0.4953125 0.3500000000000001 0.4953125
19 0.459375 0.4171875 0.428125 0.4171875 0.428125 0.4953125 0.459375 0.4953125
19 0.5046875 0.442578125 0.46875 0.442578125 0.46875 0.4921875 0.5046875 0.4921875
19 0.5578125 0.4484375 0.50625 0.4484375 0.50625 0.490625 0.5578125 0.490625
19 0.596875 0.444921875 0.5546875 0.444921875 0.5546875 0.4953125 0.596875 0.4953125
19 0.65 0.4484375 0.5984375 0.4484375 0.5984375 0.49375 0.65 0.49375
19 0.6921875 0.446484375 0.65 0.446484375 0.65 0.4953125 0.6921875 0.4953125
19 0.740625 0.4468750000000001 0.6984375 0.446875 0.6984375 0.5000000000000001 0.740625 0.5000000000000002
19 0.7890625 0.44843750000000016 0.7484375 0.44843750000000016 0.7484375 0.4968750000000002 0.7890625 0.4968750000000002
19 0.8328125 0.4468750000000002 0.794140625 0.4468750000000002 0.794140625 0.5000000000000002 0.8328125 0.5000000000000002
19 0.9328125 0.4546875000000002 0.882421875 0.4546875000000002 0.882421875 0.4929687500000002 0.9328125 0.4929687500000002
19 0.8875 0.4546875000000002 0.834765625 0.4546875000000002 0.834765625 0.49218750000000017 0.8875 0.49218750000000017
19 0.1625000000000001 0.559375 0.09648437500000007 0.559375 0.09648437500000007 0.62890625 0.1625000000000001 0.62890625
19 0.2375000000000001 0.56484375 0.1644531250000001 0.56484375 0.1644531250000001 0.6296875 0.2375000000000001 0.6296875
19 0.61875 0.5671875 0.548046875 0.5671875 0.548046875 0.625 0.61875 0.625
19 0.55 0.5625 0.484765625 0.5625 0.484765625 0.634375 0.55 0.634375
19 0.3046875000000001 0.566015625 0.2406250000000001 0.566015625 0.2406250000000001 0.6296875 0.3046875000000001 0.6296875
19 0.09531250000000006 0.5640625 0.023828125000000068 0.5640625 0.02382812500000007 0.6328125 0.09531250000000006 0.6328125
19 0.36406250000000007 0.571875 0.3066406250000001 0.571875 0.3066406250000001 0.634375 0.36406250000000007 0.634375
19 0.6734375 0.571875 0.616015625 0.571875 0.616015625 0.6359375 0.6734375 0.6359375
19 0.4265625 0.576953125 0.3671875000000001 0.576953125 0.3671875000000001 0.6328125 0.4265625 0.6328125
19 0.4796875 0.5765625 0.426953125 0.5765625 0.426953125 0.634375 0.4796875 0.634375
19 0.7921875 0.5765625000000002 0.733984375 0.5765625000000002 0.733984375 0.6390625000000002 0.7921875 0.6390625000000002
19 0.7296875 0.5765625000000001 0.674609375 0.5765625 0.674609375 0.6390625000000001 0.7296875 0.6390625000000002
19 0.85625 0.5785156250000002 0.79140625 0.5785156250000002 0.79140625 0.6359375000000002 0.85625 0.6359375000000002
19 0.9125 0.5765625000000002 0.8546875 0.5765625000000002 0.8546875 0.6390625000000002 0.9125 0.6390625000000002