19 0.6609375 0.2755404875000001 0.5710888375 0.2755404875000001 0.5710888375 0.3468750000000001 0.6609375 0.3468750000000001
19 0.85 0.2618071921875001 0.779097878125 0.2618071921875001 0.779097878125 0.3593750000000001 0.85 0.3593750000000001
19 0.75 0.2659001578125001 0.6804196140625 0.2659001578125001 0.6804196140625 0.3593750000000001 0.75 0.3593750000000001
19 0.9573211484374999 0.27812500000000007 0.8645538515625001 0.27812500000000007 0.8645538515625001 0.3468750000000001 0.9573211484374999 0.3468750000000001
19 0.9640625 0.3786753140625001 0.8946098656249999 0.3786753140625001 0.8946098656249999 0.4125000000000002 0.9640625 0.4125000000000002
19 0.8875 0.3771029875000001 0.8162834109375 0.3771029875000001 0.8162834109375 0.41406250000000017 0.8875 0.41406250000000017
19 0.7921875 0.35982212968750005 0.7553557390625001 0.35982212968750005 0.7553557390625001 0.4359375000000002 0.7921875 0.4359375000000002
19 0.65 0.3798693015625001 0.5864386796875001 0.3798693015625001 0.5864386796875001 0.415625 0.65 0.415625
19 0.73125 0.3823113218750001 0.6591440640624999 0.3823113218750001 0.6591440640624999 0.4156250000000001 0.73125 0.4156250000000002
19 0.4578125 0.3905562093750001 0.41875 0.3905562093750001 0.41875 0.4109375 0.4578125 0.4109375
19 0.403125 0.38139740468750005 0.3823014921875001 0.38139740468750005 0.3823014921875001 0.4203125 0.403125 0.4203125
19 0.5640625 0.3707743718750001 0.528125 0.3707743718750001 0.528125 0.4296875 0.5640625 0.4296875
19 0.35625000000000007 0.38032134375000004 0.33631092656250006 0.38032134375000004 0.33631092656250006 0.421875 0.35625000000000007 0.421875
19 0.496875 0.3813679234375001 0.4754029078125 0.3813679234375001 0.4754029078125 0.4203125 0.496875 0.4203125
19 0.41202830312499994 0.41187598437500006 0.3632861640625001 0.41187598437500006 0.3632861640625001 0.4375 0.41202830312499994 0.4375
19 0.3591194968750001 0.4120233890625 0.3158805031250001 0.4120233890625 0.3158805031250001 0.4375 0.3591194968750001 0.4375
19 0.4609375 0.4134581375 0.40721796406250005 0.4134581375 0.40721796406250005 0.4390625 0.4609375 0.4390625
19 0.5046875 0.41621462343750004 0.4649272796875 0.41621462343750004 0.4649272796875 0.4375 0.5046875 0.4375
19 0.565625 0.40773879687500003 0.5212509828125 0.40773879687500003 0.5212509828125 0.4734375 0.565625 0.4734375
19 0.9640625 0.41703518125000016 0.891956565625 0.41703518125000016 0.891956565625 0.46406250000000016 0.9640625 0.46406250000000016
19 0.8828125 0.41859767968750017 0.81619496875 0.41859767968750017 0.81619496875 0.4656250000000002 0.8828125 0.4656250000000002
19 0.640625 0.40876572343750006 0.5962706375 0.40876572343750006 0.5962706375 0.47637578593749996 0.640625 0.47637578593749996
19 0.8 0.40661851406250016 0.754284590625 0.40661851406250016 0.754284590625 0.47968750000000016 0.8 0.47968750000000016
19 0.7328125 0.4210347890625001 0.6600481515625 0.4210347890625 0.6600481515625 0.46562500000000007 0.7328125 0.4656250000000002
19 0.18750000000000006 0.41796875 0.14687500000000003 0.41796875 0.14687500000000003 0.475 0.18750000000000006 0.475
19 0.2531250000000001 0.425 0.19638856250000006 0.425 0.19638856250000006 0.4671875 0.2531250000000001 0.4671875
19 0.3046875000000001 0.4215949296875 0.2629078234375001 0.4215949296875 0.2629078234375001 0.471875 0.3046875000000001 0.471875
19 0.13750000000000004 0.42734866406250005 0.08205581718750005 0.42734866406250005 0.08205581718750006 0.4671875 0.13750000000000004 0.4671875
19 0.4102889140625 0.4421088828125 0.3678360859375001 0.4421088828125 0.3678360859375001 0.465625 0.4102889140625 0.465625
19 0.4515625 0.4328125 0.42874901718749997 0.4328125 0.42874901718749997 0.4748673359375 0.4515625 0.4748673359375
19 0.35152319218750006 0.43261595937499997 0.3265625000000001 0.43261595937499997 0.3265625000000001 0.475 0.35152319218750006 0.475
19 0.50625 0.44375 0.468086675 0.44375 0.468086675 0.4671875 0.50625 0.4671875