19 0.7203125000000001 0.8978298609375001 0.6266493046875002 0.8978298609375001 0.6266493046875002 0.990625 0.7203125000000001 0.990625
19 0.6218750000000002 0.8980034703124999 0.5316840296875002 0.8980034703124999 0.5316840296875002 0.99375 0.6218750000000002 0.99375
19 0.2203125 2.120807611087596e-17 0.1260416671875 1.5435652428036787e-17 0.1260416671875 0.08906250000000002 0.2203125 0.08906250000000002
19 0.11875 8.690527479608004e-18 0.023177084375 2.8383742193411887e-18 0.023177084375000007 0.08906250000000002 0.11875 0.08906250000000002
19 0.321875 3.384256148121793e-17 0.23081597187499997 2.8266804114880423e-17 0.23081597187499997 0.09531250000000004 0.321875 0.09531250000000005
19 0.428125 4.665776740565689e-17 0.3338541671875 4.088534372281772e-17 0.3338541671875 0.09687500000000004 0.428125 0.09687500000000004
19 0.7810763890625 0.1301215265625001 0.6986111109375 0.1301215265625001 0.6986111109375 0.21519097187500008 0.7810763890625 0.21519097187500008
19 0.8671875 0.1340277765625001 0.7792534718749999 0.1340277765625001 0.7792534718749999 0.2140625000000001 0.8671875 0.2140625000000001
19 0.2375 0.14244791562500003 0.178125 0.142447915625 0.17812500000000003 0.20625 0.2375 0.20625
19 0.96241319375 0.1332465281250001 0.8660590265625 0.1332465281250001 0.8660590265625 0.2234375000000001 0.96241319375 0.2234375000000001
19 0.303125 0.14774305468750004 0.23203125 0.14774305468750004 0.23203125 0.2078125 0.303125 0.2078125
19 0.6921875 0.14843750000000008 0.6282986109375 0.14843750000000008 0.6282986109375 0.2140625000000001 0.6921875 0.2140625000000001
19 0.5484375 0.14809027656250007 0.48506944531249996 0.14809027656250004 0.48506944531249996 0.2140625000000001 0.5484375 0.2140625000000001
19 0.6232638890625 0.1491319453125001 0.5564236109375 0.1491319453125001 0.5564236109375 0.21250000000000008 0.6232638890625 0.21250000000000008
19 0.3484375 0.16467013906250005 0.31006944375 0.16467013906250005 0.31006944375 0.2140625 0.3484375 0.2140625
19 0.4109375 0.16657986093750005 0.37118055625 0.16657986093750005 0.37118055625 0.2169270843750001 0.4109375 0.2169270843750001
19 0.479253471875 0.17404513750000003 0.4289062484375 0.17404513750000003 0.4289062484375 0.2093750000000001 0.479253471875 0.2093750000000001
19 0.07656250000000005 0.2806423609375 3.436877690272655e-17 0.2806423609375 3.794597871815825e-17 0.3390625 0.07656250000000005 0.3390625
19 0.17187500000000006 0.2625 0.06675347343750002 0.2625 0.06675347343750003 0.3578125 0.17187500000000006 0.3578125
19 0.27968750000000003 0.2580729171875 0.18420138906250005 0.2580729171875 0.18420138906250005 0.36875 0.2796875000000001 0.36875
19 0.403125 0.26684027812500005 0.3046875 0.266840278125 0.30468750000000006 0.36562500000000003 0.403125 0.3656250000000001
19 0.871527778125 0.26901041562500005 0.769097221875 0.26901041562500005 0.769097221875 0.3653645843750001 0.871527778125 0.3653645843750001
19 0.6421875 0.26423611250000006 0.5465277765625001 0.26423611250000006 0.5465277765625001 0.3687500000000001 0.6421875 0.3687500000000001
19 0.75 0.26961805625000007 0.6543402781250001 0.26961805625000007 0.6543402781250001 0.3671875000000001 0.75 0.3671875000000001
19 0.990625 0.2705729171875001 0.8828125 0.2705729171875001 0.8828125 0.3669270843750001 0.990625 0.3669270843750001
19 0.5203125 0.2693576375000001 0.42213541718750003 0.2693576375000001 0.42213541718750003 0.3687500000000001 0.5203125 0.3687500000000001
19 0.86875 0.42881944375000014 0.775520834375 0.42881944375000014 0.775520834375 0.5086805562500002 0.86875 0.5086805562500002
19 0.759375 0.4201388875000001 0.678298609375 0.4201388875 0.678298609375 0.51875 0.759375 0.5187500000000002
19 1 0.4302951406250002 0.890625 0.4302951406250002 0.890625 0.5078125000000002 1 0.5078125000000002
19 0.471614584375 0.43064236093749997 0.400434028125 0.43064236093749997 0.400434028125 0.51875 0.471614584375 0.51875
19 0.17187500000000006 0.4407986109375 0.08654513906250004 0.4407986109375 0.08654513906250005 0.5078125 0.17187500000000006 0.5078125
19 0.3859375000000001 0.44105902812500003 0.28142361093750007 0.44105902812500003 0.28142361093750007 0.509375 0.3859375000000001 0.509375
19 0.559375 0.4361979171875 0.4956597203125 0.4361979171875 0.4956597203125 0.515625 0.559375 0.515625
19 0.2640625000000001 0.43177083281249995 0.19401041562500004 0.43177083281249995 0.19401041562500004 0.52118055625 0.2640625000000001 0.52118055625
19 0.06684027812500005 0.44375 5.43437017121638e-17 0.44375 5.836207402186604e-17 0.509375 0.06684027812500007 0.509375
19 0.6484375 0.4310763890625 0.5901909734374999 0.4310763890625 0.5901909734374999 0.5265625 0.6484375 0.5265625
19 0.475 0.5578125 0.3835069437500001 0.5578125 0.3835069437500001 0.6484375 0.475 0.6484375
19 0.58125 0.562847221875 0.4828125 0.562847221875 0.4828125 0.6484375 0.58125 0.6484375
19 0.3687500000000001 0.57005208125 0.2755208343750001 0.57005208125 0.2755208343750001 0.6453125 0.3687500000000001 0.6453125
19 0.709375 0.590625 0.6584201375000001 0.590625 0.6584201375000001 0.6515625 0.709375 0.6515625
19 0.784375 0.5916666671875002 0.725 0.5916666671875 0.725 0.6500000000000001 0.784375 0.6500000000000001
19 0.6484375 0.5940972234374999 0.592447915625 0.5940972234374999 0.592447915625 0.646875 0.6484375 0.646875
19 0.8515625 0.5953125000000001 0.7921875 0.5953125000000001 0.7921875 0.6515625000000002 0.8515625 0.6515625000000002
19 0.9203125 0.5921875000000002 0.86171875 0.5921875000000002 0.86171875 0.6531250000000002 0.9203125 0.6531250000000002
19 0.990625 0.5921875000000002 0.9295138875 0.5921875000000002 0.9295138875 0.6531250000000002 0.990625 0.6531250000000002