19 0.24257425781250008 0.7458745875 0.2161716171875001 0.7458745875 0.2161716171875001 0.797029703125 0.24257425781250008 0.797029703125
19 0.2087458750000001 0.7508250828125 0.18481848125000008 0.7508250828125 0.18481848125000008 0.7986798687500001 0.2087458750000001 0.7986798687500001
19 0.2706270625000001 0.747524753125 0.2442244218750001 0.747524753125 0.2442244218750001 0.7986798687500001 0.2706270625000001 0.7986798687500001
19 0.30198019843750007 0.7508250828125 0.2739273921875001 0.7508250828125 0.2739273921875001 0.7986798687500001 0.30198019843750007 0.7986798687500001
19 0.3358085812500001 0.752475246875 0.3069306937500001 0.752475246875 0.3069306937500001 0.8003300328125 0.3358085812500001 0.8003300328125
19 0.3696369640625001 0.752475246875 0.3432343234375001 0.752475246875 0.3432343234375001 0.8003300328125 0.3696369640625001 0.8003300328125
19 0.4026402640625002 0.752475246875 0.3762376234375001 0.752475246875 0.3762376234375001 0.8003300328125 0.4026402640625002 0.8003300328125
19 0.2169967000000001 0.8762376234374999 0.19141914218750009 0.8762376234374999 0.19141914218750009 0.8968646859374999 0.2169967000000001 0.8968646859374999
19 0.24752475312500008 0.8778877890624999 0.22112211250000008 0.8778877890624999 0.22112211250000008 0.8985148515624999 0.24752475312500008 0.8985148515624999
19 0.36056105625000007 0.8828382843749999 0.3085808578125001 0.8828382843749999 0.3085808578125001 0.9397689765624999 0.36056105625000007 0.9397689765624999
19 0.4158415843750002 0.8861386140624999 0.3646864687500001 0.8861386140624999 0.3646864687500001 0.9422442249999999 0.4158415843750002 0.9422442249999999
19 0.47277227656250015 0.8894389437499999 0.4207920796875002 0.8894389437499999 0.4207920796875002 0.9414191421875 0.47277227656250015 0.9414191421875
19 0.2136963703125001 0.91419141875 0.18976897656250014 0.91419141875 0.18976897656250014 0.9356435640624999 0.2136963703125001 0.9356435640624999
19 0.24834983437500008 0.9191419140624999 0.21947194687500007 0.9191419140624999 0.21947194687500007 0.940594059375 0.24834983437500008 0.940594059375
19 0.2656765671875 0.16336633593750005 0.2062706265625 0.16336633593750005 0.2062706265625 0.2623762375 0.2656765671875 0.2623762375
19 0.33580858125 0.16501650156250006 0.272277228125 0.16501650156250006 0.272277228125 0.259900990625 0.33580858125 0.259900990625
19 0.39768976875 0.16501650156250006 0.338283828125 0.16501650156250006 0.338283828125 0.25990099062500005 0.39768976875 0.2599009906250001
19 0.20462046250000002 0.16996699687500003 0.1485148515625 0.169966996875 0.14851485156250002 0.264851484375 0.20462046250000002 0.264851484375
19 0.30528052812500006 0.3085808578125 0.255775578125 0.3085808578125 0.25577557812500007 0.4092409234375 0.30528052812500006 0.4092409234375
19 0.3935643562500001 0.33333333281250005 0.3531353140625 0.3333333328125 0.35313531406250004 0.4092409234375 0.3935643562500001 0.4092409234375
19 0.4801980203125 0.3316831687500001 0.44059405937499996 0.3316831687500001 0.44059405937499996 0.4092409234375 0.4801980203125 0.4092409234375
19 0.3490099015625 0.3333333328125 0.3085808578125 0.3333333328125 0.30858085781250005 0.4092409234375 0.34900990156250006 0.4092409234375
19 0.43646864687500003 0.3333333328125001 0.3960396046875 0.3333333328125001 0.39603960468750005 0.4092409234375 0.43646864687500003 0.4092409234375
19 0.30528052812500006 0.44719471874999994 0.2623762375000001 0.44719471874999994 0.2623762375000001 0.5396039609375001 0.30528052812500006 0.5396039609375001
19 0.2574257421875001 0.44719471874999994 0.21782178281250011 0.44719471874999994 0.21782178281250011 0.541254125 0.2574257421875001 0.541254125
19 0.34900990156250006 0.44719471874999994 0.3069306937500001 0.44719471874999994 0.3069306937500001 0.5396039609375001 0.34900990156250006 0.5396039609375001
19 0.61056105625 0.4603960390625 0.5792079203125 0.4603960390625 0.5792079203125 0.5445544546875001 0.61056105625 0.5445544546875001
19 0.6460396046875 0.46204620468749996 0.6155115515625 0.46204620468749996 0.6155115515625 0.5420792078125001 0.6460396046875 0.5420792078125001
19 0.6798679875 0.4603960390625 0.6485148515625 0.4603960390625 0.6485148515625 0.541254125 0.6798679875 0.541254125
19 0.21534653437500012 0.44719471874999994 0.17326732656250005 0.44719471874999994 0.17326732656250005 0.538778878125 0.21534653437500012 0.538778878125
19 0.57343234375 0.46204620468749996 0.5445544546875001 0.46204620468749996 0.5445544546875001 0.542904290625 0.57343234375 0.542904290625
19 0.3910891093750001 0.448844884375 0.3531353140625001 0.448844884375 0.3531353140625001 0.541254125 0.3910891093750001 0.541254125
19 0.43646864687500003 0.44719471874999994 0.3960396046875001 0.44719471874999994 0.3960396046875001 0.538778878125 0.43646864687500003 0.538778878125
19 0.541254125 0.46204620468749996 0.509900990625 0.46204620468749996 0.509900990625 0.542904290625 0.541254125 0.542904290625
19 0.715346534375 0.4636963703125 0.68481848125 0.4636963703125 0.68481848125 0.5420792078125001 0.715346534375 0.5420792078125001
19 0.47194719531249996 0.4636963703125 0.44059405937499996 0.4636963703125 0.44059405937499996 0.5420792078125001 0.47194719531249996 0.5420792078125001
19 0.5049504953125 0.4636963703125 0.47359735937499997 0.4636963703125 0.47359735937499997 0.5420792078125001 0.5049504953125 0.5420792078125001
19 0.40264026406250003 0.58580858125 0.35148514843750006 0.58580858125 0.35148514843750006 0.6584158421875 0.40264026406250003 0.6584158421875