19 0.4328125 0.5308644484375 0.3859375000000001 0.5308644484375 0.3859375000000001 0.5703125 0.4328125 0.5703125
19 0.3843750000000001 0.531239853125 0.3312500000000001 0.531239853125 0.3312500000000001 0.571875 0.3843750000000001 0.571875
19 0.490625 0.525 0.44925933437500004 0.525 0.44925933437500004 0.578125 0.490625 0.578125
19 0.546875 0.5265625 0.5048802765625 0.5265625 0.5048802765625 0.5765625 0.546875 0.5765625
19 0.48546063437500003 0.64705763125 0.43513595625 0.64705763125 0.43513595625 0.690625 0.48546063437500003 0.690625
19 0.2578125000000001 0.6453733781250001 0.20793425312500008 0.6453733781250001 0.20793425312500008 0.6890625 0.2578125000000001 0.6890625
19 0.3734375000000001 0.6470271921874999 0.3195515421875001 0.6470271921874999 0.3195515421875001 0.6890625 0.3734375000000001 0.6890625
19 0.2030235390625001 0.6474025984375 0.1567573046875001 0.6474025984375 0.1567573046875001 0.6875 0.2030235390625001 0.6875
19 0.1453125000000001 0.6457183453125 0.0989346593750001 0.6457183453125 0.0989346593750001 0.6859375 0.1453125000000001 0.6859375
19 0.3109375000000001 0.6432731328125 0.27031250000000007 0.6432731328125 0.27031250000000007 0.69375 0.3109375000000001 0.69375
19 0.425 0.64705763125 0.3805905031250001 0.64705763125 0.3805905031250001 0.690625 0.425 0.690625
19 0.5375 0.650334821875 0.49375 0.650334821875 0.49375 0.6921875 0.5375 0.6921875
19 0.6 0.6496144484374999 0.5546875 0.6496144484374999 0.5546875 0.6890625 0.6 0.6890625
19 0.65 0.6487012984375 0.6097808453125 0.6487012984375 0.6097808453125 0.69375 0.65 0.69375
19 0.7140625 0.6507711046875 0.6673295453125 0.6507711046875 0.6673295453125 0.690625 0.7140625 0.690625
19 0.7703125 0.6674817359375 0.7209314109375 0.6674817359375 0.7209314109375 0.6921875000000001 0.7703125 0.6921875000000002
19 0.8203125 0.6674817359375002 0.7753043828124999 0.6674817359375002 0.7753043828124999 0.6921875000000002 0.8203125 0.6921875000000002
19 0.8577414781250001 0.6570008125000002 0.8317674515625001 0.6570008125000002 0.8317674515625001 0.7062500000000002 0.8577414781250001 0.7062500000000002
19 0.9109273531250001 0.6612520281250002 0.8875 0.6612520281250002 0.8875 0.7031250000000002 0.9109273531250001 0.7031250000000002