19 0.4789062500000002 0.7546875 0.41406250000000017 0.7546875 0.41406250000000017 0.8390625 0.4789062500000002 0.8390625
19 0.33671875000000007 0.7546875 0.2656250000000001 0.7546875 0.2656250000000001 0.8421875 0.33671875000000007 0.8421875
19 0.41015625000000017 0.753125 0.3359375000000001 0.753125 0.3359375000000001 0.83984375 0.41015625000000017 0.83984375
19 0.26640625000000007 0.7625 0.18125000000000008 0.7625 0.18125000000000008 0.84453125 0.26640625000000007 0.84453125
19 0.5828125000000002 0.7703125 0.5359375000000002 0.7703125 0.5359375000000002 0.83671875 0.5828125000000002 0.83671875
19 0.5296875000000002 0.771875 0.4890625000000002 0.771875 0.4890625000000002 0.83828125 0.5296875000000002 0.83828125
19 0.2179687500000001 0.565625 0.1437500000000001 0.565625 0.1437500000000001 0.69296875 0.2179687500000001 0.69296875
19 0.2960937500000001 0.56875 0.22656250000000008 0.56875 0.22656250000000008 0.6953125 0.2960937500000001 0.6953125
19 0.3742187500000001 0.56875 0.30937500000000007 0.56875 0.30937500000000007 0.69609375 0.3742187500000001 0.69609375
19 0.43125 0.621875 0.3890625000000001 0.621875 0.3890625000000001 0.69375 0.43125 0.69375
19 0.48359375 0.6265625 0.4390625 0.6265625 0.4390625 0.69609375 0.48359375 0.69609375
19 0.5390625 0.6234375 0.4921875 0.6234375 0.4921875 0.69765625 0.5390625 0.69765625