19 0.24226804062500001 0.14948453593750005 0.2053264609375 0.14948453593750005 0.2053264609375 0.18814432968750003 0.24226804062500001 0.18814432968750003
19 0.9054982812500001 0.1340206187500001 0.8298969078124999 0.1340206187500001 0.8298969078124999 0.2242268046875001 0.9054982812500001 0.2242268046875001
19 0.82817869375 0.1391752578125001 0.7542955328125001 0.1391752578125001 0.7542955328125001 0.2233676968750001 0.82817869375 0.2233676968750001
19 0.6769759453125 0.1391752578125001 0.603951890625 0.1391752578125001 0.603951890625 0.22250859062500009 0.6769759453125 0.22250859062500009
19 0.7525773203125 0.14089347031250007 0.6795532640624999 0.14089347031250007 0.6795532640624999 0.22250859062500009 0.7525773203125 0.22250859062500009
19 0.6013745703125 0.14261168437500008 0.5257731953125 0.14261168437500005 0.5257731953125 0.2242268046875001 0.6013745703125 0.2242268046875001
19 0.51890034375 0.14948453593750005 0.4656357390625 0.14948453593750005 0.4656357390625 0.22508591093750008 0.51890034375 0.22508591093750008
19 0.4621993125 0.14948453593750005 0.41065292031249995 0.14948453593750005 0.41065292031249995 0.22508591093750008 0.4621993125 0.22508591093750008
19 0.3127147765625 0.15635738906250005 0.2542955328125 0.15635738906250005 0.2542955328125 0.2268041234375 0.3127147765625 0.2268041234375
19 0.40206185625 0.16666666718750006 0.36597938124999996 0.16666666718750006 0.36597938124999996 0.2233676968750001 0.40206185625 0.2233676968750001
19 0.357388315625 0.16666666718750006 0.318728521875 0.16666666718750006 0.318728521875 0.22336769687500002 0.357388315625 0.22336769687500002
19 0.24398625468750001 0.19072165000000005 0.2070446734375 0.19072165000000005 0.2070446734375 0.22336769687500002 0.24398625468750001 0.22336769687500002
19 0.219931271875 0.2646048109375 0.16151202812500004 0.2646048109375 0.16151202812500004 0.3230240546875 0.219931271875 0.3230240546875
19 0.8831615125000001 0.2972508593750001 0.8470790375 0.2972508593750001 0.8470790375 0.35824742343750005 0.8831615125000001 0.35824742343750005
19 0.8419243984375001 0.2972508593750001 0.805841925 0.2972508593750001 0.805841925 0.35824742343750005 0.8419243984375001 0.35824742343750005
19 0.797250859375 0.2972508593750001 0.761168384375 0.2972508593750001 0.761168384375 0.35824742343750005 0.797250859375 0.35824742343750005
19 0.757731959375 0.2972508593750001 0.7250859109375 0.2972508593750001 0.7250859109375 0.35824742343750005 0.757731959375 0.35824742343750005
19 0.21821305781250006 0.3316151203125 0.15378006875000005 0.3316151203125 0.15378006875000005 0.376288659375 0.2182130578125001 0.376288659375
19 0.2182130578125001 0.395189003125 0.15721649531250004 0.395189003125 0.15721649531250004 0.4484536078125 0.2182130578125001 0.4484536078125
19 0.723367696875 0.40206185625 0.6503436421875 0.40206185625 0.6503436421875 0.489690721875 0.723367696875 0.489690721875
19 0.797250859375 0.40549828125000004 0.7242268046875 0.40549828125 0.7242268046875 0.4888316156250001 0.797250859375 0.4888316156250002
19 0.8797250859375 0.40549828125000015 0.80670103125 0.40549828125000015 0.80670103125 0.4896907218750002 0.8797250859375 0.4896907218750002
19 0.6477663234375 0.41065292031249995 0.5773195875 0.41065292031249995 0.5773195875 0.48711340156249994 0.6477663234375 0.48711340156249994
19 0.575601375 0.4192439859375 0.511168384375 0.4192439859375 0.511168384375 0.4862542953125 0.575601375 0.4862542953125
19 0.45704467343750005 0.4364261171875 0.4183848796875 0.4364261171875 0.4183848796875 0.489690721875 0.45704467343750005 0.489690721875
19 0.5017182124999999 0.43470790312499996 0.46305841875000003 0.43470790312499996 0.46305841875000003 0.488831615625 0.5017182124999999 0.488831615625
19 0.2164948453125001 0.45704467343750005 0.15807560156250006 0.45704467343750005 0.15807560156250006 0.510309278125 0.2164948453125001 0.510309278125
19 0.21305841875000006 0.51890034375 0.15979381406250004 0.51890034375 0.15979381406250007 0.57817869375 0.21305841875000006 0.57817869375
19 0.2164948453125001 0.6134020625 0.16065292031250009 0.6134020625 0.16065292031250009 0.67182130625 0.2164948453125001 0.67182130625