19 0.34843750000000007 0.846875 0.31718750000000007 0.846875 0.31718750000000007 0.8828125 0.34843750000000007 0.8828125
19 0.2757812500000001 0.8453125 0.2468750000000001 0.8453125 0.2468750000000001 0.8875 0.2757812500000001 0.8875
19 0.3125000000000001 0.85 0.2796875000000001 0.85 0.2796875000000001 0.88359375 0.3125000000000001 0.88359375
19 0.2429687500000001 0.8421875 0.2156250000000001 0.8421875 0.2156250000000001 0.89296875 0.2429687500000001 0.89296875
19 0.4039062500000002 0.8390625 0.3687500000000001 0.8390625 0.3687500000000001 0.89765625 0.4039062500000002 0.89765625
19 0.10859375000000009 0.853125 0.08125000000000011 0.853125 0.08125000000000011 0.89375 0.10859375000000009 0.89375
19 0.1828125000000001 0.853125 0.1468750000000001 0.853125 0.1468750000000001 0.89765625 0.1828125000000001 0.89765625
19 0.14609375000000008 0.85625 0.11093750000000009 0.85625 0.11093750000000009 0.896875 0.14609375000000008 0.896875
19 0.12578125 0.05781250000000001 0.0859375 0.0578125 0.08593750000000001 0.134375 0.12578125 0.134375
19 0.2046875 0.057812500000000024 0.1671875 0.057812500000000024 0.1671875 0.13437500000000002 0.2046875 0.13437500000000005
19 0.08671875000000001 0.0578125 0.046875000000000014 0.0578125 0.046875000000000014 0.13359375 0.08671875000000002 0.13359375
19 0.24296875 0.059375000000000025 0.2046875 0.059375000000000025 0.2046875 0.13359375000000004 0.24296875 0.13359375000000004
19 0.165625 0.059375000000000025 0.128125 0.059375000000000025 0.128125 0.1328125 0.165625 0.1328125
19 0.28203125 0.06250000000000003 0.24375 0.06250000000000003 0.24375 0.13359375000000004 0.28203125 0.13359375000000004
19 0.3203125 0.06562500000000004 0.284375 0.06562500000000004 0.284375 0.13515625000000003 0.3203125 0.13515625000000003
19 0.3984375 0.06562500000000004 0.3609375 0.06562500000000004 0.3609375 0.13515625000000003 0.3984375 0.13515625000000003
19 0.43828125 0.06562500000000004 0.3984375 0.06562500000000004 0.3984375 0.13515625000000003 0.43828125 0.13515625000000003
19 0.35859375 0.07031250000000004 0.3203125 0.07031250000000004 0.3203125 0.13515625000000003 0.35859375 0.13515625000000003
19 0.20546875 0.271875 0.18281250000000004 0.271875 0.18281250000000004 0.35859375 0.20546875 0.35859375
19 0.08437500000000003 0.271875 0.059375000000000025 0.271875 0.05937500000000003 0.359375 0.08437500000000005 0.359375
19 0.11406250000000004 0.271875 0.08906250000000002 0.271875 0.08906250000000003 0.359375 0.11406250000000004 0.359375
19 0.17656250000000004 0.271875 0.15156250000000004 0.271875 0.15156250000000004 0.35703125 0.17656250000000004 0.35703125
19 0.14453125000000006 0.271875 0.12031250000000004 0.271875 0.12031250000000004 0.359375 0.14453125000000006 0.359375
19 0.37109375 0.28906250000000006 0.3328125 0.2890625 0.3328125 0.35625000000000007 0.37109375 0.35625000000000007
19 0.33125 0.2875 0.2953125 0.2875 0.2953125 0.35703125 0.33125 0.35703125
19 0.25625 0.290625 0.215625 0.290625 0.215625 0.35703125 0.25625 0.35703125
19 0.29140625 0.296875 0.25625 0.296875 0.25625 0.3578125 0.29140625 0.3578125
19 0.15468750000000003 0.4578125 0.13437500000000005 0.4578125 0.13437500000000005 0.53125 0.15468750000000003 0.53125
19 0.08125000000000007 0.4578125 0.05937500000000007 0.4578125 0.05937500000000007 0.53125 0.08125000000000007 0.53125
19 0.10703125000000005 0.4578125 0.08437500000000006 0.4578125 0.08437500000000006 0.53125 0.10703125000000005 0.53125
19 0.13203125000000004 0.45625 0.10937500000000004 0.45625 0.10937500000000004 0.53046875 0.13203125000000004 0.53046875
19 0.3710937500000001 0.4625 0.3437500000000001 0.4625 0.3437500000000001 0.5296875 0.3710937500000001 0.5296875
19 0.3125000000000001 0.4609375 0.28593750000000007 0.4609375 0.28593750000000007 0.5296875 0.3125000000000001 0.5296875
19 0.2835937500000001 0.4609375 0.25468750000000007 0.4609375 0.25468750000000007 0.5296875 0.2835937500000001 0.5296875
19 0.3984375000000001 0.4625 0.37187500000000007 0.4625 0.37187500000000007 0.52890625 0.3984375000000001 0.52890625
19 0.34062500000000007 0.4640625 0.3156250000000001 0.4640625 0.3156250000000001 0.52890625 0.34062500000000007 0.52890625
19 0.22031250000000008 0.4640625 0.19375000000000003 0.4640625 0.19375000000000003 0.52890625 0.22031250000000008 0.52890625
19 0.18671875000000004 0.4625 0.15937500000000004 0.4625 0.15937500000000004 0.52890625 0.18671875000000004 0.52890625
19 0.2500000000000001 0.4640625 0.2234375000000001 0.4640625 0.2234375000000001 0.53046875 0.2500000000000001 0.53046875
19 0.3414062500000001 0.6453125 0.3187500000000001 0.6453125 0.3187500000000001 0.69453125 0.3414062500000001 0.69453125
19 0.2914062500000001 0.646875 0.2671875000000001 0.646875 0.2671875000000001 0.6953125 0.2914062500000001 0.6953125
19 0.3156250000000001 0.646875 0.29375000000000007 0.646875 0.29375000000000007 0.6953125 0.3156250000000001 0.6953125
19 0.26640625000000007 0.646875 0.24375000000000008 0.646875 0.24375000000000008 0.6953125 0.26640625000000007 0.6953125
19 0.24375000000000008 0.6484375 0.2218750000000001 0.6484375 0.2218750000000001 0.696875 0.24375000000000008 0.696875
19 0.1671875000000001 0.6484375 0.15000000000000008 0.6484375 0.15000000000000008 0.7 0.1671875000000001 0.7
19 0.21875000000000008 0.6484375 0.1984375000000001 0.6484375 0.1984375000000001 0.69765625 0.21875000000000008 0.69765625
19 0.14453125000000008 0.6484375 0.12656250000000008 0.6484375 0.12656250000000008 0.69921875 0.14453125000000008 0.69921875
19 0.12265625000000009 0.6484375 0.10468750000000009 0.6484375 0.10468750000000009 0.69921875 0.12265625000000009 0.69921875
19 0.08125000000000009 0.6484375 0.06406250000000009 0.6484375 0.06406250000000009 0.7 0.08125000000000009 0.7
19 0.1937500000000001 0.6484375 0.17187500000000008 0.6484375 0.17187500000000008 0.7015625 0.1937500000000001 0.7015625
19 0.1023437500000001 0.6484375 0.0828125000000001 0.6484375 0.0828125000000001 0.69921875 0.1023437500000001 0.69921875
19 0.4078125 0.6640625 0.3906250000000001 0.6640625 0.3906250000000001 0.69296875 0.4078125 0.69296875
19 0.3648437500000001 0.6640625 0.3468750000000001 0.6640625 0.3468750000000001 0.69296875 0.3648437500000001 0.69296875
19 0.42890625 0.6640625 0.409375 0.6640625 0.409375 0.69296875 0.42890625 0.69296875
19 0.46875 0.6640625 0.4515625 0.6640625 0.4515625 0.6953125 0.46875 0.6953125
19 0.45 0.665625 0.4328125 0.665625 0.4328125 0.69296875 0.45 0.69296875
19 0.3882812500000001 0.6640625 0.3703125000000001 0.6640625 0.3703125000000001 0.69375 0.3882812500000001 0.69375