19 0.25468750000000007 0.340625 0.21875 0.340625 0.21875000000000006 0.428125 0.25468750000000007 0.428125
19 0.2390625000000001 0.36875 0.15156250000000004 0.36875 0.15156250000000004 0.4 0.2390625000000001 0.4
19 0.31718750000000007 0.36640625 0.23828125000000008 0.36640625 0.23828125000000008 0.40625 0.31718750000000007 0.40625
19 0.790625 0.38554687500000007 0.7359375 0.38554687500000007 0.7359375 0.42187500000000017 0.790625 0.42187500000000017
19 0.8390625 0.3871093750000001 0.785546875 0.3871093750000001 0.785546875 0.42187500000000017 0.8390625 0.42187500000000017
19 0.7234375 0.473828125 0.649609375 0.473828125 0.649609375 0.553125 0.7234375 0.553125
19 0.7984375 0.49218750000000017 0.725390625 0.49218750000000017 0.725390625 0.5468750000000002 0.7984375 0.5468750000000002
19 0.27812500000000007 0.4953125 0.2347656250000001 0.4953125 0.2347656250000001 0.5484375 0.27812500000000007 0.5484375
19 0.22812500000000008 0.4953125 0.18476562500000004 0.4953125 0.18476562500000007 0.5484375 0.22812500000000008 0.5484375
19 0.33281250000000007 0.500390625 0.2792968750000001 0.500390625 0.2792968750000001 0.543359375 0.33281250000000007 0.543359375
19 0.478125 0.49375 0.4171875 0.49375 0.4171875 0.5515625 0.478125 0.5515625
19 0.5578125 0.5015625 0.484375 0.5015625 0.484375 0.553125 0.5578125 0.553125
19 0.634375 0.5015625 0.5671875 0.5015625 0.5671875 0.5546875 0.634375 0.5546875
19 0.3703125000000001 0.5140625 0.3316406250000001 0.5140625 0.3316406250000001 0.546875 0.3703125000000001 0.546875
19 0.40859375 0.513671875 0.3750000000000001 0.513671875 0.3750000000000001 0.55 0.40859375 0.55