19 0.2856967359375 0.11163030625000006 0.2133696921875 0.11163030625000006 0.2133696921875 0.16250000000000003 0.2856967359375 0.16250000000000003
19 0.2227938296875 0.11124705156250003 0.15361143906250002 0.1112470515625 0.15361143906250002 0.16549233437500002 0.2227938296875 0.16549233437500005
19 0.3484375 0.10890821406250004 0.284483096875 0.10890821406250004 0.284483096875 0.17500000000000004 0.3484375 0.17500000000000004
19 0.1620135625 0.11174823125 0.108554440625 0.11174823125 0.108554440625 0.17464131249999998 0.1620135625 0.17464131249999998
19 0.3328125 0.252093159375 0.250525746875 0.252093159375 0.250525746875 0.2890625 0.3328125 0.2890625
19 0.378125 0.25468750000000007 0.29299823125 0.2546875 0.29299823125 0.29218750000000004 0.378125 0.2921875000000001
19 0.07343750000000003 0.25336085 0.04439367187500003 0.25336085 0.04439367187500003 0.315625 0.07343750000000004 0.315625
19 0.16718750000000004 0.25336085 0.13145145468750002 0.25336085 0.13145145468750002 0.315625 0.16718750000000004 0.315625
19 0.13750000000000004 0.26875 0.07530463750000002 0.26875 0.07530463750000004 0.303125 0.13750000000000004 0.303125
19 0.3062500000000001 0.378125 0.2765625000000001 0.378125 0.2765625000000001 0.4125 0.3062500000000001 0.4125
19 0.2687500000000001 0.37985456093750003 0.22915683906250012 0.37985456093750003 0.22915683906250012 0.4109375 0.2687500000000001 0.4109375
19 0.3437500000000001 0.380390134375 0.31718750000000007 0.380390134375 0.31718750000000007 0.4125 0.3437500000000001 0.4125
19 0.9234375 0.3734375000000001 0.8248820765625 0.3734375000000001 0.8248820765625 0.43867924531250024 0.9234375 0.43867924531250024
19 0.834375 0.35632370312500006 0.7712804640625001 0.35632370312500006 0.7712804640625001 0.4577387968750002 0.834375 0.4577387968750002
19 0.9931161562499999 0.37424823125000006 0.8921875 0.37424823125000006 0.8921875 0.44062500000000016 0.9931161562499999 0.44062500000000016
19 0.54375 0.3891018078125001 0.4703862015625 0.3891018078125001 0.4703862015625 0.4421875 0.54375 0.4421875
19 0.590625 0.3784148968750001 0.5397160000000001 0.3784148968750001 0.5397160000000001 0.4546875 0.590625 0.4546875
19 0.659375 0.3907085296875001 0.5846354171875 0.3907085296875001 0.5846354171875 0.44375 0.659375 0.44375
19 0.715625 0.38988797187500007 0.641244103125 0.38988797187500007 0.641244103125 0.4421875 0.715625 0.4421875
19 0.7765625 0.3900108093750001 0.7 0.3900108093750001 0.7 0.4437500000000001 0.7765625 0.4437500000000002
19 0.3921875000000001 0.40257959843749996 0.3359375000000001 0.40257959843749996 0.3359375000000001 0.446875 0.3921875000000001 0.446875
19 0.4796875 0.39826061406250013 0.43422759375000003 0.39826061406250013 0.43422759375000003 0.453125 0.4796875 0.453125
19 0.4375 0.4046531046875 0.3804392687500001 0.4046531046875 0.3804392687500001 0.4484375 0.4375 0.4484375
19 0.2562500000000001 0.4124066421875 0.2234375000000001 0.4124066421875 0.2234375000000001 0.45 0.2562500000000001 0.45
19 0.3421875000000001 0.41506485781249997 0.3031250000000001 0.41506485781249997 0.3031250000000001 0.4484375 0.3421875000000001 0.4484375
19 0.2984375000000001 0.4146766890625 0.26001867343750007 0.4146766890625 0.26001867343750007 0.45 0.2984375000000001 0.45
19 0.3734375000000001 0.49375 0.30156250000000007 0.49375 0.30156250000000007 0.54375 0.3734375000000001 0.54375
19 0.7265625 0.4796875000000001 0.6539750390625 0.4796875 0.6539750390625 0.5562352593750001 0.7265625 0.5562352593750002
19 0.8015625 0.4824390734375002 0.7328125 0.4824390734375002 0.7328125 0.5562500000000001 0.8015625 0.5562500000000001
19 0.3140625000000001 0.49349941093750005 0.2443740187500001 0.49349941093750005 0.2443740187500001 0.54375 0.3140625000000001 0.54375
19 0.428125 0.495961084375 0.3562598281250001 0.495961084375 0.3562598281250001 0.5447032234375 0.428125 0.5447032234375
19 0.884375 0.48091587968750016 0.8083087671875001 0.48091587968750016 0.8083087671875001 0.5609375000000002 0.884375 0.5609375000000002
19 0.2468750000000001 0.496875 0.2061173343750001 0.496875 0.2061173343750001 0.553125 0.2468750000000001 0.553125
19 0.9640625 0.48875786250000014 0.8906643078125001 0.48875786250000014 0.8906643078125001 0.5593750000000002 0.9640625 0.5593750000000002
19 0.15625000000000006 0.5055227984374999 0.09850137656250006 0.5055227984374999 0.09850137656250006 0.5453125 0.15625000000000008 0.5453125
19 0.10781250000000006 0.5046875 0.05204402500000007 0.5046875 0.05204402500000007 0.545096303125 0.10781250000000009 0.545096303125
19 0.653125 0.500014740625 0.5909689453125 0.500014740625 0.5909689453125 0.553125 0.653125 0.553125
19 0.2062500000000001 0.505454009375 0.15156250000000004 0.505454009375 0.15156250000000007 0.5453125 0.2062500000000001 0.5453125
19 0.5921875 0.4984375 0.5390625 0.4984375 0.5390625 0.55625 0.5921875 0.55625