19 0.4578125 0.2687500000000001 0.407421875 0.2687500000000001 0.407421875 0.3031250000000001 0.4578125 0.3031250000000001
19 0.76875 0.4578125000000002 0.73125 0.4578125000000002 0.73125 0.48437500000000017 0.76875 0.48437500000000017
19 0.4421875 0.464453125 0.37773437500000007 0.464453125 0.37773437500000007 0.5125 0.4421875 0.5125
19 0.515625 0.469140625 0.44375 0.469140625 0.44375 0.5109375 0.515625 0.5109375
19 0.7703125 0.4871093750000002 0.7296875 0.4871093750000002 0.7296875 0.5109375000000002 0.7703125 0.5109375000000002
19 0.5890625 0.52265625 0.529296875 0.52265625 0.529296875 0.596875 0.5890625 0.596875
19 0.7515625 0.534375 0.702734375 0.534375 0.702734375 0.5875000000000001 0.7515625 0.5875000000000001
19 0.6484375 0.54140625 0.591796875 0.54140625 0.591796875 0.5859375 0.6484375 0.5859375
19 0.696875 0.534375 0.6484375 0.534375 0.6484375 0.590625 0.696875 0.590625
19 0.3343750000000001 0.54140625 0.2773437500000001 0.54140625 0.2773437500000001 0.5875 0.3343750000000001 0.5875
19 0.2656250000000001 0.528125 0.2058593750000001 0.528125 0.2058593750000001 0.60390625 0.2656250000000001 0.60390625
19 0.3734375000000001 0.5484375 0.3359375000000001 0.5484375 0.3359375000000001 0.590625 0.3734375000000001 0.590625
19 0.5109375 0.5484375 0.473046875 0.5484375 0.473046875 0.590625 0.5109375 0.590625
19 0.425 0.548828125 0.3843750000000001 0.548828125 0.3843750000000001 0.590625 0.425 0.590625
19 0.471875 0.55078125 0.43046875 0.55078125 0.43046875 0.5875 0.471875 0.5875
19 0.1507812500000001 0.551171875 0.10781250000000009 0.551171875 0.10781250000000009 0.590625 0.1507812500000001 0.590625
19 0.19687500000000008 0.55234375 0.15234375000000008 0.55234375 0.15234375000000008 0.5921875 0.19687500000000008 0.5921875
19 0.7765625 0.6125000000000002 0.7296875 0.6125000000000002 0.7296875 0.6812500000000001 0.7765625 0.6812500000000001