19 0.315625 0.04023437500000003 0.289453125 0.04023437500000003 0.289453125 0.11406250000000004 0.315625 0.11406250000000004
19 0.2859375 0.04218750000000003 0.258203125 0.04218750000000003 0.258203125 0.11250000000000004 0.2859375 0.11250000000000004
19 0.36875 0.06718750000000004 0.2953125 0.06718750000000004 0.2953125 0.09375000000000004 0.36875 0.09375000000000004
19 0.3593750000000001 0.811328125 0.33281250000000007 0.811328125 0.33281250000000007 0.840625 0.3593750000000001 0.840625
19 0.2171875000000001 0.81328125 0.1886718750000001 0.81328125 0.1886718750000001 0.8421875 0.2171875000000001 0.8421875
19 0.42187500000000017 0.81328125 0.39335937500000007 0.81328125 0.39335937500000007 0.840625 0.42187500000000017 0.840625
19 0.3234375000000001 0.812109375 0.2949218750000001 0.812109375 0.2949218750000001 0.84375 0.3234375000000001 0.84375
19 0.3906250000000001 0.81484375 0.36210937500000007 0.81484375 0.36210937500000007 0.8421875 0.3906250000000001 0.8421875
19 0.2890625000000001 0.813671875 0.2542968750000001 0.813671875 0.2542968750000001 0.8421875 0.2890625000000001 0.8421875
19 0.25468750000000007 0.815625 0.2234375000000001 0.815625 0.2234375000000001 0.8453125 0.25468750000000007 0.8453125
19 0.3031250000000001 0.851953125 0.27031250000000007 0.851953125 0.27031250000000007 0.884375 0.3031250000000001 0.884375
19 0.3343750000000001 0.85 0.3046875000000001 0.85 0.3046875000000001 0.884375 0.3343750000000001 0.884375
19 0.4281250000000002 0.8546875 0.39726562500000007 0.8546875 0.39726562500000007 0.8828125 0.4281250000000002 0.8828125
19 0.2718750000000001 0.8515625 0.2355468750000001 0.8515625 0.2355468750000001 0.88515625 0.2718750000000001 0.88515625
19 0.3656250000000001 0.852734375 0.3335937500000001 0.852734375 0.3335937500000001 0.8828125 0.3656250000000001 0.8828125
19 0.20468750000000008 0.85 0.1761718750000001 0.85 0.1761718750000001 0.8875 0.20468750000000008 0.8875
19 0.3984375000000001 0.85390625 0.36601562500000007 0.85390625 0.36601562500000007 0.8875 0.3984375000000001 0.8875
19 0.2390625000000001 0.855859375 0.20703125000000008 0.855859375 0.20703125000000008 0.8859375 0.2390625000000001 0.8859375
19 0.4265625000000002 0.9015625 0.3906250000000001 0.9015625 0.3906250000000001 0.93125 0.4265625000000002 0.93125
19 0.3843750000000001 0.903125 0.3566406250000001 0.903125 0.3566406250000001 0.93125 0.3843750000000001 0.93125
19 0.3468750000000001 0.901171875 0.31914062500000007 0.901171875 0.31914062500000007 0.9328125 0.3468750000000001 0.9328125
19 0.2734375000000001 0.903515625 0.2468750000000001 0.903515625 0.2468750000000001 0.9328125 0.2734375000000001 0.9328125
19 0.2015625000000001 0.9078125 0.16875000000000012 0.9078125 0.16875000000000012 0.9328125 0.2015625000000001 0.9328125
19 0.3109375000000001 0.904296875 0.2796875000000001 0.904296875 0.2796875000000001 0.9328125 0.3109375000000001 0.9328125
19 0.2406250000000001 0.906640625 0.2078125000000001 0.906640625 0.2078125000000001 0.934375 0.2406250000000001 0.934375
19 0.8109375 0.1769531250000001 0.7609375 0.1769531250000001 0.7609375 0.2015625000000001 0.8109375 0.2015625000000001
19 0.7953125 0.21484375000000008 0.72421875 0.21484375000000008 0.72421875 0.2468750000000001 0.7953125 0.2468750000000001
19 0.7375 0.1984375000000001 0.7046875 0.1984375000000001 0.7046875 0.2671875000000001 0.7375 0.2671875000000001
19 0.7203125 0.21875000000000008 0.6484375 0.21875000000000008 0.6484375 0.2500000000000001 0.7203125 0.2500000000000001
19 0.80625 0.2160156250000001 0.778515625 0.2160156250000001 0.778515625 0.2656250000000001 0.80625 0.2656250000000001
19 0.54375 0.2984375000000001 0.4859375 0.2984375000000001 0.4859375 0.37187500000000007 0.54375 0.37187500000000007
19 0.49375 0.3089843750000001 0.4203125 0.3089843750000001 0.4203125 0.3609375000000001 0.49375 0.3609375000000001
19 0.384375 0.30312500000000003 0.347265625 0.303125 0.347265625 0.37187500000000007 0.3843750000000001 0.37187500000000007
19 0.6015625 0.3046875000000001 0.5484375 0.3046875000000001 0.5484375 0.3687500000000001 0.6015625 0.3687500000000001
19 0.3140625 0.317578125 0.2453125 0.317578125 0.2453125 0.3578125 0.3140625 0.3578125
19 0.34375000000000006 0.303125 0.303125 0.303125 0.30312500000000003 0.371875 0.3437500000000001 0.371875
19 0.2265625 0.31640625 0.15859375000000003 0.31640625 0.15859375000000003 0.3578125 0.2265625 0.3578125
19 0.443359375 0.31914062500000007 0.373828125 0.31914062500000007 0.373828125 0.3578125000000001 0.443359375 0.3578125000000001
19 0.26875 0.3203125 0.202734375 0.3203125 0.202734375 0.35859375 0.26875 0.35859375
19 0.46875 0.406640625 0.446875 0.406640625 0.446875 0.471875 0.46875 0.471875
19 0.440625 0.409375 0.41875 0.409375 0.41875 0.4734375 0.440625 0.4734375
19 0.4953125 0.4109375 0.4734375 0.4109375 0.4734375 0.4734375 0.4953125 0.4734375
19 0.671875 0.416015625 0.6125 0.416015625 0.6125 0.46875 0.671875 0.46875
19 0.415625 0.4125 0.37968750000000007 0.4125 0.37968750000000007 0.4765625 0.415625 0.4765625
19 0.56875 0.4328125 0.508203125 0.4328125 0.508203125 0.45625 0.56875 0.45625
19 0.7234375 0.414453125 0.6703125 0.414453125 0.6703125 0.471875 0.7234375 0.471875
19 0.6140625 0.41875 0.55625 0.41875 0.55625 0.4703125 0.6140625 0.4703125
19 0.3734375000000001 0.4140625 0.3312500000000001 0.4140625 0.3312500000000001 0.4765625 0.3734375000000001 0.4765625
19 0.5390625 0.4328125 0.480859375 0.4328125 0.480859375 0.45625 0.5390625 0.45625
19 0.3390625000000001 0.42734375 0.27617187500000007 0.42734375 0.27617187500000007 0.465625 0.3390625000000001 0.465625
19 0.3390625000000001 0.51640625 0.28203125000000007 0.51640625 0.28203125000000007 0.5625 0.3390625000000001 0.5625
19 0.2843750000000001 0.51484375 0.2332031250000001 0.51484375 0.2332031250000001 0.5703125 0.2843750000000001 0.5703125
19 0.3734375000000001 0.5265625 0.3281250000000001 0.5265625 0.3281250000000001 0.559375 0.3734375000000001 0.559375
19 0.4 0.5203125 0.3687500000000001 0.5203125 0.3687500000000001 0.565625 0.4 0.565625
19 0.5078125 0.528515625 0.46875 0.528515625 0.46875 0.5578125 0.5078125 0.5578125
19 0.4421875 0.5265625 0.39726562500000007 0.5265625 0.39726562500000007 0.559375 0.4421875 0.559375
19 0.22656250000000008 0.51875 0.17148437500000005 0.51875 0.17148437500000008 0.571875 0.22656250000000008 0.571875
19 0.4765625 0.530078125 0.434375 0.530078125 0.434375 0.559375 0.4765625 0.559375
19 0.4265625 0.61875 0.39531250000000007 0.61875 0.39531250000000007 0.665625 0.4265625 0.665625
19 0.4625 0.6203125 0.4296875 0.6203125 0.4296875 0.6671875 0.4625 0.6671875
19 0.3968750000000001 0.62734375 0.35234375000000007 0.62734375 0.35234375000000007 0.6578125 0.3968750000000001 0.6578125
19 0.3296875000000001 0.62890625 0.28203125000000007 0.62890625 0.28203125000000007 0.659375 0.3296875000000001 0.659375
19 0.35625000000000007 0.6203125 0.3238281250000001 0.6203125 0.3238281250000001 0.66875 0.35625000000000007 0.66875
19 0.2953125000000001 0.63125 0.2500000000000001 0.63125 0.2500000000000001 0.6640625 0.2953125000000001 0.6640625
19 0.2515625000000001 0.625 0.21875000000000008 0.625 0.21875000000000008 0.6703125 0.2515625000000001 0.6703125
19 0.2218750000000001 0.6328125 0.17773437500000008 0.6328125 0.17773437500000008 0.66171875 0.2218750000000001 0.66171875
19 0.5312500000000002 0.72734375 0.47578125000000016 0.72734375 0.47578125000000016 0.76875 0.5312500000000002 0.76875
19 0.4781250000000002 0.728125 0.4261718750000002 0.728125 0.4261718750000002 0.77109375 0.4781250000000002 0.77109375
19 0.2375000000000001 0.722265625 0.1921875000000001 0.722265625 0.1921875000000001 0.7796875 0.2375000000000001 0.7796875
19 0.2875000000000001 0.73125 0.2312500000000001 0.73125 0.2312500000000001 0.771875 0.2875000000000001 0.771875
19 0.42656250000000007 0.7234375 0.3832031250000001 0.7234375 0.3832031250000001 0.778125 0.4265625000000002 0.778125
19 0.3296875000000001 0.7265625 0.28789062500000007 0.7265625 0.28789062500000007 0.7796875 0.3296875000000001 0.7796875
19 0.3781250000000001 0.728125 0.3359375000000001 0.728125 0.3359375000000001 0.778125 0.3781250000000001 0.778125
19 0.3734375 0.03945312500000005 0.3484375 0.03945312500000005 0.3484375 0.11250000000000004 0.3734375 0.11250000000000004
19 0.278125 0.06406250000000004 0.20625 0.06406250000000002 0.20625 0.08906250000000003 0.278125 0.08906250000000004
19 0.2171875 0.06289062500000002 0.148828125 0.06289062500000002 0.148828125 0.09062500000000002 0.2171875 0.09062500000000002
19 0.2484375 0.06445312500000003 0.178125 0.06445312500000003 0.178125 0.09062500000000002 0.2484375 0.09062500000000002