19 0.9171006937499999 0.1344618062500001 0.725 0.1344618062500001 0.725 0.2312500000000001 0.9171006937499999 0.2312500000000001
19 1 0.14088541562500012 0.824565971875 0.1408854156250001 0.824565971875 0.2312500000000001 1 0.2312500000000001
19 0.634375 0.14322916562500007 0.4495659734375 0.14322916562500004 0.4495659734375 0.2312500000000001 0.634375 0.2312500000000001
19 0.81875 0.1447916656250001 0.6357638890625 0.1447916656250001 0.6357638890625 0.2375000000000001 0.81875 0.2375000000000001
19 0.675 0.09861111093750008 0.5873263890625 0.09861111093750007 0.5873263890625 0.2826388890625001 0.675 0.2826388890625001
19 0.10781250000000005 0.44427083281249996 5.44074853358357e-17 0.44427083281249996 5.705450839713459e-17 0.4875 0.10781250000000005 0.4875
19 0.16875000000000004 0.4295138890625 0.006423610937500053 0.4295138890625 0.006423610937500057 0.5078125 0.16875000000000004 0.5078125
19 0.921875 0.3982638875000001 0.8558159734374999 0.3982638875000001 0.8558159734374999 0.5609375000000002 0.921875 0.5609375000000002
19 1 0.44583333281250015 0.8771701375 0.44583333281250015 0.8771701375 0.5152777781250002 1 0.5152777781250002
19 0.23428819531250009 0.44600694374999994 0.09062500000000004 0.44600694374999994 0.09062500000000005 0.5171875 0.23428819531250009 0.5171875
19 0.30937500000000007 0.451128471875 0.16362847187500004 0.451128471875 0.16362847187500004 0.5171875 0.30937500000000007 0.5171875
19 0.4484375 0.42673611093749997 0.3681423609375001 0.42673611093749997 0.3681423609375001 0.5560763890625 0.4484375 0.5560763890625
19 0.37968750000000007 0.454253471875 0.2645833343750001 0.454253471875 0.2645833343750001 0.5328125 0.37968750000000007 0.5328125
19 0.684375 0.43914930625000004 0.6350694453125 0.43914930625000004 0.6350694453125 0.55 0.684375 0.55
19 0.509375 0.4392361109375 0.46197916718750004 0.4392361109375 0.46197916718750004 0.5529513890625 0.509375 0.5529513890625
19 0.5671875 0.4375 0.5171875 0.4375 0.5171875 0.55625 0.5671875 0.55625
19 0.625 0.4421875 0.5768229171875 0.4421875 0.5768229171875 0.553125 0.625 0.553125
19 0.8515625 0.4828993062500002 0.80234375 0.4828993062500002 0.80234375 0.5531250000000002 0.8515625 0.5531250000000002
19 0.7453125 0.49557291718750013 0.6782118046875001 0.4955729171875 0.6782118046875001 0.5406250000000001 0.7453125 0.5406250000000001
19 0.796875 0.4828125000000002 0.7486979171875 0.4828125000000002 0.7486979171875 0.5531250000000002 0.796875 0.5531250000000002