19 0.5 0.2558593750000001 0.487890625 0.2558593750000001 0.487890625 0.2828125000000001 0.5 0.2828125000000001
19 0.525 0.26250000000000007 0.4984375 0.26250000000000007 0.4984375 0.2765625000000001 0.525 0.2765625000000001
19 0.5578125 0.2578125000000001 0.540625 0.2578125000000001 0.540625 0.2828125000000001 0.5578125 0.2828125000000001
19 0.54375 0.2632812500000001 0.51796875 0.2632812500000001 0.51796875 0.27812500000000007 0.54375 0.27812500000000007
19 0.5796875 0.26250000000000007 0.5625 0.26250000000000007 0.5625 0.2890625000000001 0.5796875 0.2890625000000001
19 0.62109375 0.26835937500000007 0.59375 0.26835937500000007 0.59375 0.2828125000000001 0.62109375 0.2828125000000001
19 0.6390625 0.26835937500000007 0.61171875 0.26835937500000007 0.61171875 0.2828125000000001 0.6390625 0.2828125000000001
19 0.596875 0.2621093750000001 0.5828125 0.2621093750000001 0.5828125 0.2890625000000001 0.596875 0.2890625000000001
19 0.6578125 0.2699218750000001 0.63203125 0.2699218750000001 0.63203125 0.2843750000000001 0.6578125 0.2843750000000001
19 0.69375 0.27031250000000007 0.6671875 0.27031250000000007 0.6671875 0.2843750000000001 0.69375 0.2843750000000001
19 0.709375 0.2640625000000001 0.69375 0.2640625000000001 0.69375 0.2906250000000001 0.709375 0.2906250000000001
19 0.6703125 0.2640625000000001 0.65625 0.2640625000000001 0.65625 0.2906250000000001 0.6703125 0.2906250000000001
19 0.465625 0.2550781250000001 0.4515625 0.2550781250000001 0.4515625 0.3046875000000001 0.465625 0.3046875000000001
19 0.5 0.2734375000000001 0.453125 0.2734375000000001 0.453125 0.2890625000000001 0.5 0.2890625000000001
19 0.840625 0.2718750000000001 0.8109375 0.2718750000000001 0.8109375 0.30937500000000007 0.840625 0.30937500000000007
19 0.878125 0.2785156250000001 0.836328125 0.2785156250000001 0.836328125 0.3046875000000001 0.878125 0.3046875000000001
19 0.9125 0.2773437500000001 0.87265625 0.2773437500000001 0.87265625 0.3062500000000001 0.9125 0.3062500000000001
19 0.80625 0.2734375000000001 0.778125 0.2734375000000001 0.778125 0.3125000000000001 0.80625 0.3125000000000001
19 0.23593750000000008 0.403125 0.20312500000000008 0.403125 0.20312500000000008 0.4484375 0.23593750000000008 0.4484375
19 0.2718750000000001 0.403125 0.24218750000000008 0.403125 0.24218750000000008 0.4484375 0.2718750000000001 0.4484375
19 0.3734375000000001 0.416796875 0.3320312500000001 0.416796875 0.3320312500000001 0.440625 0.3734375000000001 0.440625
19 0.6984375 0.417578125 0.640234375 0.417578125 0.640234375 0.440234375 0.6984375 0.440234375
19 0.75 0.4191406250000001 0.690625 0.419140625 0.690625 0.4406250000000001 0.75 0.44062500000000016
19 0.8328125 0.40156250000000016 0.809765625 0.40156250000000016 0.809765625 0.4593750000000002 0.8328125 0.4593750000000002
19 0.7734375 0.4175781250000001 0.715234375 0.417578125 0.715234375 0.4406250000000001 0.7734375 0.44062500000000016
19 0.30937500000000007 0.414453125 0.2671875000000001 0.414453125 0.2671875000000001 0.44375 0.30937500000000007 0.44375
19 0.7078125 0.401953125 0.683984375 0.401953125 0.683984375 0.459375 0.7078125 0.459375
19 0.821875 0.4195312500000002 0.766796875 0.4195312500000002 0.766796875 0.4421875000000002 0.821875 0.4421875000000002
19 0.9 0.4183593750000002 0.8421875 0.4183593750000002 0.8421875 0.4421875000000002 0.9 0.4421875000000002
19 0.8 0.4195312500000002 0.74296875 0.4195312500000002 0.74296875 0.44062500000000016 0.8 0.44062500000000016
19 0.85625 0.4031250000000002 0.8359375 0.4031250000000002 0.8359375 0.46093750000000017 0.85625 0.46093750000000017
19 0.3375000000000001 0.415625 0.3078125000000001 0.415625 0.3078125000000001 0.453125 0.3375000000000001 0.453125
19 0.4078125 0.416796875 0.3664062500000001 0.416796875 0.3664062500000001 0.446875 0.4078125 0.446875
19 0.575 0.412890625 0.556640625 0.412890625 0.556640625 0.45625 0.575 0.45625
19 0.6359375 0.4125 0.617578125 0.4125 0.617578125 0.459375 0.6359375 0.459375
19 0.66875 0.42734375 0.624609375 0.42734375 0.624609375 0.4453125 0.66875 0.4453125
19 0.6296875 0.428125 0.583984375 0.428125 0.583984375 0.4453125 0.6296875 0.4453125
19 0.59375 0.415625 0.575 0.415625 0.575 0.459375 0.59375 0.459375
19 0.6421875000000001 0.7078125 0.573828125 0.7078125 0.5738281250000001 0.7421875 0.6421875000000001 0.7421875
19 0.8109375 0.7074218750000002 0.737109375 0.7074218750000002 0.7371093750000001 0.7406250000000002 0.8109375 0.7406250000000002
19 0.7578125000000001 0.692578125 0.725 0.692578125 0.7250000000000001 0.7578125000000001 0.7578125000000002 0.7578125000000002
19 0.7250000000000001 0.691015625 0.690625 0.691015625 0.690625 0.7609375 0.7250000000000002 0.7609375
19 0.6773437500000001 0.708984375 0.6109375 0.708984375 0.6109375000000001 0.740625 0.6773437500000001 0.740625
19 0.7109375000000001 0.7140625 0.64375 0.7140625 0.64375 0.74375 0.7109375000000002 0.74375
19 0.5937500000000002 0.892578125 0.5656250000000002 0.892578125 0.5656250000000002 0.9578125 0.5937500000000002 0.9578125
19 0.6265625000000001 0.894140625 0.5988281250000002 0.894140625 0.5988281250000002 0.9578125 0.6265625000000001 0.9578125
19 0.7640625000000002 0.895703125 0.7328125000000002 0.895703125 0.7328125000000002 0.9609375 0.7640625000000002 0.9609375
19 0.6937500000000002 0.896875 0.6675781250000001 0.896875 0.6675781250000001 0.9609375 0.6937500000000002 0.9609375
19 0.7453125000000002 0.915625 0.6824218750000002 0.915625 0.6824218750000002 0.94375 0.7453125000000002 0.94375
19 0.6781250000000002 0.91640625 0.6152343750000002 0.91640625 0.6152343750000002 0.9453125 0.6781250000000002 0.9453125
19 0.8171875 0.9140625 0.7500000000000002 0.9140625 0.7500000000000002 0.946875 0.8171875 0.946875
19 0.8828125 0.915234375 0.81640625 0.915234375 0.81640625 0.946875 0.8828125 0.946875
19 0.8296875 0.898046875 0.801171875 0.898046875 0.801171875 0.9640625 0.8296875 0.9640625
19 0.9015625 0.90625 0.86875 0.90625 0.86875 0.96875 0.9015625 0.96875