19 0.9217252390624999 0.4856230031250002 0.85303514375 0.4856230031250002 0.85303514375 0.5886581468750002 0.9217252390624999 0.5886581468750002
19 0.99840255625 0.4856230031250002 0.929712459375 0.4856230031250002 0.929712459375 0.5878594250000002 0.99840255625 0.5878594250000002
19 0.70766773125 0.49361022343750005 0.6118210859375 0.49361022343750005 0.6118210859375 0.5894568687499999 0.70766773125 0.5894568687499999
19 0.6102236421875 0.4952076671875 0.5207667734375 0.4952076671875 0.5207667734375 0.5894568687499999 0.6102236421875 0.5894568687499999
19 0.512779553125 0.49361022343750005 0.42172523906250003 0.49361022343750005 0.42172523906250003 0.5894568687499999 0.512779553125 0.5894568687499999
19 0.76837060625 0.5159744406250001 0.7132587859374999 0.515974440625 0.7132587859374999 0.587060703125 0.76837060625 0.5870607031250001
19 0.8402555906250001 0.5175718843750002 0.782747603125 0.5175718843750002 0.782747603125 0.5878594250000002 0.8402555906250001 0.5878594250000002
19 0.21565495156250009 0.514376996875 0.11501597500000005 0.514376996875 0.11501597500000008 0.590255590625 0.21565495156250009 0.590255590625
19 0.31789137343750007 0.515974440625 0.21964856250000012 0.515974440625 0.21964856250000012 0.5894568687499999 0.31789137343750007 0.5894568687499999
19 0.41693290781250003 0.512779553125 0.3170926515625001 0.512779553125 0.3170926515625001 0.5886581468750001 0.41693290781250003 0.5886581468750001
19 0.04153354687500006 0.546325878125 6.690562379371484e-17 0.546325878125 6.93999124462187e-17 0.5870607031249999 0.04153354687500006 0.5870607031249999
19 0.10543130937500009 0.5479233234375 0.057507987500000066 0.5479233234375 0.057507987500000066 0.5870607031249999 0.10543130937500009 0.5870607031249999
19 0.5223642171875 0.61980830625 0.40175718906249996 0.61980830625 0.40175718906249996 0.7140575078125 0.5223642171875 0.7140575078125
19 1 0.6198083062500002 0.9472843453124999 0.6198083062500002 0.9472843453124999 0.7140575078125002 1 0.7140575078125002
19 0.82428115 0.6182108625 0.72124600625 0.6182108625 0.72124600625 0.720447284375 0.82428115 0.7204472843750002
19 0.9392971250000001 0.6182108625000001 0.8314696484375 0.6182108625000001 0.8314696484375 0.7180511187500002 0.9392971250000001 0.7180511187500002
19 0.61980830625 0.6261980828125 0.531150159375 0.6261980828125 0.531150159375 0.7180511187499999 0.61980830625 0.7180511187499999
19 0.7156549515624999 0.6277955265624999 0.6261980828125 0.6277955265624999 0.6261980828125 0.717252396875 0.7156549515624999 0.717252396875
19 0.3993610218750001 0.64376996875 0.2891373796875001 0.64376996875 0.2891373796875001 0.7148562296875001 0.3993610218750001 0.7148562296875001