19 0.8390625 0.5910156250000002 0.7875 0.5910156250000002 0.7875 0.6406250000000002 0.8390625 0.6406250000000002
19 0.778125 0.6082031250000002 0.7296875 0.6082031250000002 0.7296875 0.6453125000000002 0.778125 0.6453125000000002
19 0.603125 0.6046875 0.5359375 0.6046875 0.5359375 0.646875 0.603125 0.646875
19 0.546875 0.60625 0.5171875 0.60625 0.5171875 0.6625 0.546875 0.6625
19 0.69375 0.617578125 0.6640625 0.617578125 0.6640625 0.6515625 0.69375 0.6515625
19 0.630859375 0.622265625 0.592578125 0.622265625 0.592578125 0.6484375 0.630859375 0.6484375
19 0.471875 0.6171875 0.417578125 0.6171875 0.417578125 0.665625 0.471875 0.665625
19 0.653125 0.632421875 0.628125 0.632421875 0.628125 0.6515625 0.653125 0.6515625
19 0.509375 0.6265625 0.475390625 0.6265625 0.475390625 0.6640625 0.509375 0.6640625
19 0.4125 0.61875 0.3609375000000001 0.61875 0.3609375000000001 0.6765625 0.4125 0.6765625
19 0.17343750000000008 0.609375 0.07773437500000006 0.609375 0.07773437500000008 0.6890625 0.17343750000000008 0.6890625
19 0.2531250000000001 0.610546875 0.18359375000000008 0.610546875 0.18359375000000008 0.6921875 0.2531250000000001 0.6921875