19 0.5296875 0.559375 0.45625 0.559375 0.45625 0.7015625 0.5296875 0.7015625
19 0.60859375 0.55625 0.5328125 0.55625 0.5328125 0.69921875 0.60859375 0.69921875
19 0.6765625 0.578125 0.6140625 0.578125 0.6140625 0.7078125 0.6765625 0.7078125
19 0.14843750000000008 0.5890625 0.07500000000000007 0.5890625 0.07500000000000008 0.70234375 0.14843750000000008 0.70234375
19 0.553125 6.525071226706992e-17 0.5125 6.276314845630185e-17 0.5125 0.15625000000000006 0.553125 0.15625000000000008
19 0.60703125 7.170881062194854e-17 0.5640625 6.907773351440539e-17 0.5640625 0.1585937500000001 0.60703125 0.1585937500000001
19 0.12968750000000012 0.7609375 0.08125000000000009 0.7609375 0.0812500000000001 0.9234375 0.12968750000000012 0.9234375
19 0.2882812500000001 0.7953125 0.2375000000000001 0.7953125 0.2375000000000001 0.92734375 0.2882812500000001 0.92734375
19 0.34843750000000007 0.8 0.2953125000000001 0.8 0.2953125000000001 0.9234375 0.34843750000000007 0.9234375
19 0.4031250000000002 0.7984375 0.3515625000000001 0.7984375 0.3515625000000001 0.925 0.4031250000000002 0.925
19 0.2328125000000001 0.828125 0.1906250000000001 0.828125 0.1906250000000001 0.92578125 0.2328125000000001 0.92578125
19 0.1867187500000001 0.8296875 0.14218750000000008 0.8296875 0.1421875000000001 0.92578125 0.18671875000000013 0.92578125
19 0.44921875000000017 0.865625 0.41406250000000017 0.865625 0.41406250000000017 0.92421875 0.44921875000000017 0.92421875
19 0.4929687500000002 0.865625 0.4546875000000002 0.865625 0.4546875000000002 0.9265625 0.4929687500000002 0.9265625
19 0.3859375 0.03906250000000004 0.3484375 0.03906250000000004 0.3484375 0.15703125000000004 0.3859375 0.15703125000000004
19 0.34140625 0.03906250000000004 0.303125 0.039062500000000035 0.303125 0.16171875000000005 0.34140625 0.16171875000000005