19 0.4765625 0.19303155156250004 0.3643790203125 0.19303155156250004 0.3643790203125 0.2640625000000001 0.4765625 0.2640625000000001
19 0.5265625 0.17382686875000003 0.459375 0.17382686875000003 0.459375 0.2843750000000001 0.5265625 0.2843750000000001
19 0.3359375 0.2030797828125 0.254737740625 0.2030797828125 0.254737740625 0.2734375 0.3359375 0.2734375
19 0.6028310890624999 0.2130199953125001 0.507975784375 0.2130199953125001 0.507975784375 0.2640625000000001 0.6028310890624999 0.2640625000000001
19 0.2546875 0.2055390875 0.17221412656250004 0.2055390875 0.17221412656250004 0.275 0.2546875 0.275
19 0.63125 0.1923934890625001 0.5836741359375 0.1923934890625001 0.5836741359375 0.2888565109375001 0.63125 0.2888565109375001
19 0.3875 0.22248291875000006 0.32199055312499997 0.22248291875 0.32199055312499997 0.27343750000000006 0.3875 0.2734375000000001
19 0.628125 0.3611460015625001 0.5522784359374999 0.3611460015625001 0.5522784359374999 0.41875 0.628125 0.41875
19 0.678125 0.35381581406250007 0.6208777125 0.35381581406250007 0.6208777125 0.43259394999999995 0.678125 0.43259394999999995
19 0.734375 0.3558480687500001 0.679245378125 0.3558480687500001 0.679245378125 0.4328125000000001 0.734375 0.43281250000000016
19 0.80625 0.36625301562500007 0.72773060625 0.36625301562500007 0.72773060625 0.42187500000000017 0.80625 0.42187500000000017
19 0.8484375 0.3846437906250001 0.78944433125 0.3846437906250001 0.78944433125 0.4234375000000002 0.8484375 0.4234375000000002
19 0.8921875 0.3851110328125001 0.8339027328125 0.3851110328125001 0.8339027328125 0.4265625000000002 0.8921875 0.4265625000000002
19 0.9355004031249999 0.3765072343750001 0.883249596875 0.3765072343750001 0.883249596875 0.4343750000000002 0.9355004031249999 0.4343750000000002