19 0.821875 0.6406250000000002 0.7796875 0.6406250000000002 0.7796875 0.6914062500000002 0.821875 0.6914062500000002
19 0.8796875 0.6421875000000001 0.83125 0.6421875000000001 0.83125 0.6890625000000001 0.8796875 0.6890625000000001
19 0.15390625 0.029687500000000016 0.0875 0.029687500000000012 0.08750000000000001 0.1140625 0.15390625 0.1140625
19 0.29609375 0.032812500000000036 0.23125 0.032812500000000036 0.23125 0.11328125000000004 0.29609375 0.11328125000000004
19 0.225 0.034375000000000024 0.15625 0.034375000000000024 0.15625 0.11484375000000002 0.225 0.11484375000000005
19 0.3671875 0.03593750000000004 0.303125 0.03593750000000003 0.303125 0.11640625000000004 0.3671875 0.11640625000000004
19 0.57421875 0.03906250000000007 0.5078125 0.03906250000000007 0.5078125 0.11718750000000007 0.57421875 0.11718750000000008
19 0.71640625 0.040625000000000085 0.6515625 0.04062500000000008 0.6515625 0.11718750000000008 0.71640625 0.11718750000000008
19 0.8609375 0.0390625000000001 0.7921875 0.0390625000000001 0.7921875 0.11875000000000009 0.8609375 0.11875000000000009
19 0.5046875 0.03906250000000006 0.4375 0.039062500000000056 0.4375 0.11718750000000004 0.5046875 0.11718750000000004
19 0.78984375 0.04218750000000009 0.7203125 0.042187500000000086 0.7203125 0.11875000000000009 0.78984375 0.11875000000000009
19 0.43515625 0.03906250000000005 0.36875 0.03906250000000004 0.36875 0.11953125000000005 0.43515625 0.11953125000000005
19 0.6453125 0.045312500000000075 0.5828125 0.04531250000000007 0.5828125 0.11484375000000009 0.6453125 0.11484375000000009
19 0.93046875 0.04062500000000011 0.8640625 0.04062500000000011 0.8640625 0.12031250000000011 0.93046875 0.12031250000000013
19 0.6898437500000002 0.9015625 0.6312500000000002 0.9015625 0.6312500000000002 0.965625 0.6898437500000002 0.965625
19 0.7625000000000002 0.9046875 0.7015625000000002 0.9046875 0.7015625000000002 0.96484375 0.7625000000000002 0.96484375
19 0.8234375 0.9078125 0.7656250000000002 0.9078125 0.7656250000000002 0.9640625 0.8234375 0.9640625
19 0.88671875 0.9171875 0.828125 0.9171875 0.828125 0.97109375 0.88671875 0.97109375
19 0.89296875 0.3468750000000001 0.828125 0.3468750000000001 0.828125 0.39140625000000007 0.89296875 0.39140625000000007
19 0.48046875 0.3625000000000001 0.421875 0.3625000000000001 0.421875 0.4390625 0.48046875 0.4390625
19 0.54765625 0.3687500000000001 0.4828125 0.3687500000000001 0.4828125 0.43984375 0.54765625 0.43984375
19 0.8265625 0.3703125000000001 0.7625 0.3703125000000001 0.7625 0.44140625000000017 0.8265625 0.44140625000000017
19 0.75859375 0.3750000000000001 0.6921875 0.3750000000000001 0.6921875 0.4398437500000001 0.75859375 0.4398437500000002
19 0.61484375 0.3734375000000001 0.55 0.3734375000000001 0.55 0.4421875 0.61484375 0.4421875
19 0.6828125 0.3750000000000001 0.61875 0.3750000000000001 0.61875 0.44140625 0.6828125 0.44140625
19 0.896875 0.3906250000000001 0.834375 0.3906250000000001 0.834375 0.44453125000000016 0.896875 0.44453125000000016
19 0.20703125000000008 0.48125 0.16250000000000003 0.48125 0.16250000000000003 0.54375 0.20703125000000008 0.54375
19 0.15859375000000006 0.48125 0.11562500000000005 0.48125 0.11562500000000006 0.5453125 0.1585937500000001 0.5453125
19 0.26250000000000007 0.4828125 0.2156250000000001 0.4828125 0.2156250000000001 0.5453125 0.26250000000000007 0.5453125
19 0.2968750000000001 0.4984375 0.2656250000000001 0.4984375 0.2656250000000001 0.546875 0.2968750000000001 0.546875
19 0.3664062500000001 0.5015625 0.3375000000000001 0.5015625 0.3375000000000001 0.5484375 0.3664062500000001 0.5484375
19 0.3343750000000001 0.5 0.3046875000000001 0.5 0.3046875000000001 0.5484375 0.3343750000000001 0.5484375
19 0.4109375 0.5015625 0.3750000000000001 0.5015625 0.3750000000000001 0.55 0.4109375 0.55
19 0.4484375 0.503125 0.415625 0.503125 0.415625 0.5515625 0.4484375 0.5515625
19 0.48984375 0.503125 0.45625 0.503125 0.45625 0.5515625 0.48984375 0.5515625
19 0.6109375 0.5078125 0.575 0.5078125 0.575 0.55078125 0.6109375 0.55078125
19 0.53046875 0.50625 0.496875 0.50625 0.496875 0.553125 0.53046875 0.553125
19 0.56796875 0.50625 0.534375 0.50625 0.534375 0.5515625 0.56796875 0.5515625
19 0.65234375 0.5078125 0.61875 0.5078125 0.61875 0.553125 0.65234375 0.553125
19 0.69140625 0.5046875 0.65625 0.5046875 0.65625 0.55390625 0.69140625 0.55390625
19 0.7234375 0.5234375 0.6921875 0.5234375 0.6921875 0.5546875 0.7234375 0.5546875
19 0.7625 0.5265625000000002 0.7296875 0.5265625000000002 0.7296875 0.5593750000000002 0.7625 0.5593750000000002
19 0.80234375 0.5250000000000001 0.76875 0.5250000000000001 0.76875 0.5585937500000002 0.80234375 0.5585937500000002
19 0.834375 0.5296875000000002 0.8046875 0.5296875000000002 0.8046875 0.5593750000000002 0.834375 0.5593750000000002