19 0.721875 0.3500000000000001 0.686243871875 0.3500000000000001 0.686243871875 0.4078125 0.721875 0.4078125
19 0.68125 0.34944342343750007 0.645169525 0.34944342343750007 0.645169525 0.40625 0.68125 0.40625
19 0.6 0.34944342343750007 0.565625 0.34944342343750007 0.565625 0.40625 0.6 0.40625
19 0.559375 0.3515012250000001 0.5265931375 0.3515012250000001 0.5265931375 0.40625 0.559375 0.40625
19 0.521875 0.3527471406250001 0.48970077500000003 0.3527471406250001 0.48970077500000003 0.4046875 0.521875 0.4046875
19 0.640625 0.3515012250000001 0.6046875 0.3515012250000001 0.6046875 0.40625 0.640625 0.40625
19 0.76237745 0.3531556375000001 0.72561274375 0.3531556375000001 0.72561274375 0.40625000000000017 0.76237745 0.40625000000000017
19 0.6842013890625 0.50322201875 0.6564236109375 0.50322201875 0.6564236109375 0.57021548125 0.6842013890625 0.57021548125
19 0.675 0.5234375 0.6127553109375 0.5234375 0.6127553109375 0.5484375 0.675 0.5484375
19 0.8484375 0.5218750000000002 0.78350694375 0.5218750000000002 0.78350694375 0.5492851312500002 0.8484375 0.5492851312500002
19 0.7138888890625 0.5032935046875 0.6861111109375 0.5032935046875 0.6861111109375 0.565625 0.7138888890625 0.565625
19 0.7703125 0.5032935046875002 0.7455218546875 0.5032935046875002 0.7455218546875 0.5656250000000002 0.7703125 0.5656250000000002
19 0.81875 0.5221047796875002 0.7540747546875 0.5221047796875002 0.7540747546875 0.5484375000000001 0.81875 0.5484375000000001
19 0.759375 0.5219107437500001 0.69692095625 0.52191074375 0.69692095625 0.5468750000000001 0.759375 0.5468750000000002
19 0.728125 0.6655330890625001 0.6238817390625 0.6655330890625 0.6238817390625 0.7140625 0.728125 0.7140625000000002
19 0.7796875 0.6671926062500001 0.6709456703125001 0.66719260625 0.6709456703125001 0.7156250000000001 0.7796875 0.7156250000000002
19 0.8328125 0.6682036359375001 0.7228809234375 0.6682036359375 0.7228809234375 0.7187500000000001 0.8328125 0.7187500000000002
19 0.884375 0.6710477937500002 0.7802134390625 0.6710477937500002 0.7802134390625 0.7203125000000001 0.884375 0.7203125000000001
19 0.9375 0.6726664625000002 0.8342064953125 0.6726664625000002 0.8342064953125 0.7233200562500002 0.9375 0.7233200562500002
19 0.5734375000000002 0.871875 0.4600796562500002 0.871875 0.4600796562500002 0.91875 0.5734375000000002 0.91875
19 0.4936683000000002 0.8366779015624999 0.4446486906250001 0.8366779015624999 0.4446486906250001 0.9526909734375 0.4936683000000002 0.9526909734375
19 0.5890625000000002 0.8329912171875 0.5427134390625001 0.8329912171875 0.5427134390625001 0.9498212828125 0.5890625000000002 0.9498212828125
19 0.6703125000000002 0.8734375 0.5614991828125002 0.8734375 0.5614991828125002 0.91875 0.6703125000000002 0.91875
19 0.7265625000000002 0.8705473859374999 0.6112591906250001 0.8705473859374999 0.6112591906250001 0.9203125 0.7265625000000002 0.9203125