19 0.438725490625 0.06045751562500005 0.385620915625 0.06045751562500005 0.385620915625 0.10784313750000005 0.438725490625 0.10784313750000005
19 0.49918300625 0.060457515625000055 0.44607843125 0.06045751562500005 0.44607843125 0.10947712343750005 0.49918300625 0.10947712343750005
19 0.15931372500000002 0.03267973906250002 0.081699346875 0.03267973906250001 0.08169934687500001 0.1486928109375 0.15931372500000002 0.1486928109375
19 0.2450980390625 0.03267973906250003 0.16993464062500002 0.032679739062500025 0.16993464062500002 0.15114379062500002 0.2450980390625 0.15114379062500005
19 0.3790849671875 0.07189542500000004 0.3235294125 0.07189542500000004 0.3235294125 0.15522875781250006 0.3790849671875 0.15522875781250006
19 0.9166666671874999 0.06045751562500011 0.83986928125 0.06045751562500011 0.83986928125 0.16013071875000012 0.9166666671874999 0.16013071875000012
19 0.312908496875 0.07026143750000004 0.25 0.07026143750000002 0.25 0.15196078437500005 0.312908496875 0.15196078437500005
19 0.832516340625 0.060457515625000104 0.758169934375 0.06045751562500009 0.758169934375 0.1707516343750001 0.832516340625 0.1707516343750001
19 0.7549019609375 0.0849673203125001 0.69607843125 0.0849673203125001 0.69607843125 0.1625817000000001 0.7549019609375 0.1625817000000001
19 0.6830065359375 0.08333333281250008 0.6290849671875 0.08333333281250008 0.6290849671875 0.1666666671875001 0.6830065359375 0.1666666671875001
19 0.436274509375 0.11111111093750003 0.3888888890625 0.11111111093750003 0.3888888890625 0.16176470625000003 0.436274509375 0.16176470625000003
19 0.491830065625 0.11437908437500004 0.44281045781249995 0.11437908437500004 0.44281045781249995 0.16176470625000003 0.491830065625 0.16176470625000003
19 0.85539215625 0.5751633984375002 0.7712418296875 0.5751633984375002 0.7712418296875 0.6666666671875002 0.85539215625 0.6666666671875002
19 0.7516339875 0.5718954250000001 0.669934640625 0.571895425 0.669934640625 0.6674836593750001 0.7516339875 0.6674836593750002
19 0.6633986921874999 0.58823529375 0.580065359375 0.58823529375 0.580065359375 0.667483659375 0.6633986921874999 0.667483659375
19 0.47630718906249997 0.596405228125 0.3986928109375001 0.596405228125 0.3986928109375001 0.6658496734375 0.47630718906249997 0.6658496734375
19 0.3823529406250001 0.596405228125 0.3120915031250001 0.596405228125 0.3120915031250001 0.670751634375 0.3823529406250001 0.670751634375
19 0.5686274515624999 0.596405228125 0.4869281046875 0.596405228125 0.4869281046875 0.671568628125 0.5686274515624999 0.671568628125
19 0.6225490203125001 0.75 0.5457516343750002 0.75 0.5457516343750002 0.8169934640625 0.6225490203125001 0.8169934640625