19 0.4152823921875 0.27906976718750004 0.3139534890625 0.2790697671875 0.31395348906250004 0.369601328125 0.4152823921875 0.3696013281250001
19 0.3089701 0.3255813953125 0.2425249171875 0.3255813953125 0.24252491718750005 0.3687707640625 0.3089701000000001 0.3687707640625
19 0.6411960140625 0.42524916875 0.59302325625 0.42524916875 0.59302325625 0.4892026578125 0.6411960140625 0.4892026578125
19 0.52491694375 0.42691029843750006 0.47757475156250007 0.42691029843750006 0.47757475156250007 0.4892026578125 0.52491694375 0.4892026578125
19 0.5813953484375001 0.42691029843750006 0.5340531562499999 0.42691029843750006 0.5340531562499999 0.4892026578125 0.5813953484375001 0.4892026578125
19 0.2176079734375001 0.43853820624999995 0.18023255781250005 0.43853820624999995 0.18023255781250005 0.48671096406250003 0.2176079734375001 0.48671096406250003
19 0.17109634531250004 0.4368770765625 0.13372092968750005 0.4368770765625 0.13372092968750005 0.48837209374999996 0.17109634531250004 0.48837209374999996
19 0.12458471718750004 0.45681063125000004 0.08720930156250006 0.45681063125000004 0.08720930156250006 0.48754152812499996 0.12458471718750004 0.48754152812499996
19 0.1993355484375001 0.5564784046875 0.1727574750000001 0.5564784046875 0.1727574750000001 0.57973421875 0.1993355484375001 0.57973421875
19 0.16943521562500008 0.558139534375 0.1362126250000001 0.558139534375 0.1362126250000001 0.5813953484375001 0.16943521562500008 0.5813953484375001
19 0.12458471718750008 0.5598006640625 0.09136212656250006 0.5598006640625 0.09136212656250006 0.5813953484375001 0.12458471718750008 0.5813953484375001
19 0.5863787375 0.5514950171875 0.5382059796875 0.5514950171875 0.5382059796875 0.5996677734375 0.5863787375 0.5996677734375
19 0.5299003328125 0.554817275 0.485049834375 0.554817275 0.485049834375 0.5996677734375 0.5299003328125 0.5996677734375
19 0.6461794015625 0.554817275 0.596345515625 0.554817275 0.596345515625 0.59800664375 0.6461794015625 0.59800664375
19 0.4767441859375 0.5531561468749999 0.42940199375 0.5531561468749999 0.42940199375 0.598837209375 0.4767441859375 0.598837209375
19 0.7026578078125 0.558139534375 0.6528239203124999 0.558139534375 0.6528239203124999 0.601328903125 0.7026578078125 0.601328903125
19 0.33222591406250007 0.5681063125 0.29401993281250005 0.5681063125 0.29401993281250005 0.5996677734375 0.33222591406250007 0.5996677734375
19 0.423588040625 0.5681063125 0.3828903656250001 0.5681063125 0.3828903656250001 0.5996677734375 0.423588040625 0.5996677734375
19 0.28405315625000005 0.5681063125 0.2483388703125001 0.5681063125 0.2483388703125001 0.5996677734375 0.28405315625000005 0.5996677734375
19 0.2408637875000001 0.5681063125 0.20598006718750012 0.5681063125 0.20598006718750012 0.5996677734375 0.2408637875000001 0.5996677734375
19 0.37707641250000007 0.5681063125 0.33887043125000005 0.5681063125 0.33887043125000005 0.5996677734375 0.37707641250000007 0.5996677734375
19 0.2873754156250001 0.6378737546875 0.23920265781250008 0.6378737546875 0.23920265781250008 0.6835548171875 0.2873754156250001 0.6835548171875
19 0.2292358796875001 0.6378737546875 0.18106312343750008 0.6378737546875 0.18106312343750008 0.6835548171875 0.2292358796875001 0.6835548171875
19 0.3421926906250001 0.6411960140625 0.2948504984375001 0.6411960140625 0.2948504984375001 0.6860465109375 0.3421926906250001 0.6860465109375
19 0.5315614625 0.6461794015625 0.47508305625 0.6461794015625 0.47508305625 0.6868770765625001 0.5315614625 0.6868770765625001
19 0.596345515625 0.64784053125 0.537375415625 0.64784053125 0.537375415625 0.687707640625 0.596345515625 0.687707640625
19 0.682724253125 0.6495016609375 0.6179401999999999 0.6495016609375 0.6179401999999999 0.6868770765625001 0.682724253125 0.6868770765625001
19 0.1744186046875001 0.651162790625 0.13704318906250007 0.651162790625 0.13704318906250007 0.6860465109375 0.1744186046875001 0.6860465109375
19 0.1295681062500001 0.651162790625 0.08887043125000009 0.651162790625 0.08887043125000009 0.6860465109375 0.1295681062500001 0.6860465109375
19 0.7541528234375 0.6511627906250002 0.6901993359375 0.651162790625 0.6901993359375 0.6893687703125001 0.7541528234375 0.6893687703125002
19 0.6345514953125002 0.73421926875 0.5415282390625002 0.73421926875 0.5415282390625002 0.8189368765625 0.6345514953125002 0.8189368765625
19 0.5282392031250002 0.73421926875 0.43355481718750016 0.73421926875 0.43355481718750016 0.8189368765625 0.5282392031250002 0.8189368765625
19 0.7342192687500002 0.7392026578125 0.6420265781250002 0.7392026578124999 0.6420265781250002 0.8181063125 0.7342192687500002 0.8181063125
19 0.863787375 0.7558139531250002 0.8064784046875 0.7558139531250002 0.8064784046875 0.82059800625 0.863787375 0.82059800625
19 0.9335548171875001 0.7558139531250002 0.876245846875 0.7558139531250002 0.876245846875 0.8181063125 0.9335548171875001 0.8181063125
19 0.7973421921875002 0.7574750828125001 0.7450166109375002 0.7574750828125001 0.7450166109375002 0.8197674421875 0.7973421921875002 0.8197674421875
19 0.42192691093750023 0.7607973421875001 0.3604651156250001 0.7607973421875001 0.3604651156250001 0.8156146171875 0.42192691093750023 0.8156146171875
19 0.34883720937500007 0.7591362125 0.2848837203125001 0.7591362125 0.2848837203125001 0.8164451828124999 0.34883720937500007 0.8164451828124999
19 0.11794020000000009 0.755813953125 0.05149501718750009 0.755813953125 0.0514950171875001 0.82973421875 0.11794020000000009 0.82973421875
19 0.19767441875000008 0.7591362125 0.12375415312500009 0.7591362125 0.12375415312500009 0.82973421875 0.19767441875000008 0.82973421875
19 0.2740863781250001 0.76578073125 0.20598006718750012 0.76578073125 0.20598006718750012 0.830564784375 0.2740863781250001 0.830564784375