19 0.678125 0.32935267812500013 0.6252232140625 0.32935267812500013 0.6252232140625 0.3671875000000001 0.678125 0.3671875000000001
19 0.7326298703125 0.3281250000000001 0.6798701296874999 0.3281250000000001 0.6798701296874999 0.3687500000000001 0.7326298703125 0.3687500000000001
19 0.7796875 0.3242491875000001 0.740878653125 0.3242491875000001 0.740878653125 0.3734375000000001 0.7796875 0.3734375000000001
19 0.946875 0.3312500000000001 0.904241071875 0.3312500000000001 0.904241071875 0.3671875000000001 0.946875 0.3671875000000001
19 0.89375 0.3310369312500001 0.849279625 0.3310369312500001 0.849279625 0.3687500000000001 0.89375 0.3687500000000001
19 0.8359375 0.3293831156250001 0.8004565749999999 0.3293831156250001 0.8004565749999999 0.37187500000000007 0.8359375 0.37187500000000007
19 1 0.3327211843750001 0.9594358765625 0.3327211843750001 0.9594358765625 0.3703125000000001 1 0.3703125000000001
19 0.321875 0.3376014609375 0.2453125 0.3376014609375 0.24531250000000004 0.4078125 0.3218750000000001 0.4078125
19 0.4015625 0.332315340625 0.33029626562500003 0.332315340625 0.33029626562500003 0.4140625 0.4015625 0.4140625
19 0.24531250000000004 0.33928571406249997 0.15781250000000005 0.33928571406249997 0.15781250000000005 0.41071428593750003 0.2453125000000001 0.41071428593750003
19 0.07187500000000005 0.3380377421875 4.139768389609201e-17 0.3380377421875 4.586150664927678e-17 0.4109375 0.07187500000000005 0.4109375
19 0.15000000000000005 0.334375 0.07954545468750004 0.334375 0.07954545468750004 0.41521915624999994 0.15000000000000005 0.41521915624999994
19 0.4734375 0.3469561703125001 0.41971387968749996 0.3469561703125001 0.41971387968749996 0.41875 0.4734375 0.41875
19 0.623122971875 0.3559963468750001 0.5565645296875 0.3559963468750001 0.5565645296875 0.409375 0.623122971875 0.409375
19 0.5484375 0.3532163156250001 0.4839082796875 0.3532163156250001 0.4839082796875 0.4108461859375 0.5484375 0.4108461859375
19 0.671875 0.3626420453125001 0.63125 0.3626420453125001 0.63125 0.415625 0.671875 0.415625
19 0.7390625 0.37158076406250007 0.6839488625000001 0.37158076406250007 0.6839488625000001 0.4093750000000001 0.7390625 0.40937500000000016
19 0.85 0.3736099843750001 0.8024655031249999 0.3736099843750001 0.8024655031249999 0.40937500000000016 0.85 0.40937500000000016
19 0.9015625 0.3719866062500001 0.8586038968749999 0.3719866062500001 0.8586038968749999 0.4109375000000002 0.9015625 0.4109375000000002
19 0.7828125 0.3630275984375001 0.746875 0.3630275984375001 0.746875 0.4187500000000002 0.7828125 0.4187500000000002
19 0.965625 0.3719257296875001 0.9171875 0.3719257296875001 0.9171875 0.40937500000000016 0.965625 0.40937500000000016
19 0.9997362015625001 0.3734375000000001 0.9721387984375 0.3734375000000001 0.9721387984375 0.40937500000000016 0.9997362015625001 0.40937500000000016
19 0.2468750000000001 0.46273336093750006 0.16718750000000004 0.46273336093750006 0.16718750000000004 0.5203125 0.2468750000000001 0.5203125
19 0.06250000000000007 0.4568587671875 0.0057528406250000556 0.4568587671875 0.005752840625000059 0.525 0.06250000000000007 0.525
19 0.15781250000000005 0.462591315625 0.07975852343750006 0.462591315625 0.07975852343750006 0.520221184375 0.15781250000000005 0.520221184375
19 0.32500000000000007 0.44903612031250006 0.2669439937500001 0.44903612031250006 0.2669439937500001 0.53426339375 0.32500000000000007 0.53426339375
19 0.43401988593749996 0.4625304375 0.3487926125000001 0.4625304375 0.3487926125000001 0.5234070609375 0.43401988593749996 0.5234070609375
19 0.5828125 0.457640015625 0.534963471875 0.457640015625 0.534963471875 0.5390625 0.5828125 0.5390625
19 0.5140523546875 0.47365056718750004 0.43126014687499997 0.47365056718750004 0.43126014687499997 0.52478693125 0.5140523546875 0.52478693125
19 0.8340604718750001 0.4808035718750002 0.7675020296875 0.4808035718750002 0.7675020296875 0.5234375000000002 0.8340604718750001 0.5234375000000002
19 0.903125 0.48023539062500015 0.8428469968750001 0.48023539062500015 0.8428469968750001 0.5234375000000002 0.903125 0.5234375000000002
19 0.6640625 0.4703125 0.6219054390625 0.4703125 0.6219054390625 0.5359375 0.6640625 0.5359375
19 0.74375 0.4693993515625001 0.704362825 0.4693993515625 0.704362825 0.5375000000000001 0.74375 0.5375000000000002
19 0.9243100656250001 0.6631087671875002 0.8691152593749999 0.6631087671875002 0.8691152593749999 0.7406250000000002 0.9243100656250001 0.7406250000000002
19 0.846875 0.6802455359375001 0.77478693125 0.6802455359375001 0.7747869312500001 0.7328125000000002 0.846875 0.7328125000000002
19 0.6807426953125001 0.678246753125 0.6036323046875001 0.678246753125 0.6036323046875001 0.734253246875 0.6807426953125002 0.734253246875
19 0.7656250000000001 0.6822037328125001 0.6882711046875001 0.6822037328125 0.6882711046875001 0.7343750000000001 0.7656250000000002 0.7343750000000002
19 0.4140625000000001 0.670434253125 0.35755884687500006 0.670434253125 0.35755884687500006 0.746875 0.41406250000000017 0.746875
19 0.2531250000000001 0.6802353890624999 0.17682629843750008 0.6802353890624999 0.17682629843750008 0.7386769484375 0.2531250000000001 0.7386769484375
19 0.08593750000000008 0.680265828125 0.014559657812500081 0.680265828125 0.014559657812500085 0.7403307640625 0.08593750000000008 0.7403307640625
19 0.3312500000000001 0.67085024375 0.2735795453125001 0.67085024375 0.2735795453125001 0.746875 0.3312500000000001 0.746875
19 0.596875 0.68354301875 0.5151481312499999 0.68354301875 0.51514813125 0.7387378250000001 0.5968750000000002 0.7387378250000001
19 0.5121448859375001 0.6813413140625 0.42691761250000004 0.6813413140625 0.42691761250000015 0.738971184375 0.5121448859375002 0.738971184375
19 0.1717431000000001 0.6812804375 0.09544440000000008 0.6812804375 0.09544440000000008 0.7421570625 0.1717431000000001 0.7421570625
19 0.9245332796874999 0.7535004062500001 0.8474228890625 0.7535004062500001 0.8474228890625 0.8015625 0.9245332796874999 0.8015625
19 1 0.7535511375000001 0.9477982953125 0.7535511375000001 0.9477982953125 0.8 1 0.8
19 0.8234375 0.7405539765625002 0.7740665578125002 0.7405539765625002 0.7740665578125002 0.815625 0.8234375 0.815625
19 0.7453125000000002 0.7403206171875001 0.6948965093750001 0.7403206171875001 0.6948965093750001 0.8171875 0.7453125000000002 0.8171875
19 0.6625000000000002 0.74243100625 0.6145393671875002 0.74243100625 0.6145393671875002 0.815625 0.6625000000000002 0.815625
19 0.5187398546875002 0.753125 0.43594764687500015 0.753125 0.43594764687500015 0.8078125 0.5187398546875002 0.8078125
19 0.5937500000000002 0.7548701296875 0.5216619312500002 0.7548701296875 0.5216619312500002 0.8076298703125 0.5937500000000002 0.8076298703125
19 0.4343750000000002 0.7552759734375 0.3593750000000001 0.7552759734375 0.3593750000000001 0.8078125 0.4343750000000002 0.8078125
19 0.3500000000000001 0.7548701296875 0.27791193125000013 0.7548701296875 0.27791193125000013 0.8076298703125 0.3500000000000001 0.8076298703125
19 0.2593750000000001 0.7453125 0.20532670625000007 0.7453125 0.20532670625000007 0.81875 0.2593750000000001 0.81875
19 0.18906250000000008 0.7565543828125 0.11348417187500008 0.7565543828125 0.11348417187500008 0.8093141234375001 0.18906250000000008 0.8093141234375001
19 0.0968750000000001 0.750304384375 0.04361810000000009 0.750304384375 0.04361810000000009 0.821875 0.09687500000000011 0.821875