19 0.30322580625 0.11612903281250005 0.2459677421875 0.11612903281250005 0.2459677421875 0.2064516125 0.30322580625 0.2064516125
19 0.3935483875 0.24354838750000005 0.34677419375 0.24354838750000002 0.34677419375 0.33145161250000005 0.3935483875 0.3314516125000001
19 0.34032258125000003 0.24354838750000002 0.2959677421875 0.24354838750000002 0.2959677421875 0.333064515625 0.34032258125000003 0.333064515625
19 0.448387096875 0.2435483875000001 0.4024193546875 0.2435483875000001 0.4024193546875 0.3330645156250001 0.448387096875 0.3330645156250001
19 0.504838709375 0.2467741937500001 0.454838709375 0.2467741937500001 0.454838709375 0.3370967734375001 0.504838709375 0.3370967734375001
19 0.13387096718750005 0.2774193546875 0.10403225781250006 0.2774193546875 0.10403225781250006 0.32983870937500004 0.13387096718750005 0.32983870937500004
19 0.17096774218750005 0.2774193546875 0.13870967812500004 0.2774193546875 0.13870967812500004 0.32983870937500004 0.17096774218750005 0.32983870937500004
19 0.208064515625 0.2774193546875 0.17983870937500004 0.2774193546875 0.17983870937500004 0.32822580625 0.208064515625 0.32822580625
19 0.2870967734375 0.28064516093749997 0.254838709375 0.28064516093749997 0.254838709375 0.3314516125 0.2870967734375 0.3314516125
19 0.24677419375 0.28064516093749997 0.2145161296875 0.28064516093749997 0.2145161296875 0.333064515625 0.24677419375 0.333064515625
19 0.7967741937499999 0.4870967734375002 0.7306451609375 0.4870967734375002 0.7306451609375 0.5556451609375002 0.7967741937499999 0.5556451609375002
19 0.64677419375 0.48870967812500005 0.5838709671875 0.48870967812500005 0.5838709671875 0.5604838703125 0.64677419375 0.5604838703125
19 0.2467741937500001 0.4935483875 0.2048387093750001 0.4935483875 0.2048387093750001 0.5556451609375 0.2467741937500001 0.5556451609375
19 0.19354838750000009 0.4935483875 0.15483870937500005 0.4935483875 0.15483870937500005 0.5556451609375 0.19354838750000009 0.5556451609375
19 0.3000000000000001 0.4935483875 0.2564516125000001 0.4935483875 0.2564516125000001 0.55967741875 0.3000000000000001 0.55967741875
19 0.40161290312500003 0.49516129062500003 0.3556451609375001 0.49516129062500003 0.3556451609375001 0.5572580640625 0.40161290312500003 0.5572580640625
19 0.8645161296874999 0.4935483875000002 0.7975806453125001 0.4935483875000002 0.7975806453125001 0.5596774187500002 0.8645161296874999 0.5596774187500002
19 0.448387096875 0.49516129062500003 0.4064516125 0.49516129062500003 0.4064516125 0.5572580640625 0.448387096875 0.5572580640625
19 0.9354838703125001 0.4919354843750002 0.8693548390625001 0.4919354843750002 0.8693548390625001 0.5604838703125001 0.9354838703125001 0.5604838703125001
19 0.3516129031250001 0.4935483875 0.30564516093750005 0.4935483875 0.30564516093750005 0.558064515625 0.3516129031250001 0.558064515625
19 0.7193548390625 0.49516129062500003 0.654838709375 0.49516129062500003 0.654838709375 0.5572580640625 0.7193548390625 0.5572580640625
19 0.5774193546874999 0.508064515625 0.52177419375 0.508064515625 0.52177419375 0.558064515625 0.5774193546874999 0.558064515625
19 0.50967741875 0.508064515625 0.454838709375 0.508064515625 0.454838709375 0.558064515625 0.50967741875 0.558064515625