19 0.14453125000000006 0.384375 0.08437500000000005 0.384375 0.08437500000000006 0.48203125 0.14453125000000006 0.48203125
19 0.2445312500000001 0.4 0.2000000000000001 0.4 0.2000000000000001 0.48515625 0.2445312500000001 0.48515625
19 0.19453125000000004 0.3984375 0.15156250000000004 0.3984375 0.15156250000000004 0.48125 0.19453125000000004 0.48125
19 0.2914062500000001 0.4 0.2515625000000001 0.4 0.2515625000000001 0.4828125 0.2914062500000001 0.4828125
19 0.6328125 0.4046875 0.58125 0.4046875 0.58125 0.47890625 0.6328125 0.47890625
19 0.571875 0.40625 0.5203125 0.40625 0.5203125 0.48203125 0.571875 0.48203125
19 0.784375 0.4156250000000001 0.7203125 0.415625 0.7203125 0.4796875000000001 0.784375 0.47968750000000016
19 0.7125 0.4171875 0.6390625 0.4171875 0.6390625 0.48125 0.7125 0.48125
19 0.17734375000000008 0.5390625 0.14375000000000004 0.5390625 0.14375000000000007 0.56328125 0.17734375000000008 0.56328125
19 0.2210937500000001 0.540625 0.18593750000000003 0.540625 0.18593750000000006 0.5625 0.2210937500000001 0.5625
19 0.2617187500000001 0.540625 0.22812500000000008 0.540625 0.22812500000000008 0.5625 0.2617187500000001 0.5625
19 0.3062500000000001 0.5421875 0.27031250000000007 0.5421875 0.27031250000000007 0.56015625 0.3062500000000001 0.56015625
19 0.484375 0.55 0.4484375 0.55 0.4484375 0.6078125 0.484375 0.6078125
19 0.525 0.55 0.4875 0.55 0.4875 0.60390625 0.525 0.60390625
19 0.75234375 0.5515625000000001 0.7125 0.5515625 0.7125 0.6031250000000001 0.75234375 0.6031250000000001
19 0.803125 0.5515625000000002 0.7625 0.5515625000000002 0.7625 0.6054687500000002 0.803125 0.6054687500000002
19 0.2953125000000001 0.5765625 0.2593750000000001 0.5765625 0.2593750000000001 0.60390625 0.2953125000000001 0.60390625
19 0.1687500000000001 0.5765625 0.1375000000000001 0.5765625 0.1375000000000001 0.60546875 0.1687500000000001 0.60546875
19 0.2101562500000001 0.5765625 0.1750000000000001 0.5765625 0.1750000000000001 0.60546875 0.2101562500000001 0.60546875
19 0.2531250000000001 0.575 0.22031250000000008 0.575 0.22031250000000008 0.6078125 0.2531250000000001 0.6078125
19 0.80546875 0.6625000000000001 0.725 0.6625 0.725 0.7250000000000001 0.80546875 0.7250000000000002
19 0.4976562500000002 0.7890625 0.4468750000000002 0.7890625 0.4468750000000002 0.853125 0.4976562500000002 0.853125
19 0.5578125000000002 0.79375 0.5015625000000001 0.79375 0.5015625000000001 0.85390625 0.5578125000000002 0.85390625
19 0.6296875000000002 0.8 0.5671875000000002 0.8 0.5671875000000002 0.86015625 0.6296875000000002 0.86015625