19 0.5203125 0.2269531250000001 0.440625 0.2269531250000001 0.440625 0.2812500000000001 0.5203125 0.2812500000000001
19 0.2765625 0.2359375 0.2 0.2359375 0.2 0.290625 0.2765625 0.290625
19 0.19531250000000006 0.2375 0.11562500000000005 0.2375 0.11562500000000005 0.29375 0.19531250000000006 0.29375
19 0.6078125 0.2828125000000001 0.5125 0.2828125000000001 0.5125 0.3593750000000001 0.6078125 0.3593750000000001
19 0.515625 0.2828125000000001 0.433984375 0.2828125000000001 0.433984375 0.36406250000000007 0.515625 0.36406250000000007
19 0.6671875 0.30742187500000007 0.578125 0.30742187500000007 0.578125 0.34062500000000007 0.6671875 0.34062500000000007
19 0.35625 0.291015625 0.2875 0.291015625 0.2875 0.359375 0.35625 0.359375
19 0.17968750000000006 0.291796875 0.10429687500000004 0.291796875 0.10429687500000004 0.3578125 0.17968750000000006 0.3578125
19 0.263671875 0.288671875 0.19726562500000006 0.288671875 0.19726562500000006 0.3625 0.263671875 0.3625
19 0.68125 0.2828125000000001 0.64375 0.2828125000000001 0.64375 0.3703125000000001 0.68125 0.3703125000000001
19 0.7203125 0.2808593750000001 0.685546875 0.2808593750000001 0.685546875 0.3703125000000001 0.7203125 0.3703125000000001
19 0.4234375 0.29453125 0.355859375 0.29453125 0.355859375 0.35781250000000003 0.4234375 0.3578125000000001
19 0.7890625 0.30742187500000007 0.69921875 0.30742187500000007 0.69921875 0.3437500000000001 0.7890625 0.3437500000000001
19 0.828125 0.3105468750000001 0.740234375 0.3105468750000001 0.740234375 0.3453125000000001 0.828125 0.3453125000000001
19 0.8421875 0.28593750000000007 0.80625 0.28593750000000007 0.80625 0.3750000000000001 0.8421875 0.3750000000000001
19 0.909375 0.3117187500000001 0.82109375 0.3117187500000001 0.82109375 0.34843750000000007 0.909375 0.34843750000000007
19 0.925 0.28593750000000007 0.8890625 0.28593750000000007 0.8890625 0.3750000000000001 0.925 0.3750000000000001
19 0.4359375 0.41953125 0.3792968750000001 0.41953125 0.3792968750000001 0.453125 0.4359375 0.453125
19 0.3843750000000001 0.41875 0.3500000000000001 0.41875 0.3500000000000001 0.4640625 0.3843750000000001 0.4640625
19 0.5875 0.4359375 0.534375 0.4359375 0.534375 0.534375 0.5875 0.534375
19 0.13750000000000004 0.446875 0.07968750000000005 0.446875 0.07968750000000005 0.5265625 0.13750000000000004 0.5265625
19 0.6703125 0.459765625 0.5734375 0.459765625 0.5734375 0.5125 0.6703125 0.5125
19 0.2015625000000001 0.445703125 0.14648437500000006 0.445703125 0.14648437500000006 0.525 0.2015625000000001 0.525
19 0.2671875000000001 0.4484375 0.2097656250000001 0.4484375 0.2097656250000001 0.528125 0.2671875000000001 0.528125
19 0.7296875 0.4625000000000001 0.632421875 0.4625 0.632421875 0.5125000000000001 0.7296875 0.5125000000000002
19 0.34843750000000007 0.459375 0.2714843750000001 0.459375 0.2714843750000001 0.51796875 0.34843750000000007 0.51796875
19 0.771875 0.4390625000000001 0.717578125 0.4390625 0.717578125 0.5390625000000001 0.771875 0.5390625000000002
19 0.521875 0.45 0.4796875 0.45 0.4796875 0.5328125 0.521875 0.5328125
19 0.8375 0.44062500000000016 0.784375 0.44062500000000016 0.784375 0.5406250000000001 0.8375 0.5406250000000001
19 0.89375 0.4437500000000002 0.84375 0.4437500000000002 0.84375 0.5437500000000002 0.89375 0.5437500000000002
19 0.3937500000000001 0.481640625 0.3359375000000001 0.481640625 0.3359375000000001 0.5171875 0.3937500000000001 0.5171875
19 0.434375 0.483984375 0.3761718750000001 0.483984375 0.3761718750000001 0.5171875 0.434375 0.5171875