19 0.3625000000000001 0.8015625 0.3097656250000001 0.8015625 0.3097656250000001 0.8734375 0.3625000000000001 0.8734375
19 0.30937500000000007 0.823046875 0.2519531250000001 0.823046875 0.2519531250000001 0.865625 0.30937500000000007 0.865625
19 0.42187500000000017 0.81875 0.3691406250000001 0.81875 0.3691406250000001 0.875 0.42187500000000017 0.875
19 0.2562500000000001 0.825 0.19882812500000008 0.825 0.19882812500000008 0.8671875 0.2562500000000001 0.8671875
19 0.2015625000000001 0.817578125 0.1609375000000001 0.817578125 0.1609375000000001 0.8765625 0.2015625000000001 0.8765625
19 0.1515625000000001 0.821875 0.11093750000000009 0.821875 0.11093750000000009 0.8796875 0.1515625000000001 0.8796875
19 0.2765625 0.234765625 0.201171875 0.234765625 0.201171875 0.315625 0.2765625 0.315625
19 0.3640625 0.23750000000000004 0.281640625 0.2375 0.281640625 0.31718750000000007 0.3640625 0.31718750000000007
19 0.19218750000000004 0.2375 0.11875000000000005 0.2375 0.11875000000000005 0.3171875 0.19218750000000004 0.3171875
19 0.4375 0.2449218750000001 0.365234375 0.2449218750000001 0.365234375 0.3140625000000001 0.4375 0.3140625000000001
19 0.11718750000000004 0.24453125 0.04023437500000003 0.24453125 0.04023437500000003 0.3171875 0.11718750000000004 0.3171875
19 0.27812500000000007 0.53828125 0.22265625000000008 0.53828125 0.22265625000000008 0.5984375 0.27812500000000007 0.5984375
19 0.14765625000000007 0.538671875 0.08906250000000007 0.538671875 0.08906250000000007 0.6 0.1476562500000001 0.6
19 0.21250000000000008 0.5484375 0.1593750000000001 0.5484375 0.1593750000000001 0.6 0.21250000000000008 0.6
19 0.4015625000000001 0.682421875 0.3476562500000001 0.682421875 0.3476562500000001 0.7375 0.40156250000000016 0.7375
19 0.3375000000000001 0.6859375 0.27812500000000007 0.6859375 0.27812500000000007 0.7390625 0.3375000000000001 0.7390625