19 0.977777778125 0.10952380937500013 0.93174603125 0.10952380937500013 0.93174603125 0.19126984062500013 0.977777778125 0.19126984062500013
19 0.302380953125 0.2507936515625 0.23174603125 0.2507936515625 0.23174603125 0.35555555625 0.302380953125 0.35555555625
19 0.8730158734375 0.2873015875000001 0.8365079359375001 0.2873015875000001 0.8365079359375001 0.32063492031250007 0.8730158734375 0.32063492031250007
19 0.375396825 0.25079365156250005 0.303174603125 0.2507936515625 0.303174603125 0.35555555625 0.375396825 0.35555555625000007
19 0.9134920640624999 0.2873015875000001 0.8730158734375 0.2873015875000001 0.8730158734375 0.32063492031250007 0.9134920640624999 0.32063492031250007
19 0.8357142859375 0.2873015875000001 0.8015873015625001 0.2873015875000001 0.8015873015625001 0.32301587343750005 0.8357142859375 0.32301587343750005
19 0.447619046875 0.2523809531250001 0.377777778125 0.2523809531250001 0.377777778125 0.3563492062500001 0.447619046875 0.3563492062500001
19 0.95555555625 0.2873015875000001 0.9142857140625 0.2873015875000001 0.9142857140625 0.32301587343750005 0.95555555625 0.32301587343750005
19 0.50555555625 0.2761904765625001 0.44603174531249995 0.2761904765625001 0.44603174531249995 0.3571428578125001 0.50555555625 0.3571428578125001
19 0.5626984125 0.2761904765625001 0.50634920625 0.2761904765625001 0.50634920625 0.35952380937500006 0.5626984125 0.35952380937500006
19 0.6253968249999999 0.2777777781250001 0.5634920640625001 0.2777777781250001 0.5634920640625001 0.3611111109375001 0.6253968249999999 0.3611111109375001
19 0.6857142859375001 0.2777777781250001 0.6269841265625 0.2777777781250001 0.6269841265625 0.3611111109375001 0.6857142859375001 0.3611111109375001
19 0.802380953125 0.2809523812500001 0.7460317453124999 0.2809523812500001 0.7460317453124999 0.3619047625000001 0.802380953125 0.3619047625000001
19 0.74365079375 0.2825396828125001 0.6873015875 0.2825396828125001 0.6873015875 0.36349206406250006 0.74365079375 0.36349206406250006
19 0.8460317453125 0.3269841265625001 0.8047619046875001 0.3269841265625001 0.8047619046875001 0.3611111109375001 0.8460317453125 0.3611111109375001
19 0.8865079359375001 0.3269841265625001 0.847619046875 0.3269841265625001 0.847619046875 0.36269841250000007 0.8865079359375001 0.36269841250000007
19 0.9269841265625001 0.3301587296875001 0.8888888890625 0.3301587296875001 0.8888888890625 0.36349206406250006 0.9269841265625001 0.36349206406250006
19 0.9650793656250001 0.3301587296875001 0.9285714281249999 0.3301587296875001 0.9285714281249999 0.36349206406250006 0.9650793656250001 0.36349206406250006
19 0.5547619046875 0.3904761906250001 0.5190476187499999 0.3904761906250001 0.5190476187499999 0.42936507968750004 0.5547619046875 0.42936507968750004
19 0.646825396875 0.3936507937500001 0.6111111109375 0.3936507937500001 0.6111111109375 0.43015872968749996 0.646825396875 0.43015872968749996
19 0.5119047625 0.3920634921875001 0.47142857187500004 0.3920634921875001 0.47142857187500004 0.43015872968749996 0.5119047625 0.43015872968749996
19 0.6 0.3936507937500001 0.5619047625 0.3936507937500001 0.5619047625 0.43015872968749996 0.6 0.43015872968749996
19 0.740476190625 0.3936507937500001 0.7015873015625 0.3936507937500001 0.7015873015625 0.43174603125000005 0.740476190625 0.43174603125000016
19 0.88095238125 0.3920634921875001 0.8428571421875001 0.3920634921875001 0.8428571421875001 0.4325396828125002 0.88095238125 0.4325396828125002
19 0.6952380953125 0.3936507937500001 0.6571428578125 0.3936507937500001 0.6571428578125 0.43174603125 0.6952380953125 0.43174603125
19 0.7920634921875 0.3920634921875001 0.7507936515625 0.3920634921875001 0.7507936515625 0.4309523812500002 0.7920634921875 0.4309523812500002
19 0.8357142859375 0.3920634921875001 0.796825396875 0.3920634921875001 0.796825396875 0.43333333281250014 0.8357142859375 0.43333333281250014
19 0.9277777781250001 0.3936507937500001 0.8873015875 0.3936507937500001 0.8873015875 0.43492063437500017 0.9277777781250001 0.43492063437500017
19 0.04285714218750005 0.4015873015625 0.01111111093750005 0.4015873015625 0.011111110937500054 0.48095238125 0.04285714218750006 0.48095238125
19 0.12142857187500004 0.40634920625 0.08730158750000004 0.40634920625 0.08730158750000006 0.484126984375 0.12142857187500004 0.484126984375
19 0.08333333281250006 0.40634920625 0.04920634843750005 0.40634920625 0.049206348437500054 0.4857142859375 0.08333333281250008 0.4857142859375
19 0.16031746093750004 0.4079365078125 0.12222222187500005 0.4079365078125 0.12222222187500005 0.4857142859375 0.16031746093750004 0.4857142859375
19 0.19603174531250006 0.40634920625 0.16666666718750006 0.40634920625 0.16666666718750006 0.4857142859375 0.19603174531250006 0.4857142859375
19 0.2388888890625001 0.4079365078125 0.20476190468750008 0.4079365078125 0.20476190468750008 0.4888888890625 0.2388888890625001 0.4888888890625
19 0.2761904765625001 0.4079365078125 0.2428571421875001 0.4079365078125 0.2428571421875001 0.4896825390625 0.2761904765625001 0.4896825390625
19 0.31428571406250005 0.409523809375 0.2777777781250001 0.409523809375 0.2777777781250001 0.4888888890625 0.31428571406250005 0.4888888890625
19 0.3920634921875001 0.41111111093749997 0.3539682546875001 0.41111111093749997 0.3539682546875001 0.49047619062500003 0.3920634921875001 0.49047619062500003
19 0.42222222187499997 0.41111111093749997 0.39682539687500007 0.41111111093749997 0.39682539687500007 0.49047619062500003 0.42222222187499997 0.49047619062500003
19 0.3507936515625001 0.409523809375 0.31746031718750006 0.409523809375 0.31746031718750006 0.49047619062500003 0.3507936515625001 0.49047619062500003
19 0.4619047625 0.41111111093749997 0.43015872968749996 0.41111111093749997 0.43015872968749996 0.49047619062500003 0.4619047625 0.49047619062500003
19 0.5079365078125 0.4365079359375 0.47142857187500004 0.4365079359375 0.47142857187500004 0.48809523749999995 0.5079365078125 0.48809523749999995
19 0.5571428578125001 0.43809523749999996 0.5142857140625 0.43809523749999996 0.5142857140625 0.49047619062500003 0.5571428578125001 0.49047619062500003
19 0.6015873015625 0.4396825390625 0.558730159375 0.4396825390625 0.558730159375 0.49126984062499995 0.6015873015625 0.49126984062499995
19 0.652380953125 0.4396825390625 0.60634920625 0.4396825390625 0.60634920625 0.4920634921875 0.652380953125 0.4920634921875
19 0.6984126984375 0.44126984062499996 0.6555555562500001 0.44126984062499996 0.6555555562500001 0.49126984062499995 0.6984126984375 0.49126984062499995
19 0.7476190468749999 0.4412698406250001 0.7047619046875 0.44126984062499996 0.7047619046875 0.49523809531250007 0.7476190468749999 0.4952380953125002
19 0.796825396875 0.44285714218750016 0.75555555625 0.44285714218750016 0.75555555625 0.4920634921875002 0.796825396875 0.4920634921875002
19 0.8420634921874999 0.44126984062500013 0.8015873015625001 0.44126984062500013 0.8015873015625001 0.4952380953125002 0.8420634921874999 0.4952380953125002
19 0.9373015875 0.44285714218750016 0.8984126984374999 0.44285714218750016 0.8984126984374999 0.4952380953125002 0.9373015875 0.4952380953125002
19 0.8896825390625 0.44126984062500013 0.8507936515625 0.44126984062500013 0.8507936515625 0.4952380953125002 0.8896825390625 0.4952380953125002
19 0.16269841250000008 0.5571428578125001 0.09206349218750007 0.5571428578125001 0.09206349218750007 0.6253968249999999 0.16269841250000008 0.6253968249999999
19 0.2325396828125001 0.5571428578125001 0.1666666671875001 0.5571428578125001 0.1666666671875001 0.63174603125 0.2325396828125001 0.63174603125
19 0.61825396875 0.5571428578125001 0.558730159375 0.5571428578125001 0.558730159375 0.6301587296875 0.61825396875 0.6301587296875
19 0.5547619046875 0.558730159375 0.4873015875 0.558730159375 0.4873015875 0.63174603125 0.5547619046875 0.63174603125
19 0.3047619046875001 0.5619047625 0.2396825390625001 0.5619047625 0.2396825390625001 0.627777778125 0.3047619046875001 0.627777778125
19 0.09126984062500007 0.558730159375 0.020634920312500065 0.558730159375 0.020634920312500072 0.63174603125 0.09126984062500007 0.63174603125
19 0.3658730156250001 0.56825396875 0.30634920625000006 0.56825396875 0.30634920625000006 0.63174603125 0.3658730156250001 0.63174603125
19 0.6801587296875 0.56825396875 0.6206349203125 0.56825396875 0.6206349203125 0.6333333328124999 0.6801587296875 0.6333333328124999
19 0.42698412656249995 0.5714285718750001 0.3698412703125001 0.5714285718750001 0.3698412703125001 0.6325396828125001 0.42698412656249995 0.6325396828125001
19 0.48333333281249996 0.5730158734375 0.428571428125 0.5730158734375 0.428571428125 0.63174603125 0.48333333281249996 0.63174603125
19 0.8007936515624999 0.5730158734375002 0.741269840625 0.5730158734375002 0.741269840625 0.6365079359375001 0.8007936515624999 0.6365079359375001
19 0.7373015875 0.5730158734375002 0.68095238125 0.5730158734375 0.68095238125 0.6365079359375001 0.7373015875 0.6365079359375001
19 0.8619047625 0.5714285718750002 0.803174603125 0.5714285718750002 0.803174603125 0.6373015875000002 0.8619047625 0.6373015875000002
19 0.9230158734374999 0.5730158734375002 0.8634920640624999 0.5730158734375002 0.8634920640624999 0.6365079359375001 0.9230158734374999 0.6365079359375001