19 0.26640625 0.10156250000000004 0.215625 0.10156250000000004 0.215625 0.19296875000000005 0.26640625 0.19296875000000005
19 0.2046875 0.10468750000000002 0.1515625 0.1046875 0.15156250000000002 0.19609375 0.2046875 0.19609375000000004
19 0.4328125 0.11250000000000004 0.3859375 0.11250000000000004 0.3859375 0.18906250000000005 0.4328125 0.18906250000000005
19 0.1453125 0.10625 0.08750000000000002 0.10625 0.08750000000000002 0.19765625 0.14531250000000004 0.19765625
19 0.3265625 0.11406250000000004 0.28125 0.11406250000000004 0.28125 0.19062500000000004 0.3265625 0.19062500000000004
19 0.378125 0.11406250000000004 0.3328125 0.11406250000000004 0.3328125 0.19218750000000004 0.378125 0.19218750000000004
19 0.70546875 0.12500000000000008 0.6625 0.12500000000000008 0.6625 0.1804687500000001 0.70546875 0.1804687500000001
19 0.7546875 0.12656250000000008 0.7140625 0.12656250000000008 0.7140625 0.1820312500000001 0.7546875 0.1820312500000001
19 0.07343750000000002 0.1109375 0.02031250000000001 0.1109375 0.020312500000000018 0.20234375 0.07343750000000002 0.20234375
19 0.64453125 0.1281250000000001 0.6015625 0.1281250000000001 0.6015625 0.18359375000000008 0.64453125 0.18359375000000008
19 0.18125000000000005 0.265625 0.11406250000000004 0.265625 0.11406250000000004 0.353125 0.18125000000000005 0.353125
19 0.25078125 0.2640625 0.19218750000000004 0.2640625 0.19218750000000004 0.35546875 0.25078125 0.35546875
19 0.4390625 0.2828125000000001 0.3828125 0.2828125000000001 0.3828125 0.3515625000000001 0.4390625 0.3515625000000001
19 0.37265625 0.2828125 0.321875 0.2828125 0.321875 0.35234375000000007 0.37265625 0.35234375000000007
19 0.31328125 0.2828125 0.2578125 0.2828125 0.2578125 0.35390625 0.31328125 0.35390625
19 0.796875 0.2906250000000001 0.7140625 0.2906250000000001 0.7140625 0.3515625000000001 0.796875 0.3515625000000001
19 0.990625 0.2906250000000001 0.90625 0.2906250000000001 0.90625 0.3515625000000001 0.990625 0.3515625000000001
19 0.89296875 0.2906250000000001 0.8125 0.2906250000000001 0.8125 0.3507812500000001 0.89296875 0.3507812500000001
19 0.59765625 0.2968750000000001 0.5546875 0.2968750000000001 0.5546875 0.35234375000000007 0.59765625 0.35234375000000007
19 0.49140625 0.3000000000000001 0.446875 0.3000000000000001 0.446875 0.3531250000000001 0.49140625 0.3531250000000001
19 0.5453125 0.3000000000000001 0.4984375 0.3000000000000001 0.4984375 0.3531250000000001 0.5453125 0.3531250000000001
19 0.6984375 0.3187500000000001 0.653125 0.3187500000000001 0.653125 0.3500000000000001 0.6984375 0.3500000000000001
19 0.6484375 0.3187500000000001 0.60625 0.3187500000000001 0.60625 0.3515625000000001 0.6484375 0.3515625000000001
19 0.43984375 0.4 0.3687500000000001 0.4 0.3687500000000001 0.4796875 0.43984375 0.4796875
19 0.52578125 0.403125 0.44375 0.403125 0.44375 0.4796875 0.52578125 0.4796875
19 0.09921875000000005 0.4171875 0.04375000000000005 0.4171875 0.04375000000000005 0.475 0.09921875000000006 0.475
19 0.2367187500000001 0.415625 0.17031250000000003 0.415625 0.17031250000000003 0.47578125 0.2367187500000001 0.47578125
19 0.3023437500000001 0.41875 0.24218750000000008 0.41875 0.24218750000000008 0.47734375 0.3023437500000001 0.47734375
19 0.3687500000000001 0.4203125 0.3078125000000001 0.4203125 0.3078125000000001 0.4765625 0.3687500000000001 0.4765625
19 0.17031250000000003 0.421875 0.10781250000000005 0.421875 0.10781250000000005 0.47734375 0.17031250000000003 0.47734375
19 0.73984375 0.4281250000000001 0.696875 0.428125 0.696875 0.48125000000000007 0.73984375 0.4812500000000002
19 0.6875 0.428125 0.6421875 0.428125 0.6421875 0.48203125 0.6875 0.48203125
19 0.57890625 0.43125 0.534375 0.43125 0.534375 0.4796875 0.57890625 0.4796875
19 0.63359375 0.4296875 0.5890625 0.4296875 0.5890625 0.48046875 0.63359375 0.48046875
19 0.7984375 0.42968750000000017 0.75 0.42968750000000017 0.75 0.4859375000000002 0.7984375 0.4859375000000002
19 0.85390625 0.42968750000000017 0.809375 0.42968750000000017 0.809375 0.4859375000000002 0.85390625 0.4859375000000002
19 0.9734375 0.42968750000000017 0.928125 0.42968750000000017 0.928125 0.4859375000000002 0.9734375 0.4859375000000002
19 0.9125 0.42968750000000017 0.8640625 0.42968750000000017 0.8640625 0.4851562500000002 0.9125 0.4851562500000002