19 0.64453125 0.3000000000000001 0.59375 0.3000000000000001 0.59375 0.3585937500000001 0.64453125 0.3585937500000001
19 0.73671875 0.30156250000000007 0.6921875 0.30156250000000007 0.6921875 0.3570312500000001 0.73671875 0.3570312500000001
19 0.690625 0.30156250000000007 0.6453125 0.30156250000000007 0.6453125 0.3578125000000001 0.690625 0.3578125000000001
19 0.47578125 0.31718750000000007 0.409375 0.31718750000000007 0.409375 0.415625 0.47578125 0.415625
19 0.99453125 0.3375000000000001 0.9515625 0.3375000000000001 0.9515625 0.4195312500000002 0.99453125 0.4195312500000002
19 0.53359375 0.3390625000000001 0.475 0.3390625000000001 0.475 0.41875 0.53359375 0.41875
19 0.90078125 0.3375000000000001 0.8578125 0.3375000000000001 0.8578125 0.42187500000000017 0.90078125 0.42187500000000017
19 0.59375 0.34062500000000007 0.5359375 0.34062500000000007 0.5359375 0.4203125 0.59375 0.4203125
19 0.946875 0.3390625000000001 0.9046875 0.3390625000000001 0.9046875 0.42109375000000016 0.946875 0.42109375000000016
19 0.78984375 0.3421875000000001 0.7359375 0.3421875000000001 0.7359375 0.41796875000000017 0.78984375 0.41796875000000017
19 0.84609375 0.3437500000000001 0.7921875 0.3437500000000001 0.7921875 0.4195312500000002 0.84609375 0.4195312500000002
19 0.68359375 0.3609375000000001 0.640625 0.3609375000000001 0.640625 0.41875 0.68359375 0.41875
19 0.6390625 0.3609375000000001 0.5921875 0.3609375000000001 0.5921875 0.4171875 0.6390625 0.4171875
19 0.734375 0.3609375000000001 0.6859375 0.3609375000000001 0.6859375 0.4171875000000001 0.734375 0.41718750000000016
19 0.76015625 0.4515625000000001 0.721875 0.4515625 0.721875 0.4867187500000001 0.76015625 0.4867187500000002
19 0.809375 0.45312500000000017 0.76875 0.45312500000000017 0.76875 0.48828125000000017 0.809375 0.48828125000000017
19 0.85078125 0.4515625000000002 0.815625 0.4515625000000002 0.815625 0.4890625000000002 0.85078125 0.4890625000000002
19 0.9 0.4515625000000002 0.859375 0.4515625000000002 0.859375 0.4890625000000002 0.9 0.4890625000000002
19 0.94296875 0.4546875000000002 0.9046875 0.4546875000000002 0.9046875 0.4898437500000002 0.94296875 0.4898437500000002
19 0.05546875000000007 0.4640625 0.001562500000000057 0.4640625 0.0015625000000000615 0.5375 0.05546875000000007 0.5375
19 0.56875 0.459375 0.5015625 0.459375 0.5015625 0.54375 0.56875 0.54375
19 0.13593750000000004 0.4671875 0.06406250000000006 0.4671875 0.06406250000000006 0.5390625 0.13593750000000004 0.5390625
19 0.64296875 0.4609375 0.5734375 0.4609375 0.5734375 0.54609375 0.64296875 0.54609375
19 0.3851562500000001 0.4671875 0.3578125000000001 0.4671875 0.3578125000000001 0.54375 0.3851562500000001 0.54375
19 0.42265625 0.465625 0.3890625000000001 0.465625 0.3890625000000001 0.5453125 0.42265625 0.5453125
19 0.49375 0.465625 0.4625 0.465625 0.4625 0.54375 0.49375 0.54375
19 0.46015625 0.4671875 0.425 0.4671875 0.425 0.5453125 0.46015625 0.5453125
19 0.71796875 0.465625 0.6484375 0.465625 0.6484375 0.54609375 0.71796875 0.54609375
19 0.30937500000000007 0.4875 0.2718750000000001 0.4875 0.2718750000000001 0.54140625 0.30937500000000007 0.54140625
19 0.2656250000000001 0.4859375 0.2296875000000001 0.4859375 0.2296875000000001 0.54140625 0.2656250000000001 0.54140625
19 0.3500000000000001 0.4890625 0.3140625000000001 0.4890625 0.3140625000000001 0.53984375 0.3500000000000001 0.53984375
19 0.75859375 0.49687500000000007 0.7203125 0.496875 0.7203125 0.5507812500000001 0.75859375 0.5507812500000002
19 0.853125 0.4968750000000002 0.8125 0.4968750000000002 0.8125 0.5523437500000001 0.853125 0.5523437500000001
19 0.80625 0.4984375000000002 0.7640625 0.4984375000000002 0.7640625 0.5515625000000002 0.80625 0.5515625000000002
19 0.90234375 0.4984375000000002 0.859375 0.4984375000000002 0.859375 0.5515625000000002 0.90234375 0.5515625000000002
19 0.94765625 0.4984375000000002 0.9078125 0.4984375000000002 0.9078125 0.5515625000000002 0.94765625 0.5515625000000002
19 0.8984375 0.6187500000000001 0.86875 0.6187500000000001 0.86875 0.6453125000000002 0.8984375 0.6453125000000002
19 0.8640625 0.6218750000000002 0.8390625 0.6218750000000002 0.8390625 0.6460937500000001 0.8640625 0.6460937500000001
19 0.9375 0.6203125000000002 0.9078125 0.6203125000000002 0.9078125 0.6476562500000002 0.9375 0.6476562500000002
19 0.1359375000000001 0.5984375 0.06406250000000006 0.5984375 0.06406250000000008 0.68046875 0.1359375000000001 0.68046875
19 0.2054687500000001 0.603125 0.1390625000000001 0.603125 0.1390625000000001 0.68125 0.2054687500000001 0.68125
19 0.2765625000000001 0.603125 0.2093750000000001 0.603125 0.2093750000000001 0.6828125 0.2765625000000001 0.6828125
19 0.3476562500000001 0.6015625 0.27812500000000007 0.6015625 0.27812500000000007 0.68359375 0.3476562500000001 0.68359375
19 0.4703125 0.621875 0.4125 0.621875 0.4125 0.6859375 0.4703125 0.6859375
19 0.41015625 0.621875 0.3500000000000001 0.621875 0.3500000000000001 0.68671875 0.41015625 0.68671875
19 0.5296875 0.6265625 0.471875 0.6265625 0.471875 0.68671875 0.5296875 0.68671875
19 0.58828125 0.6265625 0.5296875 0.6265625 0.5296875 0.6890625 0.58828125 0.6890625
19 0.7109375 0.628125 0.6546875 0.628125 0.6546875 0.6890625 0.7109375 0.6890625
19 0.6515625 0.6296875 0.590625 0.6296875 0.590625 0.690625 0.6515625 0.690625
19 0.77109375 0.6265625000000001 0.7125 0.6265625 0.7125 0.6953125000000001 0.77109375 0.6953125000000002
19 0.83359375 0.6312500000000002 0.7734375 0.6312500000000002 0.7734375 0.6953125000000002 0.83359375 0.6953125000000002
19 0.90234375 0.6640625000000002 0.875 0.6640625000000002 0.875 0.6914062500000002 0.90234375 0.6914062500000002
19 0.94609375 0.6656250000000001 0.9109375 0.6656250000000001 0.9109375 0.6929687500000001 0.94609375 0.6929687500000001
19 0.86484375 0.6671875000000002 0.8359375 0.6671875000000002 0.8359375 0.6921875000000002 0.86484375 0.6921875000000002