19 0.7296875000000002 0.806640625 0.6394531250000002 0.806640625 0.6394531250000002 0.890625 0.7296875000000002 0.890625
19 0.8296875 0.803125 0.7375000000000002 0.803125 0.7375000000000002 0.8984375 0.8296875 0.8984375
19 0.934375 0.803125 0.8421875 0.803125 0.8421875 0.8953125 0.934375 0.8953125
19 0.6328125000000002 0.80625 0.5457031250000002 0.80625 0.5457031250000002 0.890625 0.6328125000000002 0.890625
19 0.1468750000000001 0.8203125 0.07343750000000011 0.8203125 0.07343750000000011 0.8875 0.1468750000000001 0.8875
19 0.21875000000000008 0.819921875 0.1496093750000001 0.819921875 0.1496093750000001 0.8890625 0.21875000000000008 0.8890625
19 0.2953125000000001 0.815625 0.22460937500000008 0.815625 0.22460937500000008 0.8953125 0.2953125000000001 0.8953125
19 0.3703125000000001 0.8265625 0.30156250000000007 0.8265625 0.30156250000000007 0.8890625 0.3703125000000001 0.8890625
19 0.4515625000000002 0.823046875 0.37773437500000007 0.823046875 0.37773437500000007 0.8921875 0.4515625000000002 0.8921875
19 0.5343750000000002 0.822265625 0.4636718750000002 0.822265625 0.4636718750000002 0.891796875 0.5343750000000002 0.891796875
19 0.38750000000000007 0.6125 0.35820312500000007 0.6125 0.35820312500000007 0.6515625 0.38750000000000007 0.6515625
19 0.440625 0.615625 0.403515625 0.615625 0.403515625 0.6484375 0.440625 0.6484375
19 0.9515625 0.5953125000000001 0.867578125 0.5953125000000001 0.867578125 0.6703125000000002 0.9515625 0.6703125000000002
19 0.4921875 0.614453125 0.4578125 0.614453125 0.4578125 0.6515625 0.4921875 0.6515625
19 0.3421875000000001 0.61015625 0.3117187500000001 0.61015625 0.3117187500000001 0.6578125 0.3421875000000001 0.6578125
19 0.803125 0.6187500000000001 0.723828125 0.61875 0.723828125 0.6828125 0.803125 0.6828125000000002
19 0.871484375 0.6167968750000001 0.797265625 0.6167968750000001 0.797265625 0.6828125000000002 0.871484375 0.6828125000000002
19 0.721875 0.63125 0.66875 0.63125 0.66875 0.6875 0.721875 0.6875
19 0.6609375 0.634765625 0.603125 0.634765625 0.603125 0.6828125 0.6609375 0.6828125
19 0.54375 0.6359375 0.483203125 0.6359375 0.483203125 0.684375 0.54375 0.684375
19 0.5953125 0.630078125 0.551171875 0.630078125 0.551171875 0.6875 0.5953125 0.6875
19 0.32500000000000007 0.65078125 0.2960937500000001 0.65078125 0.2960937500000001 0.690625 0.32500000000000007 0.690625
19 0.3734375000000001 0.6515625 0.3468750000000001 0.6515625 0.3468750000000001 0.69375 0.3734375000000001 0.69375
19 0.4234375 0.65 0.3984375000000001 0.65 0.3984375000000001 0.696875 0.4234375 0.696875
19 0.48125 0.6640625 0.4390625 0.6640625 0.4390625 0.6890625 0.48125 0.6890625