19 0.778125 0.018359375000000087 0.681640625 0.018359375000000084 0.681640625 0.1390625000000001 0.778125 0.1390625000000001
19 0.7125000000000001 0.80234375 0.6445312500000002 0.80234375 0.6445312500000002 0.859375 0.7125000000000001 0.859375
19 0.7718750000000002 0.803125 0.7140625000000002 0.803125 0.7140625000000002 0.8671875 0.7718750000000002 0.8671875
19 0.6421875000000001 0.8078125 0.5871093750000002 0.8078125 0.5871093750000002 0.865625 0.6421875000000001 0.865625
19 0.5171875000000001 0.807421875 0.4597656250000002 0.807421875 0.4597656250000002 0.865625 0.5171875000000001 0.865625
19 0.5781250000000002 0.808203125 0.5285156250000002 0.808203125 0.5285156250000002 0.865625 0.5781250000000002 0.865625
19 0.675 0.02500000000000007 0.5765625 0.025000000000000067 0.5765625 0.1453125000000001 0.675 0.1453125000000001
19 0.575 0.02812500000000006 0.475 0.028125000000000056 0.475 0.15156250000000007 0.575 0.1515625000000001
19 0.7703125000000002 0.915625 0.6906250000000002 0.915625 0.6906250000000002 0.9828125 0.7703125000000002 0.9828125
19 0.7000000000000002 0.917578125 0.6265625000000001 0.917578125 0.6265625000000001 0.984375 0.7000000000000002 0.984375
19 0.465625 0.03437500000000005 0.3671875 0.034375000000000044 0.3671875 0.15781250000000005 0.465625 0.15781250000000005
19 0.7671875 0.2375000000000001 0.684375 0.2375000000000001 0.684375 0.3531250000000001 0.7671875 0.3531250000000001
19 0.675 0.2500000000000001 0.584765625 0.2500000000000001 0.584765625 0.3609375000000001 0.675 0.3609375000000001
19 0.590234375 0.2628906250000001 0.476953125 0.2628906250000001 0.476953125 0.3515625000000001 0.590234375 0.3515625000000001
19 0.4796875 0.24960937500000008 0.390234375 0.24960937500000008 0.390234375 0.3671875000000001 0.4796875 0.3671875000000001
19 0.746875 0.45000000000000007 0.681640625 0.45 0.681640625 0.5375000000000001 0.746875 0.5375000000000002
19 0.4921875 0.458984375 0.404296875 0.458984375 0.404296875 0.540625 0.4921875 0.540625
19 0.5796875 0.4578125 0.4953125 0.4578125 0.4953125 0.5453125 0.5796875 0.5453125
19 0.9234375 0.47968750000000016 0.870703125 0.47968750000000016 0.870703125 0.5234375000000002 0.9234375 0.5234375000000002
19 0.675 0.460546875 0.591015625 0.460546875 0.591015625 0.5421875 0.675 0.5421875
19 0.9796875 0.4789062500000002 0.92734375 0.4789062500000002 0.92734375 0.5265625000000002 0.9796875 0.5265625000000002
19 0.8703125 0.4859375000000002 0.806640625 0.4859375000000002 0.806640625 0.5281250000000002 0.8703125 0.5281250000000002
19 0.7640625 0.64375 0.721875 0.64375 0.721875 0.7015625000000001 0.7640625 0.7015625000000002
19 0.715625 0.6453125 0.66875 0.6453125 0.66875 0.7 0.715625 0.7
19 0.61875 0.652734375 0.5640625 0.652734375 0.5640625 0.6984375 0.61875 0.6984375
19 0.6625 0.648828125 0.614453125 0.648828125 0.614453125 0.703125 0.6625 0.703125
19 0.5640625 0.65625 0.512109375 0.65625 0.512109375 0.6984375 0.5640625 0.6984375
19 0.46875 0.655078125 0.41484375 0.655078125 0.41484375 0.7015625 0.46875 0.7015625
19 0.51875 0.656640625 0.465234375 0.656640625 0.465234375 0.7 0.51875 0.7