19 0.2 0.12656250000000002 0.1796875 0.1265625 0.1796875 0.17500000000000002 0.2 0.17500000000000004
19 0.17578125 0.1296875 0.1578125 0.1296875 0.1578125 0.1765625 0.17578125 0.1765625
19 0.25078125 0.12968750000000004 0.2328125 0.12968750000000004 0.2328125 0.17500000000000004 0.25078125 0.17500000000000004
19 0.22421875 0.13125000000000003 0.20625 0.13125000000000003 0.20625 0.17656250000000004 0.22421875 0.17656250000000004
19 0.27734375 0.13281250000000006 0.2578125 0.13281250000000006 0.2578125 0.17812500000000003 0.27734375 0.17812500000000003
19 0.7515625 0.1703125000000001 0.71875 0.1703125000000001 0.71875 0.21875000000000008 0.7515625 0.21875000000000008
19 0.56328125 0.17343750000000008 0.5296875 0.17343750000000005 0.5296875 0.2273437500000001 0.56328125 0.2273437500000001
19 0.60390625 0.17343750000000008 0.5703125 0.17343750000000008 0.5703125 0.2296875000000001 0.60390625 0.2296875000000001
19 0.6859375 0.1750000000000001 0.653125 0.1750000000000001 0.653125 0.2289062500000001 0.6859375 0.2289062500000001
19 0.71875 0.1750000000000001 0.6890625 0.1750000000000001 0.6890625 0.22812500000000008 0.71875 0.22812500000000008
19 0.64375 0.1750000000000001 0.6109375 0.1750000000000001 0.6109375 0.2289062500000001 0.64375 0.2289062500000001
19 0.16953125000000005 0.1828125 0.15156250000000004 0.1828125 0.15156250000000004 0.22265625 0.16953125000000005 0.22265625
19 0.23984375 0.18281250000000004 0.221875 0.18281250000000004 0.221875 0.22265625 0.23984375 0.22265625
19 0.19296875000000005 0.184375 0.17500000000000004 0.184375 0.17500000000000004 0.225 0.19296875000000005 0.225
19 0.21640625 0.18437500000000004 0.19843750000000004 0.18437500000000004 0.19843750000000004 0.225 0.21640625 0.225
19 0.271875 0.18437500000000004 0.2515625 0.18437500000000004 0.2515625 0.22421875 0.271875 0.22421875
19 0.42421875 0.2750000000000001 0.4015625 0.2750000000000001 0.4015625 0.3265625000000001 0.42421875 0.3265625000000001
19 0.53984375 0.2718750000000001 0.5125 0.2718750000000001 0.5125 0.3273437500000001 0.53984375 0.3273437500000001
19 0.4546875 0.2765625000000001 0.4296875 0.2765625000000001 0.4296875 0.3257812500000001 0.4546875 0.3257812500000001
19 0.56875 0.2718750000000001 0.54375 0.2718750000000001 0.54375 0.3296875000000001 0.56875 0.3296875000000001
19 0.596875 0.2734375000000001 0.5703125 0.2734375000000001 0.5703125 0.3312500000000001 0.596875 0.3312500000000001
19 0.625 0.2718750000000001 0.5984375 0.2718750000000001 0.5984375 0.3304687500000001 0.625 0.3304687500000001
19 0.51015625 0.2750000000000001 0.4859375 0.2750000000000001 0.4859375 0.3281250000000001 0.51015625 0.3281250000000001
19 0.48203125 0.2765625000000001 0.459375 0.2765625000000001 0.459375 0.3281250000000001 0.48203125 0.3281250000000001
19 0.3578125 0.2875 0.3265625 0.2875 0.3265625 0.3328125 0.3578125 0.3328125
19 0.3265625 0.2875 0.2953125 0.2875 0.2953125 0.3359375 0.3265625 0.3359375
19 0.39609375 0.29375000000000007 0.3625 0.29375 0.3625 0.33437500000000003 0.39609375 0.3343750000000001
19 0.42421875 0.3312500000000001 0.396875 0.3312500000000001 0.39687500000000003 0.3984375000000001 0.42421875 0.3984375000000001
19 0.453125 0.3312500000000001 0.428125 0.3312500000000001 0.428125 0.3960937500000001 0.453125 0.3960937500000001
19 0.321875 0.3359375 0.290625 0.3359375 0.290625 0.39453125 0.3218750000000001 0.39453125
19 0.35625000000000007 0.3359375 0.3234375 0.3359375 0.32343750000000004 0.39375 0.35625000000000007 0.39375
19 0.5375 0.33281250000000007 0.5125 0.33281250000000007 0.5125 0.4 0.5375 0.4
19 0.48046875 0.3343750000000001 0.453125 0.3343750000000001 0.453125 0.39921875000000007 0.48046875 0.39921875000000007
19 0.6265625 0.33281250000000007 0.6 0.33281250000000007 0.6 0.39921875000000007 0.6265625 0.39921875000000007
19 0.51015625 0.3343750000000001 0.4859375 0.3343750000000001 0.4859375 0.3984375000000001 0.51015625 0.3984375000000001
19 0.56875 0.33281250000000007 0.5421875 0.33281250000000007 0.5421875 0.3976562500000001 0.56875 0.3976562500000001
19 0.5953125 0.33281250000000007 0.5703125 0.33281250000000007 0.5703125 0.39921875000000007 0.5953125 0.39921875000000007
19 0.39140625000000007 0.33906250000000004 0.3625 0.3390625 0.36250000000000004 0.39453125000000006 0.39140625000000007 0.3945312500000001
19 0.5375 0.48125 0.5 0.48125 0.5 0.55546875 0.5375 0.55546875
19 0.4984375 0.48125 0.4625 0.48125 0.4625 0.55546875 0.4984375 0.55546875
19 0.459375 0.484375 0.4234375 0.484375 0.4234375 0.55625 0.459375 0.55625
19 0.57890625 0.50625 0.5609375 0.50625 0.5609375 0.55546875 0.57890625 0.55546875
19 0.59921875 0.50625 0.58125 0.50625 0.58125 0.55703125 0.59921875 0.55703125
19 0.559375 0.50625 0.5421875 0.50625 0.5421875 0.55546875 0.559375 0.55546875
19 0.62265625 0.5078125 0.6046875 0.5078125 0.6046875 0.55859375 0.62265625 0.55859375
19 0.5593750000000001 0.653125 0.5265625 0.653125 0.5265625 0.73984375 0.5593750000000002 0.73984375
19 0.5921875000000001 0.6578125 0.559375 0.6578125 0.5593750000000001 0.7421875 0.5921875000000002 0.7421875
19 0.6546875000000001 0.6578125 0.625 0.6578125 0.6250000000000001 0.740625 0.6546875000000002 0.740625
19 0.6234375000000001 0.6578125 0.59375 0.6578125 0.5937500000000001 0.7421875 0.6234375000000002 0.7421875
19 0.2656250000000001 0.475 0.22812500000000008 0.475 0.22812500000000008 0.5546875 0.2656250000000001 0.5546875
19 0.30156250000000007 0.4765625 0.2656250000000001 0.4765625 0.2656250000000001 0.553125 0.30156250000000007 0.553125
19 0.3421875000000001 0.4796875 0.30156250000000007 0.4796875 0.30156250000000007 0.55625 0.3421875000000001 0.55625
19 0.3789062500000001 0.48125 0.3437500000000001 0.48125 0.3437500000000001 0.55703125 0.3789062500000001 0.55703125
19 0.415625 0.478125 0.37968750000000007 0.478125 0.37968750000000007 0.5546875 0.415625 0.5546875