19 0.8311016609375 0.20448971562500007 0.7923358390625 0.20448971562500007 0.7923358390625 0.23437500000000008 0.8311016609375 0.23437500000000008
19 0.78125 0.2043413765625001 0.7531151109375 0.2043413765625001 0.7531151109375 0.2390625000000001 0.78125 0.2390625000000001
19 0.8921875 0.17517800625000007 0.8355715984375 0.17517800625000007 0.8355715984375 0.2716969937500001 0.8921875 0.2716969937500001
19 0.5624307734375 0.19165347968750007 0.46749406562500007 0.19165347968750004 0.46749406562500007 0.2562500000000001 0.5624307734375 0.2562500000000001
19 0.18906250000000005 0.19720134531250003 0.09068433593750003 0.1972013453125 0.09068433593750003 0.2546875 0.18906250000000005 0.2546875
19 0.2328125 0.21039359218749998 0.15000000000000005 0.21039359218749998 0.15000000000000005 0.2546875 0.2328125 0.2546875
19 0.6578125 0.1964102046875001 0.60625 0.1964102046875001 0.60625 0.2687500000000001 0.6578125 0.2687500000000001
19 0.6140625 0.2110067234375001 0.5385383703125 0.2110067234375001 0.5385383703125 0.2609375000000001 0.6140625 0.2609375000000001
19 0.7046875 0.21628757812500007 0.6649129765625 0.21628757812500007 0.6649129765625 0.2671875000000001 0.7046875 0.2671875000000001
19 0.75 0.22079707187500008 0.6990605203125 0.22079707187500008 0.6990605203125 0.26250000000000007 0.75 0.26250000000000007
19 0.30142405 0.2147151890625 0.26107595 0.2147151890625 0.26107595 0.2703125 0.30142405 0.2703125
19 0.8322982609375 0.23593750000000008 0.79590585625 0.23593750000000008 0.79590585625 0.2671875000000001 0.8322982609375 0.2671875000000001
19 0.790625 0.2406250000000001 0.755033625 0.2406250000000001 0.755033625 0.2718750000000001 0.790625 0.2718750000000001
19 0.540625 0.3592266625000001 0.512292325 0.3592266625000001 0.512292325 0.3937500000000001 0.540625 0.3937500000000001
19 0.5015625 0.36088805468750007 0.47670095 0.36088805468750007 0.47670095 0.39531250000000007 0.5015625 0.39531250000000007
19 0.8359375 0.35062302187500005 0.7495253171875 0.35062302187500005 0.7495253171875 0.4109375000000002 0.8359375 0.4109375000000002
19 0.9 0.35305577500000007 0.815625 0.35305577500000007 0.815625 0.4125000000000002 0.9 0.4125000000000002
19 0.7375 0.3708662984375001 0.665625 0.3708662984375001 0.665625 0.4040941453125001 0.7375 0.40409414531250015
19 0.609375 0.3664556953125001 0.553678796875 0.3664556953125001 0.553678796875 0.425 0.609375 0.425
19 0.675 0.37014438281250006 0.6169699375000001 0.37014438281250006 0.6169699375000001 0.4234375 0.675 0.4234375
19 0.765625 0.3792424843750001 0.71565466875 0.3792424843750001 0.71565466875 0.4203125000000001 0.765625 0.4203125000000002
19 0.509375 0.39401700937500006 0.4741989703125 0.39401700937500006 0.4741989703125 0.42328916093749996 0.509375 0.42328916093749996
19 0.546875 0.3960344156250001 0.511441853125 0.3960344156250001 0.511441853125 0.428125 0.546875 0.428125
19 0.796716771875 0.5007021359375001 0.7160205687500001 0.5007021359375 0.7160205687500001 0.5671875000000001 0.796716771875 0.5671875000000002