19 0.534375 0.6625 0.49375 0.6625 0.49375 0.709375 0.534375 0.709375
19 0.3187500000000001 0.6703125 0.2890625000000001 0.6703125 0.2890625000000001 0.7078125 0.3187500000000001 0.7078125
19 0.2828125000000001 0.66875 0.2550781250000001 0.66875 0.2550781250000001 0.7109375 0.2828125000000001 0.7109375
19 0.2218750000000001 0.6765625 0.18125000000000008 0.6765625 0.18125000000000008 0.7015625 0.2218750000000001 0.7015625
19 0.5828125 0.66796875 0.541796875 0.66796875 0.541796875 0.7109375 0.5828125 0.7109375
19 0.2562500000000001 0.67578125 0.2152343750000001 0.67578125 0.2152343750000001 0.703125 0.2562500000000001 0.703125
19 0.6890625 0.666796875 0.647265625 0.666796875 0.647265625 0.709375 0.6890625 0.709375
19 0.4921875 0.671484375 0.453515625 0.671484375 0.453515625 0.7046875 0.4921875 0.7046875
19 0.3921875000000001 0.675 0.3546875000000001 0.675 0.3546875000000001 0.70625 0.3921875000000001 0.70625
19 0.425 0.676171875 0.3871093750000001 0.676171875 0.3871093750000001 0.7046875 0.425 0.7046875
19 0.4578125 0.67734375 0.418359375 0.67734375 0.418359375 0.7046875 0.4578125 0.7046875
19 0.3515625000000001 0.6703125 0.3218750000000001 0.6703125 0.3218750000000001 0.709375 0.3515625000000001 0.709375
19 0.640625 0.66875 0.591015625 0.66875 0.591015625 0.7109375 0.640625 0.7109375
19 0.7421875 0.6703125000000001 0.7 0.6703125 0.7 0.7125000000000001 0.7421875 0.7125000000000001
19 0.790625 0.6703125000000002 0.7484375 0.6703125000000002 0.7484375 0.7125000000000001 0.790625 0.7125000000000001
19 0.7046875 0.3082031250000001 0.680859375 0.3082031250000001 0.680859375 0.3468750000000001 0.7046875 0.3468750000000001
19 0.73125 0.3097656250000001 0.70625 0.3097656250000001 0.70625 0.34843750000000007 0.73125 0.34843750000000007
19 0.5203125 0.3332031250000001 0.450390625 0.3332031250000001 0.450390625 0.37187500000000007 0.5203125 0.37187500000000007
19 0.5609375 0.3363281250000001 0.4921875 0.3363281250000001 0.4921875 0.3703125000000001 0.5609375 0.3703125000000001
19 0.6140625 0.3312500000000001 0.585546875 0.3312500000000001 0.585546875 0.3890625000000001 0.6140625 0.3890625000000001
19 0.6640625 0.3453125000000001 0.60625 0.3453125000000001 0.60625 0.3750000000000001 0.6640625 0.3750000000000001
19 0.6953125 0.3453125000000001 0.639453125 0.3453125000000001 0.639453125 0.3734375000000001 0.6953125 0.3734375000000001
19 0.7140625 0.3500000000000001 0.686328125 0.3500000000000001 0.686328125 0.3906250000000001 0.7140625 0.3906250000000001
19 0.749609375 0.3566406250000001 0.711328125 0.3566406250000001 0.711328125 0.3828125000000001 0.749609375 0.3828125000000001
19 0.7125 0.3871093750000001 0.7109375 0.3871093750000001 0.7109375 0.3890625000000001 0.7125 0.3890625000000001
19 0.2515625000000001 0.417578125 0.2035156250000001 0.417578125 0.2035156250000001 0.45625 0.2515625000000001 0.45625
19 0.5375 0.413671875 0.478125 0.413671875 0.478125 0.4640625 0.5375 0.4640625
19 0.2890625000000001 0.415625 0.2503906250000001 0.415625 0.2503906250000001 0.4640625 0.2890625000000001 0.4640625
19 0.4265625 0.4109375 0.3734375000000001 0.4109375 0.3734375000000001 0.46875 0.4265625 0.46875
19 0.48125 0.409375 0.4296875 0.409375 0.4296875 0.4703125 0.48125 0.4703125
19 0.3734375000000001 0.416796875 0.3359375000000001 0.416796875 0.3359375000000001 0.4671875 0.3734375000000001 0.4671875
19 0.3375000000000001 0.42421875 0.2902343750000001 0.42421875 0.2902343750000001 0.4625 0.3375000000000001 0.4625
19 0.5875 0.415234375 0.5359375 0.415234375 0.5359375 0.4703125 0.5875 0.4703125
19 0.2406250000000001 0.501953125 0.18750000000000006 0.501953125 0.18750000000000006 0.5421875 0.2406250000000001 0.5421875
19 0.428125 0.5125 0.3722656250000001 0.5125 0.3722656250000001 0.534375 0.428125 0.534375
19 0.4546875 0.5109375 0.39726562500000007 0.5109375 0.39726562500000007 0.534375 0.4546875 0.534375
19 0.27812500000000007 0.496875 0.23593750000000008 0.496875 0.23593750000000008 0.55 0.27812500000000007 0.55
19 0.4015625 0.5109375 0.3437500000000001 0.5109375 0.3437500000000001 0.5375 0.4015625 0.5375
19 0.3187500000000001 0.4984375 0.28007812500000007 0.4984375 0.28007812500000007 0.5515625 0.3187500000000001 0.5515625
19 0.3578125000000001 0.5 0.3218750000000001 0.5 0.3218750000000001 0.5515625 0.3578125000000001 0.5515625
19 0.490625 0.5 0.4421875 0.5 0.4421875 0.5515625 0.490625 0.5515625
19 0.54375 0.503125 0.4984375 0.503125 0.4984375 0.5515625 0.54375 0.5515625
19 0.596875 0.503125 0.551953125 0.503125 0.551953125 0.5515625 0.596875 0.5515625
19 0.6546875 0.506640625 0.605078125 0.506640625 0.605078125 0.5546875 0.6546875 0.5546875
19 0.7609375 0.5078125000000001 0.7140625 0.5078125 0.7140625 0.5546875000000001 0.7609375 0.5546875000000002
19 0.703125 0.50703125 0.658203125 0.50703125 0.658203125 0.55625 0.703125 0.55625
19 0.609375 0.5828125 0.586328125 0.5828125 0.586328125 0.5984375 0.609375 0.5984375
19 0.6640625 0.579296875 0.646875 0.579296875 0.646875 0.603125 0.6640625 0.603125
19 0.6328125 0.58046875 0.61640625 0.58046875 0.61640625 0.6015625 0.6328125 0.6015625
19 0.6953125 0.5796875 0.678125 0.5796875 0.678125 0.60625 0.6953125 0.60625
19 0.7234375 0.579296875 0.70703125 0.579296875 0.70703125 0.603125 0.7234375 0.603125
19 0.784375 0.5800781250000002 0.7671875 0.5800781250000002 0.7671875 0.6062500000000002 0.784375 0.6062500000000002
19 0.2375000000000001 0.580078125 0.1921875000000001 0.580078125 0.1921875000000001 0.6234375 0.2375000000000001 0.6234375
19 0.2921875000000001 0.578125 0.2519531250000001 0.578125 0.2519531250000001 0.628125 0.2921875000000001 0.628125
19 0.3625000000000001 0.5875 0.3312500000000001 0.5875 0.3312500000000001 0.625 0.3625000000000001 0.625
19 0.43125 0.59296875 0.3945312500000001 0.59296875 0.3945312500000001 0.61875 0.43125 0.61875
19 0.3906250000000001 0.585546875 0.36406250000000007 0.585546875 0.36406250000000007 0.6234375 0.3906250000000001 0.6234375
19 0.465625 0.594140625 0.428125 0.594140625 0.428125 0.61875 0.465625 0.61875
19 0.4953125 0.593359375 0.458203125 0.593359375 0.458203125 0.61875 0.4953125 0.61875
19 0.3265625000000001 0.588671875 0.3000000000000001 0.588671875 0.3000000000000001 0.6234375 0.3265625000000001 0.6234375
19 0.521875 0.606640625 0.5015625 0.606640625 0.5015625 0.6234375 0.521875 0.6234375
19 0.55 0.606640625 0.5265625 0.606640625 0.5265625 0.6234375 0.55 0.6234375
19 0.584375 0.6078125 0.5546875 0.6078125 0.5546875 0.625 0.584375 0.625
19 0.6015625 0.60703125 0.588671875 0.60703125 0.588671875 0.628125 0.6015625 0.628125
19 0.634375 0.604296875 0.617578125 0.604296875 0.617578125 0.63125 0.634375 0.63125
19 0.690625 0.6046875 0.677734375 0.6046875 0.677734375 0.63359375 0.690625 0.63359375
19 0.728125 0.6109375000000001 0.703125 0.6109375 0.703125 0.628125 0.728125 0.6281250000000002
19 0.6671875 0.6125 0.6421875 0.6125 0.6421875 0.6296875 0.6671875 0.6296875
19 0.7796875 0.6066406250000002 0.767578125 0.6066406250000002 0.767578125 0.6343750000000001 0.7796875 0.6343750000000001
19 0.75 0.6109375000000001 0.734765625 0.6109375000000001 0.734765625 0.6328125000000002 0.75 0.6328125000000002