19 0.4859375 0.25664062500000007 0.413671875 0.25664062500000007 0.413671875 0.3312500000000001 0.4859375 0.3312500000000001
19 0.5546875 0.2578125000000001 0.4859375 0.2578125000000001 0.4859375 0.3312500000000001 0.5546875 0.3312500000000001
19 0.9328125 0.2609375000000001 0.8484375 0.2609375000000001 0.8484375 0.3375000000000001 0.9328125 0.3375000000000001
19 0.3515625 0.2734375 0.292578125 0.2734375 0.292578125 0.328125 0.3515625 0.328125
19 0.4125 0.27031250000000007 0.35625 0.2703125 0.35625 0.33281250000000007 0.4125 0.33281250000000007
19 0.99375 0.2750000000000001 0.936328125 0.2750000000000001 0.936328125 0.3390625000000001 0.99375 0.3390625000000001
19 0.283984375 0.288671875 0.250390625 0.288671875 0.250390625 0.3390625 0.283984375 0.3390625
19 0.7140625 0.3609375000000001 0.6625 0.3609375000000001 0.6625 0.409375 0.7140625 0.409375
19 0.60625 0.35820312500000007 0.556640625 0.35820312500000007 0.556640625 0.4109375 0.60625 0.4109375
19 0.553125 0.36015625000000007 0.500390625 0.36015625000000007 0.500390625 0.4109375 0.553125 0.4109375
19 0.659375 0.3605468750000001 0.60859375 0.3605468750000001 0.60859375 0.4109375 0.659375 0.4109375
19 0.3125000000000001 0.37734375 0.2292968750000001 0.37734375 0.2292968750000001 0.465625 0.3125000000000001 0.465625
19 0.4 0.386328125 0.3253906250000001 0.386328125 0.3253906250000001 0.4671875 0.4 0.4671875
19 0.4921875 0.39335937500000007 0.4078125 0.39335937500000007 0.4078125 0.4640625 0.4921875 0.4640625
19 0.5484375 0.413671875 0.4984375 0.413671875 0.4984375 0.4609375 0.5484375 0.4609375
19 0.65625 0.412890625 0.6078125 0.412890625 0.6078125 0.4625 0.65625 0.4625
19 0.7125 0.4125 0.662109375 0.4125 0.662109375 0.46640625 0.7125 0.46640625
19 0.60625 0.415234375 0.55546875 0.415234375 0.55546875 0.4625 0.60625 0.4625