19 0.5212418296875 0.2156862750000001 0.437908496875 0.2156862750000001 0.437908496875 0.2736928109375001 0.5212418296875 0.2736928109375001
19 0.26633986875 0.2254901953125 0.18627450937500006 0.2254901953125 0.18627450937500006 0.28349673124999997 0.26633986875 0.28349673124999997
19 0.18137254843750003 0.2271241828125 0.09803921562500002 0.2271241828125 0.09803921562500004 0.2859477125 0.18137254843750003 0.2859477125
19 0.6029411765625 0.26470588281250007 0.5228758171875 0.26470588281250007 0.5228758171875 0.3643790843750001 0.6029411765625 0.3643790843750001
19 0.5171568625 0.2745098046875001 0.43137254843750006 0.2745098046875001 0.43137254843750006 0.3602941171875001 0.5171568625 0.3602941171875001
19 0.6462418296875 0.2712418296875001 0.6111111109375 0.2712418296875001 0.6111111109375 0.3651960781250001 0.6462418296875 0.3651960781250001
19 0.349673203125 0.2826797390625 0.27777777812500004 0.2826797390625 0.27777777812500004 0.35539215625 0.349673203125 0.35539215625
19 0.16584967343750004 0.28431372499999996 0.08660130781250004 0.28431372499999996 0.08660130781250004 0.3537581703125 0.16584967343750004 0.3537581703125
19 0.257352940625 0.28431372499999996 0.17973856250000003 0.28431372499999996 0.17973856250000003 0.3537581703125 0.257352940625 0.3537581703125
19 0.689542484375 0.2745098046875001 0.6503267968750001 0.2745098046875001 0.6503267968750001 0.3660130718750001 0.689542484375 0.3660130718750001
19 0.73120915 0.2728758171875001 0.6944444437499999 0.2728758171875001 0.6944444437499999 0.3668300656250001 0.73120915 0.3668300656250001
19 0.419117646875 0.284313725 0.3513071890625 0.28431372499999996 0.3513071890625 0.3562091500000001 0.419117646875 0.3562091500000001
19 0.7745098046875001 0.2728758171875001 0.7352941171875 0.2728758171875001 0.7352941171875 0.3668300656250001 0.7745098046875001 0.3668300656250001
19 0.8161764703125 0.2745098046875001 0.7794117640625 0.2745098046875001 0.7794117640625 0.36846405156250006 0.8161764703125 0.36846405156250006
19 0.8578431375 0.2777777781250001 0.8202614374999999 0.2777777781250001 0.8202614374999999 0.37091503281250005 0.8578431375 0.37091503281250005
19 0.901960784375 0.2777777781250001 0.8627450984375 0.2777777781250001 0.8627450984375 0.37091503281250005 0.901960784375 0.37091503281250005
19 0.9444444437499999 0.2777777781250001 0.9068627453125 0.2777777781250001 0.9068627453125 0.37091503281250005 0.9444444437499999 0.37091503281250005
19 0.4223856203125 0.4052287578125 0.38562091562500006 0.4052287578125 0.38562091562500006 0.46568627500000004 0.4223856203125 0.46568627500000004
19 0.3799019609375001 0.4166666671875 0.3431372546875001 0.4166666671875 0.3431372546875001 0.46405228750000005 0.3799019609375001 0.46405228750000005
19 0.59150326875 0.43464052343750004 0.5359477125 0.43464052343750004 0.5359477125 0.5375816999999999 0.59150326875 0.5375816999999999
19 0.12173202656250004 0.44607843125 0.06045751562500005 0.44607843125 0.060457515625000055 0.5294117640625 0.12173202656250004 0.5294117640625
19 0.6552287578125 0.436274509375 0.5996732031249999 0.436274509375 0.5996732031249999 0.5383986921874999 0.6552287578125 0.5383986921874999
19 0.18872549062500005 0.44444444375 0.13071895468750006 0.44444444375 0.13071895468750006 0.528594771875 0.18872549062500005 0.528594771875
19 0.2573529406250001 0.44771241875 0.19607843125000005 0.44771241875 0.19607843125000005 0.5310457515625 0.2573529406250001 0.5310457515625
19 0.71650326875 0.437908496875 0.6633986921874999 0.437908496875 0.6633986921874999 0.5400326796875 0.71650326875 0.5400326796875
19 0.33251634062500013 0.44934640468750003 0.2712418296875001 0.44934640468750003 0.2712418296875001 0.5310457515625 0.33251634062500013 0.5310457515625
19 0.78513071875 0.43790849687500016 0.7271241828125 0.43790849687500016 0.7271241828125 0.5424836593750002 0.78513071875 0.5424836593750002
19 0.5236928109375001 0.44934640468750003 0.4787581703125 0.44934640468750003 0.4787581703125 0.5359477125 0.5236928109375001 0.5359477125
19 0.8529411765624999 0.43954248437500015 0.7973856203125 0.43954248437500015 0.7973856203125 0.5441176468750002 0.8529411765624999 0.5441176468750002
19 0.9125816999999999 0.44281045781250017 0.8594771234374999 0.44281045781250017 0.8594771234374999 0.5473856203125002 0.9125816999999999 0.5473856203125002
19 0.3774509796875001 0.4705882359375 0.3398692812500001 0.4705882359375 0.3398692812500001 0.5318627453125 0.3774509796875001 0.5318627453125
19 0.419117646875 0.47222222187499996 0.3823529406250001 0.47222222187499996 0.3823529406250001 0.53349673125 0.419117646875 0.53349673125