19 0.953125 0.15156250000000013 0.921875 0.15156250000000013 0.921875 0.19218750000000012 0.953125 0.19218750000000012
19 0.909375 0.1554687500000001 0.87890625 0.1554687500000001 0.87890625 0.1906250000000001 0.909375 0.19062500000000013
19 0.971875 0.19218750000000012 0.9296875 0.19218750000000012 0.9296875 0.22812500000000008 0.971875 0.22812500000000008
19 0.921875 0.19414062500000012 0.883203125 0.1941406250000001 0.883203125 0.22812500000000008 0.921875 0.22812500000000008
19 0.590625 0.17226562500000006 0.5265625 0.17226562500000003 0.5265625 0.2734375000000001 0.590625 0.2734375000000001
19 0.2 0.2 0.09687500000000002 0.2 0.09687500000000002 0.25625 0.2 0.25625
19 0.7796875 0.1921875000000001 0.7234375 0.1921875000000001 0.7234375 0.2718750000000001 0.7796875 0.2718750000000001
19 0.665625 0.2054687500000001 0.58671875 0.2054687500000001 0.58671875 0.2609375000000001 0.665625 0.2609375000000001
19 0.715625 0.1917968750000001 0.656640625 0.1917968750000001 0.656640625 0.2734375000000001 0.715625 0.2734375000000001
19 0.221875 0.19257812500000002 0.18125000000000005 0.192578125 0.18125000000000005 0.278125 0.221875 0.278125
19 0.878125 0.21054687500000008 0.834765625 0.21054687500000008 0.834765625 0.27031250000000007 0.878125 0.27031250000000007
19 0.8359375 0.21835937500000008 0.77578125 0.21835937500000008 0.77578125 0.26250000000000007 0.8359375 0.26250000000000007
19 0.325 0.2265625 0.264453125 0.2265625 0.264453125 0.265625 0.325 0.265625
19 0.9640625 0.2328125000000001 0.9265625 0.2328125000000001 0.9265625 0.27031250000000007 0.9640625 0.27031250000000007
19 0.91875 0.2335937500000001 0.88359375 0.2335937500000001 0.88359375 0.27031250000000007 0.91875 0.27031250000000007
19 0.8109375 0.3437500000000001 0.747265625 0.3437500000000001 0.747265625 0.44062500000000016 0.8109375 0.44062500000000016
19 0.9015625 0.3578125000000001 0.8015625 0.3578125000000001 0.8015625 0.4265625000000002 0.9015625 0.4265625000000002
19 0.6953125 0.3593750000000001 0.661328125 0.3593750000000001 0.661328125 0.44375 0.6953125 0.44375
19 0.7421875 0.38164062500000007 0.7 0.38164062500000007 0.7 0.4390625000000001 0.7421875 0.4390625000000002
19 0.5765625 0.38164062500000007 0.52109375 0.38164062500000007 0.52109375 0.4421875 0.5765625 0.4421875
19 0.653125 0.3859375000000001 0.587890625 0.3859375000000001 0.587890625 0.4421875 0.653125 0.4421875
19 0.7421875 0.5046875000000001 0.667578125 0.5046875 0.667578125 0.5906250000000001 0.7421875 0.5906250000000002
19 0.821875 0.5058593750000002 0.748828125 0.5058593750000002 0.748828125 0.5921875000000002 0.821875 0.5921875000000002