19 0.76484375 0.2468750000000001 0.6828125 0.2468750000000001 0.6828125 0.3382812500000001 0.76484375 0.3382812500000001
19 0.23046875 0.253125 0.17187500000000006 0.253125 0.17187500000000006 0.3328125 0.23046875 0.3328125
19 0.2921875 0.2515625 0.2359375 0.2515625 0.2359375 0.33359375 0.2921875 0.33359375
19 0.6796875 0.2640625000000001 0.603125 0.2640625000000001 0.603125 0.34062500000000007 0.6796875 0.34062500000000007
19 0.84140625 0.26250000000000007 0.771875 0.26250000000000007 0.771875 0.3429687500000001 0.84140625 0.3429687500000001
19 0.92265625 0.2656250000000001 0.8484375 0.2656250000000001 0.8484375 0.3421875000000001 0.92265625 0.3421875000000001
19 0.346875 0.278125 0.2984375 0.278125 0.2984375 0.334375 0.346875 0.334375
19 0.39296875 0.27812500000000007 0.3484375 0.278125 0.3484375 0.33437500000000003 0.39296875 0.3343750000000001
19 0.48984375 0.27812500000000007 0.4453125 0.27812500000000007 0.4453125 0.33671875000000007 0.48984375 0.33671875000000007
19 0.59765625 0.27812500000000007 0.546875 0.27812500000000007 0.546875 0.3382812500000001 0.59765625 0.3382812500000001
19 0.54453125 0.27812500000000007 0.49375 0.27812500000000007 0.49375 0.3382812500000001 0.54453125 0.3382812500000001
19 0.43828125 0.30156250000000007 0.3984375 0.30156250000000007 0.3984375 0.3343750000000001 0.43828125 0.3343750000000001