19 0.7515625 0.6182095125000001 0.6573555421874999 0.6182095125 0.6573555421874999 0.6703125000000001 0.7515625 0.6703125000000002
19 0.6872248421875 0.6193985859375 0.594457546875 0.6193985859375 0.594457546875 0.6681407218750001 0.6872248421875 0.6681407218750001
19 0.8734375 0.6083431609375002 0.8359375 0.6083431609375002 0.8359375 0.6885318406250002 0.8734375 0.6885318406250002
19 0.825 0.6063826656250002 0.7890625 0.6063826656250002 0.7890625 0.6889298359375002 0.825 0.6889298359375002
19 0.915625 0.6319034984375003 0.8834168625000001 0.6319034984375003 0.8834168625000001 0.6859375000000002 0.915625 0.6859375000000002
19 0.9609375 0.6326307000000002 0.9295843156249999 0.6326307000000002 0.9295843156249999 0.6890625000000001 0.9609375 0.6890625000000001
19 0.3296875000000001 0.6384827046875 0.2875000000000001 0.6384827046875 0.2875000000000001 0.696875 0.3296875000000001 0.696875
19 0.2875000000000001 0.64786261875 0.23123525937500009 0.64786261875 0.23123525937500009 0.6921875 0.2875000000000001 0.6921875
19 0.2328125000000001 0.6429785765625 0.19159296562500008 0.6429785765625 0.19159296562500008 0.696875 0.2328125000000001 0.696875
19 0.1828125000000001 0.6425904078125 0.1397798734375001 0.6425904078125 0.1397798734375001 0.6984375 0.1828125000000001 0.6984375
19 0.14062500000000008 0.650230934375 0.0848172171875001 0.650230934375 0.0848172171875001 0.69504225625 0.14062500000000008 0.69504225625
19 0.37187500000000007 0.285952240625 0.2992777125 0.285952240625 0.2992777125 0.39531250000000007 0.37187500000000007 0.39531250000000007
19 0.29531250000000003 0.2863797171875 0.228125 0.2863797171875 0.22812500000000005 0.39375 0.2953125000000001 0.39375
19 0.14995577812500005 0.302117728125 0.04854068437500003 0.302117728125 0.04854068437500004 0.3875 0.14995577812500005 0.3875
19 0.22812500000000005 0.3097729953125 0.13741646875000005 0.3097729953125 0.13741646875000005 0.3890625 0.22812500000000008 0.3890625
19 0.8764249203125001 0.3083333328125001 0.7954500796875 0.3083333328125001 0.7954500796875 0.3906250000000001 0.8764249203125001 0.3906250000000001
19 0.9546875 0.30801886718750005 0.878414896875 0.30801886718750005 0.878414896875 0.3906250000000001 0.9546875 0.3906250000000001
19 0.7875 0.3287047953125001 0.7421875 0.3287047953125001 0.7421875 0.3921875000000001 0.7875 0.3921875000000001
19 0.7375 0.33027220937500007 0.6904726796875 0.33027220937500007 0.6904726796875 0.3921875000000001 0.7375 0.3921875000000001
19 0.6828125 0.3287047953125001 0.6400943390625 0.3287047953125001 0.6400943390625 0.3921875000000001 0.6828125 0.3921875000000001
19 0.7859375 0.4706023984375001 0.6851169406250001 0.4706023984375 0.6851169406250001 0.5203125000000001 0.7859375 0.5203125000000002
19 0.5703125 0.44612323125 0.5219143078124999 0.44612323125 0.5219143078124999 0.54375 0.5703125 0.54375
19 0.634375 0.44770538593750003 0.58046875 0.44770538593750003 0.58046875 0.5453125 0.634375 0.5453125
19 0.71875 0.4743415890625 0.6195066812500001 0.4743415890625 0.6195066812500001 0.5203125 0.71875 0.5203125
19 0.30937500000000007 0.474533215625 0.2533411953125001 0.474533215625 0.2533411953125001 0.55 0.30937500000000007 0.55
19 0.2468750000000001 0.47515231875 0.19201061406250003 0.47515231875 0.19201061406250006 0.55 0.2468750000000001 0.55
19 0.18593750000000006 0.4767197328125 0.13224744531250004 0.4767197328125 0.13224744531250004 0.55 0.1859375000000001 0.55
19 0.12500000000000006 0.47671481875 0.06778694843750008 0.47671481875 0.06778694843750008 0.5515625 0.12500000000000008 0.5515625
19 0.3296875000000001 0.58363305625 0.2881043625000001 0.58363305625 0.2881043625000001 0.6375 0.3296875000000001 0.6375
19 0.2828125000000001 0.5865566046875 0.23437500000000008 0.5865566046875 0.23437500000000008 0.6375 0.2828125000000001 0.6375
19 0.18750000000000008 0.5905758640625 0.13357409531250009 0.5905758640625 0.13357409531250009 0.6359375 0.18750000000000008 0.6359375
19 0.1375000000000001 0.5952142296875 0.08406545000000007 0.5952142296875 0.08406545000000007 0.6375 0.1375000000000001 0.6375