19 0.13263665625000004 0.07073955000000001 0.056270096874999995 0.07073955 0.05627009687500001 0.2274919609375 0.13263665625000004 0.2274919609375
19 0.412379421875 0.06913183281250004 0.3135048234375 0.06913183281250004 0.3135048234375 0.24598070781250003 0.412379421875 0.2459807078125001
19 0.5160771703125 0.07717041875000005 0.421221865625 0.07717041875000005 0.421221865625 0.2451768484375001 0.5160771703125 0.2451768484375001
19 0.3038585203125 0.08520900312500004 0.23472668749999998 0.08520900312500003 0.23472668749999998 0.23874598125 0.3038585203125 0.23874598125
19 0.8046623796875 0.08038585156250008 0.7041800640625 0.08038585156250008 0.7041800640625 0.25964630156250007 0.8046623796875 0.25964630156250007
19 0.22508038593750007 0.3745980703125 0.14630225156250004 0.3745980703125 0.14630225156250004 0.4847266875 0.22508038593750007 0.4847266875
19 0.3167202578125001 0.390675240625 0.23151125468750008 0.390675240625 0.23151125468750008 0.4895498390625 0.3167202578125001 0.4895498390625
19 0.13585209062500006 0.3954983921875 0.05305466250000005 0.3954983921875 0.05305466250000006 0.4871382640625 0.13585209062500006 0.4871382640625
19 0.405948553125 0.397106109375 0.3279742765625001 0.397106109375 0.3279742765625001 0.4951768484375 0.405948553125 0.4951768484375
19 0.503215434375 0.40514469531249997 0.4163987140625 0.40514469531249997 0.4163987140625 0.4871382640625 0.503215434375 0.4871382640625
19 0.1647909968750001 0.5514469453124999 0.12057877812500009 0.5514469453124999 0.12057877812500009 0.6020900328125001 0.1647909968750001 0.6020900328125001
19 0.21543408437500008 0.5530546625 0.17202572343750008 0.5530546625 0.17202572343750008 0.605305465625 0.21543408437500008 0.605305465625
19 0.43890675312500005 0.5723472671875001 0.3906752406250001 0.5723472671875001 0.3906752406250001 0.65032154375 0.43890675312500005 0.65032154375
19 0.3303858515625001 0.573954984375 0.2781350484375001 0.573954984375 0.2781350484375001 0.65273311875 0.3303858515625001 0.65273311875
19 0.38183279687500005 0.573954984375 0.33762057812500007 0.573954984375 0.33762057812500007 0.6567524109375 0.38183279687500005 0.6567524109375
19 0.1672025718750001 0.609324759375 0.12057877812500009 0.609324759375 0.12057877812500009 0.6575562703125 0.1672025718750001 0.6575562703125
19 0.21543408437500008 0.6109324765624999 0.17363344062500008 0.6109324765624999 0.17363344062500008 0.6551446953125 0.21543408437500008 0.6551446953125