19 0.496875 0.2722294312500001 0.44296875 0.2722294312500001 0.44296875 0.34062500000000007 0.496875 0.34062500000000007
19 0.5796875 0.28084564687500013 0.5162415124999999 0.28084564687500013 0.5162415124999999 0.33281250000000007 0.5796875 0.33281250000000007
19 0.16093750000000004 0.28086311875000003 0.09308606406250004 0.28086311875000003 0.09308606406250004 0.334375 0.16093750000000004 0.334375
19 0.4265625 0.27777805468750005 0.3731155140625 0.27777805468750005 0.3731155140625 0.3375000000000001 0.4265625 0.3375000000000001
19 0.36241763125 0.2814372 0.29851986875000003 0.2814372 0.29851986875000003 0.334375 0.36241763125 0.334375
19 0.290625 0.27587360312500003 0.2375074875 0.27587360312500003 0.2375074875 0.340625 0.290625 0.340625
19 0.22809504687499998 0.2829997 0.15940495312500005 0.2829997 0.15940495312500005 0.3359375 0.22809504687499998 0.3359375
19 0.08281250000000004 0.2765625 0.026562500000000034 0.2765625 0.026562500000000037 0.3421875 0.08281250000000004 0.3421875
19 0.28593750000000007 0.388443490625 0.2431259984375001 0.388443490625 0.2431259984375001 0.421875 0.28593750000000007 0.421875
19 0.17500000000000004 0.390075878125 0.13726288125000002 0.390075878125 0.13726288125000002 0.4234375 0.17500000000000004 0.4234375
19 0.22812500000000008 0.3846595453125 0.19478833906250004 0.3846595453125 0.19478833906250004 0.428125 0.22812500000000008 0.428125
19 0.11875000000000005 0.3889751390625 0.09379243125000004 0.3889751390625 0.09379243125000004 0.4359375 0.11875000000000005 0.4359375
19 0.07343750000000004 0.39160842812499996 0.04843750000000004 0.39160842812499996 0.04843750000000005 0.434375 0.07343750000000004 0.434375
19 0.5421875 0.5589332078125 0.47684205156250004 0.5589332078125 0.47684205156250004 0.61875 0.5421875 0.61875
19 0.4776083265625 0.5578948687499999 0.4177041734375 0.5578948687499999 0.4177041734375 0.6203125 0.4776083265625 0.6203125
19 0.8953125 0.5642621812500002 0.85050419375 0.5642621812500002 0.85050419375 0.6250000000000002 0.8953125 0.6250000000000002
19 0.4078125 0.5813099046875 0.3741863015625001 0.5813099046875 0.3741863015625001 0.6171875 0.4078125 0.6171875
19 0.3656250000000001 0.5832792515625 0.3293480421875001 0.5832792515625 0.3293480421875001 0.61875 0.3656250000000001 0.61875
19 0.2765625000000001 0.5829422921875 0.24184055625000006 0.5829422921875 0.24184055625000006 0.61875 0.2765625000000001 0.61875
19 0.3187500000000001 0.5846196078125 0.2840879593750001 0.5846196078125 0.2840879593750001 0.6171875 0.3187500000000001 0.6171875