19 0.95 0.3568229171875001 0.9198958328125 0.3568229171875001 0.9198958328125 0.3859375000000001 0.95 0.3859375000000001
19 0.9092708343749999 0.3566666671875001 0.8784375000000001 0.3566666671875001 0.8784375000000001 0.3906250000000001 0.9092708343749999 0.3906250000000001
19 0.8703125 0.3583333328125001 0.84140625 0.3583333328125001 0.84140625 0.3859375000000001 0.8703125 0.3859375000000001
19 0.8482291656250001 0.3734375000000001 0.804895834375 0.3734375000000001 0.804895834375 0.42968750000000017 0.8482291656250001 0.42968750000000017
19 0.7921875 0.37526041562500007 0.7515625 0.37526041562500007 0.7515625 0.4281250000000002 0.7921875 0.4281250000000002
19 0.9859375 0.3893750000000001 0.9486458328125 0.3893750000000001 0.9486458328125 0.4265625000000002 0.9859375 0.4265625000000002
19 0.9375 0.3922395828125001 0.9 0.3922395828125001 0.9 0.4265625000000002 0.9375 0.4265625000000002
19 0.890625 0.39109375000000013 0.8552604171875 0.39109375000000013 0.8552604171875 0.4265625000000002 0.890625 0.4265625000000002
19 0.9390625 0.4706250000000002 0.8910937499999999 0.4706250000000002 0.8910937499999999 0.5234375000000002 0.9390625 0.5234375000000002
19 0.9984375 0.4736979171875002 0.9531770843749999 0.4736979171875002 0.9531770843749999 0.5218750000000002 0.9984375 0.5218750000000002
19 0.86875 0.46875000000000017 0.821875 0.46875000000000017 0.821875 0.5250000000000001 0.86875 0.5250000000000001
19 0.8109375 0.47531250000000014 0.7555208328125 0.47531250000000014 0.7555208328125 0.5218750000000002 0.8109375 0.5218750000000002
19 0.7453125 0.4765625000000001 0.69375 0.4765625 0.69375 0.5218750000000001 0.7453125 0.5218750000000002
19 0.678125 0.4765625 0.626875 0.4765625 0.626875 0.521875 0.678125 0.521875
19 0.6171875 0.4765625 0.5667187499999999 0.4765625 0.5667187499999999 0.521875 0.6171875 0.521875
19 0.49052083281250003 0.4765625 0.43135416718749997 0.4765625 0.43135416718749997 0.5234375 0.49052083281250003 0.5234375
19 0.55 0.4765625 0.49874999999999997 0.4765625 0.49874999999999997 0.521875 0.55 0.521875
19 0.63125 0.5484375 0.5553645828125 0.5484375 0.5553645828125 0.6046875 0.63125 0.6046875
19 0.7875 0.5496875000000001 0.7130208328125 0.5496875 0.7130208328125 0.6015625000000001 0.7875 0.6015625000000002
19 0.7109375 0.5553645828125 0.6339583328125 0.5553645828125 0.6339583328125 0.60625 0.7109375 0.60625
19 0.846875 0.5489583328125002 0.8078125 0.5489583328125002 0.8078125 0.6171875000000002 0.846875 0.6171875000000002
19 0.9933333328125 0.5643750000000002 0.9316666671875 0.5643750000000002 0.9316666671875 0.6015625000000002 0.9933333328125 0.6015625000000002
19 0.9265625 0.5635937500000001 0.864010415625 0.5635937500000001 0.864010415625 0.6015625000000002 0.9265625 0.6015625000000002
19 0.975 0.6282291656250002 0.9047916671875 0.6282291656250002 0.9047916671875 0.6796875000000002 0.975 0.6796875000000002
19 0.8280729156250001 0.6235937500000002 0.754739584375 0.6235937500000002 0.754739584375 0.6796875000000002 0.8280729156250001 0.6796875000000002
19 0.8984375 0.6250000000000002 0.8296875 0.6250000000000002 0.8296875 0.6796875000000002 0.8984375 0.6796875000000002
19 0.665625 0.6174999999999999 0.609375 0.6174999999999999 0.609375 0.6890625 0.665625 0.6890625
19 0.7421875 0.6151562500000001 0.686041665625 0.61515625 0.686041665625 0.690625 0.7421875 0.6906250000000002