19 0.798234578125 0.03459821406250009 0.767390421875 0.03459821406250009 0.767390421875 0.10468750000000009 0.798234578125 0.10468750000000009
19 0.759375 0.03398944843750009 0.7303672890625 0.03398944843750009 0.7303672890625 0.10468750000000009 0.759375 0.10468750000000009
19 0.71875 0.03419237031250009 0.690046671875 0.03419237031250009 0.690046671875 0.10468750000000009 0.71875 0.10468750000000009
19 0.6828125 0.03575487031250008 0.6561079546874999 0.035754870312500076 0.6561079546874999 0.1062500000000001 0.6828125 0.1062500000000001
19 0.6873173703125001 0.2016944000000001 0.6345576296875 0.2016944000000001 0.6345576296875 0.2765625000000001 0.6873173703125001 0.2765625000000001
19 0.6375 0.21280438281250008 0.575629059375 0.21280438281250008 0.575629059375 0.2590706171875001 0.6375 0.2590706171875001
19 0.575 0.2062500000000001 0.5295860390625 0.2062500000000001 0.5295860390625 0.2687500000000001 0.575 0.2687500000000001
19 0.975 0.3201907468750001 0.9076907468750001 0.3201907468750001 0.9076907468750001 0.38750000000000007 0.975 0.38750000000000007
19 0.9015625 0.31831371718750007 0.8348924500000001 0.31831371718750007 0.8348924500000001 0.3843750000000001 0.9015625 0.3843750000000001
19 0.828125 0.3203125000000001 0.7601663953125 0.3203125000000001 0.7601663953125 0.3874695625000001 0.828125 0.3874695625000001
19 0.753125 0.3234375000000001 0.6901887171875 0.3234375000000001 0.6901887171875 0.3890625000000001 0.753125 0.3890625000000001
19 0.290625 0.33458806874999997 0.234375 0.33458806874999997 0.23437500000000006 0.384375 0.2906250000000001 0.384375
19 0.36681209375 0.33281250000000007 0.30350040625 0.3328125 0.3035004062500001 0.39062500000000006 0.36681209375000007 0.3906250000000001
19 0.434375 0.3307325484375001 0.377729303125 0.3307325484375001 0.3777293031250001 0.3937500000000001 0.434375 0.3937500000000001
19 0.22656250000000006 0.3328125 0.16718750000000004 0.3328125 0.16718750000000004 0.39375 0.22656250000000008 0.39375
19 0.55 0.3414772718750001 0.499584009375 0.3414772718750001 0.499584009375 0.38750000000000007 0.55 0.38750000000000007
19 0.16406250000000006 0.3367796265625 0.10382508125000005 0.3367796265625 0.10382508125000005 0.396875 0.16406250000000006 0.396875
19 0.4953125 0.34096996718750006 0.444328328125 0.34096996718750006 0.444328328125 0.3906250000000001 0.4953125 0.3906250000000001
19 0.68125 0.3440543828125001 0.6219054374999999 0.3440543828125001 0.6219054374999999 0.3903206171875001 0.68125 0.3903206171875001
19 0.6078125 0.3375913140625001 0.562195615625 0.3375913140625001 0.562195615625 0.3968750000000001 0.6078125 0.3968750000000001
19 0.8734375 0.5812500000000002 0.81875 0.5812500000000002 0.81875 0.6296875000000002 0.8734375 0.6296875000000002
19 0.68125 0.5858056015625001 0.644724025 0.5858056015625001 0.644724025 0.6296875 0.68125 0.6296875
19 0.9515625 0.5812500000000002 0.8918120921874999 0.5812500000000002 0.8918120921874999 0.6312500000000002 0.9515625 0.6312500000000002
19 0.7671875 0.5845576296875001 0.7359375 0.5845576296875001 0.7359375 0.6312500000000002 0.7671875 0.6312500000000002
19 0.64375 0.5914062515625 0.6000101453125 0.5914062515625 0.6000101453125 0.6234375 0.64375 0.6234375
19 0.71875 0.587865259375 0.68816964375 0.587865259375 0.68816964375 0.63125 0.71875 0.63125
19 0.8140625 0.5916700484375002 0.7709009734375 0.5916700484375002 0.7709009734375 0.6265625000000001 0.8140625 0.6265625000000001
19 0.675 0.66414366875 0.64948255 0.66414366875 0.64948255 0.7 0.675 0.7
19 0.7171875 0.6689123375 0.68203125 0.6689123375 0.68203125 0.6953125 0.7171875 0.6953125
19 0.759375 0.6667613640625001 0.7222199671875 0.6667613640625001 0.7222199671875 0.6968750000000001 0.759375 0.6968750000000001
19 0.7984375 0.6688311687500001 0.764427759375 0.6688311687500001 0.764427759375 0.6964285718750002 0.7984375 0.6964285718750002
19 0.896875 0.6985389609375001 0.875588475 0.6985389609375001 0.875588475 0.7293831171875003 0.896875 0.7293831171875003
19 0.834375 0.7021002421875002 0.8114346578125 0.7021002421875002 0.8114346578125 0.7265625000000002 0.834375 0.7265625000000002
19 0.86875 0.7028003250000002 0.8396814125000001 0.7028003250000002 0.8396814125000001 0.7265625000000002 0.86875 0.7265625000000002
19 0.9375 0.6984679375000001 0.9171875 0.6984679375000001 0.9171875 0.7343750000000002 0.9375 0.7343750000000002
19 0.6890625000000001 0.7269480515625 0.6480012171875001 0.7269480515625 0.6480012171875001 0.7578125 0.6890625000000001 0.7578125
19 0.7265625000000001 0.721875 0.6934862015625 0.721875 0.6934862015625001 0.7656250000000001 0.7265625000000002 0.7656250000000002
19 0.7728794640625002 0.7297991078125002 0.7312500000000002 0.7297991078125002 0.7312500000000002 0.7625000000000002 0.7728794640625002 0.7625000000000002
19 0.815625 0.7312500000000002 0.7758522718750002 0.7312500000000002 0.7758522718750002 0.7625000000000002 0.815625 0.7625000000000002
19 0.9217329546874999 0.7421367703125001 0.8876420453125 0.7421367703125001 0.8876420453125 0.7640625000000002 0.9217329546874999 0.7640625000000002
19 0.8515625 0.7436992703125002 0.8203125 0.7436992703125002 0.8203125 0.7656250000000002 0.8515625 0.7656250000000002
19 0.8824370953124999 0.7437500000000001 0.8540280031249999 0.7437500000000001 0.8540280031249999 0.7656250000000002 0.8824370953124999 0.7656250000000002
19 0.9515625 0.7404119312500002 0.9299512999999999 0.7404119312500002 0.9299512999999999 0.7718750000000002 0.9515625 0.7718750000000002