19 0.731132075 0.5974842765625 0.67767295625 0.5974842765624999 0.67767295625 0.6918239 0.731132075 0.6918239000000002
19 0.6650943390624999 0.5974842765624999 0.6163522015625 0.5974842765624999 0.6163522015625 0.690251571875 0.6650943390624999 0.690251571875
19 0.8742138359375 0.6084905656250001 0.8364779875 0.6084905656250001 0.8364779875 0.6886792453125002 0.8742138359375 0.6886792453125002
19 0.8254716984374999 0.6069182390625002 0.7893081765625001 0.6069182390625002 0.7893081765625001 0.6894654093750001 0.8254716984374999 0.6894654093750001
19 0.9174528296875 0.6320754718750001 0.8836477984375 0.6320754718750001 0.8836477984375 0.6878930812500001 0.9174528296875 0.6878930812500001
19 0.9622641515625 0.6320754718750001 0.9292452828125001 0.6320754718750001 0.9292452828125001 0.6902515718750002 0.9622641515625 0.6902515718750002
19 0.3301886796875001 0.6383647796874999 0.2877358484375001 0.6383647796874999 0.2877358484375001 0.6988993703124999 0.3301886796875001 0.6988993703124999
19 0.28223270468750006 0.641509434375 0.2374213843750001 0.641509434375 0.2374213843750001 0.699685534375 0.28223270468750006 0.699685534375
19 0.23427672968750007 0.6430817609374999 0.1918239000000001 0.6430817609374999 0.1918239000000001 0.6988993703124999 0.23427672968750007 0.6988993703124999
19 0.18474842812500009 0.6430817609374999 0.13993710625000008 0.6430817609374999 0.13993710625000008 0.699685534375 0.18474842812500009 0.699685534375
19 0.1360062890625001 0.6446540875 0.09119496875000009 0.6446540875 0.09119496875000009 0.7012578609375 0.1360062890625001 0.7012578609375
19 0.37264150937500007 0.28616352187500005 0.29874213906249997 0.286163521875 0.2987421390625 0.39622641562500005 0.37264150937500007 0.39622641562500005
19 0.29559748437500005 0.286163521875 0.22798742187499998 0.286163521875 0.22798742187500004 0.39465408750000003 0.2955974843750001 0.39465408750000003
19 0.14229559687500004 0.2940251578125 0.056603773437500046 0.2940251578125 0.056603773437500046 0.3954402515625 0.14229559687500004 0.3954402515625
19 0.22327044062500004 0.30345911875 0.14308176093750005 0.30345911875 0.14308176093750005 0.3954402515625 0.22327044062500007 0.3954402515625
19 0.8765723265625001 0.3081761000000001 0.795597484375 0.3081761000000001 0.795597484375 0.3915094343750001 0.8765723265625001 0.3915094343750001
19 0.9559748421875 0.3081761000000001 0.8789308171875 0.3081761000000001 0.8789308171875 0.3915094343750001 0.9559748421875 0.3915094343750001
19 0.7877358484375 0.32861635156250013 0.7421383640625 0.32861635156250013 0.7421383640625 0.3930817609375001 0.7877358484375 0.3930817609375001
19 0.7389937109375 0.3301886796875001 0.690251571875 0.3301886796875001 0.690251571875 0.3930817609375001 0.7389937109375 0.3930817609375001
19 0.684748428125 0.32861635156250013 0.63993710625 0.32861635156250013 0.63993710625 0.3930817609375001 0.684748428125 0.3930817609375001
19 0.761792453125 0.4449685531250001 0.7106918234374999 0.444968553125 0.7106918234374999 0.5463836484375001 0.761792453125 0.5463836484375002
19 0.57154088125 0.44654088124999997 0.522012578125 0.44654088124999997 0.522012578125 0.5448113203125 0.57154088125 0.5448113203125
19 0.6344339625 0.4481132078125 0.5801886796875 0.4481132078125 0.5801886796875 0.5463836484375 0.6344339625 0.5463836484375
19 0.6933962265625 0.4481132078125 0.6462264156249999 0.4481132078125 0.6462264156249999 0.5487421390625 0.6933962265625 0.5487421390625
19 0.3097484281250001 0.47484276718749996 0.2531446546875001 0.47484276718749996 0.2531446546875001 0.5511006296875001 0.3097484281250001 0.5511006296875001
19 0.24842767343750008 0.47484276718749996 0.19182390000000005 0.47484276718749996 0.19182390000000007 0.5511006296875001 0.24842767343750008 0.5511006296875001
19 0.18789308125000007 0.47641509375 0.13207547187500004 0.47641509375 0.13207547187500007 0.5511006296875001 0.1878930812500001 0.5511006296875001
19 0.12578616406250007 0.47641509375 0.06761006250000007 0.47641509375 0.06761006250000007 0.55267295625 0.1257861640625001 0.55267295625
19 0.3301886796875001 0.5833333328125 0.2877358484375001 0.5833333328125 0.2877358484375001 0.6375786156250001 0.3301886796875001 0.6375786156250001
19 0.2830188671875001 0.5864779875 0.23427672968750007 0.5864779875 0.23427672968750007 0.6383647796874999 0.2830188671875001 0.6383647796874999
19 0.1839622640625001 0.5864779875 0.13679245312500007 0.5864779875 0.13679245312500007 0.6407232703125 0.1839622640625001 0.6407232703125
19 0.13207547187500007 0.5896226421875 0.08962264218750007 0.5896226421875 0.08962264218750007 0.6430817609374999 0.13207547187500007 0.6430817609374999