19 0.3359375 0.06640625000000003 0.23671875 0.06640625000000003 0.23671875 0.13281250000000006 0.3359375 0.13281250000000006
19 0.40625 0.07109375000000004 0.312109375 0.07109375000000004 0.312109375 0.13750000000000004 0.40625 0.13750000000000004
19 0.28593750000000007 0.53125 0.21679687500000008 0.53125 0.21679687500000008 0.603125 0.28593750000000007 0.603125
19 0.2156250000000001 0.54921875 0.16015625000000008 0.54921875 0.16015625000000008 0.6 0.2156250000000001 0.6
19 0.15781250000000008 0.562109375 0.11093750000000009 0.562109375 0.11093750000000009 0.6015625 0.15781250000000008 0.6015625
19 0.1062500000000001 0.5640625 0.06250000000000007 0.5640625 0.06250000000000007 0.6015625 0.1062500000000001 0.6015625
19 0.728125 0.5671875000000001 0.680859375 0.5671875 0.680859375 0.6117187500000001 0.728125 0.6117187500000002
19 0.7984375 0.5562500000000001 0.734375 0.5562500000000001 0.734375 0.6156250000000002 0.7984375 0.6156250000000002
19 0.6765625 0.5640625 0.628515625 0.5640625 0.628515625 0.6125 0.6765625 0.6125
19 0.543359375 0.633984375 0.483203125 0.633984375 0.483203125 0.7046875 0.543359375 0.7046875
19 0.6328125 0.640625 0.558203125 0.640625 0.558203125 0.7 0.6328125 0.7
19 0.121875 0.04062500000000001 0.014062500000000006 0.040625 0.014062500000000009 0.1046875 0.121875 0.1046875
19 0.21875000000000008 0.63671875 0.1511718750000001 0.63671875 0.1511718750000001 0.715625 0.21875000000000008 0.715625
19 0.14062500000000008 0.6453125 0.057812500000000086 0.6453125 0.057812500000000086 0.709375 0.14062500000000008 0.709375