19 0.640625 0.615625 0.615625 0.615625 0.615625 0.65 0.640625 0.65
19 0.534375 0.619140625 0.50078125 0.619140625 0.50078125 0.6453125 0.534375 0.6453125
19 0.58984375 0.619921875 0.55625 0.619921875 0.55625 0.64375 0.58984375 0.64375
19 0.6171875 0.620703125 0.584765625 0.620703125 0.584765625 0.64375 0.6171875 0.64375
19 0.7 0.621484375 0.66796875 0.621484375 0.66796875 0.6453125 0.7 0.6453125
19 0.563671875 0.619921875 0.528515625 0.619921875 0.528515625 0.64375 0.563671875 0.64375
19 0.6671875 0.613671875 0.643359375 0.613671875 0.643359375 0.6484375 0.6671875 0.6484375
19 0.778125 0.6156250000000002 0.75625 0.6156250000000002 0.75625 0.6500000000000001 0.778125 0.6500000000000001
19 0.7234375 0.613671875 0.701171875 0.613671875 0.701171875 0.6484375 0.7234375 0.6484375
19 0.7578125 0.6214843750000001 0.7234375 0.621484375 0.7234375 0.64375 0.7578125 0.6437500000000002
19 0.8046875 0.6171875000000002 0.784375 0.6171875000000002 0.784375 0.6500000000000001 0.8046875 0.6500000000000001
19 0.8515625 0.6296875000000002 0.830859375 0.6296875000000002 0.830859375 0.6468750000000002 0.8515625 0.6468750000000002
19 0.828125 0.6281250000000002 0.811328125 0.6281250000000002 0.811328125 0.6500000000000001 0.828125 0.6500000000000001
19 0.875 0.6281250000000002 0.856640625 0.6281250000000002 0.856640625 0.6500000000000001 0.875 0.6500000000000001
19 0.921875 0.6300781250000002 0.9046875 0.6300781250000002 0.9046875 0.6484375000000002 0.921875 0.6484375000000002
19 0.903125 0.6312500000000002 0.8828125 0.6312500000000002 0.8828125 0.6515625000000002 0.903125 0.6515625000000002
19 0.7359375 0.6703125000000001 0.6953125 0.6703125 0.6953125 0.7250000000000001 0.7359375 0.7250000000000002
19 0.7828125 0.6722656250000002 0.734375 0.6722656250000002 0.734375 0.7250000000000002 0.7828125 0.7250000000000002
19 0.825 0.6734375000000001 0.7828125 0.6734375000000001 0.7828125000000001 0.7265625000000002 0.825 0.7265625000000002
19 0.6921875000000001 0.6734375 0.648046875 0.6734375 0.6480468750000001 0.7265625 0.6921875000000002 0.7265625
19 0.915625 0.6777343750000002 0.86328125 0.6777343750000002 0.86328125 0.7187500000000002 0.915625 0.7187500000000002
19 0.8734375 0.6796875000000002 0.820703125 0.6796875000000002 0.820703125 0.7234375000000002 0.8734375 0.7234375000000002
19 0.646875 0.6796875 0.602734375 0.6796875 0.602734375 0.7234375 0.646875 0.7234375
19 0.5984375 0.6765625 0.556640625 0.6765625 0.556640625 0.725 0.5984375 0.725
19 0.55625 0.67890625 0.509765625 0.67890625 0.509765625 0.7234375 0.55625 0.7234375
19 0.6859375000000002 0.75 0.6417968750000002 0.75 0.6417968750000002 0.7953125 0.6859375000000002 0.7953125
19 0.7343750000000002 0.7515625000000001 0.6859375000000002 0.7515625 0.6859375000000002 0.7937500000000001 0.7343750000000002 0.7937500000000002
19 0.7750000000000001 0.7531250000000002 0.7296875000000002 0.7531250000000002 0.7296875000000002 0.7953125000000002 0.7750000000000001 0.7953125000000002
19 0.9140625 0.7531250000000002 0.871875 0.7531250000000002 0.871875 0.7953125000000002 0.9140625 0.7953125000000002
19 0.5968750000000002 0.753125 0.5531250000000002 0.753125 0.5531250000000002 0.7984375 0.5968750000000002 0.7984375
19 0.8203125 0.7515625000000001 0.7785156250000002 0.7515625000000001 0.7785156250000002 0.8 0.8203125 0.8
19 0.871875 0.7546875000000002 0.8296875 0.7546875000000002 0.8296875 0.7968750000000002 0.871875 0.7968750000000002
19 0.6421875000000001 0.75625 0.5996093750000002 0.75625 0.5996093750000002 0.7984375 0.6421875000000001 0.7984375
19 0.5515625000000002 0.765625 0.5093750000000001 0.765625 0.5093750000000001 0.7984375 0.5515625000000002 0.7984375
19 0.7234375000000002 0.842578125 0.6902343750000002 0.842578125 0.6902343750000002 0.875 0.7234375000000002 0.875
19 0.6121093750000002 0.843359375 0.5769531250000002 0.843359375 0.5769531250000002 0.8765625 0.6121093750000002 0.8765625
19 0.6875000000000002 0.84296875 0.6519531250000001 0.84296875 0.6519531250000001 0.8765625 0.6875000000000002 0.8765625
19 0.5765625000000002 0.84609375 0.5414062500000002 0.84609375 0.5414062500000002 0.8765625 0.5765625000000002 0.8765625
19 0.6484375000000002 0.844140625 0.6144531250000002 0.844140625 0.6144531250000002 0.878125 0.6484375000000002 0.878125
19 0.7500000000000002 0.853125 0.7207031250000002 0.853125 0.7207031250000002 0.8703125 0.7500000000000002 0.8703125
19 0.5375000000000002 0.8453125 0.5066406250000002 0.8453125 0.5066406250000002 0.8796875 0.5375000000000002 0.8796875
19 0.7703125000000002 0.8484375 0.7472656250000002 0.8484375 0.7472656250000002 0.878125 0.7703125000000002 0.878125
19 0.826171875 0.851171875 0.7972656250000002 0.851171875 0.7972656250000002 0.875 0.826171875 0.875
19 0.8546875 0.8515625 0.826171875 0.8515625 0.826171875 0.87421875 0.8546875 0.87421875
19 0.8796875 0.8484375 0.855859375 0.8484375 0.855859375 0.88125 0.8796875 0.88125
19 0.90625 0.8484375 0.884375 0.8484375 0.884375 0.88125 0.90625 0.88125
19 0.7984375000000001 0.850390625 0.7769531250000001 0.850390625 0.7769531250000001 0.8765625 0.7984375000000001 0.8765625
19 0.5859375 0.499609375 0.551171875 0.499609375 0.551171875 0.5578125 0.5859375 0.5578125
19 0.5546875 0.509765625 0.4953125 0.509765625 0.4953125 0.546875 0.5546875 0.546875
19 0.6796875 0.511328125 0.621875 0.511328125 0.621875 0.546875 0.6796875 0.546875
19 0.625 0.5 0.590625 0.5 0.590625 0.559375 0.625 0.559375
19 0.8171875 0.6031250000000001 0.803125 0.6031250000000001 0.803125 0.6203125000000002 0.8171875 0.6203125000000002
19 0.8453125 0.6015625000000002 0.8234375 0.6015625000000002 0.8234375 0.6234375000000002 0.8453125 0.6234375000000002
19 0.865625 0.6031250000000001 0.8484375 0.6031250000000001 0.8484375 0.6234375000000002 0.865625 0.6234375000000002
19 0.9078125 0.6050781250000001 0.891015625 0.6050781250000001 0.891015625 0.6218750000000002 0.9078125 0.6218750000000002
19 0.8875 0.6046875000000002 0.8703125 0.6046875000000002 0.8703125 0.6218750000000002 0.8875 0.6218750000000002