19 0.5234375 0.34062500000000007 0.446251065625 0.34062500000000007 0.446251065625 0.41875 0.5234375 0.41875
19 0.696875 0.3445765781250001 0.6199178765625 0.3445765781250001 0.6199178765625 0.41875 0.696875 0.41875
19 0.6125 0.34477122500000007 0.5329084890625 0.34477122500000007 0.5329084890625 0.4203125 0.6125 0.4203125
19 0.771875 0.36406250000000007 0.70625 0.36406250000000007 0.70625 0.4234375000000001 0.771875 0.4234375000000002
19 0.8513891859375 0.3655210109375001 0.781423315625 0.3655210109375001 0.781423315625 0.42187500000000017 0.8513891859375 0.42187500000000017
19 0.9234375 0.35954831562500006 0.865625 0.35954831562500006 0.865625 0.4312500000000002 0.9234375 0.4312500000000002
19 0.02031250000000006 0.44375 5.43437017121638e-17 0.44375 5.922315380251653e-17 0.5234375 0.020312500000000067 0.5234375
19 0.09062500000000007 0.459047034375 0.027221096875000055 0.459047034375 0.027221096875000062 0.51875 0.09062500000000007 0.51875
19 0.3546875000000001 0.4609375 0.2970856453125001 0.4609375 0.2970856453125001 0.521875 0.3546875000000001 0.521875
19 0.15937500000000004 0.46111614687499997 0.09733628437500007 0.46111614687499997 0.09733628437500007 0.5203125 0.15937500000000004 0.5203125
19 0.2218750000000001 0.46267597968749996 0.16205471406250005 0.46267597968749996 0.16205471406250005 0.51875 0.2218750000000001 0.51875
19 0.2875000000000001 0.46038555781249996 0.22896224375000007 0.46038555781249996 0.22896224375000007 0.5203125 0.2875000000000001 0.5203125
19 0.41875 0.4629719484375 0.3595803109375001 0.4629719484375 0.3595803109375001 0.5171875 0.41875 0.5171875
19 0.5265625 0.4776770484375 0.4803754265625 0.4776770484375 0.4803754265625 0.5203125 0.5265625 0.5203125
19 0.471875 0.4796875 0.4301914453125 0.4796875 0.4301914453125 0.5234375 0.471875 0.5234375
19 0.575 0.48223389531249994 0.5305060796875 0.48223389531249994 0.5305060796875 0.5234375 0.575 0.5234375
19 0.871875 0.4787676000000002 0.8274344062500001 0.4787676000000002 0.8274344062500001 0.5265625000000002 0.871875 0.5265625000000002
19 0.7609375 0.48209257656250004 0.7182913828124999 0.4820925765625 0.7182913828124999 0.5250000000000001 0.7609375 0.5250000000000001
19 0.815625 0.48056740625000016 0.7697632234375 0.48056740625000016 0.7697632234375 0.5234375000000002 0.815625 0.5234375000000002
19 0.6139905078125001 0.4902863703125 0.587539996875 0.4902863703125 0.587539996875 0.528125 0.6139905078125001 0.528125
19 0.66875 0.49624306875 0.628125 0.49624306875 0.628125 0.521875 0.66875 0.521875
19 0.7171875 0.49624306875 0.6769891218749999 0.49624306875 0.6769891218749999 0.521875 0.7171875 0.521875
19 0.03437500000000007 0.5646757671875 0.0003039671875000691 0.5646757671875 0.0003039671875000733 0.6328125 0.03437500000000008 0.6328125
19 0.1984375000000001 0.5682353875 0.1329884812500001 0.5682353875 0.1329884812500001 0.6375 0.1984375000000001 0.6375
19 0.2875000000000001 0.560265571875 0.2048448156250001 0.560265571875 0.2048448156250001 0.6375 0.2875000000000001 0.6375
19 0.11875000000000009 0.5703125 0.04811220156250007 0.5703125 0.048112201562500075 0.6359375 0.11875000000000009 0.6359375
19 0.3671635031250001 0.561249465625 0.2843989968750001 0.561249465625 0.2843989968750001 0.637188034375 0.3671635031250001 0.637188034375
19 0.440625 0.565625 0.3782476531250001 0.565625 0.3782476531250001 0.64375 0.440625 0.64375
19 0.7578125 0.5768131390625001 0.6843323375 0.5768131390625 0.6843323375 0.6343750000000001 0.7578125 0.6343750000000001
19 0.6765625 0.576741146875 0.6059247015625 0.576741146875 0.6059247015625 0.637321353125 0.6765625 0.637321353125
19 0.5171875 0.5685580203125 0.457388546875 0.5685580203125 0.457388546875 0.6453125 0.5171875 0.6453125
19 0.5921875 0.5724509390625 0.537665315625 0.5724509390625 0.537665315625 0.64375 0.5921875 0.64375
19 0.828125 0.5832497875000001 0.7758905734375 0.5832497875000001 0.7758905734375 0.6500000000000001 0.828125 0.6500000000000001
19 0.9171875 0.5922994875000002 0.8465497015624999 0.5922994875000002 0.8465497015624999 0.6437500000000002 0.9171875 0.6437500000000002