19 0.723039215625 0.3496732031250001 0.686274509375 0.3496732031250001 0.686274509375 0.40849673124999997 0.723039215625 0.40849673124999997
19 0.6821895421875 0.3496732031250001 0.6454248359375 0.3496732031250001 0.6454248359375 0.4076797390625 0.6821895421875 0.4076797390625
19 0.6004901953124999 0.3496732031250001 0.5653594765625 0.3496732031250001 0.5653594765625 0.4076797390625 0.6004901953124999 0.4076797390625
19 0.560457515625 0.3513071890625001 0.526143790625 0.3513071890625001 0.526143790625 0.4076797390625 0.560457515625 0.4076797390625
19 0.5228758171875 0.35294117656250007 0.490196078125 0.35294117656250007 0.490196078125 0.4060457515625 0.5228758171875 0.4060457515625
19 0.64133986875 0.3513071890625001 0.6045751640625 0.3513071890625001 0.6045751640625 0.4076797390625 0.64133986875 0.4076797390625
19 0.7622549015625 0.35294117656250007 0.7254901953124999 0.35294117656250007 0.7254901953124999 0.40686274531250016 0.7622549015625 0.40686274531250016
19 0.6846405234375 0.5032679734375 0.6568627453125 0.5032679734375 0.6568627453125 0.5702614374999999 0.6846405234375 0.5702614374999999
19 0.6568627453125 0.5049019609375 0.6307189546874999 0.5049019609375 0.6307189546874999 0.5678104578125 0.6568627453125 0.5678104578125
19 0.830065359375 0.5032679734375002 0.8022875812500001 0.5032679734375002 0.8022875812500001 0.5686274515625002 0.830065359375 0.5686274515625002
19 0.7140522875 0.5032679734375 0.686274509375 0.5032679734375 0.686274509375 0.5669934640625 0.7140522875 0.5669934640625
19 0.7712418296875 0.5032679734375002 0.7450980390625 0.5032679734375002 0.7450980390625 0.5669934640625002 0.7712418296875 0.5669934640625002
19 0.8006535953125 0.5032679734375002 0.7728758171875 0.5032679734375002 0.7728758171875 0.5686274515625002 0.8006535953125 0.5686274515625002
19 0.741830065625 0.5032679734375001 0.715686275 0.5032679734375 0.715686275 0.5669934640625001 0.741830065625 0.5669934640625002
19 0.7009803921875001 0.6372549015625 0.651960784375 0.6372549015625 0.6519607843750002 0.7426470593750001 0.7009803921875002 0.7426470593750001
19 0.7500000000000001 0.6372549015625001 0.7009803921875 0.6372549015625 0.7009803921875001 0.7467320265625002 0.7500000000000002 0.7467320265625002
19 0.8039215687500001 0.6372549015625002 0.7532679734375 0.6372549015625002 0.7532679734375001 0.7491830062500002 0.8039215687500001 0.7491830062500002
19 0.8578431375 0.6437908500000001 0.8071895421875 0.6437908500000001 0.8071895421875 0.7483660125000002 0.8578431375 0.7483660125000002
19 0.91176470625 0.6454248359375001 0.8611111109375 0.6454248359375001 0.8611111109375 0.7500000000000002 0.91176470625 0.7500000000000002
19 0.5408496734375002 0.83823529375 0.4934640515625002 0.83823529375 0.4934640515625002 0.9526143796875 0.5408496734375002 0.9526143796875
19 0.4934640515625002 0.8366013078125001 0.44444444375000014 0.8366013078125001 0.44444444375000014 0.9526143796875 0.4934640515625002 0.9526143796875
19 0.5898692812500002 0.8333333328125001 0.5424836593750002 0.8333333328125001 0.5424836593750002 0.9501633984375 0.5898692812500002 0.9501633984375
19 0.6397058828125002 0.84150326875 0.5931372546875002 0.84150326875 0.5931372546875002 0.9517973859375 0.6397058828125002 0.9517973859375
19 0.6944444437500001 0.83823529375 0.6437908500000001 0.83823529375 0.6437908500000001 0.954248365625 0.6944444437500001 0.954248365625