19 0.728125 0.596875 0.675 0.596875 0.675 0.690625 0.728125 0.6906250000000002
19 0.6625 0.596875 0.6140625 0.596875 0.6140625 0.6890625 0.6625 0.6890625
19 0.8703125 0.6078125000000002 0.8328125 0.6078125000000002 0.8328125 0.6875000000000002 0.8703125 0.6875000000000002
19 0.821875 0.6062500000000002 0.7859375 0.6062500000000002 0.7859375 0.6882812500000002 0.821875 0.6882812500000002
19 0.91328125 0.6312500000000002 0.8796875 0.6312500000000002 0.8796875 0.6867187500000002 0.91328125 0.6867187500000002
19 0.9578125 0.6312500000000002 0.925 0.6312500000000002 0.925 0.6890625000000001 0.9578125 0.6890625000000001
19 0.3296875000000001 0.6375 0.2875000000000001 0.6375 0.2875000000000001 0.69765625 0.3296875000000001 0.69765625
19 0.28203125000000007 0.640625 0.2375000000000001 0.640625 0.2375000000000001 0.6984375 0.28203125000000007 0.6984375
19 0.23437500000000008 0.6421875 0.1921875000000001 0.6421875 0.1921875000000001 0.69765625 0.23437500000000008 0.69765625
19 0.18515625000000008 0.6421875 0.14062500000000008 0.6421875 0.14062500000000008 0.6984375 0.18515625000000008 0.6984375
19 0.13671875000000008 0.64375 0.09218750000000009 0.64375 0.09218750000000009 0.7 0.13671875000000008 0.7
19 0.37187500000000007 0.28750000000000003 0.2984375 0.2875 0.2984375 0.39687500000000003 0.37187500000000007 0.3968750000000001
19 0.29531250000000003 0.2875 0.228125 0.2875 0.22812500000000005 0.3953125 0.2953125000000001 0.3953125
19 0.14296875000000003 0.2953125 0.057812500000000044 0.2953125 0.057812500000000044 0.39609375 0.14296875000000003 0.39609375
19 0.22343750000000004 0.3046875 0.14375000000000004 0.3046875 0.14375000000000004 0.39609375 0.2234375000000001 0.39609375
19 0.87265625 0.30937500000000007 0.7921875 0.30937500000000007 0.7921875 0.3921875000000001 0.87265625 0.3921875000000001
19 0.9515625 0.30937500000000007 0.875 0.30937500000000007 0.875 0.3921875000000001 0.9515625 0.3921875000000001
19 0.784375 0.3296875000000001 0.7390625 0.3296875000000001 0.7390625 0.3937500000000001 0.784375 0.3937500000000001
19 0.7359375 0.3312500000000001 0.6875 0.3312500000000001 0.6875 0.3937500000000001 0.7359375 0.3937500000000001
19 0.68203125 0.3296875000000001 0.6375 0.3296875000000001 0.6375 0.3937500000000001 0.68203125 0.3937500000000001
19 0.75859375 0.4453125000000001 0.7078125 0.4453125 0.7078125 0.54609375 0.75859375 0.5460937500000002
19 0.56953125 0.446875 0.5203125 0.446875 0.5203125 0.54453125 0.56953125 0.54453125
19 0.63203125 0.4484375 0.578125 0.4484375 0.578125 0.54609375 0.63203125 0.54609375
19 0.690625 0.4484375 0.64375 0.4484375 0.64375 0.5484375 0.690625 0.5484375
19 0.30937500000000007 0.475 0.2531250000000001 0.475 0.2531250000000001 0.55078125 0.30937500000000007 0.55078125
19 0.2484375000000001 0.475 0.19218750000000004 0.475 0.19218750000000007 0.55078125 0.2484375000000001 0.55078125
19 0.18828125000000007 0.4765625 0.13281250000000006 0.4765625 0.13281250000000006 0.55078125 0.1882812500000001 0.55078125
19 0.12656250000000008 0.4765625 0.06875000000000006 0.4765625 0.06875000000000006 0.55234375 0.12656250000000008 0.55234375
19 0.3296875000000001 0.5828125 0.2875000000000001 0.5828125 0.2875000000000001 0.63671875 0.3296875000000001 0.63671875
19 0.2828125000000001 0.5859375 0.23437500000000008 0.5859375 0.23437500000000008 0.6375 0.2828125000000001 0.6375
19 0.1843750000000001 0.5859375 0.1375000000000001 0.5859375 0.1375000000000001 0.63984375 0.1843750000000001 0.63984375
19 0.13281250000000008 0.5890625 0.09062500000000007 0.5890625 0.09062500000000008 0.6421875 0.13281250000000008 0.6421875