19 0.2234375000000001 0.369140625 0.16484375000000004 0.369140625 0.16484375000000004 0.4140625 0.2234375000000001 0.4140625
19 0.16875000000000004 0.3671875 0.11718750000000004 0.3671875 0.11718750000000004 0.4203125 0.16875000000000004 0.4203125
19 0.10937500000000004 0.366796875 0.06093750000000005 0.366796875 0.06093750000000005 0.4203125 0.10937500000000004 0.4203125
19 0.3062500000000001 0.39140625 0.2179687500000001 0.39140625 0.2179687500000001 0.49375 0.3062500000000001 0.49375
19 0.4171875 0.39726562500000007 0.3175781250000001 0.397265625 0.3175781250000001 0.4859375 0.4171875 0.4859375
19 0.5296875 0.409375 0.43125 0.409375 0.43125 0.4859375 0.5296875 0.4859375
19 0.875 0.40625000000000017 0.7953125 0.40625000000000017 0.7953125 0.4890625000000002 0.875 0.4890625000000002
19 0.2078125000000001 0.4234375 0.15156250000000004 0.4234375 0.15156250000000004 0.48125 0.2078125000000001 0.48125
19 0.15625000000000006 0.4265625 0.09570312500000004 0.4265625 0.09570312500000006 0.48125 0.15625000000000006 0.48125
19 0.09062500000000005 0.421875 0.039062500000000056 0.421875 0.039062500000000056 0.4859375 0.09062500000000007 0.4859375
19 0.5953125 0.4265625 0.5328125 0.4265625 0.5328125 0.484375 0.5953125 0.484375
19 0.7234375 0.4296875 0.6609375 0.4296875 0.6609375 0.4859375 0.7234375 0.4859375
19 0.7875 0.42851562500000007 0.7234375 0.428515625 0.7234375 0.4859375000000001 0.7875 0.4859375000000002
19 0.9375 0.4304687500000002 0.882421875 0.4304687500000002 0.882421875 0.48437500000000017 0.9375 0.48437500000000017
19 0.659375 0.4296875 0.5984375 0.4296875 0.5984375 0.4875 0.659375 0.4875
19 1 0.4515625000000002 0.946875 0.4515625000000002 0.946875 0.4890625000000002 1 0.4890625000000002
19 0.4359375 0.540625 0.3449218750000001 0.540625 0.3449218750000001 0.64375 0.4359375 0.64375
19 0.2531250000000001 0.54375 0.15039062500000006 0.54375 0.15039062500000006 0.640625 0.2531250000000001 0.640625
19 0.34843750000000007 0.54375 0.24570312500000008 0.54375 0.24570312500000008 0.640625 0.34843750000000007 0.640625
19 0.15312500000000007 0.5421875 0.06093750000000007 0.5421875 0.060937500000000075 0.6421875 0.1531250000000001 0.6421875
19 0.98125 0.5558593750000002 0.871875 0.5558593750000002 0.871875 0.6421875000000001 0.98125 0.6421875000000001
19 0.8671875 0.5562500000000001 0.770703125 0.5562500000000001 0.770703125 0.6453125000000002 0.8671875 0.6453125000000002
19 0.50625 0.56953125 0.43828125 0.56953125 0.43828125 0.6453125 0.50625 0.6453125
19 0.590625 0.56953125 0.52265625 0.56953125 0.52265625 0.6453125 0.590625 0.6453125
19 0.675 0.575 0.603125 0.575 0.603125 0.6421875 0.675 0.6421875
19 0.759375 0.5750000000000001 0.6921875 0.575 0.6921875 0.6484375000000001 0.759375 0.6484375000000002
19 0.2156250000000001 0.6984375 0.1281250000000001 0.6984375 0.1281250000000001 0.7875 0.2156250000000001 0.7875
19 0.3921875000000001 0.7 0.2972656250000001 0.7 0.2972656250000001 0.7859375 0.3921875000000001 0.7859375
19 0.3062500000000001 0.6984375 0.2140625000000001 0.6984375 0.2140625000000001 0.7875 0.3062500000000001 0.7875
19 0.12656250000000008 0.698828125 0.04375000000000009 0.698828125 0.043750000000000094 0.7875 0.12656250000000008 0.7875
19 0.5375000000000001 0.720703125 0.46875 0.720703125 0.4687500000000001 0.7890625 0.5375000000000002 0.7890625
19 0.6078125000000001 0.716015625 0.5390625 0.716015625 0.5390625000000001 0.79375 0.6078125000000002 0.79375
19 0.4625000000000001 0.7203125 0.3906250000000001 0.7203125 0.3906250000000001 0.7921875 0.4625000000000002 0.7921875