19 0.5890625 0.15000000000000008 0.48203125 0.15000000000000005 0.48203125 0.24765625000000008 0.5890625 0.24765625000000008
19 0.4484375 0.15156250000000004 0.35234375 0.15156250000000004 0.35234375 0.24687500000000004 0.4484375 0.2468750000000001
19 0.3375 0.15312500000000004 0.23515625 0.15312500000000004 0.23515625 0.2484375 0.3375 0.2484375
19 0.225 0.153125 0.1203125 0.153125 0.12031250000000002 0.24921875 0.225 0.24921875
19 0.10937500000000003 0.15625 0.00468750000000002 0.15625 0.004687500000000025 0.2515625 0.10937500000000004 0.2515625
19 0.12187500000000004 0.3484375 0.05078125000000004 0.3484375 0.05078125000000004 0.4046875 0.12187500000000004 0.4046875
19 0.4328125 0.6046875 0.3531250000000001 0.6046875 0.3531250000000001 0.7 0.4328125 0.7
19 0.528125 0.6046875 0.44765625 0.6046875 0.44765625 0.70078125 0.528125 0.70078125
19 0.3437500000000001 0.64375 0.2851562500000001 0.64375 0.2851562500000001 0.70234375 0.3437500000000001 0.70234375
19 0.1437500000000001 0.646875 0.08750000000000009 0.646875 0.08750000000000009 0.70078125 0.1437500000000001 0.70078125
19 0.20312500000000008 0.6453125 0.1476562500000001 0.6453125 0.1476562500000001 0.70078125 0.20312500000000008 0.70078125
19 0.2750000000000001 0.6453125 0.21093750000000008 0.6453125 0.21093750000000008 0.70078125 0.2750000000000001 0.70078125