19 0.7171875 0.042187500000000086 0.634375 0.04218750000000008 0.634375 0.10156250000000008 0.7171875 0.10156250000000008
19 0.759375 0.0642045453125001 0.7145393671875 0.0642045453125001 0.7145393671875 0.1140625000000001 0.759375 0.1140625000000001
19 0.8196935890624999 0.0686181015625001 0.7693689109374999 0.06861810156250009 0.7693689109374999 0.11562500000000009 0.8196935890624999 0.11562500000000009
19 0.6125 0.2184456156250001 0.4961140421875 0.2184456156250001 0.4961140421875 0.3140625000000001 0.6125 0.3140625000000001
19 0.5046875 0.22628855468750012 0.399857953125 0.22628855468750012 0.399857953125 0.3203125000000001 0.5046875 0.3203125000000001
19 0.3984375 0.22500000000000003 0.291528003125 0.225 0.291528003125 0.32342735312500004 0.3984375 0.3234273531250001
19 0.3125 3.3711335601561664e-17 0.238047890625 2.915245872976855e-17 0.238047890625 0.11093750000000005 0.3125 0.11093750000000005
19 0.5609375 0.00018262968750006422 0.4875 0.00018262968750005972 0.4875 0.11406250000000007 0.5609375 0.1140625000000001
19 0.39375 0.001440746875000044 0.32278814843750003 0.0014407468750000396 0.32278814843750003 0.11250000000000004 0.39375 0.11250000000000004
19 0.6390625 0.00022321406250007384 0.5665482953125001 0.00022321406250006942 0.5665482953125001 0.11562500000000009 0.6390625 0.11562500000000009
19 0.6215604703125002 0.779565746875 0.5550020296875002 0.779565746875 0.5550020296875002 0.846875 0.6215604703125002 0.846875
19 0.4953125 0.021631492187500056 0.385359171875 0.021631492187500052 0.385359171875 0.09218750000000006 0.4953125 0.09218750000000006
19 0.5453125000000002 0.7825182625 0.4777800328125002 0.7825182625 0.4777800328125002 0.8578125 0.5453125000000002 0.8578125