19 0.19878472187500001 1.9294565391532685e-17 0.11631944375 1.4245023446703812e-17 0.11631944375 0.13541666718750003 0.19878472187500001 0.13541666718750006
19 0.2829861109375 2.9765720801978665e-17 0.203125 2.487563810768061e-17 0.203125 0.13715277812500004 0.2829861109375 0.13715277812500004
19 0.8055555562500001 0.02256944375000009 0.7013888890625 0.022569443750000084 0.7013888890625 0.14843750000000008 0.8055555562500001 0.14843750000000008
19 0.6145833328125 0.02951388906250007 0.534722221875 0.029513889062500066 0.534722221875 0.14583333281250005 0.6145833328125 0.14583333281250008
19 0.699652778125 0.034722221875000084 0.6145833328125 0.03472222187500008 0.6145833328125 0.14583333281250008 0.699652778125 0.14583333281250008
19 0.9088541671874999 0.038194443750000105 0.8072916671874999 0.0381944437500001 0.8072916671874999 0.15190972187500013 0.9088541671874999 0.15190972187500013
19 0.5060763890625 0.2361111109375001 0.46180555625 0.2361111109375001 0.46180555625 0.3098958328125001 0.5060763890625 0.3098958328125001
19 0.5564236109375 0.23784722187500007 0.512152778125 0.23784722187500007 0.512152778125 0.3142361109375001 0.5564236109375 0.3142361109375001
19 0.31770833281250005 0.2760416671875 0.25868055624999997 0.2760416671875 0.25868055625 0.38975694375000003 0.3177083328125001 0.38975694375000003
19 0.386284721875 0.27777777812500004 0.32465277812500004 0.27777777812500004 0.32465277812500004 0.3888888890625001 0.38628472187500007 0.3888888890625001
19 0.5 0.3142361109375001 0.44965277812500004 0.3142361109375001 0.44965277812500004 0.39322916718750006 0.5 0.39322916718750006
19 0.5555555562500001 0.3177083328125001 0.5086805562500001 0.3177083328125001 0.5086805562500001 0.3949652781250001 0.5555555562500001 0.3949652781250001
19 0.6701388890625 0.3211805562500001 0.6111111109375 0.3211805562500001 0.6111111109375 0.3949652781250001 0.6701388890625 0.3949652781250001
19 0.7317708328125 0.3211805562500001 0.675347221875 0.3211805562500001 0.675347221875 0.3975694437500001 0.7317708328125 0.3975694437500001
19 0.7960069437499999 0.3246527781250001 0.7395833328125 0.3246527781250001 0.7395833328125 0.3967013890625001 0.7960069437499999 0.3967013890625001
19 0.8463541671874999 0.3524305562500001 0.7986111109375 0.3524305562500001 0.7986111109375 0.3967013890625001 0.8463541671874999 0.3967013890625001
19 0.4609375 0.5052083328125 0.41840277812500004 0.5052083328125 0.41840277812500004 0.6041666671875 0.4609375 0.6041666671875
19 0.5060763890625 0.5052083328125 0.4635416671875 0.5052083328125 0.4635416671875 0.609375 0.5060763890625 0.609375
19 0.5564236109375 0.5052083328125 0.512152778125 0.5052083328125 0.512152778125 0.609375 0.5564236109375 0.609375
19 0.3090277781250001 0.5260416671875 0.2239583328125001 0.5260416671875 0.2239583328125001 0.6102430562500001 0.3090277781250001 0.6102430562500001
19 0.40711805625 0.527777778125 0.3246527781250001 0.527777778125 0.3246527781250001 0.6102430562500001 0.40711805625 0.6102430562500001
19 0.21440972187500007 0.527777778125 0.12500000000000006 0.527777778125 0.12500000000000006 0.6067708328125 0.21440972187500007 0.6067708328125