19 1 0.1441964281250001 0.8970411140625 0.14419642812500008 0.8970411140625 0.21250000000000008 1 0.21250000000000008
19 0.7359375 0.12417981562500009 0.68218698125 0.12417981562500009 0.68218698125 0.24218750000000008 0.7359375 0.24218750000000008
19 0.8625 0.1275513906250001 0.8069196421875 0.1275513906250001 0.8069196421875 0.2406250000000001 0.8625 0.2406250000000001
19 0.11562500000000002 0.14457796875 0.06935735000000001 0.14457796875 0.06935735000000001 0.22597331875 0.11562500000000005 0.22597331875
19 0.1921875 0.16270764218750003 0.106667878125 0.1627076421875 0.10666787812500003 0.2078125 0.19218750000000004 0.2078125
19 0.7984375 0.1297757468750001 0.7429765374999999 0.1297757468750001 0.7429765374999999 0.2453125000000001 0.7984375 0.2453125000000001
19 0.921875 0.1328125000000001 0.86988164375 0.13281250000000008 0.86988164375 0.24375000000000008 0.921875 0.24375000000000008
19 0.2328125 0.14992732500000003 0.1872664046875 0.14992732500000003 0.18726640468750003 0.2296875 0.2328125 0.2296875
19 0.5671875 0.3671875000000001 0.4921875 0.3671875000000001 0.4921875 0.4233752078125 0.5671875 0.4233752078125
19 0.3906250000000001 0.36318781250000004 0.3150929203125001 0.3631878125 0.3150929203125001 0.4171875 0.3906250000000001 0.4171875
19 0.4495950984375 0.3631981921875001 0.37187500000000007 0.3631981921875001 0.37187500000000007 0.4171875 0.4495950984375 0.4171875
19 0.49818573437499997 0.35315095468750013 0.440876765625 0.35315095468750013 0.440876765625 0.43122404531249997 0.49818573437499997 0.43122404531249997
19 0.2171875000000001 0.3755476546875 0.17031250000000003 0.3755476546875 0.17031250000000003 0.421875 0.2171875000000001 0.421875
19 0.3230559593750001 0.3777071234375 0.27571376718750007 0.3777071234375 0.27571376718750007 0.421875 0.3230559593750001 0.421875
19 0.2671875000000001 0.37731000937500003 0.22031250000000008 0.37731000937500003 0.22031250000000008 0.4203125 0.2671875000000001 0.4203125
19 0.71680076875 0.49970930312500006 0.6071662171875001 0.49970930312500006 0.6071662171875001 0.5796875 0.71680076875 0.5796875
19 0.79375 0.4851225093750001 0.7038050234375001 0.485122509375 0.7038050234375001 0.5964181906250001 0.79375 0.5964181906250002
19 0.6109375 0.488616071875 0.5275384140625 0.488616071875 0.5275384140625 0.59375 0.6109375 0.59375
19 0.884375 0.4963143687500001 0.7921667359375 0.4963143687500001 0.7921667359375 0.5953125000000001 0.884375 0.5953125000000001
19 0.53125 0.520574646875 0.4472409671875 0.520574646875 0.4472409671875 0.5828125 0.53125 0.5828125
19 0.4609375 0.520444871875 0.3770582437500001 0.520444871875 0.3770582437500001 0.584375 0.4609375 0.584375
19 0.17777720156250007 0.512588246875 0.11299314843750004 0.512588246875 0.11299314843750005 0.59375 0.1777772015625001 0.59375
19 0.3312500000000001 0.5152356734375 0.2639690609375001 0.5152356734375 0.2639690609375001 0.5921875 0.3312500000000001 0.5921875
19 0.2578125000000001 0.5218957625 0.18415697656250005 0.5218957625 0.18415697656250007 0.5890625 0.2578125000000001 0.5890625
19 0.3921875000000001 0.5365033218749999 0.3310890781250001 0.5365033218749999 0.3310890781250001 0.5859375 0.3921875000000001 0.5859375