19 0.6320132015625 0.2392739281250001 0.5709570953124999 0.2392739281250001 0.5709570953124999 0.2904290421875001 0.6320132015625 0.2904290421875001
19 0.498349834375 0.2392739281250001 0.448844884375 0.2392739281250001 0.448844884375 0.2904290421875001 0.498349834375 0.2904290421875001
19 0.5627062703125 0.2392739281250001 0.508250825 0.2392739281250001 0.508250825 0.2904290421875001 0.5627062703125 0.2904290421875001
19 0.83168316875 0.2673267328125001 0.7920792078125001 0.2673267328125001 0.7920792078125001 0.29290429062500006 0.83168316875 0.29290429062500006
19 0.874587459375 0.2673267328125001 0.8432343234375 0.2673267328125001 0.8432343234375 0.29372937343750005 0.874587459375 0.29372937343750005
19 0.9562706265625 0.2689768984375001 0.9257425749999999 0.2689768984375001 0.9257425749999999 0.2920792078125001 0.9562706265625 0.2920792078125001
19 0.9174917484374999 0.2673267328125001 0.8861386140624999 0.2673267328125001 0.8861386140624999 0.29290429062500006 0.9174917484374999 0.29290429062500006
19 0.6831683171875 0.2656765671875001 0.6452145218750001 0.2656765671875001 0.6452145218750001 0.3061056109375001 0.6831683171875 0.3061056109375001
19 0.731848184375 0.2656765671875001 0.6897689765624999 0.2656765671875001 0.6897689765624999 0.3085808578125001 0.731848184375 0.3085808578125001
19 0.7821782171875 0.2673267328125001 0.744224421875 0.2673267328125001 0.744224421875 0.3069306937500001 0.7821782171875 0.3069306937500001
19 0.8490099015625001 0.29537953750000007 0.8118811875 0.29537953750000007 0.8118811875 0.3193069312500001 0.8490099015625001 0.3193069312500001
19 0.9455445546875 0.2970297031250001 0.9075907593749999 0.2970297031250001 0.9075907593749999 0.3201320125000001 0.9455445546875 0.3201320125000001
19 0.8943894390624999 0.29537953750000007 0.85643564375 0.29537953750000007 0.85643564375 0.3209570953125001 0.8943894390624999 0.3209570953125001
19 0.9884488453125 0.2970297031250001 0.9537953796875 0.2970297031250001 0.9537953796875 0.3209570953125001 0.9884488453125 0.3209570953125001
19 0.358910890625 0.2689768984375 0.2854785484375 0.2689768984375 0.2854785484375 0.36056105625 0.358910890625 0.36056105625
19 0.43976897656249997 0.2689768984375001 0.36468646875 0.2689768984375001 0.36468646875 0.36056105625000007 0.43976897656249997 0.36056105625000007
19 0.508250825 0.29372937343750005 0.44719471874999994 0.29372937343750005 0.44719471874999994 0.3580858078125001 0.508250825 0.3580858078125001
19 0.6485148515625 0.2920792078125001 0.5874587453125 0.2920792078125001 0.5874587453125 0.3580858078125001 0.6485148515625 0.3580858078125001
19 0.5825082515625 0.29372937343750005 0.51650165 0.29372937343750005 0.51650165 0.3597359734375001 0.5825082515625 0.3597359734375001
19 0.2268976890625 0.30693069375 0.18151815156250004 0.30693069375 0.18151815156250004 0.3613861390625 0.2268976890625 0.3613861390625
19 0.27557755781250004 0.30693069375 0.235973596875 0.30693069375 0.235973596875 0.36056105625 0.27557755781250004 0.36056105625
19 0.8077557750000001 0.3085808578125001 0.7656765671875 0.3085808578125001 0.7656765671875 0.36056105625000007 0.8077557750000001 0.36056105625000007
19 0.7037953796875 0.3102310234375001 0.6567656765625001 0.3102310234375001 0.6567656765625001 0.36138613906250006 0.7037953796875 0.36138613906250006
19 0.7590759078125 0.3102310234375001 0.711221121875 0.3102310234375001 0.711221121875 0.3622112218750001 0.7590759078125 0.3622112218750001
19 0.8465346531250001 0.3283828390625001 0.81518151875 0.3283828390625001 0.81518151875 0.3597359734375001 0.8465346531250001 0.3597359734375001
19 0.8960396046874999 0.3283828390625001 0.8580858078125001 0.3283828390625001 0.8580858078125001 0.3589108906250001 0.8960396046874999 0.3589108906250001
19 0.98349835 0.3316831687500001 0.9438943890625 0.3316831687500001 0.9438943890625 0.36056105625000007 0.98349835 0.36056105625000007
19 0.9414191421875 0.3283828390625001 0.9009900984374999 0.3283828390625001 0.9009900984374999 0.3589108906250001 0.9414191421875 0.3589108906250001
19 0.8580858078125001 0.3811881187500001 0.8201320125 0.3811881187500001 0.8201320125 0.42574257500000023 0.8580858078125001 0.42574257500000023
19 0.9026402640625 0.3811881187500001 0.8646864687500001 0.3811881187500001 0.8646864687500001 0.4240924093750002 0.9026402640625 0.4240924093750002
19 0.95049505 0.3811881187500001 0.9125412546874999 0.3811881187500001 0.9125412546874999 0.4240924093750002 0.95049505 0.4240924093750002
19 0.49257425781249997 0.4009900984375 0.407590759375 0.4009900984375 0.407590759375 0.4760726078125 0.49257425781249997 0.4760726078125
19 0.4067656765625 0.4009900984375 0.3201320125000001 0.4009900984375 0.3201320125000001 0.47689768906249996 0.4067656765625 0.47689768906249996
19 0.07343234375000005 0.40594059375 4.971338487799136e-17 0.40594059375 5.400773220496125e-17 0.4760726078125 0.07343234375000006 0.4760726078125
19 0.16749174843750006 0.4042904296875 0.08250825156250005 0.4042904296875 0.08250825156250005 0.47689768906249996 0.16749174843750006 0.47689768906249996
19 0.66419141875 0.4125412546875 0.5841584156249999 0.4125412546875 0.5841584156249999 0.47359735937499997 0.66419141875 0.47359735937499997
19 0.5775577562499999 0.4125412546875 0.501650165625 0.4125412546875 0.501650165625 0.47689768906249996 0.5775577562499999 0.47689768906249996
19 0.7367986796875 0.4207920796875001 0.6732673265625 0.42079207968750004 0.6732673265625 0.4727722765625001 0.7367986796875 0.47277227656250015
19 0.3184818484375001 0.4191419140625 0.24257425781250008 0.4191419140625 0.24257425781250008 0.4785478546875 0.3184818484375001 0.4785478546875
19 0.23844884531250007 0.4191419140625 0.16501650156250006 0.4191419140625 0.16501650156250006 0.477722771875 0.23844884531250007 0.477722771875
19 0.8283828390625001 0.4224422437500002 0.7458745875 0.4224422437500002 0.7458745875 0.47607260781250016 0.8283828390625001 0.47607260781250016
19 0.9249174921875 0.4273927390625002 0.8844884484375 0.4273927390625002 0.8844884484375 0.4719471953125002 0.9249174921875 0.4719471953125002
19 0.973597359375 0.4273927390625002 0.9356435640624999 0.4273927390625002 0.9356435640624999 0.47524752500000017 0.973597359375 0.47524752500000017
19 0.874587459375 0.4290429046875002 0.8366336640625001 0.4290429046875002 0.8366336640625001 0.4768976890625002 0.874587459375 0.4768976890625002
19 0.5156765671875002 0.7739273921875001 0.44719471875000016 0.7739273921875001 0.44719471875000016 0.82755775625 0.5156765671875002 0.82755775625
19 0.5882838281250001 0.7755775578125 0.5181518156250002 0.7755775578125 0.5181518156250002 0.8267326734375 0.5882838281250001 0.8267326734375
19 0.1344884484375001 0.772277228125 0.059405940625000084 0.772277228125 0.0594059406250001 0.83168316875 0.1344884484375001 0.83168316875
19 0.2120462046875001 0.7739273921875001 0.1419141921875001 0.7739273921875001 0.1419141921875001 0.8325082515625001 0.2120462046875001 0.8325082515625001
19 0.3688118812500001 0.7755775578125 0.29372937343750005 0.7755775578125 0.29372937343750005 0.834158415625 0.3688118812500001 0.834158415625
19 0.4438943890625001 0.7871287125 0.3712871281250001 0.7871287125 0.3712871281250001 0.8292079203125 0.4438943890625001 0.8292079203125
19 0.2920792078125001 0.7805280531250001 0.2161716171875001 0.7805280531250001 0.2161716171875001 0.8366336640625001 0.2920792078125001 0.8366336640625001