19 0.4991349484375 0.14186851250000004 0.4498269890625 0.14186851250000004 0.4498269890625 0.23875432500000007 0.4991349484375 0.23875432500000007
19 0.776816609375 0.1418685125000001 0.7318339093749999 0.1418685125000001 0.7318339093749999 0.23875432500000007 0.776816609375 0.23875432500000007
19 0.6643598609375 0.1401384078125001 0.6176470593750001 0.1401384078125001 0.6176470593750001 0.2413494812500001 0.6643598609375 0.2413494812500001
19 0.7214532874999999 0.1418685125000001 0.6712802765625 0.1418685125000001 0.6712802765625 0.23788927343750008 0.7214532874999999 0.23788927343750008
19 0.55363321875 0.14013840781250006 0.50865051875 0.14013840781250003 0.50865051875 0.2396193765625001 0.55363321875 0.2396193765625001
19 0.606401384375 0.14532872031250008 0.564013840625 0.14532872031250008 0.564013840625 0.2422145328125001 0.606401384375 0.2422145328125001
19 0.9377162625000001 0.1730103812500001 0.896193771875 0.17301038125000007 0.896193771875 0.2422145328125001 0.9377162625000001 0.2422145328125001
19 0.993079584375 0.17301038125000012 0.95155709375 0.17301038125000012 0.95155709375 0.2422145328125001 0.993079584375 0.2422145328125001
19 0.7690311421875 0.3217993078125001 0.7266435984374999 0.3217993078125001 0.7266435984374999 0.35640138437500013 0.7690311421875 0.35640138437500013
19 0.716262975 0.32352941250000006 0.683391003125 0.32352941250000006 0.683391003125 0.3538062281250001 0.716262975 0.3538062281250001
19 0.8235294124999999 0.32352941250000006 0.7785467125000001 0.32352941250000006 0.7785467125000001 0.35640138437500013 0.8235294124999999 0.35640138437500013
19 0.11418685156250004 0.28373702500000003 0.04325259531250003 0.28373702500000003 0.04325259531250004 0.397923875 0.11418685156250004 0.397923875
19 0.18512110781250005 0.28546712812499997 0.12283737031250004 0.28546712812499997 0.12283737031250004 0.3987889265625 0.18512110781250005 0.3987889265625
19 0.02681660937500004 0.28546712812499997 3.4959640472006864e-17 0.28546712812499997 4.189859935851216e-17 0.3987889265625 0.026816609375000043 0.3987889265625
19 0.25778546718750006 0.31141868437500003 0.20069204218749997 0.31141868437500003 0.20069204218750003 0.3996539796875 0.25778546718750006 0.3996539796875
19 0.32698961875000004 0.3131487890625 0.26989619375 0.3131487890625 0.26989619375000007 0.3996539796875 0.3269896187500001 0.3996539796875
19 0.4541522484375 0.3114186843750001 0.397923875 0.3114186843750001 0.39792387500000004 0.40051903125 0.4541522484375 0.40051903125
19 0.39100346093750005 0.31314878906250004 0.333910034375 0.3131487890625 0.33391003437500005 0.4013840828125 0.39100346093750005 0.4013840828125
19 0.6851211078125 0.3391003453125001 0.6401384078125 0.3391003453125001 0.6401384078125 0.4013840828125 0.6851211078125 0.4013840828125
19 0.5778546718750001 0.3391003453125001 0.53114186875 0.3391003453125001 0.53114186875 0.4039792390625 0.5778546718750001 0.4039792390625
19 0.6288927328125 0.3391003453125001 0.5847750859375 0.3391003453125001 0.5847750859375 0.4039792390625 0.6288927328125 0.4039792390625
19 0.7785467125000001 0.3633218000000001 0.738754325 0.3633218000000001 0.738754325 0.3996539796875001 0.7785467125000001 0.3996539796875001
19 0.8304498265625 0.3633218000000001 0.785467128125 0.3633218000000001 0.785467128125 0.3996539796875001 0.8304498265625 0.3996539796875001
19 0.7326989625 0.3633218000000001 0.69031141875 0.3633218000000001 0.69031141875 0.4031141875000001 0.7326989625 0.4031141875000002
19 0.14186851250000004 0.4342560546875 0.06574394531250004 0.4342560546875 0.06574394531250005 0.5190311421875 0.14186851250000004 0.5190311421875
19 0.23269896250000008 0.4342560546875 0.15916955000000005 0.4342560546875 0.15916955000000005 0.5181660906250001 0.23269896250000008 0.5181660906250001
19 0.3192041515625001 0.43598615937499996 0.24048442968750008 0.43598615937499996 0.24048442968750008 0.5207612453125 0.3192041515625001 0.5207612453125
19 0.05363321875000006 0.442906575 5.4240411939506716e-17 0.442906575 5.890169731663919e-17 0.5190311421875 0.053633218750000065 0.5190311421875
19 0.3901384078125001 0.4480968859375 0.3304498265625001 0.4480968859375 0.3304498265625001 0.5190311421875 0.3901384078125001 0.5190311421875
19 0.4550173015625 0.45155709374999997 0.3979238750000001 0.45155709374999997 0.3979238750000001 0.5207612453125 0.4550173015625 0.5207612453125
19 0.5207612453125 0.4602076125 0.46366782031250003 0.4602076125 0.46366782031250003 0.521626296875 0.5207612453125 0.521626296875