19 0.09921875000000004 0.159375 0.034375000000000024 0.159375 0.03437500000000003 0.2890625 0.09921875000000005 0.2890625
19 0.33359375 0.17343750000000005 0.2828125 0.17343750000000005 0.2828125 0.28515625 0.33359375 0.28515625
19 0.215625 0.1765625 0.1625 0.1765625 0.16250000000000003 0.28359375 0.215625 0.28359375
19 0.91015625 0.19218750000000012 0.865625 0.1921875000000001 0.865625 0.2687500000000001 0.91015625 0.2687500000000001
19 0.85546875 0.1906250000000001 0.8125 0.1906250000000001 0.8125 0.2710937500000001 0.85546875 0.2710937500000001
19 0.2765625 0.17812500000000003 0.2234375 0.17812500000000003 0.2234375 0.2875 0.2765625 0.2875
19 0.15703125 0.18125 0.10625 0.18125 0.10625000000000002 0.2859375 0.15703125000000004 0.2859375
19 0.79921875 0.19687500000000008 0.7546875 0.19687500000000008 0.7546875 0.2734375000000001 0.79921875 0.2734375000000001
19 0.503125 0.3921875000000001 0.45 0.3921875000000001 0.45 0.4640625 0.503125 0.4640625
19 0.66875 0.38750000000000007 0.6171875 0.38750000000000007 0.6171875 0.45859375 0.66875 0.45859375
19 0.6140625 0.38750000000000007 0.5625 0.38750000000000007 0.5625 0.4609375 0.6140625 0.4609375
19 0.56015625 0.3890625000000001 0.50625 0.3890625000000001 0.50625 0.4625 0.56015625 0.4625
19 0.81484375 0.40937500000000016 0.7703125 0.40937500000000016 0.7703125 0.4539062500000002 0.81484375 0.4539062500000002
19 0.71484375 0.4109375 0.671875 0.4109375 0.671875 0.45546875 0.71484375 0.45546875
19 0.76796875 0.41093750000000007 0.7234375 0.4109375 0.7234375 0.4515625000000001 0.76796875 0.4515625000000002
19 0.3906250000000001 0.5125 0.3140625000000001 0.5125 0.3140625000000001 0.615625 0.3906250000000001 0.615625
19 0.31328125000000007 0.5125 0.22812500000000008 0.5125 0.22812500000000008 0.6171875 0.31328125000000007 0.6171875
19 0.47890625 0.515625 0.3984375000000001 0.515625 0.3984375000000001 0.61640625 0.47890625 0.61640625
19 0.2296875000000001 0.5234375 0.14218750000000005 0.5234375 0.14218750000000008 0.6171875 0.2296875000000001 0.6171875
19 0.54453125 0.5359375 0.484375 0.5359375 0.484375 0.615625 0.54453125 0.615625
19 0.6109375 0.5359375 0.55 0.5359375 0.55 0.61640625 0.6109375 0.61640625
19 0.86875 0.5390625000000002 0.8078125 0.5390625000000002 0.8078125 0.6156250000000002 0.86875 0.6156250000000002
19 0.72734375 0.5406250000000001 0.6625 0.540625 0.6625 0.6148437500000001 0.72734375 0.6148437500000001
19 0.7984375 0.5437500000000002 0.734375 0.5437500000000002 0.734375 0.6148437500000001 0.7984375 0.6148437500000001
19 0.6578125 0.5546875 0.6109375 0.5546875 0.6109375 0.61328125 0.6578125 0.61328125