19 0.4546875 0.2117187500000001 0.407421875 0.2117187500000001 0.407421875 0.2484375000000001 0.4546875 0.2484375000000001
19 0.49609375 0.2121093750000001 0.4453125 0.2121093750000001 0.4453125 0.2468750000000001 0.49609375 0.2468750000000001
19 0.4109375 0.2074218750000001 0.3734375 0.2074218750000001 0.3734375 0.2515625000000001 0.4109375 0.2515625000000001
19 0.375 0.21250000000000005 0.3265625 0.2125 0.3265625 0.24843750000000003 0.375 0.2484375000000001
19 0.55859375 0.2449218750000001 0.53125 0.2449218750000001 0.53125 0.2750000000000001 0.55859375 0.2750000000000001
19 0.596875 0.2503906250000001 0.565625 0.2503906250000001 0.565625 0.2718750000000001 0.596875 0.2718750000000001
19 0.5234375 0.2464843750000001 0.496875 0.2464843750000001 0.496875 0.2765625000000001 0.5234375 0.2765625000000001
19 0.45078125 0.2636718750000001 0.40625 0.2636718750000001 0.40625 0.2953125000000001 0.45078125 0.2953125000000001
19 0.4859375 0.2593750000000001 0.45 0.2593750000000001 0.45 0.3046875000000001 0.4859375 0.3046875000000001
19 0.3734375 0.26289062500000004 0.32421875 0.262890625 0.32421875 0.2984375 0.3734375 0.2984375000000001
19 0.4125 0.2632812500000001 0.36484375 0.2632812500000001 0.36484375 0.3000000000000001 0.4125 0.3000000000000001
19 0.559375 0.2753906250000001 0.526953125 0.2753906250000001 0.526953125 0.3031250000000001 0.559375 0.3031250000000001
19 0.521875 0.27617187500000007 0.489453125 0.27617187500000007 0.489453125 0.3046875000000001 0.521875 0.3046875000000001
19 0.5890625 0.2765625000000001 0.563671875 0.2765625000000001 0.563671875 0.3046875000000001 0.5890625 0.3046875000000001
19 0.6046875 0.4125 0.5484375 0.4125 0.5484375 0.4609375 0.6046875 0.4609375
19 0.478125 0.4140625 0.41875 0.4140625 0.41875 0.4625 0.478125 0.4625
19 0.540625 0.4125 0.48125 0.4125 0.48125 0.4625 0.540625 0.4625
19 0.6671875 0.4140625 0.609765625 0.4140625 0.609765625 0.4625 0.6671875 0.4625
19 0.609375 0.492578125 0.5515625 0.492578125 0.5515625 0.5375 0.609375 0.5375
19 0.6546875 0.484375 0.609375 0.484375 0.609375 0.546875 0.6546875 0.546875
19 0.39531250000000007 0.530859375 0.3527343750000001 0.530859375 0.3527343750000001 0.6109375 0.39531250000000007 0.6109375
19 0.575 0.54921875 0.49609375 0.54921875 0.49609375 0.6046875 0.575 0.6046875
19 0.434375 0.5453125 0.400390625 0.5453125 0.400390625 0.6171875 0.434375 0.6171875
19 0.6609375 0.553125 0.6140625 0.553125 0.6140625 0.6171875 0.6609375 0.6171875
19 0.6078125 0.553515625 0.566015625 0.553515625 0.566015625 0.6171875 0.6078125 0.6171875
19 0.715625 0.56328125 0.65234375 0.56328125 0.65234375 0.609375 0.715625 0.609375
19 0.51875 0.576171875 0.46953125 0.576171875 0.46953125 0.6046875 0.51875 0.6046875
19 0.6078125000000001 0.7 0.53125 0.7 0.5312500000000001 0.7609375 0.6078125000000002 0.7609375
19 0.47343750000000007 0.695703125 0.416015625 0.695703125 0.4160156250000001 0.7640625 0.4734375000000002 0.7640625
19 0.5359375000000001 0.694921875 0.4796875 0.694921875 0.4796875000000001 0.7640625 0.5359375000000002 0.7640625
19 0.6781250000000001 0.704296875 0.605078125 0.704296875 0.6050781250000001 0.7625 0.6781250000000002 0.7625