19 0.2421075703125001 0.7455161921875 0.21570492968750007 0.7455161921875 0.21570492968750007 0.7966713078125001 0.2421075703125001 0.7966713078125001
19 0.21875000000000008 0.76269595625 0.1731023093750001 0.76269595625 0.1731023093750001 0.7859375 0.21875000000000008 0.7859375
19 0.2825572390625001 0.7602954828125 0.2314021234375001 0.7602954828125 0.2314021234375001 0.7859375 0.2825572390625001 0.7859375
19 0.3109375000000001 0.7602722765625 0.2640625000000001 0.7602722765625 0.2640625000000001 0.7875 0.3109375000000001 0.7875
19 0.3359375000000001 0.7523153875 0.3072065812500001 0.7523153875 0.3072065812500001 0.7984375 0.3359375000000001 0.7984375
19 0.37968750000000007 0.7637969265625 0.33281250000000007 0.7637969265625 0.33281250000000007 0.7890625 0.37968750000000007 0.7890625
19 0.40156250000000016 0.75263510625 0.37664242968750006 0.75263510625 0.37664242968750006 0.7984375 0.40156250000000016 0.7984375
19 0.2140625000000001 0.8734375 0.19406198593750007 0.8734375 0.19406198593750007 0.8984375 0.2140625000000001 0.8984375
19 0.2453125000000001 0.8779677187500001 0.22117367968750007 0.8779677187500001 0.22117367968750007 0.896875 0.2453125000000001 0.896875
19 0.3625000000000001 0.8851175734375 0.3064717406250001 0.8851175734375 0.3064717406250001 0.937097771875 0.3625000000000001 0.937097771875
19 0.41718750000000016 0.8890341375 0.3620823015625001 0.8890341375 0.3620823015625001 0.9390625 0.41718750000000016 0.9390625
19 0.47187500000000016 0.8896349000000001 0.42088490156250014 0.8896349000000001 0.42088490156250014 0.940625 0.47187500000000016 0.940625
19 0.21250000000000008 0.9131239671875001 0.19108910937500015 0.9131239671875001 0.19108910937500015 0.9359375 0.21250000000000008 0.9359375
19 0.2480326937500001 0.9189614265625 0.21915480625000008 0.9189614265625 0.21915480625000008 0.940413571875 0.2480326937500001 0.940413571875
19 0.265625 0.16295637343750005 0.2063067234375 0.16295637343750005 0.2063067234375 0.2609375 0.265625 0.2609375
19 0.35 0.18055641562500005 0.25655940625 0.18055641562500005 0.25655940625 0.24375 0.35 0.24375
19 0.4140625 0.18199257500000005 0.3205858078125 0.18199257500000005 0.3205858078125 0.24062500000000003 0.4140625 0.2406250000000001
19 0.20461530625000002 0.17052650625000004 0.14850969375 0.17052650625000002 0.14850969375000003 0.2640625 0.20461530625000002 0.2640625
19 0.30468750000000006 0.3088979984375 0.25625 0.3088979984375 0.25625000000000003 0.409375 0.3046875000000001 0.409375
19 0.4109375 0.35116027187500004 0.33558941875000003 0.351160271875 0.33558941875000003 0.39062500000000006 0.4109375 0.3906250000000001
19 0.4796875 0.3318327156250001 0.4408338484375 0.3318327156250001 0.4408338484375 0.409375 0.4796875 0.409375
19 0.34843750000000007 0.3335267109375 0.3092512375 0.3335267109375 0.30925123750000005 0.409375 0.34843750000000007 0.409375
19 0.453125 0.3517017328125001 0.378106953125 0.3517017328125001 0.37810695312500003 0.3906250000000001 0.453125 0.3906250000000001
19 0.3296024140625001 0.472181828125 0.2375000000000001 0.472181828125 0.2375000000000001 0.5140625 0.3296024140625001 0.5140625
19 0.2841790437500001 0.4745462046875 0.19062500000000004 0.4745462046875 0.19062500000000004 0.5140625 0.2841790437500001 0.5140625
19 0.34838335312500013 0.446875 0.30630414531250005 0.446875 0.30630414531250005 0.5390625 0.34838335312500013 0.5390625
19 0.609375 0.46104579218749997 0.57963593125 0.46104579218749997 0.57963593125 0.54375 0.609375 0.54375
19 0.6703125 0.4871055078125 0.5910401203125 0.4871055078125 0.5910401203125 0.515625 0.6703125 0.515625
19 0.6796875 0.4609375 0.6484375 0.4609375 0.6484375 0.540625 0.6796875 0.540625
19 0.2140625000000001 0.44721276718749997 0.17304300625000005 0.44721276718749997 0.17304300625000005 0.5387969265625 0.2140625000000001 0.5387969265625
19 0.5984375 0.48765470312500003 0.51875 0.48765470312500003 0.51875 0.515625 0.5984375 0.515625
19 0.3906250000000001 0.44936313906249997 0.35337252500000005 0.44936313906249997 0.35337252500000005 0.540625 0.3906250000000001 0.540625
19 0.4609375 0.473401403125 0.3704439984375001 0.473401403125 0.3704439984375001 0.5125 0.4609375 0.5125
19 0.540625 0.4625 0.509375 0.4625 0.509375 0.5421875 0.540625 0.5421875
19 0.7154290421875 0.463459159375 0.6849009890625 0.463459159375 0.6849009890625 0.540625 0.7154290421875 0.540625
19 0.495224834375 0.48719059375 0.4171875 0.48719059375 0.4171875 0.5171875 0.495224834375 0.5171875
19 0.528125 0.4874226484375 0.45031971875 0.4874226484375 0.45031971875 0.5171875 0.528125 0.5171875
19 0.4015625 0.5859375 0.35176619218750005 0.5859375 0.35176619218750005 0.6578125 0.4015625 0.6578125