19 0.315625 0.04023437500000003 0.289453125 0.04023437500000003 0.289453125 0.11406250000000004 0.315625 0.11406250000000004
19 0.30625 0.06367187500000003 0.237109375 0.06367187500000002 0.237109375 0.09218750000000003 0.30625 0.09218750000000005
19 0.36875 0.06718750000000004 0.2953125 0.06718750000000004 0.2953125 0.09375000000000004 0.36875 0.09375000000000004
19 0.3593750000000001 0.811328125 0.33281250000000007 0.811328125 0.33281250000000007 0.840625 0.3593750000000001 0.840625
19 0.2171875000000001 0.8125 0.1886718750000001 0.8125 0.1886718750000001 0.8421875 0.2171875000000001 0.8421875
19 0.42187500000000017 0.8125 0.3937500000000001 0.8125 0.3937500000000001 0.8421875 0.42187500000000017 0.8421875
19 0.32500000000000007 0.813671875 0.2925781250000001 0.813671875 0.2925781250000001 0.8421875 0.32500000000000007 0.8421875
19 0.3906250000000001 0.8140625 0.3628906250000001 0.8140625 0.3628906250000001 0.84375 0.3906250000000001 0.84375
19 0.2890625000000001 0.813671875 0.2542968750000001 0.813671875 0.2542968750000001 0.8421875 0.2890625000000001 0.8421875
19 0.25468750000000007 0.815625 0.2234375000000001 0.815625 0.2234375000000001 0.8453125 0.25468750000000007 0.8453125
19 0.3031250000000001 0.8515625 0.27031250000000007 0.8515625 0.27031250000000007 0.884375 0.3031250000000001 0.884375
19 0.3359375000000001 0.852734375 0.3023437500000001 0.852734375 0.3023437500000001 0.88125 0.3359375000000001 0.88125
19 0.4281250000000002 0.8546875 0.39726562500000007 0.8546875 0.39726562500000007 0.8828125 0.4281250000000002 0.8828125
19 0.2718750000000001 0.8515625 0.2355468750000001 0.8515625 0.2355468750000001 0.88515625 0.2718750000000001 0.88515625
19 0.3656250000000001 0.8515625 0.3343750000000001 0.8515625 0.3343750000000001 0.884375 0.3656250000000001 0.884375
19 0.20468750000000008 0.85 0.1769531250000001 0.85 0.1769531250000001 0.8875 0.20468750000000008 0.8875
19 0.3984375000000001 0.8546875 0.3652343750000001 0.8546875 0.3652343750000001 0.8875 0.3984375000000001 0.8875
19 0.2390625000000001 0.8546875 0.2078125000000001 0.8546875 0.2078125000000001 0.8875 0.2390625000000001 0.8875
19 0.4234375000000002 0.8984375 0.3937500000000001 0.8984375 0.3937500000000001 0.934375 0.4234375000000002 0.934375
19 0.3843750000000001 0.903125 0.35625000000000007 0.903125 0.35625000000000007 0.93125 0.3843750000000001 0.93125
19 0.3500000000000001 0.903125 0.31718750000000007 0.903125 0.31718750000000007 0.93125 0.3500000000000001 0.93125
19 0.2734375000000001 0.903515625 0.2468750000000001 0.903515625 0.2468750000000001 0.9328125 0.2734375000000001 0.9328125
19 0.2015625000000001 0.9078125 0.16875000000000012 0.9078125 0.16875000000000012 0.9328125 0.2015625000000001 0.9328125
19 0.30937500000000007 0.903515625 0.2804687500000001 0.903515625 0.2804687500000001 0.934375 0.30937500000000007 0.934375
19 0.2406250000000001 0.90625 0.2078125000000001 0.90625 0.2078125000000001 0.934375 0.2406250000000001 0.934375
19 0.7984375 0.16367187500000008 0.7734375 0.16367187500000008 0.7734375 0.2140625000000001 0.7984375 0.2140625000000001
19 0.7953125 0.21484375000000008 0.72421875 0.21484375000000008 0.72421875 0.2468750000000001 0.7953125 0.2468750000000001
19 0.7375 0.1984375000000001 0.7046875 0.1984375000000001 0.7046875 0.2671875000000001 0.7375 0.2671875000000001
19 0.7203125 0.21875000000000008 0.6484375 0.21875000000000008 0.6484375 0.2500000000000001 0.7203125 0.2500000000000001
19 0.8171875 0.2269531250000001 0.7671875 0.2269531250000001 0.7671875 0.25468750000000007 0.8171875 0.25468750000000007
19 0.54375 0.2984375000000001 0.4859375 0.2984375000000001 0.4859375 0.37187500000000007 0.54375 0.37187500000000007
19 0.484375 0.2984375000000001 0.43125 0.2984375000000001 0.43125 0.37187500000000007 0.484375 0.37187500000000007
19 0.4 0.31875000000000003 0.331640625 0.31875 0.331640625 0.35625000000000007 0.4 0.35625000000000007
19 0.60625 0.3105468750000001 0.5421875 0.3105468750000001 0.5421875 0.3625000000000001 0.60625 0.3625000000000001
19 0.3140625 0.317578125 0.2453125 0.317578125 0.2453125 0.3578125 0.3140625 0.3578125
19 0.3578125 0.317578125 0.2890625 0.317578125 0.2890625 0.3578125 0.3578125 0.3578125
19 0.2265625 0.31640625 0.15859375000000003 0.31640625 0.15859375000000003 0.3578125 0.2265625 0.3578125
19 0.428125 0.3042968750000001 0.389453125 0.3042968750000001 0.38945312500000007 0.3734375000000001 0.428125 0.3734375000000001
19 0.26875 0.32109375 0.202734375 0.32109375 0.202734375 0.359375 0.26875 0.359375
19 0.46875 0.406640625 0.446875 0.406640625 0.446875 0.471875 0.46875 0.471875
19 0.4609375 0.43046875 0.3976562500000001 0.43046875 0.3976562500000001 0.4515625 0.4609375 0.4515625
19 0.4953125 0.4109375 0.4734375 0.4109375 0.4734375 0.4734375 0.4953125 0.4734375
19 0.671875 0.416015625 0.6125 0.416015625 0.6125 0.46875 0.671875 0.46875
19 0.415625 0.4125 0.37968750000000007 0.4125 0.37968750000000007 0.4765625 0.415625 0.4765625
19 0.56875 0.4328125 0.508203125 0.4328125 0.508203125 0.45625 0.56875 0.45625
19 0.7234375 0.414453125 0.6703125 0.414453125 0.6703125 0.471875 0.7234375 0.471875
19 0.6109375 0.415625 0.559375 0.415625 0.559375 0.4734375 0.6109375 0.4734375
19 0.3734375000000001 0.4140625 0.3312500000000001 0.4140625 0.3312500000000001 0.4765625 0.3734375000000001 0.4765625
19 0.5390625 0.4328125 0.480859375 0.4328125 0.480859375 0.45625 0.5390625 0.45625
19 0.3265625000000001 0.4140625 0.2886718750000001 0.4140625 0.2886718750000001 0.478125 0.3265625000000001 0.478125
19 0.3390625000000001 0.51640625 0.28203125000000007 0.51640625 0.28203125000000007 0.5625 0.3390625000000001 0.5625
19 0.28593750000000007 0.5171875 0.2316406250000001 0.5171875 0.2316406250000001 0.56875 0.28593750000000007 0.56875
19 0.3671875000000001 0.5203125 0.3343750000000001 0.5203125 0.3343750000000001 0.565625 0.3671875000000001 0.565625
19 0.4 0.5203125 0.3687500000000001 0.5203125 0.3687500000000001 0.565625 0.4 0.565625
19 0.503125 0.523828125 0.4734375 0.523828125 0.4734375 0.5625 0.503125 0.5625
19 0.4359375 0.5203125 0.402734375 0.5203125 0.402734375 0.565625 0.4359375 0.565625
19 0.22656250000000008 0.51875 0.17148437500000005 0.51875 0.17148437500000008 0.571875 0.22656250000000008 0.571875
19 0.4765625 0.530078125 0.434375 0.530078125 0.434375 0.559375 0.4765625 0.559375
19 0.434375 0.6265625 0.38750000000000007 0.6265625 0.38750000000000007 0.6578125 0.434375 0.6578125
19 0.46875 0.62734375 0.42265625 0.62734375 0.42265625 0.659375 0.46875 0.659375
19 0.3906250000000001 0.6203125 0.3593750000000001 0.6203125 0.3593750000000001 0.665625 0.3906250000000001 0.665625
19 0.3296875000000001 0.62890625 0.28203125000000007 0.62890625 0.28203125000000007 0.659375 0.3296875000000001 0.659375
19 0.35625000000000007 0.6203125 0.3238281250000001 0.6203125 0.3238281250000001 0.66875 0.35625000000000007 0.66875
19 0.2890625000000001 0.625 0.2562500000000001 0.625 0.2562500000000001 0.6703125 0.2890625000000001 0.6703125
19 0.2515625000000001 0.625 0.21875000000000008 0.625 0.21875000000000008 0.6703125 0.2515625000000001 0.6703125
19 0.2218750000000001 0.63359375 0.17773437500000008 0.63359375 0.17773437500000008 0.6625 0.2218750000000001 0.6625
19 0.5312500000000002 0.72734375 0.47578125000000016 0.72734375 0.47578125000000016 0.76875 0.5312500000000002 0.76875
19 0.4781250000000002 0.72890625 0.4261718750000002 0.72890625 0.4261718750000002 0.771875 0.4781250000000002 0.771875
19 0.2375000000000001 0.722265625 0.1921875000000001 0.722265625 0.1921875000000001 0.7796875 0.2375000000000001 0.7796875
19 0.2796875000000001 0.7234375 0.2390625000000001 0.7234375 0.2390625000000001 0.7796875 0.2796875000000001 0.7796875
19 0.42656250000000007 0.723828125 0.3824218750000001 0.723828125 0.3824218750000001 0.778125 0.4265625000000002 0.778125
19 0.3296875000000001 0.7265625 0.28789062500000007 0.7265625 0.28789062500000007 0.7796875 0.3296875000000001 0.7796875
19 0.3812500000000001 0.732421875 0.3316406250000001 0.732421875 0.3316406250000001 0.7734375 0.3812500000000001 0.7734375
19 0.3734375 0.03945312500000005 0.3484375 0.03945312500000005 0.3484375 0.11250000000000004 0.3734375 0.11250000000000004
19 0.278125 0.06406250000000004 0.20625 0.06406250000000002 0.20625 0.08906250000000003 0.278125 0.08906250000000004
19 0.196875 0.041796875000000025 0.169140625 0.041796875000000025 0.169140625 0.11093750000000002 0.196875 0.11093750000000005
19 0.2265625 0.042187500000000024 0.2 0.042187500000000024 0.2 0.11250000000000004 0.2265625 0.11250000000000004