19 0.840625 0.2248132859375001 0.7759728765625 0.2248132859375001 0.7759728765625 0.2640625000000001 0.840625 0.2640625000000001
19 0.782527515625 0.21385121875000007 0.748722484375 0.21385121875000007 0.748722484375 0.2796875000000001 0.782527515625 0.2796875000000001
19 0.73879225625 0.21385121875000007 0.70027024375 0.21385121875000007 0.70027024375 0.2796875000000001 0.73879225625 0.2796875000000001
19 0.7078125 0.2318445359375001 0.6423005109375 0.2318445359375001 0.6423005109375 0.2640625000000001 0.7078125 0.2640625000000001
19 0.65625 0.2440005906250001 0.5915880515625 0.2440005906250001 0.5915880515625 0.34843750000000007 0.65625 0.34843750000000007
19 0.8890625 0.25660377343750007 0.8383795203125001 0.25660377343750007 0.8383795203125001 0.3437500000000001 0.8890625 0.3437500000000001
19 0.5796875 0.2676690250000001 0.5227348671875001 0.2676690250000001 0.5227348671875001 0.3515625000000001 0.5796875 0.3515625000000001
19 0.53125 0.2818985843750001 0.4492777125 0.2818985843750001 0.4492777125 0.3375000000000001 0.53125 0.3375000000000001
19 0.8529825078125001 0.2921875000000001 0.7861586093749999 0.2921875000000001 0.7861586093749999 0.3343750000000001 0.8529825078125001 0.3343750000000001
19 0.6984375 0.2812500000000001 0.6592472484375 0.2812500000000001 0.6592472484375 0.3453125000000001 0.6984375 0.3453125000000001
19 0.7890625 0.2798693015625001 0.753125 0.2798693015625001 0.753125 0.3466932000000001 0.7890625 0.3466932000000001
19 0.7421875 0.2814318000000001 0.706132075 0.2814318000000001 0.706132075 0.34825570000000006 0.7421875 0.34825570000000006
19 0.4625 0.3007321140625001 0.40296285468750004 0.3007321140625001 0.40296285468750004 0.3421875000000001 0.4625 0.3421875000000001
19 0.403125 0.29239386718750005 0.3643278296875 0.29239386718750005 0.3643278296875 0.3513561312500001 0.403125 0.3513561312500001
19 0.3046875 0.2921875 0.263536753125 0.2921875 0.263536753125 0.353125 0.3046875 0.353125
19 0.3578125 0.2929097875 0.3134286546875 0.2929097875 0.3134286546875 0.353125 0.3578125 0.353125
19 0.2578125000000001 0.3890674125 0.2163865953125001 0.3890674125 0.2163865953125001 0.4234375 0.2578125000000001 0.4234375
19 0.2078125000000001 0.3875 0.16802280000000006 0.3875 0.16802280000000006 0.429643278125 0.2078125000000001 0.429643278125
19 0.16406250000000006 0.3894310140625 0.12187500000000004 0.3894310140625 0.12187500000000004 0.4265625 0.16406250000000006 0.4265625
19 0.9921875 0.42187500000000017 0.9068248828125001 0.42187500000000017 0.9068248828125001 0.45763070000000017 0.9921875 0.45763070000000017
19 0.884375 0.3958529875000001 0.8537391890625001 0.3958529875000001 0.8537391890625001 0.4828125000000002 0.884375 0.4828125000000002
19 0.9265625 0.39815742968750006 0.895209315625 0.39815742968750006 0.895209315625 0.4859375000000002 0.9265625 0.4859375000000002
19 0.834375 0.42977102968750014 0.7468946546875 0.42977102968750014 0.7468946546875 0.45625000000000016 0.834375 0.45625000000000016
19 0.7953125 0.4245381296875001 0.7079009421875 0.42453812968750004 0.7079009421875 0.4609375000000001 0.7953125 0.46093750000000017
19 0.871875 0.42934355312500017 0.783367728125 0.42934355312500017 0.783367728125 0.4593750000000002 0.871875 0.4593750000000002
19 0.3281250000000001 0.3990222078125 0.2601120296875001 0.3990222078125 0.2601120296875001 0.4875 0.3281250000000001 0.4875
19 0.4843504328125 0.3974547953125001 0.4143818796875 0.3974547953125001 0.4143818796875 0.490625 0.4843504328125 0.490625
19 0.41875 0.40958628125 0.3281790484375001 0.40958628125 0.3281790484375001 0.478125 0.41875 0.478125
19 0.665625 0.4106918234375 0.6127211078125 0.4106918234375 0.6127211078125 0.4875 0.665625 0.4875
19 0.6171875 0.4265625 0.5382124593750001 0.4265625 0.5382124593750001 0.4734375 0.6171875 0.4734375
19 0.5497788921875 0.4122592375 0.49553360937499996 0.4122592375 0.49553360937499996 0.4875 0.5497788921875 0.4875
19 0.7375 0.4234375000000001 0.6583284203125 0.4234375 0.6583284203125 0.4765625000000001 0.7375 0.47656250000000017
19 0.11718750000000004 0.415625 0.04375000000000005 0.415625 0.04375000000000005 0.4890625 0.11718750000000004 0.4890625
19 0.2515625000000001 0.4359375 0.21531053437500008 0.4359375 0.21531053437500008 0.490625 0.2515625000000001 0.490625
19 0.2122838062500001 0.4359375 0.16904481250000006 0.4359375 0.16904481250000006 0.4890625 0.2122838062500001 0.4890625
19 0.16406250000000006 0.43530856875 0.12158018750000003 0.43530856875 0.12158018750000003 0.490625 0.16406250000000006 0.490625
19 0.3906250000000001 0.5618071921875 0.3573113218750001 0.5618071921875 0.3573113218750001 0.59375 0.3906250000000001 0.59375
19 0.3531250000000001 0.5591145828124999 0.3202830187500001 0.5591145828124999 0.3202830187500001 0.590625 0.3531250000000001 0.590625
19 0.4234375 0.559841784375 0.3952682781250001 0.559841784375 0.3952682781250001 0.5952191421874999 0.4234375 0.5952191421874999
19 0.2375000000000001 0.5532724046874999 0.1722779093750001 0.5532724046874999 0.1722779093750001 0.6359375 0.2375000000000001 0.6359375
19 0.3218750000000001 0.5650402890625 0.2352397796875001 0.5650402890625 0.2352397796875001 0.628125 0.3218750000000001 0.628125
19 0.17187500000000008 0.56252948125 0.08665978750000006 0.56252948125 0.08665978750000006 0.6296875 0.17187500000000008 0.6296875
19 0.08906250000000007 0.5552034203125 0.024400550000000066 0.5552034203125 0.02440055000000007 0.6390625 0.08906250000000009 0.6390625
19 0.6140625 0.5740222078125 0.55625 0.5740222078125 0.55625 0.6359375 0.6140625 0.6359375
19 0.4921875 0.5776876953125 0.42793828593749994 0.5776876953125 0.42793828593749994 0.63125 0.4921875 0.63125
19 0.9484375 0.5725923734375001 0.8862814468750001 0.5725923734375001 0.8862814468750001 0.6375000000000002 0.9484375 0.6375000000000002
19 0.8765625 0.5721992921875001 0.8178360859374999 0.5721992921875001 0.8178360859374999 0.6359375000000002 0.8765625 0.6359375000000002
19 0.7390625 0.5737716187500002 0.686880896875 0.57377161875 0.686880896875 0.6343750000000001 0.7390625 0.6343750000000001
19 0.5578125 0.5787784984375001 0.4938384421875 0.5787784984375001 0.4938384421875 0.6296875 0.5578125 0.6296875
19 0.684375 0.57918140625 0.6192216984375001 0.57918140625 0.6192216984375001 0.6328125 0.684375 0.6328125
19 0.8109375 0.5788325468750002 0.7447671 0.5788325468750002 0.7447671 0.6312500000000002 0.8109375 0.6312500000000002
19 0.3494889937500001 0.60429441875 0.31647012500000005 0.60429441875 0.31647012500000005 0.63125 0.3494889937500001 0.63125
19 0.425 0.6009777921875 0.3940939453125001 0.6009777921875 0.3940939453125001 0.6359375 0.425 0.6359375
19 0.3890625000000001 0.602181603125 0.3538030656250001 0.602181603125 0.3538030656250001 0.6375 0.3890625000000001 0.6375