19 0.22031250000000008 0.7625 0.1437500000000001 0.7625 0.1437500000000001 0.803125 0.22031250000000008 0.803125
19 0.3656250000000001 0.7515625 0.3234375000000001 0.7515625 0.3234375000000001 0.815625 0.3656250000000001 0.815625
19 0.5148437500000002 0.751171875 0.47656250000000017 0.751171875 0.47656250000000017 0.8140625 0.5148437500000002 0.8140625
19 0.3000000000000001 0.765625 0.23593750000000008 0.765625 0.23593750000000008 0.80625 0.3000000000000001 0.80625
19 0.478125 0.459375 0.39726562500000007 0.459375 0.39726562500000007 0.528125 0.478125 0.528125
19 0.3906250000000001 0.4609375 0.3097656250000001 0.4609375 0.3097656250000001 0.5296875 0.3906250000000001 0.5296875
19 0.55625 0.45234375 0.487890625 0.45234375 0.487890625 0.5375 0.55625 0.5375
19 0.14375000000000004 0.487109375 0.10195312500000005 0.487109375 0.10195312500000005 0.5265625 0.14375000000000004 0.5265625
19 0.19609375000000004 0.485546875 0.15781250000000005 0.485546875 0.15781250000000005 0.5296875 0.19609375000000004 0.5296875
19 0.3031250000000001 0.490625 0.2613281250000001 0.490625 0.2613281250000001 0.5265625 0.3031250000000001 0.5265625
19 0.2484375000000001 0.485546875 0.21093750000000008 0.485546875 0.21093750000000008 0.5328125 0.2484375000000001 0.5328125
19 0.37968750000000007 0.556640625 0.3000000000000001 0.556640625 0.3000000000000001 0.6140625 0.37968750000000007 0.6140625
19 0.2812500000000001 0.546875 0.22617187500000008 0.546875 0.22617187500000008 0.6265625 0.2812500000000001 0.6265625
19 0.4609375 0.559765625 0.3812500000000001 0.559765625 0.3812500000000001 0.6140625 0.4609375 0.6140625
19 0.1937500000000001 0.546875 0.1410156250000001 0.546875 0.1410156250000001 0.63125 0.1937500000000001 0.63125
19 0.546875 0.5609375 0.4671875 0.5609375 0.4671875 0.615625 0.546875 0.615625
19 0.24375000000000008 0.648046875 0.2019531250000001 0.648046875 0.2019531250000001 0.7125 0.24375000000000008 0.7125
19 0.3296875000000001 0.658984375 0.2714843750000001 0.658984375 0.2714843750000001 0.7015625 0.3296875000000001 0.7015625
19 0.48125 0.6609375 0.41875 0.6609375 0.41875 0.7015625 0.48125 0.7015625
19 0.625 0.648828125 0.587890625 0.648828125 0.587890625 0.713671875 0.625 0.713671875
19 0.3968750000000001 0.649609375 0.3539062500000001 0.649609375 0.3539062500000001 0.7109375 0.3968750000000001 0.7109375
19 0.55625 0.661328125 0.492578125 0.661328125 0.492578125 0.7 0.55625 0.7
19 0.18125000000000008 0.659375 0.11875000000000009 0.659375 0.11875000000000009 0.7046875 0.18125000000000008 0.7046875
19 0.6015625000000002 0.751171875 0.5375000000000002 0.751171875 0.5375000000000002 0.7890625 0.6015625000000002 0.7890625
19 0.4515625000000002 0.7609375 0.3890625000000001 0.7609375 0.3890625000000001 0.803125 0.4515625000000002 0.803125