19 0.2 0.12656250000000002 0.1796875 0.1265625 0.1796875 0.17500000000000002 0.2 0.17500000000000004
19 0.175 0.1296875 0.158203125 0.1296875 0.158203125 0.1765625 0.175 0.1765625
19 0.25 0.12968750000000004 0.2328125 0.12968750000000004 0.2328125 0.17500000000000004 0.25 0.17500000000000004
19 0.2234375 0.13125000000000003 0.206640625 0.13125000000000003 0.206640625 0.17656250000000004 0.2234375 0.17656250000000004
19 0.2890625 0.14609375000000005 0.244921875 0.14609375000000005 0.244921875 0.16562500000000005 0.2890625 0.16562500000000005
19 0.759375 0.1781250000000001 0.7109375 0.1781250000000001 0.7109375 0.21093750000000008 0.759375 0.21093750000000008
19 0.5734375 0.18398437500000006 0.519921875 0.18398437500000003 0.519921875 0.2156250000000001 0.5734375 0.2156250000000001
19 0.6140625 0.18515625000000008 0.558984375 0.18515625000000008 0.558984375 0.2171875000000001 0.6140625 0.2171875000000001
19 0.6953125 0.18554687500000008 0.6421875 0.18554687500000008 0.6421875 0.2171875000000001 0.6953125 0.2171875000000001
19 0.71875 0.1750000000000001 0.6890625 0.1750000000000001 0.6890625 0.22812500000000008 0.71875 0.22812500000000008
19 0.653125 0.18554687500000008 0.6 0.18554687500000008 0.6 0.2171875000000001 0.653125 0.2171875000000001
19 0.17968750000000006 0.19375 0.14101562500000003 0.19375 0.14101562500000003 0.2109375 0.17968750000000006 0.2109375
19 0.2390625 0.18320312500000005 0.221484375 0.18320312500000005 0.221484375 0.221875 0.2390625 0.221875
19 0.203125 0.19531250000000003 0.16367187500000005 0.1953125 0.16367187500000005 0.21328125 0.203125 0.21328125
19 0.215625 0.18437500000000004 0.19882812500000005 0.18437500000000004 0.19882812500000005 0.225 0.215625 0.225
19 0.28125 0.19414062500000004 0.24140625 0.19414062500000004 0.24140625 0.2140625 0.28125 0.2140625
19 0.4375 0.2890625000000001 0.387109375 0.2890625000000001 0.387109375 0.3117187500000001 0.4375 0.3117187500000001
19 0.5390625 0.2714843750000001 0.512109375 0.2714843750000001 0.512109375 0.3265625000000001 0.5390625 0.3265625000000001
19 0.4546875 0.2765625000000001 0.4296875 0.2765625000000001 0.4296875 0.32500000000000007 0.4546875 0.32500000000000007
19 0.56875 0.2718750000000001 0.54375 0.2718750000000001 0.54375 0.3296875000000001 0.56875 0.3296875000000001
19 0.6125 0.2890625000000001 0.5546875 0.2890625000000001 0.5546875 0.3156250000000001 0.6125 0.3156250000000001
19 0.640625 0.28789062500000007 0.58203125 0.28789062500000007 0.58203125 0.3140625000000001 0.640625 0.3140625000000001
19 0.5234375 0.28984375000000007 0.471484375 0.28984375000000007 0.471484375 0.3125000000000001 0.5234375 0.3125000000000001
19 0.4953125 0.2906250000000001 0.444921875 0.2906250000000001 0.444921875 0.3125000000000001 0.4953125 0.3125000000000001
19 0.3640625 0.29453125 0.31953125 0.29453125 0.31953125 0.32500000000000007 0.3640625 0.32500000000000007
19 0.334375 0.29609375 0.28671875 0.29609375 0.28671875 0.3265625 0.334375 0.3265625
19 0.3953125 0.29375000000000007 0.362890625 0.29375000000000007 0.362890625 0.3343750000000001 0.3953125 0.3343750000000001
19 0.4234375 0.3312500000000001 0.396484375 0.3312500000000001 0.39648437500000006 0.3984375000000001 0.4234375 0.3984375000000001
19 0.47265625 0.3511718750000001 0.4078125 0.3511718750000001 0.4078125 0.3750000000000001 0.47265625 0.3750000000000001
19 0.33437500000000003 0.349609375 0.27734375 0.349609375 0.27734375000000006 0.3796875 0.3343750000000001 0.3796875
19 0.36875 0.34843750000000007 0.3109375 0.3484375 0.31093750000000003 0.38125000000000003 0.3687500000000001 0.3812500000000001
19 0.5578125 0.3539062500000001 0.49140625 0.3539062500000001 0.49140625 0.3781250000000001 0.5578125 0.3781250000000001
19 0.4984375 0.3535156250000001 0.433984375 0.3535156250000001 0.433984375 0.37968750000000007 0.4984375 0.37968750000000007
19 0.64609375 0.3527343750000001 0.5796875 0.3527343750000001 0.5796875 0.3781250000000001 0.64609375 0.3781250000000001
19 0.5296875 0.3546875000000001 0.466015625 0.3546875000000001 0.466015625 0.3781250000000001 0.5296875 0.3781250000000001
19 0.5875 0.3519531250000001 0.5234375 0.3519531250000001 0.5234375 0.3781250000000001 0.5875 0.3781250000000001
19 0.5953125 0.3324218750000001 0.5703125 0.3324218750000001 0.5703125 0.3984375000000001 0.5953125 0.3984375000000001
19 0.39062500000000006 0.33906250000000004 0.3625 0.3390625 0.36250000000000004 0.39375000000000004 0.3906250000000001 0.3937500000000001
19 0.5375 0.481640625 0.5 0.481640625 0.5 0.5546875 0.5375 0.5546875
19 0.5171875 0.500390625 0.44296875 0.500390625 0.44296875 0.5359375 0.5171875 0.5359375
19 0.4765625 0.50234375 0.40546875 0.50234375 0.40546875 0.5375 0.4765625 0.5375
19 0.59375 0.521875 0.544921875 0.521875 0.544921875 0.5390625 0.59375 0.5390625
19 0.5984375 0.506640625 0.580859375 0.506640625 0.580859375 0.55625 0.5984375 0.55625
19 0.559375 0.506640625 0.5421875 0.506640625 0.5421875 0.5546875 0.559375 0.5546875
19 0.6390625 0.524609375 0.588671875 0.524609375 0.588671875 0.540625 0.6390625 0.540625
19 0.5859375 0.680078125 0.5 0.680078125 0.5 0.7125 0.5859375 0.7125
19 0.5921875000000001 0.6578125 0.559375 0.6578125 0.5593750000000001 0.7421875 0.5921875000000002 0.7421875
19 0.68125 0.684375 0.5984375 0.684375 0.5984375 0.7140625 0.68125 0.7140625
19 0.65 0.68515625 0.56640625 0.68515625 0.56640625 0.7140625 0.65 0.7140625
19 0.28593750000000007 0.49609375 0.20703125000000008 0.49609375 0.20703125000000008 0.5328125 0.28593750000000007 0.5328125
19 0.30156250000000007 0.4765625 0.2656250000000001 0.4765625 0.2656250000000001 0.553125 0.30156250000000007 0.553125
19 0.3421875000000001 0.4796875 0.30156250000000007 0.4796875 0.30156250000000007 0.55625 0.3421875000000001 0.55625
19 0.3781250000000001 0.48125 0.3437500000000001 0.48125 0.3437500000000001 0.55625 0.3781250000000001 0.55625
19 0.4359375 0.4984375 0.3593750000000001 0.4984375 0.3593750000000001 0.534375 0.4359375 0.534375