19 0.225 0.02595486093750002 0.0895833328125 0.02595486093750001 0.08958333281250001 0.10781250000000002 0.225 0.10781250000000005
19 0.2828125 2.976040545216824e-17 0.2032118046875 2.4886268615950397e-17 0.2032118046875 0.13593750000000004 0.2828125 0.13593750000000004
19 0.8046875 0.02291666562500009 0.7009548624999999 0.022916665625000082 0.7009548624999999 0.14843750000000008 0.8046875 0.14843750000000008
19 0.6140625 0.02968750000000007 0.534375 0.029687500000000068 0.534375 0.14531250000000007 0.6140625 0.1453125000000001
19 0.7125 0.04765624843750008 0.6019965265625 0.047656248437500076 0.6019965265625 0.13272569531250009 0.7125 0.13272569531250009
19 0.9078125 0.03767361093750011 0.8078125 0.0376736109375001 0.8078125 0.15138888906250011 0.9078125 0.15138888906250014
19 0.5203125 0.2504340281250001 0.446875 0.2504340281250001 0.446875 0.29375000000000007 0.5203125 0.29375000000000007
19 0.5546875 0.2375868046875001 0.512239584375 0.2375868046875001 0.512239584375 0.3139756953125001 0.5546875 0.3139756953125001
19 0.31562500000000004 0.2765625 0.25859375 0.2765625 0.25859375000000007 0.3890625 0.3156250000000001 0.3890625
19 0.4107638890625 0.30251736250000005 0.3 0.3025173625 0.3 0.36250000000000004 0.4107638890625 0.3625000000000001
19 0.4984375 0.3140625000000001 0.44947916718750003 0.3140625000000001 0.44947916718750003 0.3921875000000001 0.4984375 0.3921875000000001
19 0.5546875 0.3176215281250001 0.509375 0.3176215281250001 0.509375 0.3948784734375001 0.5546875 0.3948784734375001
19 0.6701388890625 0.3206597234375001 0.6111111109375 0.3206597234375001 0.6111111109375 0.3937500000000001 0.6701388890625 0.3937500000000001
19 0.740625 0.3312500000000001 0.665625 0.3312500000000001 0.665625 0.3871527781250001 0.740625 0.3871527781250001
19 0.7953125 0.32491319531250007 0.7390625 0.32491319531250007 0.7390625 0.39531250000000007 0.7953125 0.39531250000000007
19 0.84375 0.3505208328125001 0.80078125 0.3505208328125001 0.80078125 0.3982638890625001 0.84375 0.3982638890625001
19 0.459375 0.5052083328125 0.4185763890625 0.5052083328125 0.4185763890625 0.6041666671875 0.459375 0.6041666671875
19 0.5046875 0.50546875 0.4631944453125 0.50546875 0.4631944453125 0.609375 0.5046875 0.609375
19 0.5546875 0.50546875 0.5120659734374999 0.50546875 0.5120659734374999 0.609375 0.5546875 0.609375
19 0.3078125000000001 0.5255208328125 0.2237847234375001 0.5255208328125 0.2237847234375001 0.610590278125 0.3078125000000001 0.610590278125
19 0.40625 0.5272569453125 0.3241319453125001 0.5272569453125 0.3241319453125001 0.609375 0.40625 0.609375
19 0.2140625000000001 0.528125 0.12517361093750004 0.528125 0.12517361093750007 0.60625 0.2140625000000001 0.60625