19 0.9171875 0.13463541562500012 0.725260415625 0.1346354156250001 0.725260415625 0.2312500000000001 0.9171875 0.2312500000000001
19 0.9640625 0.0919270843750001 0.8730034718749999 0.0919270843750001 0.8730034718749999 0.2796875000000001 0.9640625 0.2796875000000001
19 0.5859375 0.09409722187500007 0.4978298625 0.09409722187500007 0.4978298625 0.2796875000000001 0.5859375 0.2796875000000001
19 0.81875 0.1447916656250001 0.6357638890625 0.1447916656250001 0.6357638890625 0.2375000000000001 0.81875 0.2375000000000001
19 0.675 0.09930555468750007 0.5862847234374999 0.09930555468750006 0.5862847234374999 0.2828125000000001 0.675 0.2828125000000001
19 0.10781250000000005 0.44427083281249996 5.44074853358357e-17 0.44427083281249996 5.705450839713459e-17 0.4875 0.10781250000000005 0.4875
19 0.12656250000000008 0.3875 0.04878472187500004 0.3875 0.048784721875000055 0.55 0.12656250000000008 0.55
19 0.9703125 0.44583333281250015 0.8084201390624999 0.44583333281250015 0.8084201390624999 0.5125000000000002 0.9703125 0.5125000000000002
19 1 0.44583333281250015 0.8771701375 0.44583333281250015 0.8771701375 0.5152777781250002 1 0.5152777781250002
19 0.23428819531250009 0.44600694374999994 0.09062500000000004 0.44600694374999994 0.09062500000000005 0.5171875 0.23428819531250009 0.5171875
19 0.30937500000000007 0.451128471875 0.16362847187500004 0.451128471875 0.16362847187500004 0.5171875 0.30937500000000007 0.5171875
19 0.4734375 0.4506076390625 0.3449652765625001 0.4506076390625 0.3449652765625001 0.53125 0.4734375 0.53125
19 0.37968750000000007 0.4537326390625 0.2649305546875001 0.4537326390625 0.2649305546875001 0.5328125 0.37968750000000007 0.5328125
19 0.684375 0.43914930625000004 0.6350694453125 0.43914930625000004 0.6350694453125 0.55 0.684375 0.55
19 0.5421875 0.471875 0.4296875 0.471875 0.4296875 0.5203125 0.5421875 0.5203125
19 0.5671875 0.4375 0.5171875 0.4375 0.5171875 0.55625 0.5671875 0.55625
19 0.625 0.4421875 0.5768229171875 0.4421875 0.5768229171875 0.553125 0.625 0.553125
19 0.8513020828125001 0.4828125000000002 0.8018229171875 0.4828125000000002 0.8018229171875 0.5531250000000002 0.8513020828125001 0.5531250000000002
19 0.7453125 0.49557291718750013 0.6782118046875001 0.4955729171875 0.6782118046875001 0.5406250000000001 0.7453125 0.5406250000000001
19 0.8078125 0.4939236093750002 0.7376736125 0.4939236093750002 0.7376736125 0.5421875000000002 0.8078125 0.5421875000000002