19 0.646875 0.3609915484375001 0.5782969734375001 0.3609915484375001 0.5782969734375001 0.46869595000000003 0.646875 0.46869595000000003
19 0.5703125 0.36347287656250005 0.5006240187500001 0.36347287656250005 0.5006240187500001 0.471875 0.5703125 0.471875
19 0.5109375 0.3987863609375001 0.4265625 0.3987863609375001 0.4265625 0.45625 0.5109375 0.45625
19 0.696875 0.5507468546875 0.6646668625000001 0.5507468546875 0.6646668625000001 0.5875 0.696875 0.5875
19 0.575 0.5658854171875001 0.49865860937499995 0.5658854171875001 0.49865860937499995 0.634375 0.575 0.634375
19 0.6609375 0.57220911875 0.5789848671875 0.57220911875 0.5789848671875 0.6390625 0.6609375 0.6390625
19 0.803125 0.5802869500000002 0.7557045984374999 0.5802869500000002 0.7557045984374999 0.6375000000000002 0.803125 0.6375000000000002
19 0.8578125 0.5816725625000002 0.8071196921875 0.5816725625000002 0.8071196921875 0.6390625000000002 0.8578125 0.6390625000000002
19 0.7578125 0.5870037359375001 0.6995872640624999 0.5870037359375 0.6995872640624999 0.6312500000000001 0.7578125 0.6312500000000002
19 0.91030365625 0.5802771234375002 0.86313384375 0.5802771234375002 0.86313384375 0.6406250000000002 0.91030365625 0.6406250000000002
19 0.701302084375 0.5974547953125 0.662780071875 0.5974547953125 0.662780071875 0.6375 0.701302084375 0.6375