19 0.509375 0.3390625000000001 0.4203125 0.3390625000000001 0.4203125 0.4234375 0.509375 0.4234375
19 0.41796875 0.33906250000000004 0.328125 0.3390625 0.32812500000000006 0.4234375 0.41796875 0.4234375
19 0.13046875000000005 0.346875 0.07031250000000004 0.346875 0.07031250000000004 0.42109375 0.13046875000000005 0.42109375
19 0.20000000000000004 0.346875 0.13750000000000004 0.346875 0.13750000000000004 0.42109375 0.2000000000000001 0.42109375
19 0.59375 0.35625000000000007 0.5140625 0.35625000000000007 0.5140625 0.4234375 0.59375 0.4234375
19 0.66953125 0.3578125000000001 0.59375 0.3578125000000001 0.59375 0.425 0.66953125 0.425
19 0.7484375 0.3578125000000001 0.671875 0.3578125000000001 0.671875 0.4242187500000001 0.7484375 0.4242187500000002
19 0.2617187500000001 0.36875 0.2062500000000001 0.36875 0.2062500000000001 0.421875 0.2617187500000001 0.421875
19 0.3195312500000001 0.36875 0.2656250000000001 0.36875 0.2656250000000001 0.421875 0.3195312500000001 0.421875
19 0.9484375 0.3703125000000001 0.85625 0.3703125000000001 0.85625 0.4242187500000002 0.9484375 0.4242187500000002
19 0.8015625 0.39531250000000007 0.753125 0.39531250000000007 0.753125 0.4226562500000002 0.8015625 0.4226562500000002
19 0.85078125 0.39531250000000007 0.8 0.39531250000000007 0.8 0.4226562500000002 0.85078125 0.4226562500000002
19 0.815625 0.46093750000000017 0.7265625 0.46093750000000017 0.7265625 0.5304687500000002 0.815625 0.5304687500000002
19 0.4515625 0.4734375 0.37968750000000007 0.4734375 0.37968750000000007 0.53203125 0.4515625 0.53203125
19 0.3750000000000001 0.4734375 0.30156250000000007 0.4734375 0.30156250000000007 0.53203125 0.3750000000000001 0.53203125
19 0.63046875 0.4765625 0.5484375 0.4765625 0.5484375 0.53203125 0.63046875 0.53203125
19 0.546875 0.4765625 0.4625 0.4765625 0.4625 0.53203125 0.546875 0.53203125
19 0.71640625 0.4765625 0.6359375 0.4765625 0.6359375 0.53046875 0.71640625 0.53046875
19 0.2328125000000001 0.4875 0.17656250000000004 0.4875 0.17656250000000004 0.5328125 0.2328125000000001 0.5328125
19 0.2960937500000001 0.4890625 0.23593750000000008 0.4890625 0.23593750000000008 0.534375 0.2960937500000001 0.534375
19 0.16875000000000004 0.490625 0.11250000000000004 0.490625 0.11250000000000004 0.53359375 0.16875000000000004 0.53359375