19 0.2734375 0.09031250000000003 0.2203125 0.09031250000000002 0.2203125 0.18593750000000003 0.2734375 0.18593750000000003
19 0.228125 0.11343750000000001 0.13125 0.1134375 0.13125 0.16875 0.228125 0.16875000000000004
19 0.4671875 0.11760416718750004 0.3859375 0.11760416718750004 0.3859375 0.16718750000000004 0.4671875 0.16718750000000004
19 0.145104165625 0.09531250000000001 0.08343749843750002 0.0953125 0.08343749843750002 0.1921875 0.14510416562500003 0.1921875
19 0.3546875 0.12067708437500005 0.2737499984375 0.12067708437500005 0.2737499984375 0.16718750000000004 0.3546875 0.16718750000000004
19 0.3921875 0.10312500000000005 0.3453645828125 0.10312500000000005 0.3453645828125 0.18593750000000003 0.3921875 0.18593750000000003
19 0.7421875 0.11562500000000009 0.696875 0.11562500000000009 0.696875 0.17343750000000008 0.7421875 0.17343750000000008
19 0.79375 0.11604166718750009 0.7515625 0.11604166718750009 0.7515625 0.1750000000000001 0.79375 0.1750000000000001
19 0.06817708281250003 0.1 0.01151041718750001 0.1 0.011510417187500017 0.196875 0.06817708281250003 0.196875
19 0.6765625 0.11885416562500009 0.6317708328125 0.11885416562500009 0.6317708328125 0.1765625000000001 0.6765625 0.1765625000000001
19 0.18281250000000004 0.264947915625 0.11229166718750005 0.264947915625 0.11229166718750005 0.35625 0.18281250000000004 0.35625
19 0.2734375 0.2811458328125 0.17708333281250005 0.2811458328125 0.17708333281250005 0.3421875 0.2734375 0.3421875
19 0.4578125 0.2828645828125001 0.3984375 0.2828645828125001 0.3984375 0.3561979171875001 0.4578125 0.3561979171875001
19 0.396875 0.29359375000000004 0.3232291671875 0.29359375 0.3232291671875 0.34687500000000004 0.396875 0.3468750000000001
19 0.3326562515625 0.2921875 0.2568229171875 0.2921875 0.2568229171875 0.35 0.3326562515625 0.35
19 0.8390625 0.2916145843750001 0.7514062499999999 0.2916145843750001 0.7514062499999999 0.3546875000000001 0.8390625 0.3546875000000001
19 0.999791665625 0.2917187500000001 0.9564583328125 0.2917187500000001 0.9564583328125 0.3546875000000001 0.999791665625 0.3546875000000001
19 0.9421875 0.2911979171875001 0.8570312515625 0.2911979171875001 0.8570312515625 0.3546875000000001 0.9421875 0.3546875000000001
19 0.6328125 0.3051041656250001 0.5747916671875 0.3051041656250001 0.5747916671875 0.3500000000000001 0.6328125 0.3500000000000001
19 0.5125 0.30156250000000007 0.46687500000000004 0.30156250000000007 0.46687500000000004 0.3578125000000001 0.5125 0.3578125000000001
19 0.5703125 0.3019791671875001 0.521458334375 0.3019791671875001 0.521458334375 0.3578125000000001 0.5703125 0.3578125000000001
19 0.7265625 0.3148437500000001 0.6941145843750001 0.3148437500000001 0.6941145843750001 0.3625000000000001 0.7265625 0.3625000000000001
19 0.675 0.3160937500000001 0.641770834375 0.3160937500000001 0.641770834375 0.3609375000000001 0.675 0.3609375000000001
19 0.46380208281249996 0.41276041562500004 0.3788020828125001 0.41276041562500004 0.3788020828125001 0.48859375 0.46380208281249996 0.48859375
19 0.55 0.41182291718749997 0.462604165625 0.41182291718749997 0.462604165625 0.4934895828125 0.55 0.4934895828125
19 0.09687500000000006 0.4285416671875 0.035729167187500056 0.4285416671875 0.035729167187500056 0.4859375 0.09687500000000007 0.4859375
19 0.2390625000000001 0.421875 0.17500000000000004 0.421875 0.17500000000000004 0.4921875 0.2390625000000001 0.4921875
19 0.3109375000000001 0.42854166562499996 0.2482812500000001 0.42854166562499996 0.2482812500000001 0.490625 0.3109375000000001 0.490625
19 0.3828125000000001 0.42984375 0.3187500000000001 0.42984375 0.3187500000000001 0.4890625 0.3828125000000001 0.4890625
19 0.17171875156250005 0.43197916718749996 0.10505208437500005 0.43197916718749996 0.10505208437500005 0.490625 0.17171875156250005 0.490625
19 0.7791666671875 0.43781250000000016 0.7333333328125 0.43781250000000016 0.7333333328125 0.4937500000000002 0.7791666671875 0.4937500000000002
19 0.721875 0.438229165625 0.674947915625 0.438229165625 0.674947915625 0.49375 0.721875 0.49375
19 0.60765625 0.4411979171875 0.56015625 0.4411979171875 0.56015625 0.4921875 0.60765625 0.4921875
19 0.6671875 0.4434375015625 0.6148958328125 0.4434375015625 0.6148958328125 0.4890625 0.6671875 0.4890625
19 0.840625 0.4403125000000002 0.790572915625 0.4403125000000002 0.790572915625 0.4984375000000002 0.840625 0.4984375000000002
19 0.90625 0.4459895828125002 0.8473958328125001 0.4459895828125002 0.8473958328125001 0.49348958281250016 0.90625 0.49348958281250016
19 1 0.4396875000000001 0.98015625 0.4396875000000001 0.98015625 0.4984375000000002 1 0.4984375000000002
19 0.965625 0.44375000156250016 0.9078645828124999 0.44375000156250016 0.9078645828124999 0.49531250000000016 0.965625 0.49531250000000016