19 0.7390625000000002 0.8972783906249999 0.6828125000000002 0.8972783906249999 0.6828125000000002 0.93125 0.7390625000000002 0.93125
19 0.6078125000000002 0.896875 0.5606464453125002 0.896875 0.5606464453125002 0.9359375 0.6078125000000002 0.9359375
19 0.6734272875000002 0.8988408906249999 0.6203227125000002 0.8988408906249999 0.6203227125000002 0.9328125 0.6734272875000002 0.9328125
19 0.07500000000000011 0.9 1.1021821192326179e-16 0.9 1.1481063742006435e-16 0.975 0.07500000000000011 0.975
19 0.16093750000000012 0.90244076875 0.0798866421875001 0.90244076875 0.0798866421875001 0.9765625 0.16093750000000012 0.9765625
19 0.5171875000000001 0.8976511453124999 0.43883272031250015 0.8976511453124999 0.43883272031250015 0.98125 0.5171875000000001 0.98125
19 0.2500000000000001 0.9015625 0.1700878265625001 0.9015625 0.17008782656250013 0.9765625 0.2500000000000001 0.9765625
19 0.3312500000000001 0.9027471406249999 0.2591656453125001 0.9027471406249999 0.2591656453125001 0.9796875 0.3312500000000001 0.9796875
19 0.4203125000000002 0.905014296875 0.3431883171875001 0.905014296875 0.3431883171875001 0.979360703125 0.4203125000000002 0.979360703125
19 0.5718750000000001 0.937111928125 0.5341962828125002 0.937111928125 0.5341962828125002 0.9859375 0.5718750000000001 0.9859375
19 0.6281250000000002 0.94375 0.5817759406250003 0.94375 0.5817759406250003 0.98125 0.6281250000000002 0.98125
19 0.7593750000000001 0.944771240625 0.7026092734375002 0.944771240625 0.7026092734375002 0.98125 0.7593750000000001 0.98125
19 0.6854677296875001 0.9373161765625 0.6462520421875002 0.9373161765625 0.6462520421875002 0.9890625 0.6854677296875001 0.9890625
19 0.5453125000000001 0.6625 0.4402471390625 0.6625 0.4402471390625001 0.752573528125 0.5453125000000002 0.752573528125
19 0.64375 0.6606924015625 0.559012459375 0.6606924015625 0.5590124593750001 0.759375 0.6437500000000002 0.759375
19 0.8890625 0.6671875000000002 0.7796875 0.6671875000000002 0.7796875000000001 0.7625000000000002 0.8890625 0.7625000000000002
19 0.99375 0.6641237750000002 0.903125 0.6641237750000002 0.903125 0.7670649500000002 0.99375 0.7670649500000002
19 0.7734375000000001 0.6703125000000001 0.6623774499999999 0.6703125 0.66237745 0.7609375 0.7734375000000002 0.7609375000000002
19 0.44818219062500014 0.6799428109375001 0.3705678093750001 0.6799428109375001 0.3705678093750001 0.75625 0.4481821906250002 0.75625
19 0.3656250000000001 0.6796875 0.29375000000000007 0.6796875 0.29375000000000007 0.759375 0.3656250000000001 0.759375
19 0.2828125000000001 0.6999029828125 0.2140625000000001 0.6999029828125 0.2140625000000001 0.75625 0.2828125000000001 0.75625
19 0.2078125000000001 0.7013939953125 0.15000000000000008 0.7013939953125 0.15000000000000008 0.7609375 0.2078125000000001 0.7609375
19 0.08125000000000009 0.6990298203124999 0.019566993750000084 0.6990298203124999 0.019566993750000088 0.7609375 0.08125000000000009 0.7609375
19 0.1437500000000001 0.7005667890625 0.08658088437500008 0.7005667890625 0.08658088437500008 0.7609375 0.1437500000000001 0.7609375