19 0.5640625 0.59375 0.421875 0.59375 0.421875 0.6671875 0.5640625 0.6671875
19 0.6078125 0.555859375 0.532421875 0.555859375 0.532421875 0.6984375 0.6078125 0.6984375
19 0.6765625 0.578125 0.6140625 0.578125 0.6140625 0.7078125 0.6765625 0.7078125
19 0.14843750000000008 0.589453125 0.07500000000000007 0.589453125 0.07500000000000008 0.7015625 0.14843750000000008 0.7015625
19 0.6109375 0.057812500000000065 0.4546875 0.057812500000000065 0.4546875 0.09843750000000007 0.6109375 0.09843750000000007
19 0.60625 7.168489173915269e-17 0.564453125 6.912557127999709e-17 0.564453125 0.15781250000000008 0.60625 0.15781250000000008
19 0.1859375000000001 0.81796875 0.0242187500000001 0.81796875 0.0242187500000001 0.865625 0.1859375000000001 0.865625
19 0.3281250000000001 0.8359375 0.1964843750000001 0.8359375 0.1964843750000001 0.8859375 0.3281250000000001 0.8859375
19 0.34843750000000007 0.8 0.2953125000000001 0.8 0.2953125000000001 0.9234375 0.34843750000000007 0.9234375
19 0.44062500000000016 0.8359375 0.3140625000000001 0.8359375 0.3140625000000001 0.8875 0.44062500000000016 0.8875
19 0.2593750000000001 0.855859375 0.1625000000000001 0.855859375 0.1625000000000001 0.896875 0.2593750000000001 0.896875
19 0.21093750000000008 0.855078125 0.1160156250000001 0.855078125 0.1160156250000001 0.899609375 0.21093750000000008 0.899609375
19 0.46093750000000017 0.876953125 0.4027343750000002 0.876953125 0.4027343750000002 0.912109375 0.46093750000000017 0.912109375
19 0.49218750000000017 0.865625 0.45429687500000016 0.865625 0.45429687500000016 0.9265625 0.49218750000000017 0.9265625
19 0.3859375 0.03906250000000004 0.3484375 0.03906250000000004 0.3484375 0.15625000000000006 0.3859375 0.15625000000000006
19 0.3828125 0.08125000000000003 0.260546875 0.08125000000000002 0.260546875 0.11875000000000005 0.3828125 0.11875000000000005