19 0.953125 0.5953125000000001 0.880078125 0.5953125000000001 0.880078125 0.6562500000000002 0.953125 0.6562500000000002
19 0.7890625 0.5902343750000002 0.730078125 0.5902343750000002 0.730078125 0.6625000000000002 0.7890625 0.6625000000000002
19 0.86875 0.5906250000000002 0.8078125 0.5906250000000002 0.8078125 0.6640625000000002 0.86875 0.6640625000000002
19 0.7171875 0.5921875 0.654296875 0.5921875 0.654296875 0.66171875 0.7171875 0.66171875
19 0.640625 0.6078125 0.596484375 0.6078125 0.596484375 0.66171875 0.640625 0.66171875
19 0.3375000000000001 0.6140625 0.2890625000000001 0.6140625 0.2890625000000001 0.659375 0.3375000000000001 0.659375
19 0.4625 0.612890625 0.409765625 0.612890625 0.409765625 0.65625 0.4625 0.65625
19 0.51875 0.6109375 0.4734375 0.6109375 0.4734375 0.6625 0.51875 0.6625
19 0.3984375000000001 0.6140625 0.3449218750000001 0.6140625 0.3449218750000001 0.659375 0.3984375000000001 0.659375
19 0.5796875 0.6078125 0.534765625 0.6078125 0.534765625 0.6625 0.5796875 0.6625
19 0.1312500000000001 0.63125 0.08164062500000006 0.63125 0.08164062500000008 0.6578125 0.1312500000000001 0.6578125
19 0.18125000000000008 0.63125 0.1359375000000001 0.63125 0.1359375000000001 0.6578125 0.18125000000000008 0.6578125
19 0.2218750000000001 0.622265625 0.1945312500000001 0.622265625 0.1945312500000001 0.6671875 0.2218750000000001 0.6671875
19 0.27031250000000007 0.622265625 0.2429687500000001 0.622265625 0.2429687500000001 0.6671875 0.27031250000000007 0.6671875