19 0.13593750000000002 0.1484375 0.09375000000000003 0.1484375 0.09375000000000003 0.21796875 0.13593750000000004 0.21796875
19 0.17968750000000003 0.15 0.1375 0.15 0.1375 0.21484375 0.17968750000000006 0.21484375
19 0.21796875 0.153125 0.1796875 0.153125 0.17968750000000003 0.2140625 0.21796875 0.2140625
19 0.26484375 0.15000000000000005 0.2265625 0.15000000000000005 0.2265625 0.21875 0.26484375 0.21875
19 0.18203125000000003 0.2203125 0.14375000000000004 0.2203125 0.14375000000000004 0.28515625 0.18203125000000003 0.28515625
19 0.2703125 0.21875 0.2328125 0.21875 0.2328125 0.28515625 0.2703125 0.28515625
19 0.225 0.221875 0.18437500000000004 0.221875 0.18437500000000004 0.28671875 0.225 0.28671875
19 0.13828125000000005 0.2203125 0.10000000000000005 0.2203125 0.10000000000000005 0.28671875 0.13828125000000005 0.28671875
19 0.5546875 0.3140625000000001 0.5171875 0.3140625000000001 0.5171875 0.3648437500000001 0.5546875 0.3648437500000001
19 0.509375 0.31718750000000007 0.46875 0.31718750000000007 0.46875 0.3656250000000001 0.509375 0.3656250000000001
19 0.60625 0.3156250000000001 0.5640625 0.3156250000000001 0.5640625 0.3687500000000001 0.60625 0.3687500000000001
19 0.52734375 0.0015625000000000604 0.4609375 0.0015625000000000562 0.4609375 0.07109375000000007 0.52734375 0.07109375000000007
19 0.44765625 5.123424694870372e-17 0.3890625 4.7646414529326714e-17 0.3890625 0.07187500000000005 0.44765625 0.07187500000000005
19 0.73984375 0.3281250000000001 0.6796875 0.3281250000000001 0.6796875 0.4257812500000001 0.73984375 0.42578125000000017
19 0.17968750000000006 0.3296875 0.10312500000000005 0.3296875 0.10312500000000005 0.42578125 0.17968750000000006 0.42578125
19 0.26250000000000007 0.33125 0.18437500000000004 0.33125 0.18437500000000004 0.425 0.26250000000000007 0.425
19 0.678125 0.3296875000000001 0.6140625 0.3296875000000001 0.6140625 0.428125 0.678125 0.428125
19 0.33828125000000003 0.3328125 0.2625 0.3328125 0.26250000000000007 0.42421875 0.3382812500000001 0.42421875
19 0.81015625 0.3296875000000001 0.74375 0.3296875000000001 0.74375 0.4281250000000002 0.81015625 0.4281250000000002
19 0.403125 0.35468750000000004 0.3421875 0.3546875 0.34218750000000003 0.42421875 0.403125 0.42421875
19 0.4703125 0.35625000000000007 0.4078125 0.35625000000000007 0.4078125 0.42734375 0.4703125 0.42734375
19 0.3859375 0.007812500000000045 0.3390625 0.007812500000000042 0.3390625 0.07265625000000005 0.3859375 0.07265625000000005
19 0.5125 0.37187500000000007 0.475 0.37187500000000007 0.475 0.4234375 0.5125 0.4234375
19 0.60390625 0.3687500000000001 0.5609375 0.3687500000000001 0.5609375 0.42421875 0.60390625 0.42421875
19 0.55625 0.3703125000000001 0.5140625 0.3703125000000001 0.5140625 0.42578125 0.55625 0.42578125
19 0.5796875 0.4515625 0.5421875 0.4515625 0.5421875 0.4828125 0.5796875 0.4828125
19 0.48671875 0.4515625 0.459375 0.4515625 0.459375 0.4828125 0.48671875 0.4828125
19 0.534375 0.4546875 0.4984375 0.4546875 0.4984375 0.48203125 0.534375 0.48203125
19 0.6203125 0.4546875 0.5828125 0.4546875 0.5828125 0.484375 0.6203125 0.484375
19 0.409375 0.453125 0.3734375000000001 0.453125 0.3734375000000001 0.484375 0.409375 0.484375
19 0.453125 0.45625 0.415625 0.45625 0.415625 0.4828125 0.453125 0.4828125
19 0.28515625 0.026562500000000034 0.2421875 0.026562500000000034 0.2421875 0.07187500000000004 0.28515625 0.07187500000000005
19 0.7046875 0.4796875 0.6734375 0.4796875 0.6734375 0.50390625 0.7046875 0.50390625
19 0.7390625 0.48125000000000007 0.7078125 0.48125 0.7078125 0.5054687500000001 0.7390625 0.5054687500000001
19 0.77734375 0.4828125000000002 0.75 0.4828125000000002 0.75 0.5093750000000001 0.77734375 0.5093750000000001
19 0.33046875 0.03125000000000004 0.2875 0.031250000000000035 0.2875 0.07187500000000005 0.33046875 0.07187500000000005
19 0.17500000000000007 0.484375 0.12343750000000005 0.484375 0.12343750000000006 0.55078125 0.1750000000000001 0.55078125
19 0.2335937500000001 0.484375 0.18437500000000004 0.484375 0.18437500000000007 0.54921875 0.2335937500000001 0.54921875
19 0.2882812500000001 0.484375 0.2390625000000001 0.484375 0.2390625000000001 0.55078125 0.2882812500000001 0.55078125
19 0.3414062500000001 0.484375 0.2921875000000001 0.484375 0.2921875000000001 0.5515625 0.3414062500000001 0.5515625
19 0.484375 0.496875 0.44375 0.496875 0.44375 0.55234375 0.484375 0.55234375
19 0.3960937500000001 0.496875 0.3578125000000001 0.496875 0.3578125000000001 0.55234375 0.3960937500000001 0.55234375
19 0.4390625 0.4984375 0.4015625 0.4984375 0.4015625 0.55234375 0.4390625 0.55234375
19 0.53046875 0.5 0.4921875 0.5 0.4921875 0.553125 0.53046875 0.553125
19 0.66484375 0.496875 0.6265625 0.496875 0.6265625 0.55234375 0.66484375 0.55234375
19 0.61953125 0.496875 0.5796875 0.496875 0.5796875 0.55234375 0.61953125 0.55234375
19 0.5734375 0.5015625 0.5359375 0.5015625 0.5359375 0.553125 0.5734375 0.553125
19 0.7015625 0.5203125 0.66875 0.5203125 0.66875 0.54765625 0.7015625 0.54765625
19 0.74140625 0.5218750000000001 0.70625 0.521875 0.70625 0.5507812500000001 0.74140625 0.5507812500000002
19 0.7796875 0.5234375000000002 0.7484375 0.5234375000000002 0.7484375 0.5523437500000001 0.7796875 0.5523437500000001
19 0.61875 0.5828125 0.55625 0.5828125 0.55625 0.665625 0.61875 0.665625
19 0.47890625 0.5828125 0.409375 0.5828125 0.409375 0.66484375 0.47890625 0.66484375
19 0.4078125 0.584375 0.3343750000000001 0.584375 0.3343750000000001 0.66484375 0.4078125 0.66484375
19 0.54765625 0.5859375 0.4890625 0.5859375 0.4890625 0.665625 0.54765625 0.665625
19 0.2617187500000001 0.584375 0.20312500000000008 0.584375 0.20312500000000008 0.66875 0.2617187500000001 0.66875
19 0.1937500000000001 0.5859375 0.1375000000000001 0.5859375 0.1375000000000001 0.6703125 0.1937500000000001 0.6703125
19 0.3226562500000001 0.5859375 0.2671875000000001 0.5859375 0.2671875000000001 0.66875 0.3226562500000001 0.66875
19 0.73203125 0.6031250000000001 0.678125 0.603125 0.678125 0.6679687500000001 0.73203125 0.6679687500000002
19 0.79375 0.6031250000000001 0.7359375 0.6031250000000001 0.7359375 0.6679687500000002 0.79375 0.6679687500000002
19 0.678125 0.6 0.621875 0.6 0.621875 0.6734375 0.678125 0.6734375
19 0.6625000000000001 0.7171875 0.6 0.7171875 0.6000000000000001 0.78203125 0.6625000000000002 0.78203125
19 0.7500000000000001 0.7171875000000001 0.6890625 0.7171875 0.6890625000000001 0.7820312500000001 0.7500000000000002 0.7820312500000002