19 0.08437500000000003 0.2125 0.035937500000000025 0.2125 0.03593750000000004 0.4171875 0.08437500000000005 0.4171875
19 0.13281250000000006 0.2125 0.08750000000000002 0.2125 0.08750000000000004 0.4171875 0.13281250000000006 0.4171875
19 0.2609375 0.29765625 0.05898437500000005 0.29765625 0.05898437500000005 0.3390625 0.2609375 0.3390625
19 0.4703125 0.2250000000000001 0.409375 0.2250000000000001 0.409375 0.428125 0.4703125 0.428125
19 0.528125 0.25273437500000007 0.473828125 0.25273437500000007 0.473828125 0.4328125 0.528125 0.4328125
19 0.640625 0.2562500000000001 0.5875 0.2562500000000001 0.5875 0.4328125 0.640625 0.4328125
19 0.6453125 0.3203125000000001 0.469921875 0.3203125000000001 0.469921875 0.3710937500000001 0.6453125 0.3710937500000001
19 0.28125000000000006 0.331640625 0.13437500000000005 0.331640625 0.13437500000000005 0.36875 0.2812500000000001 0.36875
19 0.73125 0.3539062500000001 0.59609375 0.3539062500000001 0.59609375 0.3906250000000001 0.73125 0.3906250000000001
19 0.8609375 0.3066406250000001 0.8046875 0.3066406250000001 0.8046875 0.4437500000000002 0.8609375 0.4437500000000002
19 0.7171875 0.3511718750000001 0.682421875 0.3511718750000001 0.682421875 0.4359375 0.7171875 0.4359375
19 0.7578125 0.3535156250000001 0.721875 0.3535156250000001 0.721875 0.4390625000000001 0.7578125 0.4390625000000002
19 0.8203125 0.3843750000000001 0.7375 0.3843750000000001 0.7375 0.4203125000000002 0.8203125 0.4203125000000002
19 0.12968750000000007 0.4796875 0.05312500000000007 0.4796875 0.053125000000000075 0.6421875 0.1296875000000001 0.6421875
19 0.2500000000000001 0.52421875 0.08515625000000007 0.52421875 0.08515625000000007 0.6 0.2500000000000001 0.6
19 0.32500000000000007 0.528125 0.16406250000000006 0.528125 0.16406250000000006 0.6015625 0.32500000000000007 0.6015625
19 0.3531250000000001 0.4875 0.2843750000000001 0.4875 0.2843750000000001 0.6484375 0.3531250000000001 0.6484375
19 0.46875 0.5328125 0.3125000000000001 0.5328125 0.3125000000000001 0.6015625 0.46875 0.6015625
19 0.4796875 0.4921875 0.430078125 0.4921875 0.430078125 0.653125 0.4796875 0.653125
19 0.5328125 0.490625 0.483203125 0.490625 0.483203125 0.653125 0.5328125 0.653125
19 0.7140625 0.559375 0.5890625 0.559375 0.5890625 0.615625 0.7140625 0.615625
19 0.78125 0.5562500000000001 0.658984375 0.55625 0.658984375 0.6156250000000001 0.78125 0.6156250000000002
19 0.615625 0.5359375 0.578515625 0.5359375 0.578515625 0.65625 0.615625 0.65625
19 0.575 0.537890625 0.5375 0.537890625 0.5375 0.653125 0.575 0.653125