19 0.3375 0.296875 0.2921875 0.296875 0.29218750000000004 0.4234375 0.3375000000000001 0.4234375
19 0.2515625 0.361328125 0.16601562500000006 0.361328125 0.16601562500000006 0.4 0.2515625000000001 0.4
19 0.76171875 0.5121093750000001 0.61875 0.512109375 0.61875 0.5671875000000001 0.76171875 0.5671875000000002
19 0.56875 0.480859375 0.4890625 0.480859375 0.4890625 0.6078125 0.56875 0.6078125
19 0.865625 0.5191406250000001 0.7640625 0.5191406250000001 0.7640625 0.5796875000000001 0.865625 0.5796875000000001
19 0.78125 0.5281250000000001 0.725 0.528125 0.725 0.6062500000000001 0.78125 0.6062500000000002
19 0.6484375 0.5234375 0.573046875 0.5234375 0.573046875 0.6125 0.6484375 0.6125
19 0.17500000000000007 0.516015625 0.09531250000000006 0.516015625 0.09531250000000006 0.6203125 0.1750000000000001 0.6203125
19 0.10156250000000007 0.52734375 6.45809835487862e-17 0.52734375 6.969962446709741e-17 0.6109375 0.10156250000000008 0.6109375
19 0.9015625 0.5531250000000002 0.8453125 0.5531250000000002 0.8453125 0.6000000000000002 0.9015625 0.6000000000000002
19 0.3265625000000001 0.555859375 0.2453125000000001 0.555859375 0.2453125000000001 0.6 0.3265625000000001 0.6
19 0.2593750000000001 0.5359375 0.18476562500000004 0.5359375 0.18476562500000007 0.625 0.2593750000000001 0.625