19 0.1680482 0.07750264687500001 9.491336842091636e-18 0.077502646875 1.4313221539384515e-17 0.15625 0.1680482 0.15625
19 0.5890625 0.07812500000000006 0.3772775421875 0.07812500000000004 0.3772775421875 0.16406250000000006 0.5890625 0.16406250000000008
19 0.1921875 0.010368114062500017 0.0984375 0.010368114062500012 0.09843750000000001 0.2328125 0.19218750000000004 0.2328125
19 0.4921875 0.08375264843750005 0.28448093281250003 0.08375264843750005 0.28448093281250003 0.17187500000000006 0.4921875 0.17187500000000006
19 0.3453125 0.07617849531250005 0.2765625 0.07617849531250005 0.2765625 0.2296875 0.3453125 0.2296875
19 0.26875 0.07665519062500002 0.19835805 0.07665519062500002 0.19835805 0.2328125 0.26875 0.2328125
19 0.59375 0.07934322031250006 0.5293167375000001 0.07934322031250006 0.5293167375000001 0.2312500000000001 0.59375 0.2312500000000001
19 0.6590836859375 0.1441207625000001 0.6065413140625 0.1441207625000001 0.6065413140625 0.2234375000000001 0.6590836859375 0.2234375000000001
19 0.7421875 0.1609375000000001 0.6548066734375 0.1609375000000001 0.6548066734375 0.21250000000000008 0.7421875 0.21250000000000008
19 0.4625 0.386334746875 0.3537605921875001 0.38633474687499997 0.3537605921875001 0.55 0.4625 0.55
19 0.58125 0.3968750000000001 0.47582097343749996 0.3968750000000001 0.47582097343749996 0.553125 0.58125 0.553125
19 0.6859375 0.3946901500000001 0.5915121828125 0.3946901500000001 0.5915121828125 0.5578125 0.6859375 0.5578125
19 0.3468750000000001 0.402025953125 0.24627913281250008 0.402025953125 0.24627913281250008 0.55625 0.3468750000000001 0.55625
19 0.2515625000000001 0.67954184375 0.13336864375000007 0.67954184375 0.13336864375000007 0.8859375 0.2515625000000001 0.8859375
19 0.3703125000000001 0.708501059375 0.2726827343750001 0.708501059375 0.2726827343750001 0.882229871875 0.3703125000000001 0.882229871875