19 0.7828125 0.1140625000000001 0.711328125 0.1140625000000001 0.711328125 0.16406250000000008 0.7828125 0.16406250000000008
19 0.8421875 0.1140625000000001 0.773828125 0.1140625000000001 0.773828125 0.1671875000000001 0.8421875 0.1671875000000001
19 0.7140625 0.11250000000000009 0.646875 0.11250000000000009 0.646875 0.1765625000000001 0.7140625 0.1765625000000001
19 0.8875 0.1140625000000001 0.834375 0.1140625000000001 0.834375 0.1765625000000001 0.8875 0.1765625000000001
19 0.7234375 0.2312500000000001 0.686328125 0.2312500000000001 0.686328125 0.3140625000000001 0.7234375 0.3140625000000001
19 0.6796875 0.2332031250000001 0.642578125 0.2332031250000001 0.642578125 0.31718750000000007 0.6796875 0.31718750000000007
19 0.9671875 0.2710937500000001 0.90546875 0.2710937500000001 0.90546875 0.3000000000000001 0.9671875 0.3000000000000001
19 0.8765625 0.2679687500000001 0.81484375 0.2679687500000001 0.81484375 0.3031250000000001 0.8765625 0.3031250000000001
19 0.90625 0.2562500000000001 0.872265625 0.2562500000000001 0.872265625 0.3187500000000001 0.90625 0.3187500000000001
19 0.721875 0.3812500000000001 0.687890625 0.3812500000000001 0.687890625 0.4109375 0.721875 0.4109375
19 0.7625 0.3765625000000001 0.732421875 0.3765625000000001 0.732421875 0.4164062500000002 0.7625 0.4164062500000002
19 0.6828125 0.3847656250000001 0.650390625 0.3847656250000001 0.650390625 0.4109375 0.6828125 0.4109375
19 0.17500000000000004 0.37421875 0.07695312500000004 0.37421875 0.07695312500000004 0.4390625 0.17500000000000004 0.4390625
19 0.22812500000000005 0.358203125 0.16406250000000006 0.358203125 0.16406250000000006 0.4578125 0.22812500000000008 0.4578125
19 0.09062500000000005 0.358203125 0.025000000000000043 0.358203125 0.02500000000000005 0.4578125 0.09062500000000007 0.4578125
19 0.5265625 0.3898437500000001 0.45390625 0.3898437500000001 0.45390625 0.4421875 0.5265625 0.4421875
19 0.459375 0.37968750000000007 0.4078125 0.37968750000000007 0.4078125 0.45625 0.459375 0.45625
19 0.4140625 0.39140625000000007 0.3382812500000001 0.39140625 0.3382812500000001 0.44375 0.4140625 0.44375
19 0.3468750000000001 0.380078125 0.29375000000000007 0.380078125 0.29375000000000007 0.4546875 0.3468750000000001 0.4546875
19 0.2875000000000001 0.3796875 0.2347656250000001 0.3796875 0.2347656250000001 0.45625 0.2875000000000001 0.45625
19 0.6546875 0.3968750000000001 0.610546875 0.3968750000000001 0.610546875 0.453125 0.6546875 0.453125
19 0.5640625 0.3984375000000001 0.5171875 0.3984375000000001 0.5171875 0.4546875 0.5640625 0.4546875
19 0.609375 0.3984375000000001 0.566015625 0.3984375000000001 0.566015625 0.45625 0.609375 0.45625
19 0.775 0.41601562500000017 0.7375 0.41601562500000017 0.7375 0.44843750000000016 0.775 0.44843750000000016
19 0.69375 0.415625 0.6546875 0.415625 0.6546875 0.45 0.69375 0.45
19 0.734375 0.4132812500000001 0.698828125 0.41328125 0.698828125 0.4531250000000001 0.734375 0.45312500000000017
19 0.684375 0.4828125 0.634765625 0.4828125 0.634765625 0.5546875 0.684375 0.5546875
19 0.3453125000000001 0.4796875 0.2718750000000001 0.4796875 0.2718750000000001 0.55625 0.3453125000000001 0.55625
19 0.2671875000000001 0.483203125 0.19843750000000004 0.483203125 0.19843750000000007 0.55625 0.2671875000000001 0.55625
19 0.7515625 0.4933593750000001 0.6828125 0.493359375 0.6828125 0.5437500000000001 0.7515625 0.5437500000000002
19 0.640625 0.49609375 0.56953125 0.49609375 0.56953125 0.54375 0.640625 0.54375
19 0.19375000000000006 0.482421875 0.11406250000000004 0.482421875 0.11406250000000007 0.5578125 0.1937500000000001 0.5578125
19 0.790625 0.4968750000000002 0.7484375 0.4968750000000002 0.7484375 0.5531250000000002 0.790625 0.5531250000000002
19 0.10781250000000006 0.4875 0.03789062500000005 0.4875 0.03789062500000006 0.5609375 0.10781250000000009 0.5609375
19 0.8875 0.4968750000000002 0.8484375 0.4968750000000002 0.8484375 0.5546875000000002 0.8875 0.5546875000000002
19 0.94375 0.5046875000000002 0.8875 0.5046875000000002 0.8875 0.5453125000000002 0.94375 0.5453125000000002
19 0.403125 0.4953125 0.35039062500000007 0.4953125 0.35039062500000007 0.5578125 0.403125 0.5578125
19 0.8375 0.4984375000000002 0.796875 0.4984375000000002 0.796875 0.5531250000000002 0.8375 0.5531250000000002
19 0.459375 0.4984375 0.40625 0.4984375 0.40625 0.55625 0.459375 0.55625