19 0.2671875 0.10312500000000005 0.191796875 0.10312500000000005 0.191796875 0.16250000000000003 0.2671875 0.16250000000000003
19 0.3296875 0.10468750000000004 0.26875 0.10468750000000004 0.26875 0.17187500000000006 0.3296875 0.17187500000000006
19 0.5953125 0.11250000000000007 0.5265625 0.11250000000000004 0.5265625 0.16875000000000007 0.5953125 0.1687500000000001
19 0.65 0.11523437500000008 0.591796875 0.11523437500000008 0.591796875 0.1671875000000001 0.65 0.1671875000000001
19 0.3765625 0.11093750000000005 0.334765625 0.11093750000000005 0.334765625 0.17500000000000004 0.3765625 0.17500000000000004
19 0.4203125 0.11250000000000004 0.3796875 0.11250000000000004 0.3796875 0.17343750000000005 0.4203125 0.17343750000000005
19 0.7609375 0.1160156250000001 0.708203125 0.1160156250000001 0.708203125 0.17343750000000008 0.7609375 0.17343750000000008
19 0.8171875 0.12109375000000008 0.76171875 0.12109375000000008 0.76171875 0.17187500000000008 0.8171875 0.17187500000000008
19 0.703125 0.12148437500000009 0.64921875 0.12148437500000009 0.64921875 0.17343750000000008 0.703125 0.17343750000000008
19 0.2609375 0.209375 0.234765625 0.209375 0.234765625 0.2734375 0.2609375 0.2734375
19 0.3078125 0.22578125 0.24453125 0.22578125 0.24453125 0.25625 0.3078125 0.25625
19 0.2234375 0.229296875 0.15859375000000003 0.229296875 0.15859375000000003 0.2546875 0.2234375 0.2546875
19 0.3640625 0.22812500000000005 0.303125 0.228125 0.303125 0.25781250000000006 0.3640625 0.2578125000000001
19 0.65625 0.2093750000000001 0.601953125 0.2093750000000001 0.601953125 0.27812500000000007 0.65625 0.27812500000000007
19 0.5984375 0.2093750000000001 0.543359375 0.2093750000000001 0.543359375 0.27812500000000007 0.5984375 0.27812500000000007
19 0.234375 0.211328125 0.2078125 0.211328125 0.2078125 0.2765625 0.234375 0.2765625
19 0.3375 0.231640625 0.273828125 0.231640625 0.273828125 0.2578125 0.3375 0.2578125
19 0.3984375 0.22343750000000004 0.340234375 0.2234375 0.340234375 0.26562500000000006 0.3984375 0.2656250000000001
19 0.44375 0.22460937500000008 0.386328125 0.22460937500000008 0.386328125 0.2671875000000001 0.44375 0.2671875000000001
19 0.75625 0.22031250000000008 0.706640625 0.22031250000000008 0.706640625 0.2765625000000001 0.75625 0.2765625000000001
19 0.709375 0.2250000000000001 0.653125 0.2250000000000001 0.653125 0.2718750000000001 0.709375 0.2718750000000001
19 0.8125 0.22031250000000008 0.7609375 0.22031250000000008 0.7609375 0.2765625000000001 0.8125 0.2765625000000001
19 0.8703125 0.2214843750000001 0.81875 0.2214843750000001 0.81875 0.2765625000000001 0.8703125 0.2765625000000001
19 0.471875 0.23242187500000008 0.439453125 0.23242187500000008 0.439453125 0.2765625000000001 0.471875 0.2765625000000001
19 0.5421875 0.2367187500000001 0.501953125 0.2367187500000001 0.501953125 0.2718750000000001 0.5421875 0.2718750000000001
19 0.50625 0.23437500000000008 0.475 0.23437500000000008 0.475 0.2765625000000001 0.50625 0.2765625000000001
19 0.8203125 0.30937500000000007 0.776171875 0.30937500000000007 0.776171875 0.36015625000000007 0.8203125 0.36015625000000007
19 0.7046875 0.3234375000000001 0.678515625 0.3234375000000001 0.678515625 0.34843750000000007 0.7046875 0.34843750000000007
19 0.6484375 0.32500000000000007 0.621875 0.32500000000000007 0.621875 0.3500000000000001 0.6484375 0.3500000000000001
19 0.675 0.32500000000000007 0.65 0.32500000000000007 0.65 0.3500000000000001 0.675 0.3500000000000001
19 0.21718750000000003 0.3140625 0.18242187500000004 0.3140625 0.18242187500000004 0.3671875 0.2171875000000001 0.3671875
19 0.2640625 0.323828125 0.209375 0.323828125 0.209375 0.359375 0.2640625 0.359375
19 0.39375000000000004 0.32031250000000006 0.3515625 0.3203125 0.35156250000000006 0.37187500000000007 0.3937500000000001 0.37187500000000007
19 0.4421875 0.3257812500000001 0.390234375 0.3257812500000001 0.390234375 0.3671875000000001 0.4421875 0.3671875000000001
19 0.48671875 0.3261718750000001 0.4328125 0.3261718750000001 0.4328125 0.3671875000000001 0.48671875 0.3671875000000001
19 0.521875 0.3199218750000001 0.480078125 0.3199218750000001 0.480078125 0.3734375000000001 0.521875 0.3734375000000001
19 0.28906250000000006 0.335546875 0.24921875 0.335546875 0.24921875000000004 0.365625 0.2890625000000001 0.365625
19 0.35000000000000003 0.336328125 0.3109375 0.336328125 0.31093750000000003 0.36875 0.3500000000000001 0.36875
19 0.31718750000000007 0.333203125 0.2859375 0.333203125 0.28593750000000007 0.3703125 0.31718750000000007 0.3703125
19 0.765625 0.3312500000000001 0.7171875 0.3312500000000001 0.7171875 0.3765625000000001 0.765625 0.3765625000000001
19 0.559375 0.3355468750000001 0.525390625 0.3355468750000001 0.525390625 0.3734375000000001 0.559375 0.3734375000000001
19 0.6234375 0.3343750000000001 0.5921875 0.3343750000000001 0.5921875 0.3750000000000001 0.6234375 0.3750000000000001
19 0.8765625 0.3332031250000001 0.8234375 0.3332031250000001 0.8234375 0.3765625000000001 0.8765625 0.3765625000000001
19 0.5953125 0.3398437500000001 0.55546875 0.3398437500000001 0.55546875 0.37187500000000007 0.5953125 0.37187500000000007
19 0.6546875 0.3500000000000001 0.628125 0.3500000000000001 0.628125 0.3750000000000001 0.6546875 0.3750000000000001
19 0.6828125 0.3519531250000001 0.65625 0.3519531250000001 0.65625 0.3750000000000001 0.6828125 0.3750000000000001
19 0.7125 0.3515625000000001 0.6859375 0.3515625000000001 0.6859375 0.3750000000000001 0.7125 0.3750000000000001