19 0.84140625 0.37187500000000007 0.765625 0.37187500000000007 0.765625 0.42500000000000016 0.84140625 0.42500000000000016
19 0.6796875 0.37187500000000007 0.603125 0.37187500000000007 0.603125 0.425 0.6796875 0.425
19 1 0.3734375000000001 0.9375 0.3734375000000001 0.9375 0.4242187500000002 1 0.4242187500000002
19 0.93125 0.3750000000000001 0.8546875 0.3750000000000001 0.8546875 0.42578125000000017 0.93125 0.42578125000000017
19 0.5953125 0.3781250000000001 0.5078125 0.3781250000000001 0.5078125 0.4234375 0.5953125 0.4234375
19 0.76328125 0.3781250000000001 0.678125 0.3781250000000001 0.678125 0.42656250000000007 0.76328125 0.4265625000000002
19 0.2273437500000001 0.4609375 0.17656250000000004 0.4609375 0.17656250000000004 0.51953125 0.2273437500000001 0.51953125
19 0.2828125000000001 0.4625 0.2312500000000001 0.4625 0.2312500000000001 0.5203125 0.2828125000000001 0.5203125
19 0.06875000000000006 0.478125 0.028125000000000056 0.478125 0.02812500000000006 0.51875 0.06875000000000006 0.51875
19 0.11875000000000005 0.478125 0.07812500000000007 0.478125 0.07812500000000007 0.51796875 0.11875000000000005 0.51796875
19 0.17109375000000004 0.478125 0.13281250000000006 0.478125 0.13281250000000006 0.51875 0.17109375000000004 0.51875
19 0.8515625 0.4734375000000002 0.775 0.4734375000000002 0.775 0.5226562500000002 0.8515625 0.5226562500000002
19 0.9390625 0.4734375000000002 0.8625 0.4734375000000002 0.8625 0.5226562500000002 0.9390625 0.5226562500000002
19 0.7703125 0.4781250000000001 0.6859375 0.478125 0.6859375 0.5250000000000001 0.7703125 0.5250000000000001