19 0.8265625 0.2001681171875001 0.7959058546875 0.2001681171875001 0.7959058546875 0.2389339406250001 0.8265625 0.2389339406250001
19 0.78125 0.2043413765625001 0.7531151109375 0.2043413765625001 0.7531151109375 0.2390625000000001 0.78125 0.2390625000000001
19 0.9125 0.19474881250000012 0.8169106015625 0.1947488125000001 0.8169106015625 0.2515625000000001 0.9125 0.2515625000000001
19 0.5625 0.19204905000000008 0.46842365468749997 0.19204905000000005 0.46842365468749997 0.2562500000000001 0.5625 0.2562500000000001
19 0.18906250000000005 0.19720134531250003 0.09068433593750003 0.1972013453125 0.09068433593750003 0.2546875 0.18906250000000005 0.2546875
19 0.2328125 0.21039359218749998 0.15000000000000005 0.21039359218749998 0.15000000000000005 0.2546875 0.2328125 0.2546875
19 0.66875 0.2071894765625001 0.5953125 0.2071894765625001 0.5953125 0.2578125000000001 0.66875 0.2578125000000001
19 0.6140625 0.2098793500000001 0.5375 0.2098793500000001 0.5375 0.2609375000000001 0.6140625 0.2609375000000001
19 0.7045490515624999 0.2172567234375001 0.66420095 0.2172567234375001 0.66420095 0.2671875000000001 0.7045490515624999 0.2671875000000001
19 0.7495154265624999 0.2206586234375001 0.6984375 0.2206586234375001 0.6984375 0.26250000000000007 0.7495154265624999 0.26250000000000007
19 0.308860759375 0.223101265625 0.253125 0.223101265625 0.253125 0.2625 0.308860759375 0.2625
19 0.8296875 0.2333662968750001 0.7984375 0.2333662968750001 0.7984375 0.2697587015625001 0.8296875 0.2697587015625001
19 0.790625 0.2406250000000001 0.7546875 0.2406250000000001 0.7546875 0.2718750000000001 0.790625 0.2718750000000001
19 0.54375 0.3619758703125001 0.5094442234375001 0.3619758703125001 0.5094442234375001 0.3906250000000001 0.54375 0.3906250000000001
19 0.50625 0.3656250000000001 0.4720431171875 0.3656250000000001 0.4720431171875 0.3906250000000001 0.50625 0.3906250000000001
19 0.8359375 0.35032634375000005 0.74889240625 0.35032634375000005 0.74889240625 0.4109375000000002 0.8359375 0.4109375000000002
19 0.8875 0.34062500000000007 0.8269284015625 0.34062500000000007 0.8269284015625 0.42500000000000016 0.8875 0.42500000000000016
19 0.7181764234375 0.3515625000000001 0.6849485765625001 0.3515625000000001 0.6849485765625001 0.4234375 0.7181764234375 0.4234375
19 0.609375 0.36772152031250005 0.5539161390625 0.36772152031250005 0.5539161390625 0.425 0.609375 0.425
19 0.675 0.37014438281250006 0.6169699375000001 0.37014438281250006 0.6169699375000001 0.4234375 0.675 0.4234375
19 0.765625 0.3792424843750001 0.71565466875 0.3792424843750001 0.71565466875 0.4203125000000001 0.765625 0.4203125000000002
19 0.50625 0.3913073593750001 0.47787776875 0.3913073593750001 0.47787776875 0.4265625 0.50625 0.4265625
19 0.5453125 0.3937500000000001 0.513123021875 0.3937500000000001 0.513123021875 0.4296875 0.5453125 0.4296875
19 0.796875 0.500089003125 0.71673259375 0.500089003125 0.71673259375 0.5671875000000001 0.796875 0.5671875000000002