19 0.10000000000000002 0.1609375 0.057812500000000024 0.1609375 0.057812500000000024 0.2234375 0.10000000000000005 0.2234375
19 0.047656250000000025 0.1640625 0.0031250000000000193 0.1640625 0.0031250000000000236 0.22421875 0.047656250000000025 0.22421875
19 0.68046875 0.2765625000000001 0.6265625 0.2765625000000001 0.6265625 0.3812500000000001 0.68046875 0.3812500000000001
19 0.740625 0.27812500000000007 0.6890625 0.27812500000000007 0.6890625 0.38359375000000007 0.740625 0.38359375000000007
19 0.81796875 0.3187500000000001 0.746875 0.3187500000000001 0.746875 0.3812500000000001 0.81796875 0.3812500000000001
19 0.8953125 0.3218750000000001 0.828125 0.3218750000000001 0.828125 0.3828125000000001 0.8953125 0.3828125000000001
19 0.9734375 0.32500000000000007 0.9046875 0.32500000000000007 0.9046875 0.3812500000000001 0.9734375 0.3812500000000001
19 0.3148437500000001 0.4109375 0.2296875000000001 0.4109375 0.2296875000000001 0.50078125 0.3148437500000001 0.50078125
19 0.2234375000000001 0.4109375 0.14062500000000006 0.4109375 0.14062500000000006 0.50078125 0.2234375000000001 0.50078125
19 0.13203125000000004 0.4234375 0.046875000000000056 0.4234375 0.04687500000000006 0.503125 0.13203125000000004 0.503125
19 0.40703125 0.4171875 0.3218750000000001 0.4171875 0.3218750000000001 0.50859375 0.40703125 0.50859375
19 0.69375 0.4375 0.6421875 0.4375 0.6421875 0.51171875 0.69375 0.51171875
19 0.7546875 0.4406250000000001 0.7015625 0.440625 0.7015625 0.5117187500000001 0.7546875 0.5117187500000002
19 0.815625 0.44062500000000016 0.7640625 0.44062500000000016 0.7640625 0.5148437500000002 0.815625 0.5148437500000002
19 0.875 0.4421875000000002 0.821875 0.4421875000000002 0.821875 0.5140625000000002 0.875 0.5140625000000002
19 0.93671875 0.4437500000000002 0.8828125 0.4437500000000002 0.8828125 0.5171875000000001 0.93671875 0.5171875000000001
19 0.475 0.453125 0.4328125 0.453125 0.4328125 0.50703125 0.475 0.50703125
19 0.57109375 0.4546875 0.5328125 0.4546875 0.5328125 0.5078125 0.57109375 0.5078125
19 0.628125 0.453125 0.5859375 0.453125 0.5859375 0.50859375 0.628125 0.50859375
19 0.525 0.4546875 0.478125 0.4546875 0.478125 0.51015625 0.525 0.51015625
19 0.92109375 0.7125000000000001 0.8875 0.7125000000000001 0.8875 0.7453125000000002 0.92109375 0.7453125000000002
19 0.88359375 0.7140625000000002 0.84375 0.7140625000000002 0.84375 0.7453125000000002 0.88359375 0.7453125000000002
19 0.87265625 0.7484375000000002 0.8328125 0.7484375000000002 0.8328125 0.7796875000000002 0.87265625 0.7796875000000002
19 0.9234375 0.7484375000000002 0.8765625 0.7484375000000002 0.8765625 0.7796875000000002 0.9234375 0.7796875000000002
19 0.921875 0.8703125 0.859375 0.8703125 0.859375 0.93671875 0.921875 0.93671875
19 0.853125 0.878125 0.7906250000000001 0.878125 0.7906250000000001 0.93828125 0.853125 0.93828125