19 0.1640625000000001 0.8834895843749999 0.1146875000000001 0.8834895843749999 0.11468750000000012 0.9390625 0.16406250000000014 0.9390625
19 0.3828125000000001 0.8921875 0.31973958437500005 0.8921875 0.31973958437500005 0.9359375 0.3828125000000001 0.9359375
19 0.3046875000000001 0.8844791671875001 0.2609375000000001 0.8844791671875001 0.2609375000000001 0.9436458343749999 0.3046875000000001 0.9436458343749999
19 0.2328125000000001 0.8821354171875001 0.19364583281250008 0.8821354171875001 0.1936458328125001 0.9453125 0.2328125000000001 0.9453125
19 0.303125 0.2099479171875 0.2421875 0.2099479171875 0.2421875 0.3291145828125 0.303125 0.3291145828125
19 0.35890625 0.2297395828125 0.31140625 0.2297395828125 0.31140625 0.3280729171875 0.35890625 0.3280729171875
19 0.4715625 0.2696354156250001 0.40072916718749996 0.2696354156250001 0.40072916718749996 0.3140625000000001 0.4715625 0.3140625000000001
19 0.4078125 0.2604166656250001 0.3680208328125 0.2604166656250001 0.3680208328125 0.3281250000000001 0.4078125 0.3281250000000001
19 0.7546875 0.4470312500000001 0.6940625 0.44703125000000005 0.6940625 0.4921875000000001 0.7546875 0.49218750000000017
19 0.32500000000000007 0.4484375 0.2634374984375001 0.4484375 0.2634374984375001 0.49671875 0.32500000000000007 0.49671875
19 0.2156250000000001 0.446875 0.16880208281250003 0.446875 0.16880208281250003 0.50625 0.2156250000000001 0.50625
19 0.16562500000000005 0.446875 0.11880208281250004 0.446875 0.11880208281250004 0.50625 0.16562500000000005 0.50625
19 0.26250000000000007 0.4453125 0.2181770828125001 0.4453125 0.2181770828125001 0.5046875 0.26250000000000007 0.5046875
19 0.11718750000000004 0.46791666562499995 0.07187500000000006 0.46791666562499995 0.07187500000000006 0.5046875 0.11718750000000004 0.5046875
19 0.409375 0.580729165625 0.3242187500000001 0.580729165625 0.3242187500000001 0.6546875 0.409375 0.6546875
19 0.31718750000000007 0.5788020828125 0.2411979171875001 0.5788020828125 0.2411979171875001 0.6609375 0.31718750000000007 0.6609375
19 0.2390625000000001 0.609635415625 0.19546875000000008 0.609635415625 0.19546875000000008 0.6638020828125 0.2390625000000001 0.6638020828125
19 0.1437500000000001 0.61453125 0.09208333281250006 0.61453125 0.09208333281250007 0.659375 0.1437500000000001 0.659375
19 0.18750000000000008 0.6103645828125 0.14317708281250008 0.6103645828125 0.14317708281250008 0.6640625 0.18750000000000008 0.6640625
19 0.3031250000000001 0.74375 0.2344270843750001 0.74375 0.2344270843750001 0.7983854171875 0.3031250000000001 0.7983854171875
19 0.23593750000000008 0.746145834375 0.1776041671875001 0.746145834375 0.1776041671875001 0.8078125 0.23593750000000008 0.8078125
19 0.1703125000000001 0.7477083328125 0.11156250000000009 0.7477083328125 0.11156250000000009 0.809375 0.1703125000000001 0.809375