19 0.678125 0.3297382296875001 0.625 0.3297382296875001 0.625 0.3671875000000001 0.678125 0.3671875000000001
19 0.7326298703125 0.3281250000000001 0.6798701296874999 0.3281250000000001 0.6798701296874999 0.3687500000000001 0.7326298703125 0.3687500000000001
19 0.784375 0.32935267812500013 0.735004059375 0.32935267812500013 0.735004059375 0.3671875000000001 0.784375 0.3671875000000001
19 0.946875 0.3313819000000001 0.9042004875 0.3313819000000001 0.9042004875 0.3671875000000001 0.946875 0.3671875000000001
19 0.8934151781249999 0.3313007296875001 0.8487723203125 0.3313007296875001 0.8487723203125 0.3687500000000001 0.8934151781249999 0.3687500000000001
19 0.8359375 0.3293831156250001 0.8004565749999999 0.3293831156250001 0.8004565749999999 0.37187500000000007 0.8359375 0.37187500000000007
19 1 0.3327211843750001 0.9594358765625 0.3327211843750001 0.9594358765625 0.3703125000000001 1 0.3703125000000001
19 0.321875 0.3376014609375 0.2453125 0.3376014609375 0.24531250000000004 0.4078125 0.3218750000000001 0.4078125
19 0.4015625 0.3316456984375 0.3304180203125 0.33164569843749997 0.33041802031250006 0.4140625 0.4015625 0.4140625
19 0.23741883125000002 0.33125 0.16599025937500006 0.33125 0.16599025937500006 0.41875 0.23741883125000007 0.41875
19 0.07187500000000005 0.3375 0.00019277500000004582 0.3375 0.00019277500000005032 0.4109375 0.07187500000000005 0.4109375
19 0.15468750000000003 0.33928571406249997 0.07431006562500005 0.33928571406249997 0.07431006562500005 0.41071428593750003 0.15468750000000003 0.41071428593750003
19 0.4734375 0.3469561703125001 0.41971387968749996 0.3469561703125001 0.41971387968749996 0.41875 0.4734375 0.41875
19 0.6171875 0.3495840093750001 0.5625 0.3495840093750001 0.5625 0.415625 0.6171875 0.415625
19 0.5453125 0.3495738640625001 0.4889103078125 0.3495738640625001 0.4889103078125 0.4140625 0.5453125 0.4140625
19 0.678125 0.3687500000000001 0.6252232140625 0.3687500000000001 0.6252232140625 0.409375 0.678125 0.409375
19 0.738940746875 0.3719257296875001 0.682934253125 0.3719257296875001 0.682934253125 0.4093750000000001 0.738940746875 0.40937500000000016
19 0.84375 0.3671875000000001 0.8082690749999999 0.3671875000000001 0.8082690749999999 0.4154728093750002 0.84375 0.4154728093750002
19 0.9 0.36915584531250006 0.8609679390625 0.36915584531250006 0.8609679390625 0.4125000000000002 0.9 0.4125000000000002
19 0.7921875 0.3734375000000001 0.737621753125 0.3734375000000001 0.737621753125 0.40937500000000016 0.7921875 0.40937500000000016
19 0.9609375 0.36703530781250004 0.9222504046875001 0.36703530781250004 0.9222504046875001 0.41406250000000017 0.9609375 0.41406250000000017
19 1 0.3736099843750001 0.9726663953125 0.3736099843750001 0.9726663953125 0.40937500000000016 1 0.40937500000000016
19 0.2468750000000001 0.46273336093750006 0.16718750000000004 0.46273336093750006 0.16718750000000004 0.5203125 0.2468750000000001 0.5203125
19 0.06250000000000007 0.4571022734375 0.005610795312500055 0.4571022734375 0.00561079531250006 0.525 0.06250000000000007 0.525
19 0.14687500000000003 0.4515625 0.09043222500000005 0.4515625 0.09043222500000006 0.53103693125 0.14687500000000003 0.53103693125
19 0.3375000000000001 0.46235795468749996 0.2530133937500001 0.46235795468749996 0.2530133937500001 0.5203125 0.3375000000000001 0.5203125
19 0.43401988593749996 0.4625304375 0.3487926125000001 0.4625304375 0.3487926125000001 0.5234070609375 0.43401988593749996 0.5234070609375
19 0.5828125 0.457640015625 0.534963471875 0.457640015625 0.534963471875 0.5390625 0.5828125 0.5390625
19 0.5140625 0.47440137812499994 0.432376215625 0.47440137812499994 0.432376215625 0.525 0.5140625 0.525
19 0.821875 0.4692065750000002 0.7785308453125 0.4692065750000002 0.7785308453125 0.5357650171875001 0.821875 0.5357650171875001
19 0.9030945625 0.4808035718750002 0.8422179375000001 0.4808035718750002 0.8422179375000001 0.5234375000000002 0.9030945625 0.5234375000000002
19 0.675 0.48280235468750005 0.6104707796875 0.48280235468750005 0.6104707796875 0.5234375 0.675 0.5234375
19 0.7578125 0.48354302031250007 0.689772728125 0.4835430203125 0.689772728125 0.5234375000000001 0.7578125 0.5234375000000002
19 0.9247159093749999 0.6631899359375002 0.8695211031250001 0.6631899359375002 0.8695211031250001 0.7406250000000002 0.9247159093749999 0.7406250000000002
19 0.846875 0.6802455359375001 0.77478693125 0.6802455359375001 0.7747869312500001 0.7328125000000002 0.846875 0.7328125000000002
19 0.6812500000000001 0.678896103125 0.6041599015625 0.678896103125 0.6041599015625001 0.734375 0.6812500000000001 0.734375
19 0.753125 0.6687500000000001 0.702090096875 0.66875 0.7020900968750001 0.7468750000000001 0.7531250000000002 0.7468750000000002
19 0.4140625000000001 0.6704748359375 0.3567268671875001 0.6704748359375 0.3567268671875001 0.746875 0.41406250000000017 0.746875
19 0.2531250000000001 0.6801542203125 0.17706980468750008 0.6801542203125 0.17706980468750008 0.7385957796875 0.2531250000000001 0.7385957796875
19 0.08593750000000008 0.6801237828125 0.014661118750000085 0.6801237828125 0.014661118750000087 0.7401887171875 0.08593750000000008 0.7401887171875
19 0.3404931000000001 0.6801542203125 0.2641944000000001 0.6801542203125 0.2641944000000001 0.7385957796875 0.3404931000000001 0.7385957796875
19 0.5828125000000001 0.6701806 0.528307628125 0.6701806 0.5283076281250001 0.7515625 0.5828125000000002 0.7515625
19 0.49789975781250007 0.6680499171875 0.440625 0.6680499171875 0.4406250000000001 0.753125 0.4978997578125002 0.753125
19 0.17187500000000008 0.6823559234375 0.0961140421875001 0.6823559234375 0.0961140421875001 0.7421875 0.17187500000000008 0.7421875
19 0.9245332796874999 0.7535004062500001 0.8474228890625 0.7535004062500001 0.8474228890625 0.8015625 0.9245332796874999 0.8015625
19 1 0.7535511375000001 0.9477982953125 0.7535511375000001 0.9477982953125 0.8 1 0.8
19 0.8234375 0.7399655031250002 0.7746347390625001 0.7399655031250002 0.7746347390625001 0.815625 0.8234375 0.815625
19 0.7453125000000002 0.7401988640625001 0.6947138796875001 0.7401988640625 0.6947138796875001 0.8171875 0.7453125000000002 0.8171875
19 0.6625000000000002 0.74243100625 0.6145393671875002 0.74243100625 0.6145393671875002 0.815625 0.6625000000000002 0.815625
19 0.5046875000000002 0.740188715625 0.4501116078125002 0.740188715625 0.4501116078125002 0.821875 0.5046875000000002 0.821875
19 0.5937500000000002 0.7548701296875 0.5216619312500002 0.7548701296875 0.5216619312500002 0.8076298703125 0.5937500000000002 0.8076298703125
19 0.4343750000000002 0.7546875 0.3593750000000001 0.7546875 0.3593750000000001 0.8078125 0.4343750000000002 0.8078125
19 0.3500000000000001 0.7548701296875 0.2772828734375001 0.7548701296875 0.2772828734375001 0.8076298703125 0.3500000000000001 0.8076298703125
19 0.2593750000000001 0.7457690734375 0.2061992687500001 0.7457690734375 0.2061992687500001 0.81875 0.2593750000000001 0.81875
19 0.18906250000000008 0.7565543828125 0.11348417187500008 0.7565543828125 0.11348417187500008 0.8093141234375001 0.18906250000000008 0.8093141234375001
19 0.10468750000000009 0.759547484375 0.03398944843750009 0.759547484375 0.0339894484375001 0.8125 0.10468750000000009 0.8125