19 0.1375000000000001 0.612890625 0.08906250000000007 0.612890625 0.08906250000000007 0.6953125 0.1375000000000001 0.6953125
19 0.5671875000000001 0.7 0.501953125 0.7 0.5019531250000001 0.7421875 0.5671875000000002 0.7421875
19 0.4953125000000001 0.700390625 0.434375 0.700390625 0.43437500000000007 0.7421875 0.49531250000000016 0.7421875
19 0.4156250000000001 0.6984375 0.3753906250000001 0.6984375 0.3753906250000001 0.7515625 0.4156250000000002 0.7515625
19 0.3625000000000001 0.70625 0.3082031250000001 0.70625 0.3082031250000001 0.746875 0.3625000000000001 0.746875
19 0.2984375000000001 0.70625 0.2386718750000001 0.70625 0.2386718750000001 0.746875 0.2984375000000001 0.746875
19 0.23593750000000008 0.709375 0.1824218750000001 0.709375 0.1824218750000001 0.75 0.23593750000000008 0.75
19 0.1781250000000001 0.709375 0.12070312500000009 0.709375 0.12070312500000009 0.7515625 0.1781250000000001 0.7515625
19 0.11093750000000009 0.708984375 0.04843750000000009 0.708984375 0.04843750000000009 0.7515625 0.11093750000000009 0.7515625
19 0.6328125 0.22070312500000008 0.5703125 0.22070312500000008 0.5703125 0.2953125000000001 0.6328125 0.2953125000000001
19 0.5625 0.2191406250000001 0.4984375 0.2191406250000001 0.4984375 0.29375000000000007 0.5625 0.29375000000000007
19 0.7109375 0.23203125000000008 0.63515625 0.23203125000000008 0.63515625 0.2875000000000001 0.7109375 0.2875000000000001
19 0.490625 0.21875000000000008 0.420703125 0.21875000000000008 0.420703125 0.2984375000000001 0.490625 0.2984375000000001
19 0.78125 0.22617187500000008 0.70625 0.22617187500000008 0.70625 0.2921875000000001 0.78125 0.2921875000000001
19 0.8359375 0.2433593750000001 0.773046875 0.2433593750000001 0.773046875 0.29375000000000007 0.8359375 0.29375000000000007
19 1 0.24375000000000008 0.941015625 0.24375000000000008 0.941015625 0.2921875000000001 1 0.2921875000000001
19 0.884375 0.23437500000000008 0.834375 0.23437500000000008 0.834375 0.2984375000000001 0.884375 0.2984375000000001
19 0.9453125 0.2347656250000001 0.891015625 0.2347656250000001 0.891015625 0.2984375000000001 0.9453125 0.2984375000000001
19 0.7140625 0.3363281250000001 0.656640625 0.3363281250000001 0.656640625 0.3781250000000001 0.7140625 0.3781250000000001
19 0.7671875 0.3351562500000001 0.707421875 0.3351562500000001 0.707421875 0.3781250000000001 0.7671875 0.3781250000000001
19 0.653125 0.3457031250000001 0.614453125 0.3457031250000001 0.614453125 0.38750000000000007 0.653125 0.38750000000000007
19 0.609375 0.3453125000000001 0.566015625 0.3453125000000001 0.566015625 0.38750000000000007 0.609375 0.38750000000000007
19 0.3343750000000001 0.441796875 0.3125000000000001 0.441796875 0.3125000000000001 0.4859375 0.3343750000000001 0.4859375
19 0.4078125 0.446484375 0.3480468750000001 0.446484375 0.3480468750000001 0.5015625 0.4078125 0.5015625
19 0.2406250000000001 0.446484375 0.18632812500000004 0.446484375 0.18632812500000004 0.5046875 0.2406250000000001 0.5046875
19 0.4625 0.460546875 0.4171875 0.460546875 0.4171875 0.4984375 0.4625 0.4984375
19 0.5671875 0.461328125 0.521875 0.461328125 0.521875 0.5 0.5671875 0.5
19 0.2953125000000001 0.45859375 0.2535156250000001 0.45859375 0.2535156250000001 0.5015625 0.2953125000000001 0.5015625
19 0.6203125 0.4609375 0.571484375 0.4609375 0.571484375 0.5015625 0.6203125 0.5015625
19 0.5125 0.4609375 0.46875 0.4609375 0.46875 0.5 0.5125 0.5
19 0.3453125000000001 0.480078125 0.30351562500000007 0.480078125 0.30351562500000007 0.5015625 0.3453125000000001 0.5015625
19 0.2078125000000001 0.52734375 0.15546875000000004 0.52734375 0.15546875000000007 0.609375 0.2078125000000001 0.609375
19 0.11875000000000006 0.530078125 0.06406250000000006 0.530078125 0.06406250000000006 0.609375 0.11875000000000009 0.609375