19 0.16916666718750012 0.8866666671875001 0.1116666671875001 0.8866666671875001 0.11166666718750011 0.9366666671875 0.16916666718750012 0.9366666671875
19 0.3841666671875001 0.8916666671875 0.3200000000000001 0.8916666671875 0.3200000000000001 0.9366666671875 0.3841666671875001 0.9366666671875
19 0.3125000000000001 0.8916666671875 0.2533333328125001 0.8916666671875 0.2533333328125001 0.9366666671875 0.3125000000000001 0.9366666671875
19 0.2458333328125001 0.8933333328125 0.18166666718750007 0.8933333328125 0.1816666671875001 0.9341666671875 0.2458333328125001 0.9341666671875
19 0.30416666718749996 0.21000000000000002 0.2416666671875 0.21000000000000002 0.2416666671875 0.3291666671875 0.30416666718749996 0.3291666671875
19 0.3591666671875 0.22999999999999998 0.3116666671875 0.22999999999999998 0.3116666671875 0.3283333328125 0.3591666671875 0.3283333328125
19 0.4591666671875 0.2566666671875001 0.41333333281250006 0.2566666671875001 0.41333333281250006 0.32750000000000007 0.4591666671875 0.32750000000000007
19 0.4091666671875 0.2600000000000001 0.36833333281249997 0.2600000000000001 0.36833333281249997 0.3283333328125001 0.4091666671875 0.3283333328125001
19 0.7474999999999999 0.43833333281250014 0.7016666671875 0.43833333281250003 0.7016666671875 0.5008333328125001 0.7474999999999999 0.5008333328125002
19 0.3183333328125001 0.44166666718750003 0.27000000000000013 0.44166666718750003 0.27000000000000013 0.5041666671875 0.3183333328125001 0.5041666671875
19 0.21666666718750008 0.44666666718750003 0.16833333281250004 0.44666666718750003 0.16833333281250004 0.5066666671875 0.21666666718750008 0.5066666671875
19 0.16666666718750006 0.44666666718750003 0.11833333281250005 0.44666666718750003 0.11833333281250005 0.5066666671875 0.16666666718750006 0.5066666671875
19 0.2641666671875001 0.445 0.21833333281250006 0.445 0.21833333281250006 0.505 0.2641666671875001 0.505
19 0.11750000000000005 0.4683333328125 0.07166666718750006 0.4683333328125 0.07166666718750006 0.5058333328125 0.11750000000000005 0.5058333328125
19 0.40416666718750005 0.575 0.33000000000000007 0.575 0.33000000000000007 0.6608333328125 0.40416666718750005 0.6608333328125
19 0.3183333328125001 0.5783333328125 0.24166666718750007 0.5783333328125 0.24166666718750007 0.6616666671875 0.3183333328125001 0.6616666671875
19 0.24000000000000007 0.61 0.1950000000000001 0.61 0.1950000000000001 0.6641666671875 0.24000000000000007 0.6641666671875
19 0.14083333281250007 0.6116666671875 0.09500000000000006 0.6116666671875 0.09500000000000007 0.6633333328125001 0.14083333281250007 0.6633333328125001
19 0.18916666718750008 0.61 0.1433333328125001 0.61 0.1433333328125001 0.6641666671875 0.18916666718750008 0.6641666671875
19 0.2966666671875001 0.7366666671875 0.24166666718750007 0.7366666671875 0.24166666718750007 0.8058333328125 0.2966666671875001 0.8058333328125
19 0.23833333281250008 0.7466666671875 0.17666666718750007 0.7466666671875 0.17666666718750007 0.8066666671875 0.23833333281250008 0.8066666671875
19 0.1725000000000001 0.75 0.1100000000000001 0.75 0.1100000000000001 0.8091666671875 0.1725000000000001 0.8091666671875