19 0.11056374531250009 0.5846656984374999 0.04577969218750007 0.5846656984374999 0.04577969218750007 0.6625 0.11056374531250009 0.6625
19 0.2839830765625001 0.59375 0.2050794234375001 0.59375 0.2050794234375001 0.65625 0.2839830765625001 0.65625
19 0.1937500000000001 0.5859375 0.1299340734375001 0.5859375 0.1299340734375001 0.6639119609375 0.1937500000000001 0.6639119609375
19 0.3571428562500001 0.5885226328125001 0.2890625000000001 0.5885226328125001 0.2890625000000001 0.6624428984375 0.3571428562500001 0.6624428984375
19 0.41875 0.6046875 0.3709743562500001 0.6046875 0.3709743562500001 0.661973109375 0.41875 0.661973109375
19 0.74375 0.6102029687500001 0.6957874796875 0.61020296875 0.6957874796875 0.6609375000000001 0.74375 0.6609375000000002
19 0.6124636625 0.604874378125 0.565625 0.604874378125 0.565625 0.6609375 0.6124636625 0.6609375
19 0.5515625 0.6115214921875001 0.498305128125 0.6115214921875001 0.498305128125 0.659375 0.5515625 0.659375
19 0.68125 0.6063667984375 0.6335314578125 0.6063667984375 0.6335314578125 0.66367576875 0.68125 0.66367576875
19 0.4890625 0.609507371875 0.4314524515625 0.609507371875 0.4314524515625 0.657680128125 0.4890625 0.657680128125
19 0.965625 0.6296303984375002 0.9128503953125 0.6296303984375002 0.9128503953125 0.6562500000000002 0.965625 0.6562500000000002
19 0.9078125 0.6295058140625002 0.8598603609375 0.6295058140625002 0.8598603609375 0.6562500000000002 0.9078125 0.6562500000000002
19 0.8453125 0.6206525125000002 0.8164322046875 0.6206525125000002 0.8164322046875 0.6671875000000002 0.8453125 0.6671875000000002
19 0.79375 0.6205850281250002 0.7649371890625 0.6205850281250002 0.7649371890625 0.6671875000000002 0.79375 0.6671875000000002