19 0.2125 0.215234375 0.17187500000000006 0.215234375 0.17187500000000006 0.2796875 0.2125 0.2796875
19 0.25 0.2171875 0.217578125 0.2171875 0.217578125 0.284375 0.25 0.284375
19 0.2984375 0.2171875 0.261328125 0.2171875 0.261328125 0.284375 0.2984375 0.284375
19 0.340625 0.21875 0.3078125 0.21875 0.3078125 0.284375 0.340625 0.284375
19 0.40625 0.24687500000000004 0.3421875 0.246875 0.3421875 0.35156250000000006 0.40625 0.3515625000000001
19 0.17968750000000006 0.27734375 0.09257812500000004 0.27734375 0.09257812500000004 0.328125 0.17968750000000006 0.328125
19 0.4875 0.2828125000000001 0.404296875 0.2828125000000001 0.404296875 0.34062500000000007 0.4875 0.34062500000000007
19 0.5484375 0.2847656250000001 0.4671875 0.2847656250000001 0.4671875 0.34062500000000007 0.5484375 0.34062500000000007
19 0.2015625 0.282421875 0.15898437500000004 0.282421875 0.15898437500000004 0.3484375 0.2015625 0.3484375
19 0.340625 0.284375 0.3 0.284375 0.3 0.3484375 0.340625 0.3484375
19 0.26171875 0.298046875 0.19531250000000006 0.298046875 0.19531250000000006 0.3328125 0.26171875 0.3328125
19 0.29375 0.284375 0.25625 0.284375 0.25625 0.35 0.29375 0.35
19 0.5953125 0.3031250000000001 0.534375 0.3031250000000001 0.534375 0.3453125000000001 0.5953125 0.3453125000000001
19 0.6328125 0.29570312500000007 0.593359375 0.29570312500000007 0.593359375 0.3531250000000001 0.6328125 0.3531250000000001
19 0.7421875 0.3046875000000001 0.681640625 0.3046875000000001 0.681640625 0.3468750000000001 0.7421875 0.3468750000000001
19 0.684375 0.2953125000000001 0.6390625 0.2953125000000001 0.6390625 0.35625000000000007 0.684375 0.35625000000000007
19 0.7765625 0.38750000000000007 0.742578125 0.38750000000000007 0.742578125 0.42968750000000017 0.7765625 0.42968750000000017
19 0.8296875 0.3906250000000001 0.7875 0.3906250000000001 0.7875 0.4312500000000002 0.8296875 0.4312500000000002
19 0.871875 0.38945312500000007 0.834375 0.38945312500000007 0.834375 0.4312500000000002 0.871875 0.4312500000000002
19 0.06875000000000006 0.398828125 0.03281250000000004 0.398828125 0.03281250000000005 0.484375 0.06875000000000006 0.484375
19 0.17500000000000004 0.4265625 0.08750000000000005 0.4265625 0.08750000000000005 0.4578125 0.17500000000000004 0.4578125
19 0.10625000000000004 0.4 0.07343750000000004 0.4 0.07343750000000006 0.4890625 0.10625000000000004 0.4890625
19 0.2218750000000001 0.4015625 0.19570312500000003 0.4015625 0.19570312500000003 0.4890625 0.2218750000000001 0.4890625
19 0.2671875000000001 0.4015625 0.2296875000000001 0.4015625 0.2296875000000001 0.4890625 0.2671875000000001 0.4890625
19 0.2156250000000001 0.430859375 0.12734375000000003 0.430859375 0.12734375000000003 0.4609375 0.2156250000000001 0.4609375
19 0.7359375 0.4015625000000001 0.666796875 0.4015625 0.666796875 0.4906250000000001 0.7359375 0.4906250000000002
19 0.5953125 0.41171875 0.501953125 0.41171875 0.501953125 0.48125 0.5953125 0.48125
19 0.6578125 0.4 0.5890625 0.4 0.5890625 0.4921875 0.6578125 0.4921875
19 0.3984375000000001 0.425 0.3207031250000001 0.425 0.3207031250000001 0.478125 0.3984375000000001 0.478125
19 0.459375 0.42890625 0.3804687500000001 0.42890625 0.3804687500000001 0.475 0.459375 0.475
19 0.5125 0.42578125 0.437109375 0.42578125 0.437109375 0.4796875 0.5125 0.4796875
19 0.3281250000000001 0.4125 0.2750000000000001 0.4125 0.2750000000000001 0.4921875 0.3281250000000001 0.4921875
19 0.9515625 0.4167968750000002 0.878125 0.4167968750000002 0.878125 0.4906250000000002 0.9515625 0.4906250000000002
19 0.78125 0.4378906250000002 0.74375 0.4378906250000002 0.74375 0.49218750000000017 0.78125 0.49218750000000017
19 0.8265625 0.43750000000000017 0.784765625 0.43750000000000017 0.784765625 0.4906250000000002 0.8265625 0.4906250000000002
19 0.8796875 0.44453125000000016 0.824609375 0.44453125000000016 0.824609375 0.48750000000000016 0.8796875 0.48750000000000016
19 0.6390625 0.56171875 0.606640625 0.56171875 0.606640625 0.5953125 0.6390625 0.5953125
19 0.6765625 0.559765625 0.64296875 0.559765625 0.64296875 0.5921875 0.6765625 0.5921875
19 0.6046875 0.563671875 0.570703125 0.563671875 0.570703125 0.5921875 0.6046875 0.5921875
19 0.8328125 0.5640625000000001 0.750390625 0.5640625000000001 0.750390625 0.6281250000000002 0.8328125 0.6281250000000002
19 0.75 0.5546875000000001 0.6859375 0.5546875 0.6859375 0.6406250000000001 0.75 0.6406250000000002
19 0.90859375 0.5636718750000002 0.8234375 0.5636718750000002 0.8234375 0.6296875000000002 0.90859375 0.6296875000000002
19 0.9796875 0.5648437500000002 0.895703125 0.5648437500000002 0.895703125 0.6312500000000002 0.9796875 0.6312500000000002
19 0.4421875 0.575 0.3847656250000001 0.575 0.3847656250000001 0.6375 0.4421875 0.6375
19 0.56875 0.579296875 0.505859375 0.579296875 0.505859375 0.6328125 0.56875 0.6328125
19 0.1140625000000001 0.574609375 0.05078125000000007 0.574609375 0.050781250000000076 0.6359375 0.1140625000000001 0.6359375
19 0.1843750000000001 0.5765625 0.12070312500000009 0.5765625 0.12070312500000009 0.634375 0.1843750000000001 0.634375
19 0.3125000000000001 0.575 0.2593750000000001 0.575 0.2593750000000001 0.6359375 0.3125000000000001 0.6359375
19 0.5046875 0.5796875 0.440625 0.5796875 0.440625 0.63125 0.5046875 0.63125
19 0.3734375000000001 0.574609375 0.3199218750000001 0.574609375 0.3199218750000001 0.6390625 0.3734375000000001 0.6390625
19 0.25468750000000007 0.580078125 0.1886718750000001 0.580078125 0.1886718750000001 0.6328125 0.25468750000000007 0.6328125
19 0.6796875 0.60546875 0.648046875 0.60546875 0.648046875 0.6328125 0.6796875 0.6328125
19 0.6046875 0.603515625 0.5703125 0.603515625 0.5703125 0.634375 0.6046875 0.634375
19 0.64375 0.603125 0.6078125 0.603125 0.6078125 0.6390625 0.64375 0.6390625