19 0.16875000000000004 0.446875 0.09973958281250005 0.446875 0.09973958281250006 0.534375 0.16875000000000004 0.534375
19 0.07621527812500006 0.4532986109375 0.005034721875000056 0.4532986109375 0.00503472187500006 0.534375 0.07621527812500006 0.534375
19 0.5625 0.4531249984375 0.49131944375 0.4531249984375 0.49131944375 0.53125 0.5625 0.53125
19 0.6625 0.45625 0.578125 0.45625 0.578125 0.528125 0.6625 0.528125
19 0.4765625 0.4570312484375 0.39791666562500005 0.4570312484375 0.39791666562500005 0.528125 0.4765625 0.528125
19 0.2468750000000001 0.471875 0.18593750000000003 0.471875 0.18593750000000003 0.5265625 0.2468750000000001 0.5265625
19 0.31510416718750006 0.47447916562500003 0.2552083328125001 0.47447916562500003 0.2552083328125001 0.528125 0.31510416718750006 0.528125
19 0.3840277781250001 0.4703125 0.3302083328125001 0.4703125 0.3302083328125001 0.53125 0.3840277781250001 0.53125
19 0.7296875 0.47708333437500006 0.67352430625 0.47708333437499995 0.67352430625 0.5296875000000001 0.7296875 0.5296875000000002
19 0.7994791671875 0.4780381937500001 0.7395833328125 0.4780381937500001 0.7395833328125 0.5328125000000001 0.7994791671875 0.5328125000000001
19 0.85 0.48767361093750017 0.817621528125 0.48767361093750017 0.817621528125 0.5437500000000002 0.85 0.5437500000000002
19 0.9125 0.48741319375000014 0.8831597234374999 0.48741319375000014 0.8831597234374999 0.5421875000000002 0.9125 0.5421875000000002
19 0.9765625 0.4881076390625002 0.9478298609375001 0.4881076390625002 0.9478298609375001 0.5406250000000001 0.9765625 0.5406250000000001
19 0.5890625 0.578472221875 0.48602430625000004 0.578472221875 0.48602430625000004 0.6546875 0.5890625 0.6546875
19 0.6994791671875 0.5801215265625 0.6005208328125 0.5801215265625 0.6005208328125 0.65625 0.6994791671875 0.65625
19 0.4578125 0.569097221875 0.39479166562500007 0.569097221875 0.39479166562500007 0.675 0.4578125 0.675
19 0.12031250000000009 0.5732638890625 0.05868055625000007 0.5732638890625 0.058680556250000085 0.66875 0.12031250000000009 0.66875
19 0.2515625000000001 0.5953125 0.1581597218750001 0.5953125 0.1581597218750001 0.6546875 0.2515625000000001 0.6546875
19 0.3437500000000001 0.5767361109375 0.28585069531250007 0.5767361109375 0.28585069531250007 0.6765625 0.3437500000000001 0.6765625