19 0.2203125 0.2359375 0.17968750000000006 0.2359375 0.17968750000000006 0.3 0.2203125 0.3
19 0.2765625 0.25 0.214453125 0.25 0.214453125 0.2875 0.2765625 0.2875
19 0.18750000000000006 0.24765625 0.12421875000000004 0.24765625 0.12421875000000004 0.2875 0.18750000000000006 0.2875
19 0.31875 0.24921875 0.25546875 0.24921875 0.25546875 0.2859375 0.31875 0.2859375
19 0.14218750000000005 0.29453125 0.055859375000000044 0.29453125 0.055859375000000044 0.34375 0.14218750000000005 0.34375
19 0.37187500000000007 0.26562500000000006 0.306640625 0.265625 0.30664062500000006 0.36875 0.37187500000000007 0.3687500000000001
19 0.4328125 0.2871093750000001 0.374609375 0.2871093750000001 0.374609375 0.3671875000000001 0.4328125 0.3671875000000001
19 0.490625 0.2890625000000001 0.433203125 0.2890625000000001 0.433203125 0.3687500000000001 0.490625 0.3687500000000001
19 0.17500000000000004 0.31171875 0.11445312500000004 0.31171875 0.11445312500000004 0.3515625 0.17500000000000004 0.3515625
19 0.2234375 0.31328125 0.16328125000000004 0.31328125 0.16328125000000004 0.353125 0.2234375 0.353125
19 0.265625 0.31484375 0.20546875 0.31484375 0.20546875 0.3546875 0.265625 0.3546875
19 0.3078125 0.31328125 0.248046875 0.31328125 0.248046875 0.35625 0.3078125 0.35625
19 0.55 0.3175781250000001 0.491015625 0.3175781250000001 0.491015625 0.3609375000000001 0.55 0.3609375000000001
19 0.5875 0.3109375000000001 0.5453125 0.3109375000000001 0.5453125 0.3687500000000001 0.5875 0.3687500000000001
19 0.6453125 0.3199218750000001 0.587109375 0.3199218750000001 0.587109375 0.3625000000000001 0.6453125 0.3625000000000001
19 0.6875 0.3199218750000001 0.633984375 0.3199218750000001 0.633984375 0.36406250000000007 0.6875 0.36406250000000007
19 0.7828125 0.4039062500000002 0.743359375 0.4039062500000002 0.743359375 0.44531250000000017 0.7828125 0.44531250000000017
19 0.734375 0.4066406250000001 0.6953125 0.406640625 0.6953125 0.44218750000000007 0.734375 0.4421875000000002
19 0.828125 0.4078125000000002 0.7875 0.4078125000000002 0.7875 0.44531250000000017 0.828125 0.44531250000000017
19 0.06406250000000005 0.4359375 5.338694640032993e-17 0.4359375 5.558748361754783e-17 0.471875 0.06406250000000006 0.471875
19 0.10000000000000005 0.436328125 0.021484375000000056 0.436328125 0.021484375000000056 0.4703125 0.10000000000000005 0.4703125
19 0.14062500000000006 0.4375 0.05898437500000005 0.4375 0.058984375000000054 0.47265625 0.14062500000000006 0.47265625
19 0.2171875000000001 0.434765625 0.13593750000000004 0.434765625 0.13593750000000004 0.475 0.2171875000000001 0.475
19 0.15625000000000006 0.416015625 0.11757812500000005 0.416015625 0.11757812500000005 0.5 0.15625000000000006 0.5
19 0.2515625000000001 0.43984375 0.17265625000000004 0.43984375 0.17265625000000004 0.4765625 0.2515625000000001 0.4765625
19 0.5484375 0.423828125 0.462109375 0.423828125 0.462109375 0.493359375 0.5484375 0.493359375
19 0.6140625 0.415625 0.545703125 0.415625 0.545703125 0.5046875 0.6140625 0.5046875
19 0.703125 0.4265625 0.615625 0.4265625 0.615625 0.4984375 0.703125 0.4984375
19 0.4078125 0.4265625 0.3500000000000001 0.4265625 0.3500000000000001 0.4984375 0.4078125 0.4984375
19 0.3593750000000001 0.437109375 0.2867187500000001 0.437109375 0.2867187500000001 0.4890625 0.3593750000000001 0.4890625
19 0.2875000000000001 0.427734375 0.2347656250000001 0.427734375 0.2347656250000001 0.5015625 0.2875000000000001 0.5015625
19 0.471875 0.436328125 0.4015625 0.436328125 0.4015625 0.49375 0.471875 0.49375
19 0.9046875 0.43281250000000016 0.8328125 0.43281250000000016 0.8328125 0.5093750000000001 0.9046875 0.5093750000000001
19 0.984375 0.4359375000000002 0.912890625 0.4359375000000002 0.912890625 0.5109375000000002 0.984375 0.5109375000000002
19 0.8359375 0.4539062500000002 0.775390625 0.4539062500000002 0.775390625 0.4968750000000002 0.8359375 0.4968750000000002
19 0.7796875 0.44531250000000017 0.737109375 0.44531250000000017 0.737109375 0.5062500000000002 0.7796875 0.5062500000000002
19 0.7375 0.4468750000000001 0.6953125 0.446875 0.6953125 0.5093750000000001 0.7375 0.5093750000000001
19 0.553125 0.53359375 0.52890625 0.53359375 0.52890625 0.565625 0.553125 0.565625
19 0.6265625 0.5328125 0.602734375 0.5328125 0.602734375 0.565625 0.6265625 0.565625
19 0.5921875 0.534765625 0.56875 0.534765625 0.56875 0.5671875 0.5921875 0.5671875
19 0.08906250000000007 0.534375 0.03164062500000007 0.534375 0.03164062500000007 0.575 0.08906250000000007 0.575
19 0.21093750000000008 0.5359375 0.15312500000000004 0.5359375 0.15312500000000007 0.5765625 0.21093750000000008 0.5765625
19 0.15000000000000008 0.534765625 0.09218750000000006 0.534765625 0.09218750000000006 0.5765625 0.15000000000000008 0.5765625
19 0.3359375000000001 0.5359375 0.2808593750000001 0.5359375 0.2808593750000001 0.5765625 0.3359375000000001 0.5765625
19 0.2750000000000001 0.5375 0.2175781250000001 0.5375 0.2175781250000001 0.578125 0.2750000000000001 0.578125
19 0.5640625 0.56875 0.5265625 0.56875 0.5265625 0.6015625 0.5640625 0.6015625
19 0.5953125 0.56953125 0.566796875 0.56953125 0.566796875 0.6046875 0.5953125 0.6046875
19 0.634375 0.5734375 0.601953125 0.5734375 0.601953125 0.6 0.634375 0.6
19 0.70625 0.565625 0.6375 0.565625 0.6375 0.6484375 0.70625 0.6484375
19 0.8515625 0.5656250000000002 0.785546875 0.5656250000000002 0.785546875 0.6500000000000001 0.8515625 0.6500000000000001
19 0.7796875 0.5671875000000001 0.7125 0.5671875 0.7125 0.6468750000000001 0.7796875 0.6468750000000002
19 0.1515625000000001 0.5796875 0.08750000000000006 0.5796875 0.08750000000000008 0.640625 0.1515625000000001 0.640625
19 0.934375 0.5808593750000002 0.85234375 0.5808593750000002 0.85234375 0.6406250000000002 0.934375 0.6406250000000002
19 0.2171875000000001 0.579296875 0.15820312500000008 0.579296875 0.15820312500000008 0.6390625 0.2171875000000001 0.6390625
19 0.08437500000000007 0.578515625 0.020312500000000074 0.578515625 0.020312500000000074 0.6421875 0.08437500000000009 0.6421875
19 0.27812500000000007 0.5859375 0.2214843750000001 0.5859375 0.2214843750000001 0.6359375 0.27812500000000007 0.6359375
19 0.4 0.58125 0.34062500000000007 0.58125 0.34062500000000007 0.6453125 0.4 0.6453125
19 0.521875 0.58125 0.465625 0.58125 0.465625 0.6453125 0.521875 0.6453125
19 0.3375000000000001 0.5828125 0.2796875000000001 0.5828125 0.2796875000000001 0.646875 0.3375000000000001 0.646875
19 0.4609375 0.5828125 0.4078125 0.5828125 0.4078125 0.646875 0.4609375 0.646875
19 0.5609375 0.609765625 0.529296875 0.609765625 0.529296875 0.64375 0.5609375 0.64375
19 0.6015625 0.612890625 0.569140625 0.612890625 0.569140625 0.6453125 0.6015625 0.6453125
19 0.6359375 0.612109375 0.601171875 0.612109375 0.601171875 0.6453125 0.6359375 0.6453125