19 0.50625 0.33671875000000007 0.42265625 0.33671875000000007 0.42265625 0.425 0.50625 0.425
19 0.4171875 0.33906250000000004 0.327734375 0.3390625 0.327734375 0.4234375 0.4171875 0.4234375
19 0.13750000000000004 0.353515625 0.06367187500000004 0.353515625 0.06367187500000004 0.413671875 0.13750000000000004 0.413671875
19 0.20546875000000003 0.352734375 0.13125000000000003 0.352734375 0.13125000000000003 0.4140625 0.2054687500000001 0.4140625
19 0.5875 0.3500000000000001 0.5203125 0.3500000000000001 0.5203125 0.4296875 0.5875 0.4296875
19 0.66875 0.3578125000000001 0.59375 0.3578125000000001 0.59375 0.425 0.66875 0.425
19 0.74375 0.3527343750000001 0.67734375 0.3527343750000001 0.67734375 0.4281250000000001 0.74375 0.4281250000000002
19 0.2593750000000001 0.3671875 0.2074218750000001 0.3671875 0.2074218750000001 0.42265625 0.2593750000000001 0.42265625
19 0.3187500000000001 0.36875 0.2660156250000001 0.36875 0.2660156250000001 0.421875 0.3187500000000001 0.421875
19 0.9484375 0.36992187500000007 0.85625 0.36992187500000007 0.85625 0.4234375000000002 0.9484375 0.4234375000000002
19 0.8015625 0.3957031250000001 0.753125 0.3957031250000001 0.753125 0.42187500000000017 0.8015625 0.42187500000000017
19 0.85 0.39531250000000007 0.8 0.39531250000000007 0.8 0.42187500000000017 0.85 0.42187500000000017
19 0.80625 0.45117187500000017 0.73671875 0.45117187500000017 0.73671875 0.5390625000000002 0.80625 0.5390625000000002
19 0.4515625 0.4734375 0.37968750000000007 0.4734375 0.37968750000000007 0.53125 0.4515625 0.53125
19 0.3671875000000001 0.466015625 0.30937500000000007 0.466015625 0.30937500000000007 0.5390625 0.3671875000000001 0.5390625
19 0.615625 0.462890625 0.561328125 0.462890625 0.561328125 0.544921875 0.615625 0.544921875
19 0.546875 0.476953125 0.4625 0.476953125 0.4625 0.53125 0.546875 0.53125
19 0.715625 0.476953125 0.6359375 0.476953125 0.6359375 0.5296875 0.715625 0.5296875
19 0.22656250000000008 0.48203125 0.18203125000000003 0.48203125 0.18203125000000003 0.5375 0.22656250000000008 0.5375
19 0.2953125000000001 0.4890625 0.23632812500000008 0.4890625 0.23632812500000008 0.534375 0.2953125000000001 0.534375
19 0.16875000000000004 0.490234375 0.11250000000000004 0.490234375 0.11250000000000004 0.5328125 0.16875000000000004 0.5328125