19 0.640625 0.1698784734375001 0.5511284734374999 0.1698784734375001 0.5511284734374999 0.2687500000000001 0.640625 0.2687500000000001
19 0.26875 0.17343750000000005 0.1875 0.17343750000000005 0.18750000000000003 0.2671875 0.26875 0.2671875
19 0.5453125 0.17500000000000007 0.4576388890625 0.17500000000000004 0.4576388890625 0.2640625000000001 0.5453125 0.2640625000000001
19 0.3609375 0.18289930468750004 0.2677083328125 0.18289930468750004 0.2677083328125 0.2609375 0.3609375 0.2609375
19 0.4545138890625 0.17664930468750004 0.37204861093749997 0.17664930468750004 0.37204861093749997 0.2686631937500001 0.4545138890625 0.2686631937500001
19 0.18593750000000003 0.18107638906250004 0.10772569531250001 0.1810763890625 0.10772569531250002 0.26875 0.18593750000000003 0.26875
19 0.5359375 0.3494791656250001 0.43802083437499995 0.3494791656250001 0.43802083437499995 0.4328125 0.5359375 0.4328125
19 0.19218750000000004 0.35538194375 0.09887152656250005 0.35538194375 0.09887152656250005 0.43263888906250003 0.19218750000000004 0.43263888906250003
19 0.8140625 0.3597222218750001 0.703125 0.3597222218750001 0.703125 0.42916666718750013 0.8140625 0.4291666671875002
19 0.35937500000000006 0.35251736093749997 0.26571180625 0.35251736093749997 0.26571180625 0.434375 0.3593750000000001 0.434375
19 0.8890625 0.3615451390625001 0.7828125 0.3615451390625001 0.7828125 0.4292534718750002 0.8890625 0.4292534718750002
19 0.4390625 0.3473958328125001 0.3578125 0.3473958328125 0.35781250000000003 0.4453125 0.4390625 0.4453125
19 0.275 0.3556423609375 0.18281250000000004 0.3556423609375 0.18281250000000004 0.434375 0.2750000000000001 0.434375
19 0.6265625 0.3570312500000001 0.5316840265625 0.3570312500000001 0.5316840265625 0.440625 0.6265625 0.440625
19 0.71875 0.35225694531250007 0.634635415625 0.35225694531250007 0.634635415625 0.446875 0.71875 0.446875
19 0.6649305562500001 0.537847221875 0.6085069437499999 0.537847221875 0.6085069437499999 0.616840278125 0.6649305562500001 0.616840278125
19 0.3968750000000001 0.5505208328125 0.3578993062500001 0.5505208328125 0.3578993062500001 0.609375 0.3968750000000001 0.609375
19 0.3375000000000001 0.5501736109375 0.29713541562500007 0.5501736109375 0.29713541562500007 0.6092013890625 0.3375000000000001 0.6092013890625
19 0.7265625 0.5422743046875002 0.6705729171875 0.5422743046875 0.6705729171875 0.6171875000000001 0.7265625 0.6171875000000002
19 0.45130208281249995 0.5501736109375 0.40963541562500005 0.5501736109375 0.40963541562500005 0.6092013890625 0.45130208281249995 0.6092013890625
19 0.5078125 0.562760415625 0.44913194531249995 0.562760415625 0.44913194531249995 0.603125 0.5078125 0.603125
19 0.8 0.5549479156250001 0.7245659718749999 0.554947915625 0.7245659718749999 0.6109375000000001 0.8 0.6109375000000001
19 0.8703125 0.5562500000000001 0.7890625 0.5562500000000001 0.7890625 0.6152777781250002 0.8703125 0.6152777781250002
19 0.5578125 0.5644965296875 0.5 0.5644965296875 0.5 0.6046875 0.5578125 0.6046875
19 0.6109375 0.565104165625 0.5518229171875 0.565104165625 0.5518229171875 0.609375 0.6109375 0.609375