19 0.28984375000000007 0.671875 0.2296875000000001 0.671875 0.2296875000000001 0.72578125 0.28984375000000007 0.72578125
19 0.3539062500000001 0.671875 0.2984375000000001 0.671875 0.2984375000000001 0.72578125 0.3539062500000001 0.72578125
19 0.5531250000000001 0.66875 0.4921875 0.66875 0.4921875000000001 0.72890625 0.5531250000000002 0.72890625
19 0.4296875000000001 0.6734375 0.3609375000000001 0.6734375 0.3609375000000001 0.72890625 0.42968750000000017 0.72890625
19 0.2195312500000001 0.68125 0.15000000000000008 0.68125 0.15000000000000008 0.7296875 0.2195312500000001 0.7296875
19 0.4843750000000001 0.6796875 0.4328125 0.6796875 0.4328125000000001 0.7328125 0.48437500000000017 0.7328125
19 0.5101562500000002 0.8 0.4703125000000002 0.8 0.4703125000000002 0.825 0.5101562500000002 0.825
19 0.5875000000000001 0.8015625 0.5562500000000001 0.8015625 0.5562500000000001 0.8265625 0.5875000000000001 0.8265625
19 0.5484375000000001 0.8015625 0.5187500000000002 0.8015625 0.5187500000000002 0.82578125 0.5484375000000001 0.82578125
19 0.5914062500000001 0.8453125 0.5515625000000002 0.8453125 0.5515625000000002 0.8703125 0.5914062500000001 0.8703125
19 0.5460937500000002 0.84375 0.5171875000000001 0.84375 0.5171875000000001 0.8734375 0.5460937500000002 0.8734375
19 0.5093750000000001 0.84375 0.4734375000000002 0.84375 0.4734375000000002 0.87734375 0.5093750000000001 0.87734375
19 0.6445312500000002 0.8671875 0.5843750000000002 0.8671875 0.5843750000000002 0.92578125 0.6445312500000002 0.92578125
19 0.7125000000000001 0.8703125 0.6515625000000002 0.8703125 0.6515625000000002 0.92890625 0.7125000000000001 0.92890625
19 0.7828125000000001 0.8703125 0.7203125000000001 0.8703125 0.7203125000000001 0.92890625 0.7828125000000001 0.92890625
19 0.5046875000000002 0.89375 0.4734375000000002 0.89375 0.4734375000000002 0.92265625 0.5046875000000002 0.92265625
19 0.5460937500000002 0.89375 0.5125000000000002 0.89375 0.5125000000000002 0.92265625 0.5460937500000002 0.92265625
19 0.5828125000000002 0.89375 0.5515625000000002 0.89375 0.5515625000000002 0.92265625 0.5828125000000002 0.92265625
19 0.09609375000000006 0.3765625 0.057812500000000044 0.3765625 0.05781250000000006 0.45859375 0.09609375000000006 0.45859375
19 0.2593750000000001 0.3859375 0.2078125000000001 0.3859375 0.2078125000000001 0.4625 0.2593750000000001 0.4625
19 0.32109375000000007 0.3875 0.2656250000000001 0.3875 0.2656250000000001 0.4640625 0.32109375000000007 0.4640625
19 0.5046875 0.38750000000000007 0.4515625 0.38750000000000007 0.4515625 0.4640625 0.5046875 0.4640625
19 0.56484375 0.38750000000000007 0.50625 0.38750000000000007 0.50625 0.4640625 0.56484375 0.4640625
19 0.37968750000000007 0.38750000000000007 0.3281250000000001 0.3875 0.3281250000000001 0.465625 0.37968750000000007 0.465625
19 0.62109375 0.38750000000000007 0.5703125 0.38750000000000007 0.5703125 0.465625 0.62109375 0.465625
19 0.440625 0.38750000000000007 0.38750000000000007 0.38750000000000007 0.38750000000000007 0.465625 0.440625 0.465625
19 0.19609375000000004 0.4046875 0.16250000000000003 0.4046875 0.16250000000000003 0.4609375 0.19609375000000004 0.4609375
19 0.14843750000000006 0.4046875 0.11093750000000005 0.4046875 0.11093750000000005 0.46484375 0.14843750000000006 0.46484375
19 0.42890625 0.509375 0.3546875000000001 0.509375 0.3546875000000001 0.5984375 0.42890625 0.5984375
19 0.5140625 0.5171875 0.4421875 0.5171875 0.4421875 0.596875 0.5140625 0.596875
19 0.5953125 0.51875 0.5171875 0.51875 0.5171875 0.5984375 0.5953125 0.5984375
19 0.16328125000000007 0.5234375 0.11250000000000004 0.5234375 0.11250000000000007 0.59453125 0.1632812500000001 0.59453125
19 0.22421875000000008 0.525 0.17343750000000005 0.525 0.17343750000000008 0.596875 0.22421875000000008 0.596875
19 0.10781250000000006 0.5265625 0.056250000000000064 0.5265625 0.056250000000000064 0.5953125 0.10781250000000009 0.5953125
19 0.27031250000000007 0.5421875 0.2296875000000001 0.5421875 0.2296875000000001 0.59765625 0.27031250000000007 0.59765625