19 0.23750000000000004 0.31978085 0.20625 0.31978085 0.20625000000000004 0.3859375 0.2375000000000001 0.3859375
19 0.28437500000000004 0.339751396875 0.2236047328125 0.339751396875 0.22360473281250007 0.370102834375 0.2843750000000001 0.370102834375
19 0.34687500000000004 0.34375 0.291119209375 0.34375 0.291119209375 0.371380790625 0.3468750000000001 0.371380790625
19 0.30312500000000003 0.3286890984375 0.27441842968749997 0.3286890984375 0.2744184296875 0.384375 0.3031250000000001 0.384375
19 0.409375 0.34287639843750006 0.3538488421875 0.3428763984375 0.3538488421875 0.37322783593750003 0.409375 0.3732278359375001
19 0.37812500000000004 0.3425094859375001 0.321875 0.3425094859375 0.321875 0.37187500000000007 0.3781250000000001 0.37187500000000007
19 0.13593750000000007 0.526407746875 0.08224590625000007 0.526407746875 0.08224590625000007 0.546875 0.1359375000000001 0.546875
19 0.14375000000000007 0.5111247 0.12477286406250006 0.5111247 0.12477286406250007 0.5654377984375001 0.1437500000000001 0.5654377984375001
19 0.2453125000000001 0.5213109031250001 0.2321660343750001 0.5213109031250001 0.2321660343750001 0.5640625 0.2453125000000001 0.5640625
19 0.22656250000000008 0.5206220046875 0.21250000000000008 0.5206220046875 0.21250000000000008 0.5637529953125 0.22656250000000008 0.5637529953125
19 0.2750000000000001 0.53764476875 0.2338283750000001 0.53764476875 0.2338283750000001 0.5515625 0.2750000000000001 0.5515625
19 0.21875000000000008 0.5360223640624999 0.17873402500000005 0.5360223640624999 0.17873402500000007 0.5515625 0.21875000000000008 0.5515625
19 0.18854083437500008 0.5257912328125001 0.17256639218750006 0.5257912328125001 0.17256639218750008 0.5671875 0.18854083437500008 0.5671875
19 0.17788288593750007 0.538291234375 0.13906250000000003 0.538291234375 0.13906250000000006 0.5546875 0.17788288593750007 0.5546875
19 0.2093750000000001 0.6218824859375001 0.1738792921875001 0.6218824859375001 0.1738792921875001 0.640625 0.2093750000000001 0.640625
19 0.2328125000000001 0.6238318703125 0.1974565687500001 0.6238318703125 0.1974565687500001 0.6453125 0.2328125000000001 0.6453125
19 0.1859375000000001 0.6248202859374999 0.15000000000000008 0.6248202859374999 0.15000000000000008 0.6484375 0.1859375000000001 0.6484375
19 0.2171875000000001 0.68687849375 0.19267671718750007 0.68687849375 0.19267671718750007 0.7375 0.2171875000000001 0.7375
19 0.2875000000000001 0.702755590625 0.2371730234375001 0.702755590625 0.2371730234375001 0.7296875 0.2875000000000001 0.7296875
19 0.25468750000000007 0.703125 0.20372154531250009 0.703125 0.20372154531250009 0.728125 0.25468750000000007 0.728125
19 0.18750000000000008 0.6921875 0.1641823078125001 0.6921875 0.1641823078125001 0.7390625 0.18750000000000008 0.7390625
19 0.1671875000000001 0.705216653125 0.12228684218750008 0.705216653125 0.12228684218750008 0.7296875 0.1671875000000001 0.7296875
19 0.1292032750000001 0.696767671875 0.10204672500000009 0.696767671875 0.10204672500000009 0.740625 0.1292032750000001 0.740625
19 0.2140625000000001 0.832827475 0.1982453078125001 0.832827475 0.1982453078125001 0.865625 0.2140625000000001 0.865625
19 0.24218750000000008 0.8416932906250001 0.2086261984375001 0.8416932906250001 0.2086261984375001 0.85625 0.24218750000000008 0.85625
19 0.2406250000000001 0.9024385984375 0.19848742031250008 0.9024385984375 0.1984874203125001 0.91875 0.2406250000000001 0.91875
19 0.21875000000000008 0.9030001999999999 0.1772938296875001 0.9030001999999999 0.17729382968750013 0.9203125 0.21875000000000008 0.9203125
19 0.17656250000000012 0.9125 0.15035692812500012 0.9125 0.15035692812500012 0.925 0.17656250000000012 0.925
19 0.1875000000000001 0.9063348640625 0.17524211250000007 0.9063348640625 0.1752421125000001 0.9328125 0.18750000000000014 0.9328125
19 0.13750000000000012 0.9063348640625 0.12484275156250009 0.9063348640625 0.1248427515625001 0.9328125 0.13750000000000012 0.9328125
19 0.12601337968750012 0.9123851828125 0.10156250000000014 0.9123851828125 0.10156250000000014 0.9265625 0.12601337968750012 0.9265625
19 0.15468750000000014 0.9071810093750001 0.14188049062500013 0.9071810093750001 0.14188049062500013 0.9328125 0.15468750000000014 0.9328125