19 0.2859375 0.03476562500000003 0.14921875 0.03476562500000002 0.14921875 0.10781250000000002 0.2859375 0.10781250000000005
19 0.3640625 0.03359375000000003 0.22421875 0.03359375000000002 0.22421875 0.10937500000000004 0.3640625 0.10937500000000004
19 0.1765625 0.0031250000000000175 0.101953125 0.0031250000000000123 0.101953125 0.1421875 0.1765625 0.1421875
19 0.4078125 0.0031250000000000453 0.333984375 0.00312500000000004 0.333984375 0.14218750000000005 0.4078125 0.14218750000000005
19 0.6546875 0.020312500000000074 0.559375 0.020312500000000067 0.559375 0.1390625000000001 0.6546875 0.1390625000000001
19 0.7625 0.029296875000000083 0.645703125 0.029296875000000076 0.645703125 0.1312500000000001 0.7625 0.1312500000000001
19 0.571875 0.050390625000000064 0.473046875 0.050390625000000064 0.473046875 0.12343750000000006 0.571875 0.12343750000000009
19 0.4984375 0.05390625000000006 0.39453125 0.053906250000000044 0.39453125 0.12500000000000006 0.4984375 0.12500000000000006
19 0.9046875 0.2609375000000001 0.85625 0.2609375000000001 0.85625 0.3609375000000001 0.9046875 0.3609375000000001
19 0.8859375 0.2921875000000001 0.787109375 0.2921875000000001 0.787109375 0.3351562500000001 0.8859375 0.3351562500000001
19 0.8140625 0.2628906250000001 0.771875 0.2628906250000001 0.771875 0.36406250000000007 0.8140625 0.36406250000000007
19 0.27812500000000007 0.2671875 0.225 0.2671875 0.22500000000000003 0.3671875 0.27812500000000007 0.3671875
19 0.3578125 0.28828125 0.25859375 0.28828125 0.25859375 0.3453125 0.3578125 0.3453125
19 0.65625 0.30351562500000007 0.58984375 0.30351562500000007 0.58984375 0.3593750000000001 0.65625 0.3593750000000001
19 0.7078125 0.3000000000000001 0.655078125 0.3000000000000001 0.655078125 0.3671875000000001 0.7078125 0.3671875000000001
19 0.6015625 0.3046875000000001 0.5328125 0.3046875000000001 0.5328125 0.3609375000000001 0.6015625 0.3609375000000001
19 0.5 0.3082031250000001 0.43125 0.3082031250000001 0.43125 0.3546875000000001 0.5 0.3546875000000001
19 0.4515625 0.3097656250000001 0.38125 0.3097656250000001 0.38125 0.3546875000000001 0.4515625 0.3546875000000001
19 0.36406250000000007 0.4953125 0.2886718750000001 0.4953125 0.2886718750000001 0.5625 0.36406250000000007 0.5625
19 0.2796875000000001 0.49296875 0.2136718750000001 0.49296875 0.2136718750000001 0.5671875 0.2796875000000001 0.5671875
19 0.2015625000000001 0.494140625 0.13125000000000003 0.494140625 0.13125000000000006 0.5703125 0.2015625000000001 0.5703125