19 0.3968750000000001 0.5125 0.3027343750000001 0.5125 0.3027343750000001 0.58125 0.3968750000000001 0.58125
19 0.2621093750000001 0.515234375 0.16445312500000003 0.515234375 0.16445312500000006 0.5796875 0.2621093750000001 0.5796875
19 0.3156250000000001 0.5 0.2468750000000001 0.5 0.2468750000000001 0.5984375 0.3156250000000001 0.5984375
19 0.440625 0.542578125 0.3859375000000001 0.542578125 0.3859375000000001 0.590625 0.440625 0.590625
19 0.53125 0.5390625 0.483203125 0.5390625 0.483203125 0.5953125 0.53125 0.5953125
19 0.4093750000000001 0.67109375 0.3183593750000001 0.67109375 0.3183593750000001 0.746875 0.40937500000000016 0.746875
19 0.4828125000000001 0.659375 0.409375 0.659375 0.4093750000000001 0.75625 0.4828125000000002 0.75625
19 0.3265625000000001 0.6609375 0.2500000000000001 0.6609375 0.2500000000000001 0.759375 0.3265625000000001 0.759375
19 0.5625000000000001 0.660546875 0.489453125 0.660546875 0.4894531250000001 0.7578125 0.5625000000000002 0.7578125
19 0.6515625 0.67890625 0.55859375 0.67890625 0.5585937500000001 0.7515625 0.6515625000000002 0.7515625
19 0.7187500000000001 0.6953125 0.6453125 0.6953125 0.6453125000000001 0.7640625 0.7187500000000002 0.7640625
19 0.784375 0.6976562500000001 0.723046875 0.69765625 0.7230468750000001 0.7625000000000001 0.7843750000000002 0.7625000000000002
19 0.871875 0.7015625000000002 0.7984375 0.7015625000000002 0.7984375000000001 0.7625000000000002 0.871875 0.7625000000000002