19 0.7171875 0.042187500000000086 0.634375 0.04218750000000008 0.634375 0.10156250000000008 0.7171875 0.10156250000000008
19 0.7625 0.06671063437500009 0.7125 0.06671063437500009 0.7125 0.11093750000000009 0.7625 0.11093750000000009
19 0.8185572249999999 0.0672585218750001 0.7703125 0.06725852187500009 0.7703125 0.11718750000000008 0.8185572249999999 0.11718750000000008
19 0.603125 0.2078125000000001 0.50625 0.2078125000000001 0.50625 0.32500000000000007 0.603125 0.32500000000000007
19 0.5046875 0.2266335218750001 0.39884334374999997 0.2266335218750001 0.39884334374999997 0.3203125000000001 0.5046875 0.3203125000000001
19 0.39375 0.22064732031250003 0.2953125 0.22064732031249998 0.2953125 0.32779017812500005 0.39375 0.3277901781250001
19 0.33125 0.019257304687500032 0.2197240265625 0.019257304687500025 0.2197240265625 0.09218750000000003 0.33125 0.09218750000000005
19 0.5609375 6.425108924646274e-17 0.48836241718749995 5.980714710325362e-17 0.48836241718749995 0.11406250000000007 0.5609375 0.1140625000000001
19 0.4140625 0.022057629687500045 0.302536525 0.02205762968750004 0.302536525 0.09218750000000005 0.4140625 0.09218750000000005
19 0.6609375 0.020687906250000075 0.545637175 0.020687906250000065 0.545637175 0.09375000000000008 0.6609375 0.09375000000000008
19 0.6218750000000002 0.7788758125 0.5553875812500002 0.7788758125 0.5553875812500002 0.846875 0.6218750000000002 0.846875
19 0.4953125 0.020576300000000054 0.3857447234375 0.02057630000000005 0.3857447234375 0.09218750000000006 0.4953125 0.09218750000000006
19 0.5498681015625002 0.785815746875 0.47356940000000014 0.785815746875 0.47356940000000014 0.853125 0.5498681015625002 0.853125