19 0.7257812500000002 0.8703125 0.6718750000000002 0.8703125 0.6718750000000002 0.90390625 0.7257812500000002 0.90390625
19 0.6015625000000002 0.8703125 0.5546875000000002 0.8703125 0.5546875000000002 0.9078125 0.6015625000000002 0.9078125
19 0.6632812500000002 0.871875 0.6125000000000002 0.871875 0.6125000000000002 0.90546875 0.6632812500000002 0.90546875
19 0.09062500000000011 0.8734375 0.018750000000000107 0.8734375 0.01875000000000011 0.9453125 0.09062500000000011 0.9453125
19 0.1734375000000001 0.875 0.0953125000000001 0.875 0.0953125000000001 0.946875 0.17343750000000013 0.946875
19 0.5164062500000002 0.8734375 0.4359375000000002 0.8734375 0.4359375000000002 0.94921875 0.5164062500000002 0.94921875
19 0.2593750000000001 0.875 0.18125000000000008 0.875 0.1812500000000001 0.946875 0.2593750000000001 0.946875
19 0.3382812500000001 0.878125 0.2640625000000001 0.878125 0.2640625000000001 0.94765625 0.3382812500000001 0.94765625
19 0.4226562500000002 0.878125 0.3468750000000001 0.878125 0.3468750000000001 0.94921875 0.4226562500000002 0.94921875
19 0.5718750000000001 0.9140625 0.5234375000000002 0.9140625 0.5234375000000002 0.9515625 0.5718750000000001 0.9515625
19 0.6203125000000002 0.915625 0.5750000000000002 0.915625 0.5750000000000002 0.9515625 0.6203125000000002 0.9515625
19 0.7468750000000002 0.915625 0.6906250000000002 0.915625 0.6906250000000002 0.95078125 0.7468750000000002 0.95078125
19 0.6812500000000001 0.915625 0.6296875000000002 0.915625 0.6296875000000002 0.953125 0.6812500000000001 0.953125
19 0.5335937500000001 0.6390625 0.446875 0.6390625 0.4468750000000001 0.73984375 0.5335937500000002 0.73984375
19 0.6421875000000001 0.65 0.546875 0.65 0.5468750000000001 0.7328125 0.6421875000000001 0.7328125
19 0.86953125 0.6500000000000001 0.7640625 0.6500000000000001 0.7640625000000001 0.7421875000000002 0.86953125 0.7421875000000002
19 0.9796875 0.6531250000000002 0.8765625 0.6531250000000002 0.8765625 0.7406250000000002 0.9796875 0.7406250000000002
19 0.7593750000000001 0.6531250000000001 0.6515625 0.653125 0.6515625 0.7406250000000001 0.7593750000000001 0.7406250000000002
19 0.4476562500000001 0.6625 0.3734375000000001 0.6625 0.3734375000000001 0.73671875 0.4476562500000002 0.73671875
19 0.3687500000000001 0.6625 0.3000000000000001 0.6625 0.3000000000000001 0.7390625 0.3687500000000001 0.7390625
19 0.28984375000000007 0.68125 0.2234375000000001 0.68125 0.2234375000000001 0.73671875 0.28984375000000007 0.73671875
19 0.2179687500000001 0.6828125 0.1625000000000001 0.6828125 0.1625000000000001 0.74140625 0.2179687500000001 0.74140625
19 0.0984375000000001 0.68125 0.03750000000000009 0.68125 0.03750000000000009 0.74140625 0.0984375000000001 0.74140625
19 0.1570312500000001 0.6828125 0.10156250000000008 0.6828125 0.10156250000000008 0.74140625 0.1570312500000001 0.74140625