19 0.12656250000000005 0.268359375 0.048437500000000036 0.268359375 0.048437500000000036 0.3640625 0.12656250000000005 0.3640625
19 0.22031250000000005 0.2734375 0.14101562500000003 0.2734375 0.14101562500000003 0.365625 0.22031250000000008 0.365625
19 0.29375 0.30078125 0.223046875 0.30078125 0.223046875 0.3578125 0.29375 0.3578125
19 0.37031250000000004 0.30312500000000003 0.296875 0.303125 0.29687500000000006 0.36406250000000007 0.3703125000000001 0.36406250000000007
19 0.765625 0.2968750000000001 0.675 0.2968750000000001 0.675 0.3750000000000001 0.765625 0.3750000000000001
19 0.6671875 0.30156250000000007 0.586328125 0.30156250000000007 0.586328125 0.3734375000000001 0.6671875 0.3734375000000001
19 0.578125 0.3003906250000001 0.489453125 0.3003906250000001 0.489453125 0.3687500000000001 0.578125 0.3687500000000001
19 0.859375 0.2960937500000001 0.78203125 0.2960937500000001 0.78203125 0.38750000000000007 0.859375 0.38750000000000007
19 0.4234375 0.31718750000000007 0.373046875 0.31718750000000007 0.37304687500000006 0.3687500000000001 0.4234375 0.3687500000000001
19 0.9328125 0.3148437500000001 0.86953125 0.3148437500000001 0.86953125 0.3859375000000001 0.9328125 0.3859375000000001
19 0.4765625 0.3390625000000001 0.432421875 0.3390625000000001 0.432421875 0.3703125000000001 0.4765625 0.3703125000000001
19 0.11406250000000004 0.453125 0.029687500000000054 0.453125 0.02968750000000006 0.534375 0.11406250000000004 0.534375
19 0.2062500000000001 0.458984375 0.12539062500000003 0.458984375 0.12539062500000003 0.5328125 0.2062500000000001 0.5328125
19 0.2953125000000001 0.45625 0.21875000000000008 0.45625 0.21875000000000008 0.5359375 0.2953125000000001 0.5359375
19 0.3937500000000001 0.462890625 0.3128906250000001 0.462890625 0.3128906250000001 0.5375 0.3937500000000001 0.5375
19 0.478125 0.457421875 0.409375 0.457421875 0.409375 0.5484375 0.478125 0.5484375
19 0.5796875 0.46328125 0.512890625 0.46328125 0.512890625 0.55 0.5796875 0.55
19 0.671875 0.471484375 0.607421875 0.471484375 0.607421875 0.5515625 0.671875 0.5515625
19 0.7828125 0.4859375000000001 0.709765625 0.4859375 0.709765625 0.5437500000000001 0.7828125 0.5437500000000002
19 0.8796875 0.4925781250000002 0.8 0.4925781250000002 0.8 0.5468750000000002 0.8796875 0.5468750000000002