19 0.5293279625 0.13851373281250004 0.4722345375 0.13851373281250004 0.4722345375 0.22031250000000008 0.5293279625 0.22031250000000008
19 0.4765625 0.15627432968750005 0.39561526874999997 0.15627432968750005 0.39561526874999997 0.2093750000000001 0.4765625 0.2093750000000001
19 0.3375 0.13281250000000006 0.274591803125 0.13281250000000006 0.274591803125 0.2296875 0.3375 0.2296875
19 0.4015625 0.14391219687500006 0.34921604687499996 0.14391219687500006 0.34921604687499996 0.22500000000000003 0.4015625 0.2250000000000001
19 0.259375 0.13870837031250005 0.196466803125 0.13870837031250005 0.19646680312500003 0.2328125 0.259375 0.2328125
19 0.6453125 0.1635515781250001 0.5861213234375 0.1635515781250001 0.5861213234375 0.20766922500000007 0.6453125 0.20766922500000007
19 0.5890625 0.16570609843750006 0.532836828125 0.16570609843750003 0.532836828125 0.21250000000000008 0.5890625 0.21250000000000008
19 0.18593750000000003 0.14380136250000003 0.1253243953125 0.1438013625 0.1253243953125 0.2390625 0.18593750000000003 0.2390625
19 0.1296875 0.165689878125 0.037818987500000026 0.165689878125 0.037818987500000026 0.225 0.12968750000000004 0.225
19 0.06718750000000002 0.1767382140625 2.1644188813866037e-17 0.1767382140625 2.4398584696790786e-17 0.2217209125 0.06718750000000002 0.2217209125
19 1 0.2505352500000001 0.90883975 0.2505352500000001 0.90883975 0.34050064843750005 1 0.34050064843750005
19 0.9 0.2491511687500001 0.8084937296874999 0.2491511687500001 0.8084937296874999 0.3421875000000001 0.9 0.3421875000000001
19 0.796875 0.2528546718750001 0.70625 0.2528546718750001 0.70625 0.3453125000000001 0.796875 0.3453125000000001
19 0.696875 0.2542333468750001 0.6054417187500001 0.2542333468750001 0.6054417187500001 0.3468750000000001 0.696875 0.3468750000000001
19 0.578125 0.27587316250000005 0.515297903125 0.27587316250000005 0.515297903125 0.36406250000000007 0.578125 0.36406250000000007
19 0.15156250000000004 0.287045846875 0.06056174375000004 0.287045846875 0.06056174375000004 0.3578125 0.15156250000000004 0.3578125
19 0.07500000000000004 0.2929282 3.587335825099957e-17 0.2929282 3.965502470412863e-17 0.3546875 0.07500000000000004 0.3546875
19 0.4921875 0.2984375000000001 0.4342506484375 0.2984375000000001 0.4342506484375 0.3543685125000001 0.4921875 0.3543685125000001
19 0.33593750000000006 0.2809823734375 0.2717884953125 0.2809823734375 0.27178849531250004 0.375 0.3359375000000001 0.375
19 0.4265625 0.29905925625000007 0.3671361375 0.29905925625000007 0.3671361375 0.3546875000000001 0.4265625 0.3546875000000001
19 0.25266273906250003 0.3099075484375 0.2085450921875 0.3099075484375 0.20854509218750006 0.3640625 0.2526627390625001 0.3640625
19 0.2015625 0.3125 0.14606401406250005 0.3125 0.14606401406250005 0.3624513421875 0.2015625 0.3624513421875