19 0.10000000000000005 0.1980594765625 0.058190523437500016 0.1980594765625 0.058190523437500016 0.2546875 0.10000000000000005 0.2546875
19 0.15156250000000004 0.2080393140625 0.09503528281250002 0.2080393140625 0.09503528281250002 0.24997479843749998 0.15156250000000004 0.24997479843749998
19 0.6640625 0.3260584671875001 0.56943044375 0.3260584671875001 0.56943044375 0.3781250000000001 0.6640625 0.3781250000000001
19 0.6953125 0.3049143140625001 0.6483114921875 0.3049143140625001 0.6483114921875 0.4 0.6953125 0.4
19 0.75625 0.33939012187500006 0.6994203625 0.33939012187500006 0.6994203625 0.3984375000000001 0.75625 0.3984375000000001
19 0.8203125 0.3380796375000001 0.7667590734374999 0.3380796375000001 0.7667590734374999 0.4000000000000002 0.8203125 0.4000000000000002
19 0.890625 0.3391129031250001 0.8321572578125 0.3391129031250001 0.8321572578125 0.4031250000000002 0.890625 0.4031250000000002
19 0.2484375000000001 0.4256048375 0.17542842656250004 0.4256048375 0.17542842656250004 0.509375 0.2484375000000001 0.509375
19 0.3265625000000001 0.42683971718749997 0.2549395156250001 0.42683971718749997 0.2549395156250001 0.509375 0.3265625000000001 0.509375
19 0.16875000000000004 0.436794353125 0.09871471718750005 0.436794353125 0.09871471718750005 0.5078125 0.16875000000000004 0.5078125
19 0.4078125 0.4368951609375 0.32706653125000007 0.4368951609375 0.32706653125000007 0.5078125 0.4078125 0.5078125
19 0.6578125 0.45166330625000006 0.6046875 0.45166330625000006 0.6046875 0.51875 0.6578125 0.51875
19 0.7109375 0.4515625 0.66328125 0.4515625 0.66328125 0.51875 0.7109375 0.51875
19 0.7703125 0.4625504031250001 0.701965725 0.462550403125 0.701965725 0.5093245953125001 0.7703125 0.5093245953125002
19 0.8125 0.45312500000000017 0.7625 0.45312500000000017 0.7625 0.5218750000000002 0.8125 0.5218750000000002
19 0.8640372984375 0.4548135078125002 0.8156502015625 0.4548135078125002 0.8156502015625 0.5217489921875001 0.8640372984375 0.5217489921875001
19 0.4667338703125 0.46285282343749995 0.4207661296875 0.46285282343749995 0.4207661296875 0.515272178125 0.4667338703125 0.515272178125
19 0.5109375 0.4677671390625 0.46136592812500005 0.4677671390625 0.46136592812500005 0.512121975 0.5109375 0.512121975
19 0.6 0.4650201625 0.5545362890625001 0.4650201625 0.5545362890625001 0.5171875 0.6 0.5171875
19 0.5515625 0.46461693593750003 0.5078377015625 0.46461693593750003 0.5078377015625 0.517036290625 0.5515625 0.517036290625
19 0.8125 0.7008568546875001 0.7828125 0.7008568546875001 0.7828125000000001 0.7312500000000002 0.8125 0.7312500000000002
19 0.8465977812500001 0.7034778234375001 0.8143397171875 0.7034778234375001 0.8143397171875 0.7296875000000002 0.8465977812500001 0.7296875000000002
19 0.84503528125 0.7323840718750001 0.8127772171875 0.7323840718750001 0.8127772171875 0.7578125000000002 0.84503528125 0.7578125000000002
19 0.8078125 0.7339465734375001 0.7776209687500002 0.7339465734375001 0.7776209687500002 0.7593750000000001 0.8078125 0.7593750000000001
19 0.8484375 0.8470766125000001 0.7921875000000002 0.8470766125000001 0.7921875000000002 0.9078125 0.8484375 0.9078125
19 0.7875000000000002 0.8484627015624999 0.7375000000000002 0.8484627015624999 0.7375000000000002 0.90625 0.7875000000000002 0.90625