19 0.2751572328125 0.10062893125000005 0.22405660312500003 0.10062893125000005 0.22405660312500003 0.17295597500000004 0.2751572328125 0.17295597500000004
19 0.2154088046875 0.10377358437500002 0.161163521875 0.10377358437499999 0.161163521875 0.172955975 0.2154088046875 0.17295597500000004
19 0.35062893125 0.11006289375000004 0.28301886718749997 0.11006289375000004 0.28301886718749997 0.17452830156250004 0.35062893125 0.17452830156250004
19 0.1619496859375 0.11163522031249999 0.108490565625 0.11163522031249999 0.108490565625 0.17452830156250002 0.1619496859375 0.17452830156250002
19 0.3113207546875 0.2295597484375 0.2727987421875 0.2295597484375 0.2727987421875 0.31289308125000004 0.3113207546875 0.31289308125000004
19 0.35534591249999997 0.23113207500000002 0.3168239 0.23113207500000002 0.3168239 0.3168239 0.35534591249999997 0.3168239
19 0.07389937031250003 0.25314465468749997 0.044025157812500035 0.25314465468749997 0.044025157812500035 0.3160377359375 0.07389937031250005 0.3160377359375
19 0.16823899375000004 0.25314465468749997 0.13207547187500004 0.25314465468749997 0.13207547187500004 0.3160377359375 0.16823899375000004 0.3160377359375
19 0.12421383593750004 0.25471698125 0.08883647812500002 0.25471698125 0.08883647812500003 0.3176100625 0.12421383593750004 0.3176100625
19 0.3097484281250001 0.38050314531249996 0.2743710687500001 0.38050314531249996 0.2743710687500001 0.41037735781249995 0.3097484281250001 0.41037735781249995
19 0.26886792500000006 0.38050314531249996 0.22877358437500012 0.38050314531249996 0.22877358437500012 0.41194968593750003 0.26886792500000006 0.41194968593750003
19 0.3474842765625001 0.3836477984375 0.3136792453125001 0.3836477984375 0.3136792453125001 0.411163521875 0.3474842765625001 0.411163521875
19 0.9072327046875 0.3569182390625001 0.8419811328125 0.3569182390625001 0.8419811328125 0.4559748421875002 0.9072327046875 0.4559748421875002
19 0.8364779875 0.3569182390625001 0.7712264156249999 0.3569182390625001 0.7712264156249999 0.45833333281250016 0.8364779875 0.45833333281250016
19 0.97641509375 0.3569182390625001 0.9095911953125 0.3569182390625001 0.9095911953125 0.45833333281250016 0.97641509375 0.45833333281250016
19 0.5345911953125 0.3789308171875001 0.481132075 0.3789308171875001 0.481132075 0.45283018906250005 0.5345911953125 0.45283018906250005
19 0.59119496875 0.3789308171875001 0.5393081765625001 0.3789308171875001 0.5393081765625001 0.45597484218749995 0.59119496875 0.45597484218749995
19 0.6493710687500001 0.3789308171875001 0.59591195 0.3789308171875001 0.59591195 0.45597484218749995 0.6493710687500001 0.45597484218749995
19 0.7059748421875 0.3789308171875001 0.6525157234375001 0.3789308171875001 0.6525157234375001 0.45518867968750004 0.7059748421875 0.45518867968750004
19 0.7657232703125 0.3789308171875001 0.7114779875 0.3789308171875001 0.7114779875 0.45597484218750006 0.7657232703125 0.4559748421875002
19 0.3867924531250001 0.39622641562500005 0.3419811328125001 0.396226415625 0.3419811328125001 0.45283018906250005 0.3867924531250001 0.45283018906250005
19 0.481132075 0.3977987421875001 0.43396226406249994 0.3977987421875001 0.43396226406249994 0.454402515625 0.481132075 0.454402515625
19 0.4323899375 0.3977987421875001 0.38757861562500007 0.3977987421875001 0.38757861562500007 0.45597484218749995 0.4323899375 0.45597484218749995
19 0.25943396250000006 0.4150943390625 0.22091195000000008 0.4150943390625 0.22091195000000008 0.4488993703125 0.25943396250000006 0.4488993703125
19 0.3427672953125001 0.4150943390625 0.30267295625000007 0.4150943390625 0.30267295625000007 0.4504716984375 0.3427672953125001 0.4504716984375
19 0.3003144656250001 0.4150943390625 0.2602201265625001 0.4150943390625 0.2602201265625001 0.4512578609375 0.3003144656250001 0.4512578609375
19 0.3632075468750001 0.48270440312499996 0.3121069187500001 0.48270440312499996 0.3121069187500001 0.555031446875 0.3632075468750001 0.555031446875
19 0.7295597484375 0.4811320750000001 0.6525157234375001 0.481132075 0.6525157234375001 0.5550314468750001 0.7295597484375 0.5550314468750002
19 0.8018867921874999 0.4827044031250002 0.732704403125 0.4827044031250002 0.732704403125 0.5573899375000002 0.8018867921874999 0.5573899375000002
19 0.30503144687500006 0.4842767296875 0.2531446546875001 0.4842767296875 0.2531446546875001 0.5542452828125 0.30503144687500006 0.5542452828125
19 0.4166666671875 0.4842767296875 0.3679245281250001 0.4842767296875 0.3679245281250001 0.5566037734375 0.4166666671875 0.5566037734375
19 0.8867924531250001 0.4827044031250002 0.8066037734375 0.4827044031250002 0.8066037734375 0.5589622640625002 0.8867924531250001 0.5589622640625002
19 0.24842767343750008 0.4968553453125 0.20597484218750012 0.4968553453125 0.20597484218750012 0.55345911875 0.24842767343750008 0.55345911875
19 0.9654088046875 0.4889937109375002 0.8907232703125001 0.4889937109375002 0.8907232703125001 0.5605345906250002 0.9654088046875 0.5605345906250002
19 0.14779874218750005 0.4968553453125 0.10770440312500004 0.4968553453125 0.10770440312500007 0.555031446875 0.14779874218750008 0.555031446875
19 0.10062893125000008 0.4968553453125 0.059748428125000065 0.4968553453125 0.059748428125000065 0.55345911875 0.1006289312500001 0.55345911875
19 0.6493710687500001 0.49528301875 0.5951257859375 0.49528301875 0.5951257859375 0.5581761000000001 0.6493710687500001 0.5581761000000001
19 0.19968553437500008 0.49842767343750005 0.15880503125000006 0.49842767343750005 0.15880503125000006 0.5542452828125 0.19968553437500008 0.5542452828125
19 0.5927672953124999 0.49842767343750005 0.5385220125 0.49842767343750005 0.5385220125 0.5566037734375 0.5927672953124999 0.5566037734375