19 0.902777778125 0.6440972218750002 0.878472221875 0.6440972218750002 0.878472221875 0.6640625000000002 0.902777778125 0.6640625000000002
19 0.926215278125 0.6440972218750002 0.90625 0.6440972218750002 0.90625 0.6640625000000002 0.926215278125 0.6640625000000002
19 0.9522569437499999 0.6440972218750002 0.9305555562500001 0.6440972218750002 0.9305555562500001 0.6657986109375001 0.9522569437499999 0.6657986109375001
19 0.980902778125 0.6458333328125001 0.956597221875 0.6458333328125001 0.956597221875 0.6684027781250002 0.980902778125 0.6684027781250002
19 1 0.6458333328125001 0.9861111109375 0.6458333328125001 0.9861111109375 0.6657986109375001 1 0.6657986109375001
19 0.8854166671874999 0.6614583328125001 0.8576388890625 0.6614583328125001 0.8576388890625 0.7013888890625002 0.8854166671874999 0.7013888890625002
19 0.8229166671874999 0.6614583328125001 0.7951388890625 0.6614583328125001 0.7951388890625 0.6987847218750002 0.8229166671874999 0.6987847218750002
19 0.6614583328125 0.6614583328125 0.6336805562500001 0.6614583328125 0.6336805562500001 0.7013888890625 0.6614583328125 0.7013888890625
19 0.6927083328125 0.6614583328125 0.6631944437499999 0.6614583328125 0.6631944437499999 0.7013888890625 0.6927083328125 0.7013888890625
19 0.597222221875 0.659722221875 0.5677083328125 0.659722221875 0.5677083328125 0.7013888890625 0.597222221875 0.7013888890625
19 0.628472221875 0.6614583328125 0.6006944437499999 0.6614583328125 0.6006944437499999 0.7013888890625 0.628472221875 0.7013888890625
19 0.7248263890625 0.659722221875 0.6979166671875 0.659722221875 0.6979166671875 0.7022569437499999 0.7248263890625 0.7022569437499999
19 0.855034721875 0.6614583328125001 0.824652778125 0.6614583328125001 0.824652778125 0.7013888890625002 0.855034721875 0.7013888890625002
19 0.5642361109375 0.6614583328125 0.5364583328125 0.6614583328125 0.5364583328125 0.7005208328125 0.5642361109375 0.7005208328125
19 0.7586805562500001 0.6614583328125001 0.7291666671875 0.6614583328125001 0.7291666671875 0.7013888890625002 0.7586805562500001 0.7013888890625002
19 0.7907986109375 0.6631944437500001 0.7586805562500001 0.6631944437500001 0.7586805562500001 0.7005208328125001 0.7907986109375 0.7005208328125001
19 0.9140625 0.6753472218750002 0.887152778125 0.6753472218750002 0.887152778125 0.6996527781250002 0.9140625 0.6996527781250002
19 0.96875 0.6770833328125001 0.9461805562500001 0.6770833328125001 0.9461805562500001 0.6987847218750002 0.96875 0.6987847218750002
19 0.940972221875 0.6770833328125001 0.918402778125 0.6770833328125001 0.918402778125 0.6996527781250002 0.940972221875 0.6996527781250002
19 0.9973958328125001 0.6788194437500001 0.9756944437499999 0.6788194437500001 0.9756944437499999 0.7005208328125001 0.9973958328125001 0.7005208328125001
19 0.7473958328125001 0.7239583328125001 0.699652778125 0.7239583328125 0.6996527781250002 0.7864583328125001 0.7473958328125001 0.7864583328125001
19 0.6996527781250002 0.722222221875 0.6493055562500001 0.722222221875 0.6493055562500001 0.7873263890625 0.6996527781250002 0.7873263890625
19 0.5980902781250002 0.722222221875 0.5416666671875 0.722222221875 0.5416666671875001 0.7890625 0.5980902781250002 0.7890625
19 0.6484375000000002 0.7256944437499999 0.5989583328125001 0.7256944437499999 0.5989583328125001 0.7881944437499999 0.6484375000000002 0.7881944437499999
19 1 0.7256944437500001 0.96875 0.7256944437500001 0.96875 0.7881944437500001 1 0.7881944437500001
19 0.8602430562500001 0.7256944437500001 0.8055555562500001 0.7256944437500001 0.8055555562500001 0.7899305562500002 0.8602430562500001 0.7899305562500002
19 0.9114583328125001 0.7343750000000002 0.8645833328125001 0.7343750000000002 0.8645833328125001 0.7864583328125001 0.9114583328125001 0.7864583328125001
19 0.8064236109375 0.7326388890625002 0.7517361109375001 0.7326388890625002 0.7517361109375001 0.7890625000000002 0.8064236109375 0.7890625000000002
19 0.9661458328125001 0.7309027781250002 0.9166666671874999 0.7309027781250002 0.9166666671874999 0.7907986109375001 0.9661458328125001 0.7907986109375001
19 0.7986111109375001 0.8142361109375 0.7517361109375001 0.8142361109375 0.7517361109375001 0.871527778125 0.7986111109375001 0.871527778125
19 0.8524305562500001 0.815972221875 0.8020833328125001 0.815972221875 0.8020833328125001 0.8697916671874999 0.8524305562500001 0.8697916671874999
19 0.7482638890625002 0.8142361109375 0.7013888890625002 0.8142361109375 0.7013888890625002 0.8741319437499999 0.7482638890625002 0.8741319437499999
19 1 0.8194444437499999 0.965277778125 0.8194444437499999 0.965277778125 0.8689236109375 1 0.8689236109375
19 0.9053819437499999 0.8194444437499999 0.855902778125 0.8194444437499999 0.855902778125 0.8732638890625 0.9053819437499999 0.8732638890625
19 0.6432291671875002 0.8194444437499999 0.5937500000000002 0.8194444437499999 0.5937500000000002 0.8732638890625 0.6432291671875002 0.8732638890625
19 0.964409721875 0.8211805562500001 0.9166666671874999 0.8211805562500001 0.9166666671874999 0.875 0.964409721875 0.875
19 0.6979166671875002 0.8211805562500001 0.6475694437500001 0.8211805562500001 0.6475694437500001 0.875 0.6979166671875002 0.875
19 0.5920138890625002 0.8368055562500001 0.5381944437500001 0.8368055562500001 0.5381944437500001 0.8741319437499999 0.5920138890625002 0.8741319437499999
19 0.7968750000000002 0.921875 0.7552083328125001 0.921875 0.7552083328125001 0.9670138890625 0.7968750000000002 0.9670138890625
19 0.7534722218750002 0.921875 0.7118055562500002 0.921875 0.7118055562500002 0.96875 0.7534722218750002 0.96875
19 0.6666666671875002 0.9236111109375 0.6250000000000002 0.9236111109375 0.6250000000000002 0.9678819437499999 0.6666666671875002 0.9678819437499999
19 0.7100694437500001 0.9236111109375 0.6684027781250002 0.9236111109375 0.6684027781250002 0.96875 0.7100694437500001 0.96875
19 0.6232638890625002 0.925347221875 0.5815972218750002 0.925347221875 0.5815972218750002 0.9704861109375 0.6232638890625002 0.9704861109375
19 0.9774305562500001 0.9288194437499999 0.949652778125 0.9288194437499999 0.949652778125 0.9661458328125001 0.9774305562500001 0.9661458328125001
19 0.9470486109375 0.9288194437499999 0.9166666671874999 0.9288194437499999 0.9166666671874999 0.9661458328125001 0.9470486109375 0.9661458328125001
19 0.9166666671874999 0.9288194437499999 0.887152778125 0.9288194437499999 0.887152778125 0.9661458328125001 0.9166666671874999 0.9661458328125001
19 1 0.9305555562500001 0.9791666671874999 0.9305555562500001 0.9791666671874999 0.9678819437499999 1 0.9678819437499999
19 0.8524305562500001 0.9288194437499999 0.824652778125 0.9288194437499999 0.824652778125 0.9678819437499999 0.8524305562500001 0.9678819437499999
19 0.8854166671874999 0.9305555562500001 0.8576388890625 0.9305555562500001 0.8576388890625 0.9670138890625 0.8854166671874999 0.9670138890625
19 0.8220486109375 0.9305555562500001 0.7968750000000002 0.9305555562500001 0.7968750000000002 0.9678819437499999 0.8220486109375 0.9678819437499999
19 0.5807291671875002 0.9305555562500001 0.5381944437500001 0.9305555562500001 0.5381944437500001 0.9704861109375 0.5807291671875002 0.9704861109375
19 0.925347221875 0.5225694437500001 0.8836805562500001 0.5225694437500001 0.8836805562500001 0.5937500000000002 0.925347221875 0.5937500000000002
19 1 0.5225694437500001 0.980902778125 0.5225694437500001 0.980902778125 0.5937500000000002 1 0.5937500000000002
19 0.9765625 0.5225694437500001 0.934027778125 0.5225694437500001 0.934027778125 0.5920138890625002 0.9765625 0.5920138890625002
19 0.7743055562500001 0.5260416671875002 0.7291666671875 0.5260416671875002 0.7291666671875 0.5937500000000002 0.7743055562500001 0.5937500000000002
19 0.824652778125 0.5243055562500002 0.7829861109375 0.5243055562500002 0.7829861109375 0.5954861109375001 0.824652778125 0.5954861109375001
19 0.8741319437499999 0.5243055562500002 0.831597221875 0.5243055562500002 0.831597221875 0.5954861109375001 0.8741319437499999 0.5954861109375001