19 0.64375 0.29960937500000007 0.594140625 0.29960937500000007 0.594140625 0.3578125000000001 0.64375 0.3578125000000001
19 0.740625 0.30742187500000007 0.687109375 0.30742187500000007 0.687109375 0.3515625000000001 0.740625 0.3515625000000001
19 0.6953125 0.3070312500000001 0.63984375 0.3070312500000001 0.63984375 0.3515625000000001 0.6953125 0.3515625000000001
19 0.490625 0.33281250000000007 0.393359375 0.33281250000000007 0.39335937500000007 0.3984375000000001 0.490625 0.3984375000000001
19 1 0.3566406250000001 0.932421875 0.3566406250000001 0.932421875 0.3984375000000001 1 0.3984375000000001
19 0.5328125 0.3390625000000001 0.474609375 0.3390625000000001 0.474609375 0.41875 0.5328125 0.41875
19 0.9203125 0.3578125000000001 0.837109375 0.3578125000000001 0.837109375 0.4000000000000002 0.9203125 0.4000000000000002
19 0.6046875 0.3515625000000001 0.525 0.3515625000000001 0.525 0.409375 0.6046875 0.409375
19 0.946875 0.33867187500000007 0.9046875 0.33867187500000007 0.9046875 0.4203125000000002 0.946875 0.4203125000000002
19 0.7890625 0.3417968750000001 0.735546875 0.3417968750000001 0.735546875 0.41718750000000016 0.7890625 0.41718750000000016
19 0.85625 0.3550781250000001 0.781640625 0.3550781250000001 0.781640625 0.4078125000000002 0.85625 0.4078125000000002
19 0.6828125 0.3609375000000001 0.640234375 0.3609375000000001 0.640234375 0.41875 0.6828125 0.41875
19 0.6390625 0.3609375000000001 0.5921875 0.3609375000000001 0.5921875 0.4171875 0.6390625 0.4171875
19 0.7375 0.3648437500000001 0.68203125 0.3648437500000001 0.68203125 0.4125000000000001 0.7375 0.4125000000000002
19 0.7578125 0.4503906250000001 0.723828125 0.450390625 0.723828125 0.4875000000000001 0.7578125 0.48750000000000016
19 0.809375 0.4535156250000002 0.76875 0.4535156250000002 0.76875 0.48750000000000016 0.809375 0.48750000000000016
19 0.85 0.4515625000000002 0.816015625 0.4515625000000002 0.816015625 0.4890625000000002 0.85 0.4890625000000002
19 0.9 0.4515625000000002 0.859375 0.4515625000000002 0.859375 0.4890625000000002 0.9 0.4890625000000002
19 0.940625 0.4527343750000002 0.906640625 0.4527343750000002 0.906640625 0.4906250000000002 0.940625 0.4906250000000002
19 0.05468750000000007 0.4640625 0.001953125000000057 0.4640625 0.0019531250000000616 0.5375 0.05468750000000007 0.5375
19 0.56875 0.459375 0.5015625 0.459375 0.5015625 0.54375 0.56875 0.54375
19 0.13593750000000004 0.4671875 0.06406250000000006 0.4671875 0.06406250000000006 0.5390625 0.13593750000000004 0.5390625
19 0.65 0.469140625 0.565234375 0.469140625 0.565234375 0.5375 0.65 0.5375
19 0.409375 0.4921875 0.3332031250000001 0.4921875 0.3332031250000001 0.51875 0.409375 0.51875
19 0.421875 0.465625 0.38945312500000007 0.465625 0.38945312500000007 0.5453125 0.421875 0.5453125
19 0.49375 0.465625 0.4625 0.465625 0.4625 0.54375 0.49375 0.54375
19 0.48125 0.4890625 0.403515625 0.4890625 0.403515625 0.5234375 0.48125 0.5234375
19 0.7171875 0.466015625 0.648828125 0.466015625 0.648828125 0.5453125 0.7171875 0.5453125
19 0.31718750000000007 0.495703125 0.2640625000000001 0.495703125 0.2640625000000001 0.5328125 0.31718750000000007 0.5328125
19 0.2750000000000001 0.495703125 0.22031250000000008 0.495703125 0.22031250000000008 0.53125 0.2750000000000001 0.53125
19 0.3578125000000001 0.496484375 0.3070312500000001 0.496484375 0.3070312500000001 0.53125 0.3578125000000001 0.53125
19 0.765625 0.505078125 0.712890625 0.505078125 0.712890625 0.5421875 0.765625 0.5421875000000002
19 0.853125 0.49726562500000016 0.8125 0.49726562500000016 0.8125 0.5515625000000002 0.853125 0.5515625000000002
19 0.80625 0.4984375000000002 0.7640625 0.4984375000000002 0.7640625 0.5515625000000002 0.80625 0.5515625000000002
19 0.90625 0.5039062500000002 0.854296875 0.5039062500000002 0.854296875 0.5468750000000002 0.90625 0.5468750000000002
19 0.953125 0.5046875000000002 0.901171875 0.5046875000000002 0.901171875 0.5437500000000002 0.953125 0.5437500000000002
19 0.896875 0.6171875000000002 0.8703125 0.6171875000000002 0.8703125 0.6468750000000002 0.896875 0.6468750000000002
19 0.8640625 0.6214843750000002 0.83984375 0.6214843750000002 0.83984375 0.6453125000000002 0.8640625 0.6453125000000002
19 0.9375 0.6203125000000002 0.9078125 0.6203125000000002 0.9078125 0.6468750000000002 0.9375 0.6468750000000002
19 0.1359375000000001 0.598828125 0.06406250000000006 0.598828125 0.06406250000000008 0.6796875 0.1359375000000001 0.6796875
19 0.21093750000000008 0.60859375 0.1332031250000001 0.60859375 0.1332031250000001 0.675 0.21093750000000008 0.675
19 0.2828125000000001 0.609375 0.20312500000000008 0.609375 0.20312500000000008 0.6765625 0.2828125000000001 0.6765625
19 0.3531250000000001 0.6078125 0.2714843750000001 0.6078125 0.2714843750000001 0.6765625 0.3531250000000001 0.6765625
19 0.4703125 0.621875 0.4125 0.621875 0.4125 0.6859375 0.4703125 0.6859375
19 0.409375 0.621484375 0.35039062500000007 0.621484375 0.35039062500000007 0.6859375 0.409375 0.6859375
19 0.53125 0.627734375 0.47109375 0.627734375 0.47109375 0.684375 0.53125 0.684375
19 0.5875 0.6265625 0.530078125 0.6265625 0.530078125 0.6890625 0.5875 0.6890625
19 0.7125 0.63046875 0.65234375 0.63046875 0.65234375 0.6859375 0.7125 0.6859375
19 0.6515625 0.6296875 0.590625 0.6296875 0.590625 0.690625 0.6515625 0.690625
19 0.7703125 0.6265625000000001 0.712890625 0.6265625 0.712890625 0.6953125000000001 0.7703125 0.6953125000000002
19 0.8328125 0.6312500000000002 0.773046875 0.6312500000000002 0.773046875 0.6953125000000002 0.8328125 0.6953125000000002
19 0.9015625 0.6644531250000002 0.874609375 0.6644531250000002 0.874609375 0.6906250000000002 0.9015625 0.6906250000000002
19 0.941796875 0.6621093750000002 0.914453125 0.6621093750000002 0.914453125 0.6968750000000001 0.941796875 0.6968750000000001
19 0.8640625 0.6671875000000002 0.836328125 0.6671875000000002 0.836328125 0.6921875000000002 0.8640625 0.6921875000000002