19 0.8375 0.2353074609375001 0.7719506046875 0.2353074609375001 0.7719506046875 0.2765625000000001 0.8375 0.2765625000000001
19 0.7765625 0.2239919343750001 0.7380544359375001 0.2239919343750001 0.7380544359375001 0.2885080656250001 0.7765625 0.2885080656250001
19 0.8703125 0.22275705781250008 0.8296875 0.22275705781250008 0.8296875 0.2888860906250001 0.8703125 0.2888860906250001
19 0.7328125 0.22275705781250008 0.6948336703125 0.22275705781250008 0.6948336703125 0.2888860906250001 0.7328125 0.2888860906250001
19 0.9328125 0.2631552421875001 0.8829385078125 0.2631552421875001 0.8829385078125 0.3531250000000001 0.9328125 0.3531250000000001
19 0.7125 0.2721270156250001 0.607459678125 0.2721270156250001 0.607459678125 0.34062500000000007 0.7125 0.34062500000000007
19 0.634375 0.2875000000000001 0.553049396875 0.2875000000000001 0.553049396875 0.3468750000000001 0.634375 0.3468750000000001
19 0.5625 0.2776209687500001 0.5041330640624999 0.2776209687500001 0.5041330640624999 0.3578125000000001 0.5625 0.3578125000000001
19 0.88125 0.2904233875000001 0.841154234375 0.2904233875000001 0.841154234375 0.3515625000000001 0.88125 0.3515625000000001
19 0.83125 0.2918850812500001 0.789894153125 0.2918850812500001 0.789894153125 0.3531250000000001 0.83125 0.3531250000000001
19 0.7984375 0.3042590718750001 0.7362903234375 0.3042590718750001 0.7362903234375 0.3453125000000001 0.7984375 0.3453125000000001
19 0.7453125 0.29375000000000007 0.7012348796875 0.29375000000000007 0.7012348796875 0.35625000000000007 0.7453125 0.35625000000000007
19 0.4953125 0.2981350796875001 0.4503780234375 0.2981350796875001 0.4503780234375 0.3593750000000001 0.4953125 0.3593750000000001
19 0.4546875 0.3080141125000001 0.396522178125 0.3080141125000001 0.396522178125 0.3515625000000001 0.4546875 0.3515625000000001
19 0.396875 0.30178931562500005 0.3527973796875 0.301789315625 0.3527973796875 0.3609375 0.396875 0.3609375000000001
19 0.35625 0.3085937484375 0.3001764125 0.3085937484375 0.3001764125 0.353125 0.35625 0.353125
19 0.24375000000000008 0.3965473796875 0.2003528234375001 0.3965473796875 0.2003528234375001 0.4375 0.24375000000000008 0.4375
19 0.2921875000000001 0.39873991875 0.2526713703125001 0.39873991875 0.2526713703125001 0.43583669374999995 0.2921875000000001 0.43583669374999995
19 0.19843750000000004 0.39982358906250004 0.15652721718750004 0.39982358906250004 0.15652721718750004 0.4375 0.19843750000000004 0.4375
19 1 0.40637600781250016 0.9680191546874999 0.40637600781250016 0.9680191546874999 0.48750000000000016 1 0.48750000000000016
19 0.965625 0.40677923281250017 0.9301663296875 0.40677923281250017 0.9301663296875 0.4890625000000002 0.965625 0.4890625000000002
19 0.925 0.4064264109375002 0.8893649203124999 0.4064264109375002 0.8893649203124999 0.4906250000000002 0.925 0.4906250000000002
19 0.8498739921875 0.40625000000000017 0.8079385078125 0.40625000000000017 0.8079385078125 0.4906250000000002 0.8498739921875 0.4906250000000002
19 0.8905493968749999 0.4085181453125002 0.8494203640625001 0.4085181453125002 0.8494203640625001 0.49531250000000016 0.8905493968749999 0.49531250000000016
19 0.8107610890625001 0.41121471718750013 0.7720514125 0.41121471718750013 0.7720514125 0.4934727828125002 0.8107610890625001 0.4934727828125002
19 0.534375 0.4176411296875 0.4456401203125 0.4176411296875 0.4456401203125 0.4875 0.534375 0.4875
19 0.4578125 0.41814516093750004 0.3666582656250001 0.41814516093750004 0.3666582656250001 0.4890625 0.4578125 0.4890625
19 0.3750000000000001 0.41917842656250004 0.28568548281250006 0.41917842656250004 0.28568548281250006 0.4921875 0.3750000000000001 0.4921875
19 0.6484375 0.41915322499999996 0.590473790625 0.41915322499999996 0.590473790625 0.493346775 0.6484375 0.493346775
19 0.7046875 0.4199848796875 0.6500756046875 0.4199848796875 0.6500756046875 0.4953125 0.7046875 0.4953125
19 0.7791582671875 0.4315776218750001 0.703125 0.431577621875 0.703125 0.4859375000000001 0.7791582671875 0.4859375000000002
19 0.5890625 0.42190020156249997 0.531098790625 0.42190020156249997 0.531098790625 0.4952872984375 0.5890625 0.4952872984375
19 0.15312500000000004 0.428125 0.07530242031250003 0.428125 0.07530242031250005 0.5015625 0.15312500000000004 0.5015625
19 0.07031250000000006 0.4308719765625 5.2766598693955896e-17 0.4308719765625 5.719082038802855e-17 0.503125 0.07031250000000007 0.503125
19 0.2000000000000001 0.4388608875 0.15751007968750003 0.4388608875 0.15751007968750003 0.5 0.2000000000000001 0.5
19 0.2578125000000001 0.44828629062500003 0.19621975937500005 0.44828629062500003 0.19621975937500005 0.490625 0.2578125000000001 0.490625
19 0.3031250000000001 0.4509072578125 0.2394405250000001 0.4509072578125 0.2394405250000001 0.49375 0.3031250000000001 0.49375
19 0.46875 0.5337701609375001 0.4359375 0.5337701609375001 0.4359375 0.5578125 0.46875 0.5578125
19 0.3921875000000001 0.5337701609375001 0.35851814375000013 0.5337701609375001 0.35851814375000013 0.5578125 0.3921875000000001 0.5578125
19 0.428125 0.5359375 0.3955645171875001 0.5359375 0.3955645171875001 0.559375 0.428125 0.559375
19 0.978125 0.5312500000000002 0.918119959375 0.5312500000000002 0.918119959375 0.5718750000000001 0.978125 0.5718750000000001
19 0.8421875 0.5234375000000002 0.8025201609374999 0.5234375000000002 0.8025201609374999 0.5828125000000002 0.8421875 0.5828125000000002
19 0.9078125 0.5233366937500001 0.8644153234375 0.5233366937500001 0.8644153234375 0.5812500000000002 0.9078125 0.5812500000000002
19 0.7203125 0.5328125 0.6640625 0.5328125 0.6640625 0.5734375 0.7203125 0.5734375
19 0.7765625 0.5247731859375002 0.7352570546874999 0.5247731859375002 0.7352570546874999 0.5843750000000002 0.7765625 0.5843750000000002
19 0.4640625 0.5640625 0.431199596875 0.5640625 0.431199596875 0.6015625 0.4640625 0.6015625
19 0.425 0.5664818546875 0.3952620968750001 0.5664818546875 0.3952620968750001 0.6027721781250001 0.425 0.6027721781250001
19 0.3859375000000001 0.5671875 0.3589717750000001 0.5671875 0.3589717750000001 0.6015625 0.3859375000000001 0.6015625
19 0.3515625000000001 0.562726815625 0.2824848796875001 0.562726815625 0.2824848796875001 0.6482106859375001 0.3515625000000001 0.6482106859375001
19 0.2090725796875001 0.572278225 0.12197580625000008 0.572278225 0.12197580625000008 0.640625 0.2090725796875001 0.640625
19 0.2750000000000001 0.56433971875 0.2067288312500001 0.56433971875 0.2067288312500001 0.6465977828125 0.2750000000000001 0.6465977828125
19 0.9203125 0.5770161281250001 0.8546875 0.5770161281250001 0.8546875 0.6390625000000002 0.9203125 0.6390625000000002
19 0.12031250000000009 0.567817540625 0.057812500000000065 0.567817540625 0.05781250000000008 0.6515625 0.12031250000000009 0.6515625
19 0.846875 0.5775705640625002 0.7864163296875 0.5775705640625002 0.7864163296875 0.6390625000000002 0.846875 0.6390625000000002
19 0.9890625 0.5764364921875001 0.9238911296874999 0.5764364921875001 0.9238911296874999 0.6421875000000001 0.9890625 0.6421875000000001
19 0.778125 0.5801915328125002 0.7263104828125 0.5801915328125002 0.7263104828125 0.6390625000000002 0.778125 0.6390625000000002
19 0.6609375 0.5805443546875 0.5953125 0.5805443546875 0.5953125 0.6421875 0.6609375 0.6421875
19 0.53427419375 0.5830141125 0.46875 0.5830141125 0.46875 0.640625 0.53427419375 0.640625
19 0.721875 0.5809979843749999 0.6625 0.5809979843749999 0.6625 0.6453125 0.721875 0.6453125
19 0.5953125 0.5859375 0.5301915328125 0.5859375 0.5301915328125 0.640625 0.5953125 0.640625
19 0.465625 0.609375 0.4296875 0.609375 0.4296875 0.64375 0.465625 0.64375
19 0.4234375 0.6109375 0.3890625000000001 0.6109375 0.3890625000000001 0.6453125 0.4234375 0.6453125
19 0.3890625000000001 0.611794353125 0.35355342812500007 0.611794353125 0.35355342812500007 0.6453125 0.3890625000000001 0.6453125