19 0.13125000000000003 0.19140625 0.0019531250000000234 0.19140625 0.0019531250000000273 0.25625 0.13125000000000003 0.25625
19 0.3328125 0.17343750000000005 0.283203125 0.17343750000000005 0.283203125 0.284375 0.3328125 0.284375
19 0.2421875 0.203515625 0.13515625000000003 0.203515625 0.13515625000000003 0.25625 0.2421875 0.25625
19 0.925 0.2078125000000001 0.849609375 0.2078125000000001 0.849609375 0.2515625000000001 0.925 0.2515625000000001
19 0.8546875 0.1902343750000001 0.812109375 0.1902343750000001 0.812109375 0.27031250000000007 0.8546875 0.27031250000000007
19 0.2765625 0.17812500000000003 0.2234375 0.17812500000000003 0.2234375 0.2875 0.2765625 0.2875
19 0.15625000000000003 0.18125 0.106640625 0.18125 0.10664062500000002 0.2859375 0.15625000000000006 0.2859375
19 0.7984375 0.19687500000000008 0.754296875 0.19687500000000008 0.754296875 0.2734375000000001 0.7984375 0.2734375000000001
19 0.503125 0.3921875000000001 0.45 0.3921875000000001 0.45 0.4640625 0.503125 0.4640625
19 0.66875 0.3871093750000001 0.6171875 0.3871093750000001 0.6171875 0.4578125 0.66875 0.4578125
19 0.625 0.3984375000000001 0.5515625 0.3984375000000001 0.5515625 0.45 0.625 0.45
19 0.559375 0.3890625000000001 0.506640625 0.3890625000000001 0.506640625 0.4625 0.559375 0.4625
19 0.8140625 0.40937500000000016 0.770703125 0.40937500000000016 0.770703125 0.45312500000000017 0.8140625 0.45312500000000017
19 0.7140625 0.411328125 0.672265625 0.411328125 0.672265625 0.4546875 0.7140625 0.4546875
19 0.765625 0.40937500000000016 0.725390625 0.40937500000000016 0.725390625 0.45312500000000017 0.765625 0.45312500000000017
19 0.403125 0.52578125 0.3007812500000001 0.52578125 0.3007812500000001 0.6015625 0.403125 0.6015625
19 0.3218750000000001 0.52265625 0.21835937500000008 0.52265625 0.21835937500000008 0.60625 0.3218750000000001 0.60625
19 0.4875 0.525390625 0.3886718750000001 0.525390625 0.3886718750000001 0.6046875 0.4875 0.6046875
19 0.2296875000000001 0.5234375 0.14218750000000005 0.5234375 0.14218750000000008 0.6171875 0.2296875000000001 0.6171875
19 0.553125 0.5453125 0.474609375 0.5453125 0.474609375 0.6046875 0.553125 0.6046875
19 0.6109375 0.536328125 0.55 0.536328125 0.55 0.615625 0.6109375 0.615625
19 0.86875 0.5390625000000002 0.8078125 0.5390625000000002 0.8078125 0.6156250000000002 0.86875 0.6156250000000002
19 0.73125 0.5457031250000001 0.657421875 0.545703125 0.657421875 0.6093750000000001 0.73125 0.6093750000000002
19 0.8015625 0.5472656250000002 0.73046875 0.5472656250000002 0.73046875 0.6109375000000001 0.8015625 0.6109375000000001
19 0.6625 0.560546875 0.60546875 0.560546875 0.60546875 0.60625 0.6625 0.60625