19 0.25468750000000007 0.3364916140625 0.18918979531250005 0.3364916140625 0.18918979531250005 0.3671875 0.25468750000000007 0.3671875
19 0.28437500000000004 0.3399610625 0.2244783359375 0.3399610625 0.22447833593750005 0.3703125 0.2843750000000001 0.3703125
19 0.33281250000000007 0.3296875 0.30548622187499996 0.3296875 0.305486221875 0.3859375 0.33281250000000007 0.3859375
19 0.30312500000000003 0.3286890984375 0.27441842968749997 0.3286890984375 0.2744184296875 0.384375 0.3031250000000001 0.384375
19 0.409375 0.3424271171875001 0.3538188890625 0.3424271171875 0.35381888906250003 0.37277855468750004 0.409375 0.3727785546875001
19 0.36406250000000007 0.3296875 0.3353209875 0.3296875 0.33532098750000006 0.38593750000000004 0.36406250000000007 0.3859375000000001
19 0.11985822656250007 0.5096071281250001 0.09909145156250007 0.5096071281250001 0.09909145156250007 0.563920228125 0.11985822656250009 0.563920228125
19 0.14375000000000007 0.5111247 0.12477286406250006 0.5111247 0.12477286406250007 0.5654377984375001 0.1437500000000001 0.5654377984375001
19 0.2453125000000001 0.5213109031250001 0.2321660343750001 0.5213109031250001 0.2321660343750001 0.5640625 0.2453125000000001 0.5640625
19 0.2406250000000001 0.5350264578124999 0.19822783593750004 0.5350264578124999 0.19822783593750007 0.5484375 0.2406250000000001 0.5484375
19 0.2750000000000001 0.53764476875 0.2338283750000001 0.53764476875 0.2338283750000001 0.5515625 0.2750000000000001 0.5515625
19 0.21875000000000008 0.5366613421875 0.17989217187500003 0.5366613421875 0.17989217187500006 0.5515625 0.21875000000000008 0.5515625
19 0.18854083437500008 0.5257912328125001 0.17256639218750006 0.5257912328125001 0.17256639218750008 0.5671875 0.18854083437500008 0.5671875
19 0.16718750000000007 0.5277880406250001 0.15051168125000006 0.5277880406250001 0.15051168125000008 0.565625 0.1671875000000001 0.565625
19 0.2015625000000001 0.6136606421875 0.18258536250000007 0.6136606421875 0.18258536250000007 0.6484375 0.2015625000000001 0.6484375
19 0.2328125000000001 0.6238318703125 0.1974565687500001 0.6238318703125 0.1974565687500001 0.6453125 0.2328125000000001 0.6453125
19 0.17968750000000008 0.61807358125 0.15513178906250008 0.61807358125 0.15513178906250008 0.653125 0.17968750000000008 0.653125
19 0.2171875000000001 0.68687849375 0.19267671718750007 0.68687849375 0.19267671718750007 0.7375 0.2171875000000001 0.7375
19 0.2765625000000001 0.689743909375 0.2494808312500001 0.689743909375 0.2494808312500001 0.740625 0.2765625000000001 0.740625
19 0.24218750000000008 0.689743909375 0.21759684687500008 0.689743909375 0.21759684687500008 0.740625 0.24218750000000008 0.740625
19 0.18750000000000008 0.6921875 0.16329372968750008 0.6921875 0.16329372968750008 0.7390625 0.18750000000000008 0.7390625
19 0.15781250000000008 0.6953125 0.13281250000000008 0.6953125 0.13281250000000008 0.740625 0.15781250000000008 0.740625
19 0.1375000000000001 0.7058606234375 0.0933331671875001 0.7058606234375 0.0933331671875001 0.7328125 0.1375000000000001 0.7328125
19 0.2140625000000001 0.832827475 0.1982453078125001 0.832827475 0.1982453078125001 0.865625 0.2140625000000001 0.865625
19 0.2328125000000001 0.8317092640625001 0.21749201406250007 0.8317092640625001 0.21749201406250007 0.865625 0.2328125000000001 0.865625
19 0.22812500000000008 0.8893720046875 0.21093750000000008 0.8893720046875 0.21093750000000008 0.9325029953125 0.22812500000000008 0.9325029953125
19 0.2077126593750001 0.8917956265625 0.1893420531250001 0.8917956265625 0.18934205312500013 0.9328125 0.2077126593750001 0.9328125
19 0.17656250000000012 0.912614815625 0.15076128125000013 0.912614815625 0.15076128125000013 0.925 0.17656250000000012 0.925
19 0.19510283593750014 0.91326128125 0.16718750000000013 0.91326128125 0.16718750000000013 0.9265625 0.19510283593750014 0.9265625
19 0.13750000000000012 0.9051667328124999 0.12435852656250009 0.9051667328124999 0.1243585265625001 0.9328125 0.13750000000000012 0.9328125
19 0.12656250000000013 0.9126946890625 0.10242112656250013 0.9126946890625 0.10242112656250013 0.9265625 0.12656250000000013 0.9265625
19 0.15468750000000014 0.9071810093750001 0.14188049062500013 0.9071810093750001 0.14188049062500013 0.9328125 0.15468750000000014 0.9328125