19 0.7686586859375 0.19214691562500008 0.711028815625 0.19214691562500008 0.711028815625 0.2968750000000001 0.7686586859375 0.2968750000000001
19 0.859375 0.2241477265625001 0.7568993515625 0.2241477265625001 0.7568993515625 0.2765625000000001 0.859375 0.2765625000000001
19 0.9296875 0.22533482031250007 0.825395696875 0.22533482031250007 0.825395696875 0.27812500000000007 0.9296875 0.27812500000000007
19 0.99375 0.22945414062500008 0.8893364437500001 0.22945414062500008 0.8893364437500001 0.2828125000000001 0.99375 0.2828125000000001
19 0.11875000000000005 0.31204342343749997 0.0035917203125000385 0.31204342343749997 0.003591720312500045 0.415625 0.11875000000000005 0.415625
19 0.23552151093750004 0.3146205359375 0.13437500000000005 0.3146205359375 0.13437500000000005 0.41875 0.2355215109375001 0.41875
19 0.35937500000000006 0.310653409375 0.253754059375 0.310653409375 0.25375405937500006 0.421875 0.3593750000000001 0.421875
19 0.4859375 0.3142857156250001 0.3797179390625 0.3142857156250001 0.37971793906250007 0.4203125 0.4859375 0.4203125
19 0.584375 0.3315949671875001 0.49950284062500006 0.3315949671875001 0.49950284062500006 0.42169237031250006 0.584375 0.42169237031250006
19 0.6828125 0.3391741062500001 0.602435065625 0.3391741062500001 0.602435065625 0.4234375 0.6828125 0.4234375
19 0.7715198875 0.34254261250000007 0.6862926140625001 0.34254261250000007 0.6862926140625001 0.42656250000000007 0.7715198875 0.4265625000000002
19 0.8453125 0.3637885546875001 0.7715909078125 0.3637885546875001 0.7715909078125 0.4109375000000002 0.8453125 0.4109375000000002
19 0.8890625 0.35172483750000005 0.8390625 0.35172483750000005 0.8390625 0.4264001625000001 0.8890625 0.4264001625000001
19 0.9453125 0.35563108750000005 0.8983055999999999 0.35563108750000005 0.8983055999999999 0.4281250000000002 0.9453125 0.4281250000000002
19 0.14653003281250007 0.4569399359375 0.021875000000000054 0.4569399359375 0.02187500000000006 0.5625 0.1465300328125001 0.5625
19 0.7171875 0.4885957796875 0.662053571875 0.4885957796875 0.662053571875 0.528125 0.7171875 0.528125
19 0.2578125000000001 0.4622666390625 0.13519683593750004 0.4622666390625 0.13519683593750007 0.559375 0.2578125000000001 0.559375
19 0.8359375 0.49383116875000016 0.78615056875 0.49383116875000016 0.78615056875 0.5296875000000002 0.8359375 0.5296875000000002
19 0.7716213468750001 0.4877333609375002 0.7328125 0.4877333609375002 0.7328125 0.5375000000000002 0.7716213468750001 0.5375000000000002
19 0.3421875000000001 0.4515625 0.25468750000000007 0.4515625 0.25468750000000007 0.5734375 0.3421875000000001 0.5734375
19 0.4375 0.47578125 0.35477881562500013 0.47578125 0.35477881562500013 0.573183846875 0.4375 0.573183846875
19 0.525 0.47581168749999997 0.44425730625000004 0.47581168749999997 0.44425730625000004 0.5748376625 0.525 0.5748376625
19 0.5875 0.5048295453125 0.5340604703125 0.5048295453125 0.5340604703125 0.575 0.5875 0.575
19 0.9375 0.4937500000000002 0.8710125828124999 0.4937500000000002 0.8710125828124999 0.5859375000000002 0.9375 0.5859375000000002
19 0.659375 0.5133928562500001 0.590625 0.5133928562500001 0.590625 0.56875 0.659375 0.56875
19 0.70625 0.5304078718749999 0.6681513812500001 0.5304078718749999 0.6681513812500001 0.58125 0.70625 0.58125
19 0.76875 0.5312500000000002 0.7299817375 0.5312500000000002 0.7299817375 0.5796875000000001 0.76875 0.5796875000000001
19 0.825 0.5306818187500002 0.7862520296875 0.5306818187500002 0.7862520296875 0.5796875000000001 0.825 0.5796875000000001