19 0.8421875 0.1101562500000001 0.754296875 0.1101562500000001 0.754296875 0.1859375000000001 0.8421875 0.1859375000000001
19 0.91875 0.10781250000000012 0.840625 0.10781250000000009 0.840625 0.19218750000000012 0.91875 0.19218750000000012
19 0.4625 0.09531250000000005 0.3953125 0.09531250000000005 0.3953125 0.2062500000000001 0.4625 0.2062500000000001
19 0.553125 0.11796875000000007 0.449609375 0.11796875000000004 0.449609375 0.18750000000000006 0.553125 0.18750000000000008
19 0.99375 0.12500000000000014 0.925 0.12500000000000014 0.925 0.19218750000000012 0.99375 0.19218750000000012
19 0.3875 0.12070312500000005 0.312890625 0.12070312500000005 0.312890625 0.20625000000000004 0.3875 0.2062500000000001
19 0.66875 0.1351562500000001 0.59765625 0.1351562500000001 0.59765625 0.19531250000000008 0.66875 0.19531250000000008
19 0.3140625 0.13007812500000004 0.2296875 0.13007812500000004 0.2296875 0.19843750000000004 0.3140625 0.19843750000000004
19 0.6015625 0.13359375000000007 0.53359375 0.13359375000000004 0.53359375 0.19687500000000008 0.6015625 0.19687500000000008
19 0.70625 0.14062500000000008 0.665625 0.14062500000000008 0.665625 0.1984375000000001 0.70625 0.1984375000000001
19 0.759375 0.1472656250000001 0.7046875 0.1472656250000001 0.7046875 0.1921875000000001 0.759375 0.1921875000000001
19 0.23125 0.13281250000000003 0.1625 0.1328125 0.16250000000000003 0.2125 0.23125 0.2125
19 0.16250000000000003 0.141015625 0.08320312500000002 0.141015625 0.08320312500000002 0.2109375 0.16250000000000003 0.2109375
19 0.5015625 0.2796875000000001 0.470703125 0.2796875000000001 0.470703125 0.3140625000000001 0.5015625 0.3140625000000001
19 0.4609375 0.2828125000000001 0.426171875 0.2828125000000001 0.426171875 0.3125000000000001 0.4609375 0.3125000000000001
19 0.421875 0.2812500000000001 0.3890625 0.2812500000000001 0.3890625 0.31718750000000007 0.421875 0.31718750000000007
19 0.9828125 0.2656250000000001 0.890625 0.2656250000000001 0.890625 0.3421875000000001 0.9828125 0.3421875000000001
19 0.89375 0.2593750000000001 0.8171875 0.2593750000000001 0.8171875 0.3515625000000001 0.89375 0.3515625000000001
19 0.28125 0.26875 0.2234375 0.26875 0.2234375 0.3609375 0.28125 0.3609375
19 0.2375 0.286328125 0.14140625000000004 0.286328125 0.14140625000000004 0.346875 0.2375 0.346875
19 0.17187500000000006 0.28515625 0.08046875000000005 0.28515625 0.08046875000000005 0.346875 0.17187500000000006 0.346875
19 0.3359375 0.2796875 0.287890625 0.2796875 0.287890625 0.359375 0.3359375 0.359375
19 0.390625 0.30742187500000007 0.33203125 0.307421875 0.33203125 0.35156250000000006 0.390625 0.3515625000000001
19 0.4625 0.31914062500000007 0.427734375 0.31914062500000007 0.427734375 0.35625000000000007 0.4625 0.35625000000000007
19 0.5046875 0.3214843750000001 0.469921875 0.3214843750000001 0.469921875 0.3531250000000001 0.5046875 0.3531250000000001
19 0.4265625 0.3218750000000001 0.390625 0.3218750000000001 0.390625 0.3578125000000001 0.4265625 0.3578125000000001