19 0.75625 0.21250000000000008 0.722265625 0.21250000000000008 0.722265625 0.2656250000000001 0.75625 0.2656250000000001
19 0.73125 0.22421875000000008 0.67890625 0.22421875000000008 0.67890625 0.2531250000000001 0.73125 0.2531250000000001
19 0.659375 0.22226562500000008 0.6046875 0.22226562500000008 0.6046875 0.25468750000000007 0.659375 0.25468750000000007
19 0.69375 0.2250000000000001 0.6421875 0.2250000000000001 0.6421875 0.25468750000000007 0.69375 0.25468750000000007
19 0.7609375 0.32109375000000007 0.73671875 0.32109375000000007 0.73671875 0.3500000000000001 0.7609375 0.3500000000000001
19 0.728125 0.3246093750000001 0.696875 0.3246093750000001 0.696875 0.34843750000000007 0.728125 0.34843750000000007
19 0.27656250000000004 0.306640625 0.218359375 0.306640625 0.21835937500000005 0.375 0.2765625000000001 0.375
19 0.40625 0.30507812500000003 0.347265625 0.305078125 0.347265625 0.37812500000000004 0.40625 0.3781250000000001
19 0.22500000000000003 0.309375 0.15351562500000004 0.309375 0.15351562500000004 0.375 0.2250000000000001 0.375
19 0.3453125 0.3078125 0.28125 0.3078125 0.28125000000000006 0.3796875 0.3453125000000001 0.3796875
19 0.553125 0.3125000000000001 0.50625 0.3125000000000001 0.50625 0.3812500000000001 0.553125 0.3812500000000001
19 0.5109375 0.3214843750000001 0.445703125 0.3214843750000001 0.445703125 0.3687500000000001 0.5109375 0.3687500000000001
19 0.4546875 0.3156250000000001 0.412890625 0.3156250000000001 0.412890625 0.3812500000000001 0.4546875 0.3812500000000001
19 0.69375 0.3261718750000001 0.640625 0.3261718750000001 0.640625 0.3765625000000001 0.69375 0.3765625000000001
19 0.6390625 0.3378906250000001 0.588671875 0.3378906250000001 0.588671875 0.3714843750000001 0.6390625 0.3714843750000001
19 0.596875 0.3375000000000001 0.549609375 0.3375000000000001 0.549609375 0.37187500000000007 0.596875 0.37187500000000007
19 0.725 0.3500000000000001 0.696484375 0.3500000000000001 0.696484375 0.3781250000000001 0.725 0.3781250000000001
19 0.7609375 0.3496093750000001 0.73125 0.3496093750000001 0.73125 0.3765625000000001 0.7609375 0.3765625000000001
19 0.453125 0.420703125 0.3792968750000001 0.420703125 0.3792968750000001 0.484375 0.453125 0.484375
19 0.3828125000000001 0.41875 0.3167968750000001 0.41875 0.3167968750000001 0.4921875 0.3828125000000001 0.4921875
19 0.3234375000000001 0.422265625 0.2500000000000001 0.422265625 0.2500000000000001 0.4859375 0.3234375000000001 0.4859375
19 0.2484375000000001 0.41875 0.18476562500000004 0.41875 0.18476562500000004 0.4921875 0.2484375000000001 0.4921875
19 0.578125 0.421875 0.5203125 0.421875 0.5203125 0.490625 0.578125 0.490625
19 0.5109375 0.421875 0.452734375 0.421875 0.452734375 0.490625 0.5109375 0.490625
19 0.6421875 0.4296875 0.583984375 0.4296875 0.583984375 0.4921875 0.6421875 0.4921875
19 0.7234375 0.4421875 0.683984375 0.4421875 0.683984375 0.490625 0.7234375 0.490625
19 0.76875 0.4484375000000001 0.721484375 0.4484375 0.721484375 0.4828125000000001 0.76875 0.4828125000000002
19 0.6890625 0.4484375 0.6421875 0.4484375 0.6421875 0.4859375 0.6890625 0.4859375