19 0.4593750000000002 0.81875 0.4183593750000002 0.81875 0.4183593750000002 0.86328125 0.4593750000000002 0.86328125
19 0.4125000000000002 0.8203125 0.3656250000000001 0.8203125 0.3656250000000001 0.8625 0.4125000000000002 0.8625
19 0.2156250000000001 0.81875 0.17343750000000008 0.81875 0.17343750000000008 0.8671875 0.2156250000000001 0.8671875
19 0.2640625000000001 0.81953125 0.22265625000000008 0.81953125 0.22265625000000008 0.865625 0.2640625000000001 0.865625
19 0.1671875000000001 0.8203125 0.12031250000000009 0.8203125 0.12031250000000009 0.8625 0.1671875000000001 0.8625
19 0.3140625000000001 0.820703125 0.2687500000000001 0.820703125 0.2687500000000001 0.8625 0.3140625000000001 0.8625
19 0.5078125000000002 0.81875 0.4671875000000002 0.81875 0.4671875000000002 0.865625 0.5078125000000002 0.865625
19 0.3593750000000001 0.8203125 0.31914062500000007 0.8203125 0.31914062500000007 0.8640625 0.3593750000000001 0.8640625
19 0.5640625000000001 0.820703125 0.5171875000000001 0.820703125 0.5171875000000001 0.8625 0.5640625000000001 0.8625
19 0.6078125000000002 0.81640625 0.5664062500000002 0.81640625 0.5664062500000002 0.8625 0.6078125000000002 0.8625
19 0.2875000000000001 0.4484375 0.21875000000000008 0.4484375 0.21875000000000008 0.5203125 0.2875000000000001 0.5203125
19 0.14687500000000003 0.4484375 0.07500000000000004 0.4484375 0.07500000000000005 0.5203125 0.14687500000000003 0.5203125
19 0.3578125000000001 0.45 0.28593750000000007 0.45 0.28593750000000007 0.521875 0.3578125000000001 0.521875
19 0.427734375 0.451171875 0.3566406250000001 0.451171875 0.3566406250000001 0.5203125 0.427734375 0.5203125
19 0.2156250000000001 0.45 0.14726562500000004 0.45 0.14726562500000004 0.51875 0.2156250000000001 0.51875
19 0.499609375 0.450390625 0.430078125 0.450390625 0.430078125 0.5203125 0.499609375 0.5203125
19 0.525 0.54375 0.461328125 0.54375 0.461328125 0.6078125 0.525 0.6078125
19 0.3906250000000001 0.5484375 0.3265625000000001 0.5484375 0.3265625000000001 0.609375 0.3906250000000001 0.609375
19 0.45625 0.5484375 0.3937500000000001 0.5484375 0.3937500000000001 0.609375 0.45625 0.609375
19 0.68125 0.559375 0.628125 0.559375 0.628125 0.60625 0.68125 0.60625
19 0.628125 0.559765625 0.5796875 0.559765625 0.5796875 0.609375 0.628125 0.609375
19 0.5765625 0.559765625 0.53125 0.559765625 0.53125 0.609375 0.5765625 0.609375
19 0.2656250000000001 0.5625 0.2078125000000001 0.5625 0.2078125000000001 0.609375 0.2656250000000001 0.609375
19 0.2078125000000001 0.5609375 0.14804687500000008 0.5609375 0.14804687500000008 0.609375 0.2078125000000001 0.609375
19 0.3218750000000001 0.5640625 0.2656250000000001 0.5640625 0.2656250000000001 0.609375 0.3218750000000001 0.609375
19 0.1390625000000001 0.55859375 0.09296875000000007 0.55859375 0.09296875000000007 0.615625 0.1390625000000001 0.615625
19 0.7171875 0.570703125 0.679296875 0.570703125 0.679296875 0.6078125 0.7171875 0.6078125
19 0.5265625 0.64375 0.490625 0.64375 0.490625 0.6953125 0.5265625 0.6953125
19 0.3234375000000001 0.646875 0.28593750000000007 0.646875 0.28593750000000007 0.6953125 0.3234375000000001 0.6953125
19 0.484375 0.645703125 0.45 0.645703125 0.45 0.6953125 0.484375 0.6953125
19 0.3656250000000001 0.646875 0.3281250000000001 0.646875 0.3281250000000001 0.696875 0.3656250000000001 0.696875
19 0.4046875 0.645703125 0.3687500000000001 0.645703125 0.3687500000000001 0.6953125 0.4046875 0.6953125
19 0.4546875 0.652734375 0.40390625 0.652734375 0.40390625 0.6875 0.4546875 0.6875
19 0.1750000000000001 0.659375 0.14218750000000008 0.659375 0.14218750000000008 0.696875 0.1750000000000001 0.696875
19 0.2093750000000001 0.6609375 0.1765625000000001 0.6609375 0.1765625000000001 0.696875 0.2093750000000001 0.696875
19 0.2828125000000001 0.659375 0.2503906250000001 0.659375 0.2503906250000001 0.696875 0.2828125000000001 0.696875
19 0.2468750000000001 0.6625 0.2113281250000001 0.6625 0.2113281250000001 0.6953125 0.2468750000000001 0.6953125
19 0.1390625000000001 0.6625 0.1062500000000001 0.6625 0.1062500000000001 0.6984375 0.1390625000000001 0.6984375