19 0.9734375 0.2718750000000001 0.8941820734375 0.2718750000000001 0.8941820734375 0.3703125000000001 0.9734375 0.3703125000000001
19 0.884375 0.2828150125000001 0.7903310890624999 0.2828150125000001 0.7903310890624999 0.36406250000000007 0.884375 0.36406250000000007
19 0.7859375 0.2973975093750001 0.7276678046875 0.2973975093750001 0.7276678046875 0.3713524906250001 0.7859375 0.3713524906250001
19 0.71875 0.3074557875000001 0.6432300046874999 0.3074557875000001 0.6432300046874999 0.3687500000000001 0.71875 0.3687500000000001
19 0.321875 0.29375 0.24215233125000002 0.29375 0.24215233125000007 0.3875 0.3218750000000001 0.3875
19 0.4203125 0.3052100078125001 0.3374849265625 0.3052100078125 0.33748492656250006 0.37916499218750005 0.4203125 0.3791649921875001
19 0.5203125 0.3032907953125001 0.428125 0.3032907953125001 0.428125 0.37483420468750006 0.5203125 0.37483420468750006
19 0.22656250000000006 0.3066845859375 0.13218699687500005 0.3066845859375 0.13218699687500005 0.3859375 0.22656250000000008 0.3859375
19 0.6390625 0.3216288171875001 0.5875854109375 0.3216288171875001 0.5875854109375 0.3734375000000001 0.6390625 0.3734375000000001
19 0.13281250000000006 0.3230104484375 0.05985480312500004 0.3230104484375 0.05985480312500004 0.3875 0.13281250000000006 0.3875
19 0.578125 0.3440238140625001 0.5333576171875001 0.3440238140625001 0.5333576171875001 0.3750000000000001 0.578125 0.3750000000000001
19 0.9921875 0.4600482328125001 0.9084505609375 0.4600482328125001 0.9084505609375 0.5468649515625001 0.9921875 0.5468649515625001
19 0.890625 0.4636555468750002 0.8156727281249999 0.4636555468750002 0.8156727281249999 0.5468750000000002 0.890625 0.5468750000000002
19 0.7984375 0.46490152656250006 0.720098975 0.46490152656249994 0.720098975 0.5453125000000001 0.7984375 0.5453125000000002
19 0.6984375 0.46841338437499996 0.62205586875 0.46841338437499996 0.62205586875 0.5515625 0.6984375 0.5515625
19 0.6125 0.4775095453125 0.5201617765625 0.4775095453125 0.5201617765625 0.546875 0.6125 0.546875
19 0.50625 0.482008640625 0.41730054218749996 0.482008640625 0.41730054218749996 0.55 0.50625 0.55
19 0.3984375000000001 0.480413484375 0.3312500000000001 0.480413484375 0.3312500000000001 0.5625 0.3984375000000001 0.5625
19 0.29375000000000007 0.49549839218749997 0.21840584843750008 0.49549839218749997 0.21840584843750008 0.5546875 0.29375000000000007 0.5546875
19 0.2000000000000001 0.5012836609375 0.11878265625000003 0.5012836609375 0.11878265625000006 0.5578125 0.2000000000000001 0.5578125