24 0.9916528234375 0.7421875000000001 0.4833471765625002 0.7421875 0.4833471765625002 0.8265625 0.9916528234375 0.8265625
24 0.7796875000000001 0.4538465531250001 0.6903706390625 0.453846553125 0.6903706390625001 0.9621522 0.7796875000000002 0.9621522
24 1 0.5468750000000001 0.48367680625 0.546875 0.48367680625 0.6671875 1 0.6671875000000002
24 0.8046122312499999 0.31919123750000006 0.728200271875 0.31919123750000006 0.728200271875 0.7125000000000001 0.8046122312499999 0.7125000000000001
24 0.27031250000000007 0.54627803125 0.1837365031250001 0.54627803125 0.18373650312500012 0.9984375 0.27031250000000007 0.9984375
24 0.2843750000000001 0.45760745468749997 0.16406250000000006 0.45760745468749997 0.16406250000000006 0.9046875 0.2843750000000001 0.9046875
24 0.74375 0.10321324687500008 0.6832978625 0.10321324687500008 0.6832978625 0.5218750000000001 0.74375 0.5218750000000002
24 0.74375 0.05005710000000009 0.6833290078124999 0.05005710000000009 0.6833290078124999 0.4687500000000001 0.74375 0.46875000000000017
24 0.7328125 0.007794331250000086 0.6772321421874999 0.007794331250000083 0.6772321421874999 0.4234375000000001 0.7328125 0.4234375000000002
24 0.7234375 8.51424815496589e-17 0.6670447453125 8.168942122350146e-17 0.6670447453125 0.3805777609375001 0.7234375 0.3805777609375001
24 0.5046875 0.22149345937500003 0.09747456406250002 0.22149345937499998 0.09747456406250003 0.28437500000000004 0.5046875 0.2843750000000001
24 0.4921875 0.15972539375000003 0.14069248437499998 0.15972539375 0.140692484375 0.21250000000000005 0.4921875 0.21250000000000008