24 0.9916943515625001 0.7425249171875001 0.48338870468750017 0.7425249171875 0.48338870468750017 0.827242525 0.9916943515625001 0.827242525
24 0.990033221875 0.6627906984375 0.481727575 0.6627906984374999 0.48172757500000013 0.7533222593750001 0.990033221875 0.7533222593750002
24 1 0.5465116281250001 0.48338870468749995 0.546511628125 0.48338870468749995 0.6677740859375001 1 0.6677740859375001
24 0.96345515 0.47840531562500005 0.5697674421875 0.478405315625 0.5697674421875 0.5548172750000001 0.96345515 0.5548172750000002
24 0.45348837187500013 0.7292358796875 8.930563858827013e-17 0.7292358796875 9.464566828466525e-17 0.8164451828124999 0.45348837187500013 0.8164451828124999
24 0.44850498281250006 0.6212624578125 7.608270803904958e-17 0.6212624578125 8.350789217556606e-17 0.7425249171875 0.4485049828125002 0.7425249171875
24 0.9235880406250001 0.28239202656250006 0.5041528234375 0.28239202656250006 0.5041528234375 0.34385382031250006 0.9235880406250001 0.34385382031250006
24 0.9235880406250001 0.2292358796875001 0.5041528234375 0.2292358796875001 0.5041528234375 0.2906976750000001 0.9235880406250001 0.2906976750000001
24 0.9136212625000001 0.1877076406250001 0.49667774062500003 0.18770764062500006 0.49667774062500003 0.24418604687500006 0.9136212625000001 0.24418604687500006
24 0.9036544843750001 0.14451827187500005 0.48671096406250003 0.14451827187500005 0.48671096406250003 0.2009966781250001 0.9036544843750001 0.2009966781250001
24 0.5049833890625 0.22093023281250007 0.09717607968750003 0.22093023281250002 0.09717607968750004 0.28488372031250003 0.5049833890625 0.2848837203125001
24 0.49335548124999995 0.15946843906250002 0.1403654484375 0.1594684390625 0.14036544843750004 0.21345515000000007 0.49335548124999995 0.2134551500000001