24 0.43114754062500016 0.7819672125 0.2934426234375001 0.7819672125 0.2934426234375001 0.8377049187500001 0.43114754062500016 0.8377049187500001
24 0.4573770484375002 0.8262295078124999 0.31147540937500007 0.8262295078124999 0.31147540937500007 0.8868852453124999 0.4573770484375002 0.8868852453124999
24 0.48360655781250017 0.8655737703125 0.3049180328125001 0.8655737703125 0.3049180328125001 0.949180328125 0.48360655781250017 0.949180328125
24 0.7032786890625002 0.9065573765625 0.5090163937500002 0.9065573765625 0.5090163937500002 0.9885245906250001 0.7032786890625002 0.9885245906250001
24 0.850819671875 0.908196721875 0.6827868859375001 0.908196721875 0.6827868859375001 0.9950819671875 0.850819671875 0.9950819671875
24 0.8737704921875 0.8540983609374999 0.7172131140625002 0.8540983609374999 0.7172131140625002 0.9270491796875 0.8737704921875 0.9270491796875
24 0.6475409843750002 0.8622950812499999 0.5286885250000002 0.8622950812499999 0.5286885250000002 0.9180327875 0.6475409843750002 0.9180327875
24 0.6459016390625002 0.8245901640625 0.5500000000000002 0.8245901640625 0.5500000000000002 0.8737704921875 0.6459016390625002 0.8737704921875
24 0.8229508203125 0.9836065578125 0.7663934421875002 0.9836065578125 0.7663934421875002 1 0.8229508203125 1
24 0.1442622953125001 0.7426229515625 0.050000000000000086 0.7426229515625 0.050000000000000086 0.78770491875 0.1442622953125001 0.78770491875
24 0.027868853125000093 0.750819671875 9.194889078985847e-17 0.750819671875 9.470936513063037e-17 0.7959016390625 0.0278688531250001 0.7959016390625
24 0.024590164062500093 0.727868853125 8.913822611785863e-17 0.727868853125 9.104546291424454e-17 0.75901639375 0.024590164062500093 0.75901639375
24 0.46229508125 0.650819671875 0.2590163937500001 0.650819671875 0.2590163937500001 0.7188524593750001 0.46229508125 0.7188524593750001
24 0.47540983593749997 0.6180327875 0.2762295078125001 0.6180327875 0.2762295078125001 0.6811475406249999 0.47540983593749997 0.6811475406249999
24 0.48524590156249997 0.5852459015625 0.28852459062500013 0.5852459015625 0.28852459062500013 0.6483606562500001 0.48524590156249997 0.6483606562500001
24 0.3049180328125001 0.5868852453125 0.17131147500000007 0.5868852453125 0.17131147500000007 0.6434426234374999 0.3049180328125001 0.6434426234374999
24 0.32131147500000007 0.5573770484375 0.1901639343750001 0.5573770484375 0.1901639343750001 0.6131147546875 0.32131147500000007 0.6131147546875
24 0.9065573765625 0.5524590156250001 0.63032786875 0.552459015625 0.63032786875 0.6508196718750001 0.9065573765625 0.6508196718750001