24 0.42968750000000017 0.782428278125 0.2932377062500001 0.782428278125 0.2932377062500001 0.8375 0.42968750000000017 0.8375
24 0.41406250000000017 0.7836577859375 0.3545722343750001 0.7836577859375 0.3545722343750001 0.9295594250000001 0.41406250000000017 0.9295594250000001
24 0.4828125000000002 0.865625 0.30518698750000006 0.865625 0.30518698750000006 0.9484375 0.4828125000000002 0.9484375
24 0.6468750000000002 0.8505122953124999 0.5650486671875001 0.8505122953124999 0.5650486671875001 1 0.6468750000000002 1
24 0.809375 0.8672387296874999 0.7232838125000002 0.8672387296874999 0.7232838125000002 1 0.809375 1
24 0.8734375 0.85404713125 0.7173924171875001 0.85404713125 0.7173924171875001 0.925 0.8734375 0.925
24 0.6468750000000002 0.862756146875 0.5281250000000002 0.862756146875 0.5281250000000002 0.9171875 0.6468750000000002 0.9171875
24 0.6453125000000002 0.8246285859375 0.5500000000000002 0.8246285859375 0.5500000000000002 0.871875 0.6453125000000002 0.871875
24 0.8015625 0.963665471875 0.7868596312500002 0.963665471875 0.7868596312500002 1 0.8015625 1
24 0.1437500000000001 0.7423027656250001 0.050000000000000086 0.7423027656250001 0.050000000000000086 0.7873847328125 0.1437500000000001 0.7873847328125
24 0.03437500000000009 0.7592981546875001 9.298720547365387e-17 0.7592981546875001 9.461839492207058e-17 0.7859375 0.0343750000000001 0.7859375
24 0.02343750000000009 0.7275614765625 8.910058334551877e-17 0.7275614765625 9.095292429670207e-17 0.7578125 0.023437500000000094 0.7578125
24 0.4609375 0.6504994875000001 0.25873463125000007 0.6504994875000001 0.25873463125000007 0.7171875 0.4609375 0.7171875
24 0.4062500000000001 0.55 0.3438524593750001 0.55 0.3438524593750001 0.7484375 0.40625000000000017 0.7484375
24 0.484375 0.5848616796874999 0.2879098375000001 0.5848616796874999 0.2879098375000001 0.646875 0.484375 0.646875
24 0.2656250000000001 0.5484375 0.21029713125000007 0.5484375 0.21029713125000007 0.68125 0.2656250000000001 0.68125
24 0.3203125000000001 0.5578125 0.1906762296875001 0.5578125 0.1906762296875001 0.6125 0.3203125000000001 0.6125
24 0.90625 0.5517546093750001 0.6308017421875001 0.551754609375 0.6308017421875001 0.6500000000000001 0.90625 0.6500000000000001