24 0.42968750000000017 0.781506146875 0.2936475421875001 0.781506146875 0.2936475421875001 0.8372438531249999 0.42968750000000017 0.8372438531249999
24 0.41406250000000017 0.7835553281250001 0.35362448593750007 0.7835553281250001 0.35362448593750007 0.9294569671874999 0.41406250000000017 0.9294569671874999
24 0.4828125000000002 0.8659195687500001 0.3046490781250001 0.8659195687500001 0.3046490781250001 0.9484375 0.4828125000000002 0.9484375
24 0.6468750000000002 0.8505122953124999 0.5650486671875001 0.8505122953124999 0.5650486671875001 1 0.6468750000000002 1
24 0.85 0.9081198765625 0.6831711078125002 0.9081198765625 0.6831711078125002 0.995005121875 0.85 0.995005121875
24 0.83125 0.812474384375 0.7593750000000001 0.812474384375 0.7593750000000001 0.9671875 0.83125 0.9671875
24 0.6468750000000002 0.861834015625 0.5293032796875001 0.861834015625 0.5293032796875001 0.9171875 0.6468750000000002 0.9171875
24 0.6453125000000002 0.8245517421875 0.5502945687500002 0.8245517421875 0.5502945687500002 0.871875 0.6453125000000002 0.871875
24 0.8015625 0.963383709375 0.7860911890625002 0.963383709375 0.7860911890625002 1 0.8015625 1
24 0.11875000000000009 0.7177766390625 0.07491034843750008 0.7177766390625 0.07491034843750008 0.8109375 0.11875000000000009 0.8109375
24 0.03437500000000009 0.7592981546875001 9.298720547365387e-17 0.7592981546875001 9.461839492207058e-17 0.7859375 0.0343750000000001 0.7859375
24 0.02656250000000009 0.7309426234374999 8.951465441531034e-17 0.7309426234374999 9.096860876923108e-17 0.7546875 0.02656250000000009 0.7546875
24 0.3937500000000001 0.582914959375 0.32695952812500007 0.582914959375 0.32695952812500007 0.7859375 0.3937500000000001 0.7859375
24 0.4062500000000001 0.55 0.3438524593750001 0.55 0.3438524593750001 0.7484375 0.40625000000000017 0.7484375
24 0.484375 0.585630121875 0.2891393453125001 0.585630121875 0.2891393453125001 0.646875 0.484375 0.646875
24 0.2656250000000001 0.5484375 0.21029713125000007 0.5484375 0.21029713125000007 0.68125 0.2656250000000001 0.68125
24 0.3203125000000001 0.5578125 0.1896516390625001 0.5578125 0.1896516390625001 0.6125 0.3203125000000001 0.6125
24 0.90625 0.5517546093750001 0.6308017421875001 0.551754609375 0.6308017421875001 0.6500000000000001 0.90625 0.6500000000000001