24 0.8125 0.7736159171875001 0.44843750000000016 0.7736159171875 0.44843750000000016 0.8765625 0.8125 0.8765625
24 0.8171875 0.7252460000000001 0.4706558171875 0.7252460000000001 0.47065581718750005 0.815625 0.8171875 0.815625
24 0.7343750000000001 0.5265625 0.6292874140625 0.5265625 0.6292874140625001 0.901530059375 0.7343750000000002 0.901530059375
24 0.8453125 0.6127324828125001 0.584375 0.6127324828125 0.584375 0.6953125000000001 0.8453125 0.6953125000000002
24 0.3200719078125001 0.5917630828125 0.2188608343750001 0.5917630828125 0.2188608343750001 0.9546875 0.3200719078125001 0.9546875
24 0.3375000000000001 0.5234375 0.2313635390625001 0.5234375 0.2313635390625001 0.9046875 0.3375000000000001 0.9046875
24 0.303125 3.158004307166009e-17 0.21261624218750003 2.6037980044166033e-17 0.21261624218750003 0.19062500000000004 0.303125 0.19062500000000004
24 0.290625 3.0616169978683824e-17 0.209375 2.5641042357147705e-17 0.209375 0.2296875 0.290625 0.2296875
24 0.515625 0.2211153765625001 0.4296875 0.2211153765625001 0.4296875 0.5403195281250001 0.515625 0.5403195281250001
24 0.6421875 0.3078854890625001 0.334375 0.3078854890625 0.33437500000000003 0.38281250000000006 0.6421875 0.3828125000000001
24 0.540625 0.15953179062500006 0.46735780625 0.15953179062500006 0.46735780625 0.4578125 0.540625 0.4578125
24 0.9484375 0.3046875000000001 0.6421875 0.3046875000000001 0.6421875 0.3828125000000001 0.9484375 0.3828125000000001
24 0.9359375 0.3457963875000001 0.6300470375 0.3457963875000001 0.6300470375 0.4245161125000001 0.9359375 0.4245161125000002
24 0.8109375 0.2725075687500001 0.730111915625 0.2725075687500001 0.730111915625 0.5812500000000002 0.8109375 0.5812500000000002
24 0.90625 0.4312500000000001 0.5921280265625 0.43125 0.5921280265625 0.5140625000000001 0.90625 0.5140625000000002
24 0.7890625 0.3480157859375001 0.7125 0.3480157859375001 0.7125 0.6843750000000001 0.7890625 0.6843750000000002
24 0.22968750000000004 0.15992917343750002 0.13156358125 0.1599291734375 0.13156358125000003 0.4828125 0.2296875000000001 0.4828125