24 0.8131487890625 0.7733564015625001 0.4480968859375002 0.7733564015625001 0.4480968859375002 0.8771626296875 0.8131487890625 0.8771626296875
24 0.8183391 0.7249134953125 0.4705882359375 0.7249134953125 0.4705882359375001 0.8166089968750001 0.8183391 0.8166089968750001
24 0.8702422140625 0.6608996546875001 0.4948096890625 0.6608996546875 0.4948096890625001 0.7673010375 0.8702422140625 0.7673010375000001
24 0.8460207609375001 0.6124567468750001 0.5847750859375 0.612456746875 0.5847750859375 0.6963667812500001 0.8460207609375001 0.6963667812500002
24 0.4515570937500001 0.723183390625 0.08823529375000008 0.723183390625 0.0882352937500001 0.8243944640624999 0.45155709375000014 0.8243944640624999
24 0.4757785468750001 0.6608996546875 0.0934256062500001 0.6608996546875 0.0934256062500001 0.7673010375 0.47577854687500015 0.7673010375
24 0.4039792390625 3.162258385714334e-17 0.112456746875 1.3771979510299288e-17 0.112456746875 0.09169550156250003 0.4039792390625 0.09169550156250005
24 0.37716262968750003 0.06401384062500003 0.1228373703125 0.06401384062500001 0.1228373703125 0.14532872031250002 0.37716262968750003 0.14532872031250005
24 0.6323529406249999 0.33737024218750006 0.3131487890625 0.3373702421875 0.31314878906250004 0.4238754328125 0.6323529406249999 0.4238754328125
24 0.6427335640625 0.30795847812500005 0.333910034375 0.307958478125 0.33391003437500005 0.38408304531250004 0.6427335640625 0.3840830453125001
24 0.6539792390625 0.27162629687500006 0.3546712796875 0.271626296875 0.3546712796875 0.3460207609375 0.6539792390625 0.34602076093750006
24 0.9489619375 0.3044982703125001 0.6418685125 0.3044982703125001 0.6418685125 0.3832179937500001 0.9489619375 0.3832179937500001
24 0.9368512109375 0.34602076093750006 0.6297577859375 0.34602076093750006 0.6297577859375 0.4247404843750001 0.9368512109375 0.42474048437500017
24 0.9256055359375001 0.3858131484375001 0.6159169546875 0.3858131484375001 0.6159169546875 0.46799307968750015 0.9256055359375001 0.4679930796875002
24 0.907439446875 0.4307958484375001 0.5916955015625 0.43079584843749996 0.5916955015625 0.5147058828125001 0.907439446875 0.5147058828125002
24 0.9195501734375 0.47750865000000003 0.5830449828125001 0.47750865 0.5830449828125001 0.5544982703125001 0.9195501734375 0.5544982703125002
24 0.34256055312500006 0.271626296875 0.019031142187500034 0.271626296875 0.019031142187500037 0.3711072671875 0.3425605531250001 0.3711072671875