24 0.7593750000000001 0.6599662156250001 0.6649704390625 0.659966215625 0.6649704390625001 1 0.7593750000000001 1
24 0.7625000000000001 0.6079180750000001 0.6789695953125 0.607918075 0.6789695953125001 0.971875 0.7625000000000002 0.971875
24 0.8015625 0.5328125000000001 0.7034417234375 0.5328125 0.7034417234375001 0.926351353125 0.8015625 0.926351353125
24 0.81875 0.5284206078125002 0.7401393578125 0.5284206078125002 0.7401393578125001 0.8 0.81875 0.8
24 0.5138935812500002 0.7641258453125 0.13298141875000008 0.7641258453125 0.13298141875000008 0.8546875 0.5138935812500002 0.8546875
24 0.5338048984375001 0.6978040531249999 0.13346705937500009 0.6978040531249999 0.13346705937500009 0.796621621875 0.5338048984375001 0.796621621875
24 0.26862331250000004 2.7776934105508803e-17 0.185008446875 2.265700022806919e-17 0.185008446875 0.18281250000000004 0.26862331250000004 0.18281250000000004
24 0.253125 2.6317235679722415e-17 0.17666807499999998 2.1635599256027452e-17 0.176668075 0.234375 0.253125 0.234375
24 0.65625 0.34736064375000003 0.32126266718749996 0.34736064375 0.3212626671875 0.4265625 0.65625 0.4265625
24 0.534375 0.18574746562500005 0.466596284375 0.18574746562500005 0.466596284375 0.5109375 0.534375 0.5109375
24 0.6703125 0.277153715625 0.3549197625 0.277153715625 0.3549197625 0.34375000000000006 0.6703125 0.3437500000000001
24 0.8609375 0.1733319250000001 0.7902027031250001 0.1733319250000001 0.7902027031250001 0.49531250000000016 0.8609375 0.49531250000000016
24 0.978125 0.3422297296875001 0.6546875 0.3422297296875001 0.6546875 0.4140202703125001 0.978125 0.4140202703125002
24 0.971875 0.38741554062500005 0.64714949375 0.38741554062500005 0.64714949375 0.4609375000000001 0.971875 0.46093750000000017
24 0.8296875 0.3069679046875001 0.7536951015625 0.3069679046875001 0.7536951015625 0.6375000000000002 0.8296875 0.6375000000000002
24 0.9765625 0.48125000000000007 0.623416384375 0.48125 0.623416384375 0.55 0.9765625 0.5500000000000002
24 0.22187500000000004 0.17187500000000003 0.128589528125 0.171875 0.12858952812500002 0.49995777031250005 0.2218750000000001 0.49995777031250005