24 0.6812500000000001 0.6425794765624999 0.5789792390625 0.6425794765624999 0.5789792390625002 1 0.6812500000000001 1
24 0.8171875 0.7252460000000001 0.4706558171875 0.7252460000000001 0.47065581718750005 0.815625 0.8171875 0.815625
24 0.86875 0.6609375000000001 0.49452314062499997 0.6609375 0.494523140625 0.7671875000000001 0.86875 0.7671875000000001
24 0.8453125 0.6127324828125001 0.584375 0.6127324828125 0.584375 0.6953125000000001 0.8453125 0.6953125000000002
24 0.45119215000000007 0.7236132140625 0.08787035000000008 0.7236132140625 0.0878703500000001 0.8234375 0.4511921500000001 0.8234375
24 0.4750000000000001 0.6609375 0.09375000000000008 0.6609375 0.09375000000000008 0.7671875 0.4750000000000002 0.7671875
24 0.303125 3.1549916856076594e-17 0.21212424375 2.5977727612999044e-17 0.21212424375 0.19062500000000004 0.303125 0.19062500000000004
24 0.290625 3.0616169978683824e-17 0.209375 2.5641042357147705e-17 0.209375 0.2296875 0.290625 0.2296875
24 0.6322583265625 0.3375 0.31305417343749997 0.3375 0.3130541734375 0.4234375 0.6322583265625 0.4234375
24 0.6421875 0.3078854890625001 0.334375 0.3078854890625 0.33437500000000003 0.38281250000000006 0.6421875 0.3828125000000001
24 0.653125 0.27187500000000003 0.3550335203125 0.271875 0.3550335203125 0.3453125 0.653125 0.3453125000000001
24 0.834375 0.1906250000000001 0.75625 0.1906250000000001 0.75625 0.4968750000000002 0.834375 0.4968750000000002
24 0.821875 0.23212316093750007 0.744169009375 0.23212316093750007 0.744169009375 0.5390625000000002 0.821875 0.5390625000000002
24 0.8109375 0.2725075687500001 0.730111915625 0.2725075687500001 0.730111915625 0.5812500000000002 0.8109375 0.5812500000000002
24 0.790625 0.3144463671875001 0.7078125 0.3144463671875001 0.7078125 0.6296875000000001 0.790625 0.6296875000000002
24 0.7890625 0.3480157859375001 0.7125 0.3480157859375001 0.7125 0.6843750000000001 0.7890625 0.6843750000000002
24 0.34218750000000003 0.2721345140625 0.018750000000000034 0.2721345140625 0.018750000000000037 0.3703125 0.3421875000000001 0.3703125