24 0.903125 0.8020903718750001 0.5222972968750001 0.8020903718750001 0.5222972968750001 0.896875 0.903125 0.896875
24 0.903125 0.7483952703125001 0.5390625000000002 0.7483952703125001 0.5390625000000002 0.83125 0.903125 0.83125
24 0.8015625 0.5328125000000001 0.7034417234375 0.5328125 0.7034417234375001 0.926351353125 0.8015625 0.926351353125
24 0.915625 0.6252744937500001 0.6438766890625 0.62527449375 0.6438766890625 0.7046875000000001 0.915625 0.7046875000000001
24 0.3687500000000001 0.61875 0.2772592906250001 0.61875 0.2772592906250001 0.9995354750000001 0.3687500000000001 0.9995354750000001
24 0.3828125000000001 0.5468961140624999 0.2840371609375001 0.5468961140624999 0.2840371609375001 0.946875 0.3828125000000001 0.946875
24 0.26862331250000004 2.7776934105508803e-17 0.185008446875 2.265700022806919e-17 0.185008446875 0.18281250000000004 0.26862331250000004 0.18281250000000004
24 0.346875 0.06446368125000003 0.0825168921875 0.06446368125 0.08251689218750001 0.14062500000000003 0.346875 0.14062500000000006
24 0.65625 0.34736064375000003 0.32126266718749996 0.34736064375 0.3212626671875 0.4265625 0.65625 0.4265625
24 0.534375 0.18574746562500005 0.466596284375 0.18574746562500005 0.466596284375 0.5109375 0.534375 0.5109375
24 0.5467483125000001 0.15263935781250007 0.47918074375 0.15263935747852103 0.4791807421875 0.46875 0.5467483109375001 0.46875000033397907
24 0.9859375 0.2994932421875001 0.66366131875 0.2994932421875001 0.66366131875 0.3703125000000001 0.9859375 0.3703125000000001
24 0.978125 0.34358107968750007 0.6561444234375 0.34358107968750007 0.6561444234375 0.4140625000000001 0.978125 0.41406250000000017
24 0.846875 0.2612119937500001 0.7729729734374999 0.2612119937500001 0.7729729734374999 0.5872255078125002 0.846875 0.5872255078125002
24 0.8296875 0.3070523640625001 0.75390625 0.3070523640625001 0.75390625 0.6375000000000002 0.8296875 0.6375000000000002
24 0.9765625 0.4818412156250001 0.6232052375 0.481841215625 0.6232052375 0.55 0.9765625 0.5500000000000002
24 0.22187500000000004 0.1723395265625 0.129011825 0.1723395265625 0.12901182500000002 0.5 0.2218750000000001 0.5