24 0.903716215625 0.802364865625 0.5219594593750002 0.802364865625 0.5219594593750002 0.8986486484375 0.903716215625 0.8986486484375
24 0.903716215625 0.7483108109375001 0.5388513515625002 0.7483108109375001 0.5388513515625002 0.8327702703125001 0.903716215625 0.8327702703125001
24 0.9493243250000001 0.6807432437500001 0.5557432437500001 0.6807432437500001 0.5557432437500001 0.7795608109375001 0.9493243250000001 0.7795608109375002
24 0.916385134375 0.6250000000000001 0.64358108125 0.625 0.64358108125 0.7052364859375001 0.916385134375 0.7052364859375002
24 0.5143581078125001 0.7635135140625 0.1334459453125001 0.7635135140625 0.1334459453125001 0.8555743250000001 0.5143581078125001 0.8555743250000001
24 0.5337837843750001 0.697635134375 0.1334459453125001 0.697635134375 0.1334459453125001 0.796452703125 0.5337837843750002 0.796452703125
24 0.36824324375 2.782347881629656e-17 0.0861486484375 1.05501666559855e-17 0.0861486484375 0.08361486562500002 0.36824324375 0.08361486562500005
24 0.3479729734375 0.06418918906250001 0.0827702703125 0.0641891890625 0.08277027031250002 0.141047296875 0.3479729734375 0.14104729687500003
24 0.65625 0.34797297343750005 0.3209459453125 0.3479729734375 0.32094594531250004 0.427364865625 0.65625 0.427364865625
24 0.6638513515625 0.31418918906250004 0.3378378375 0.31418918906250004 0.33783783750000007 0.38344594531250004 0.6638513515625 0.3834459453125001
24 0.671452703125 0.2770270265625 0.3547297296875 0.2770270265625 0.3547297296875 0.34459459531250003 0.671452703125 0.3445945953125001
24 0.98733108125 0.2989864859375001 0.6638513515625 0.2989864859375001 0.6638513515625 0.37077702656250006 0.98733108125 0.37077702656250006
24 0.978885134375 0.3429054046875001 0.6554054046875 0.3429054046875001 0.6554054046875 0.41469594531250004 0.978885134375 0.41469594531250015
24 0.9729729734375001 0.3868243250000001 0.646959459375 0.3868243250000001 0.646959459375 0.4619932437500001 0.9729729734375001 0.46199324375000017
24 0.9577702703125001 0.43412162187500003 0.6266891890624999 0.434121621875 0.6266891890624999 0.5109797296875 0.9577702703125001 0.5109797296875002
24 0.9780405406250001 0.4814189187500001 0.6233108109375001 0.48141891875000004 0.6233108109375001 0.5506756750000001 0.9780405406250001 0.5506756750000001
24 0.34037162187500003 0.2888513515625 0.011824325000000035 0.2888513515625 0.011824325000000042 0.3834459453125 0.3403716218750001 0.3834459453125