24 0.903125 0.6863281250000001 0.7015625 0.686328125 0.7015625000000001 0.7593750000000001 0.903125 0.7593750000000001
24 0.878125 0.6527343750000001 0.68125 0.652734375 0.68125 0.7171875000000001 0.878125 0.7171875000000002
24 0.64375 0.62109375 0.58828125 0.62109375 0.5882812500000001 0.78125 0.6437500000000002 0.78125
24 0.45625000000000016 0.728515625 0.3437500000000001 0.728515625 0.3437500000000001 0.7703125 0.45625000000000016 0.7703125
24 0.5640625000000001 0.71875 0.448828125 0.71875 0.4488281250000001 0.765625 0.5640625000000001 0.765625
24 0.5484375000000001 0.6890625 0.426171875 0.6890625 0.4261718750000001 0.7359375 0.5484375000000001 0.7359375
24 0.44218750000000007 0.703125 0.33281250000000007 0.703125 0.33281250000000007 0.74375 0.4421875000000002 0.74375
24 0.5484375 0.6109375 0.405859375 0.6109375 0.405859375 0.6578125 0.5484375 0.6578125
24 0.5171875 0.584375 0.3910156250000001 0.584375 0.3910156250000001 0.63125 0.5171875 0.63125
24 0.38750000000000007 0.59765625 0.3460937500000001 0.59765625 0.3460937500000001 0.7125 0.38750000000000007 0.7125
24 0.3746093750000001 0.573046875 0.33476562500000007 0.573046875 0.33476562500000007 0.6859375 0.3746093750000001 0.6859375
24 0.4703125000000001 0.59921875 0.426171875 0.59921875 0.4261718750000001 0.7375 0.4703125000000002 0.7375
24 0.6234375 0.5421875 0.571875 0.5421875 0.571875 0.6875 0.6234375 0.6875
24 0.6015625 0.50546875 0.54609375 0.50546875 0.54609375 0.6625 0.6015625 0.6625
24 0.7640625 0.4945312500000001 0.70390625 0.49453125 0.70390625 0.6812500000000001 0.7640625 0.6812500000000001
24 0.8109375 0.5218750000000001 0.6234375 0.521875 0.6234375 0.5859375000000001 0.8109375 0.5859375000000002
24 0.7953125 0.5480468750000002 0.74453125 0.5480468750000002 0.74453125 0.6984375000000002 0.7953125 0.6984375000000002
24 0.934375 0.5843750000000002 0.83125 0.5843750000000002 0.83125 0.6265625000000001 0.934375 0.6265625000000001
24 0.590625 0.440625 0.5265625 0.440625 0.5265625 0.6140625 0.590625 0.6140625
24 0.5015625 0.529296875 0.3902343750000001 0.529296875 0.3902343750000001 0.5796875 0.5015625 0.5796875
24 0.3703125000000001 0.51875 0.3218750000000001 0.51875 0.3218750000000001 0.6453125 0.3703125000000001 0.6453125
24 0.3828125000000001 0.5328125 0.2640625000000001 0.5328125 0.2640625000000001 0.5796875 0.3828125000000001 0.5796875
24 0.4796875 0.5078125 0.3609375000000001 0.5078125 0.3609375000000001 0.5546875 0.4796875 0.5546875
24 0.690625 0.30156250000000007 0.638671875 0.30156250000000007 0.638671875 0.41328125 0.690625 0.41328125
24 0.63125 0.3281250000000001 0.579296875 0.3281250000000001 0.579296875 0.43984375 0.63125 0.43984375
24 0.7796875 0.29765625000000007 0.727734375 0.29765625000000007 0.727734375 0.4078125000000002 0.7796875 0.4078125000000002
24 0.6140625 0.3812500000000001 0.494140625 0.3812500000000001 0.494140625 0.4546875 0.6140625 0.4546875
24 0.49375 0.3203125000000001 0.36875 0.3203125000000001 0.36875 0.403125 0.49375 0.403125
24 0.596875 0.2671875000000001 0.4703125 0.2671875000000001 0.4703125 0.34062500000000007 0.596875 0.34062500000000007
24 0.5328125 0.2640625000000001 0.459375 0.2640625000000001 0.459375 0.3906250000000001 0.5328125 0.3906250000000001
24 0.65625 0.1886718750000001 0.58203125 0.1886718750000001 0.58203125 0.3234375000000001 0.65625 0.3234375000000001
24 0.35781250000000003 0.35078125 0.287109375 0.35078125 0.28710937500000006 0.4609375 0.3578125000000001 0.4609375
24 0.365625 0.16406250000000006 0.2421875 0.16406250000000006 0.2421875 0.23750000000000004 0.365625 0.2375000000000001
24 0.4265625 0.10781250000000005 0.296875 0.10781250000000005 0.296875 0.19687500000000005 0.4265625 0.19687500000000005
24 0.534375 0.03281250000000006 0.4046875 0.03281250000000004 0.4046875 0.12187500000000004 0.534375 0.12187500000000004
24 0.2015625 0.255078125 0.13632812500000005 0.255078125 0.13632812500000005 0.3203125 0.2015625 0.3203125
24 0.2328125 0.248828125 0.16679687500000004 0.248828125 0.16679687500000004 0.3140625 0.2328125 0.3140625
24 0.5515625 0.4296875 0.494140625 0.4296875 0.494140625 0.571875 0.5515625 0.571875
24 0.7203125 0.3910156250000001 0.6515625 0.3910156250000001 0.6515625 0.59375 0.7203125 0.59375
24 0.7609375 0.4269531250000001 0.561328125 0.426953125 0.561328125 0.4921875000000001 0.7609375 0.49218750000000017