24 0.6729327765625001 0.07712628906250008 0.5890625 0.07712628906250006 0.5890625 0.3046875000000001 0.6729327765625001 0.3046875000000001
24 0.7546875 0.19977716875000007 0.5328474015625 0.19977716875000004 0.5328474015625 0.2718750000000001 0.7546875 0.2718750000000001
24 0.4953125 0.17403619062500003 0.432047359375 0.17403619062500003 0.432047359375 0.35625000000000007 0.4953125 0.35625000000000007
24 0.26875 0.2616650546875 0.14110287656250003 0.2616650546875 0.14110287656250003 0.309375 0.26875 0.309375
24 0.3828125 0.23492267968750005 0.2525558421875 0.2349226796875 0.2525558421875 0.28750000000000003 0.3828125 0.2875000000000001
24 0.3953125 0.26740227812500006 0.256263421875 0.267402278125 0.256263421875 0.32031250000000006 0.3953125 0.3203125000000001
24 0.23750000000000004 0.252588059375 0.19234321406250005 0.252588059375 0.19234321406250005 0.3765625 0.2375000000000001 0.3765625
24 0.471875 0.35000000000000003 0.3110019328125 0.35 0.31100193281250005 0.403125 0.471875 0.403125
24 0.4171875 0.3390625000000001 0.3649753 0.3390625000000001 0.36497530000000006 0.4828125 0.4171875 0.4828125
24 0.3265625000000001 0.36652169218749997 0.19431110312500005 0.36652169218749997 0.19431110312500005 0.4125 0.3265625000000001 0.4125
24 0.3375000000000001 0.3966199546875 0.20980992343750007 0.3966199546875 0.20980992343750007 0.440625 0.3375000000000001 0.440625
24 0.35468750000000004 0.273845575 0.303584084375 0.273845575 0.30358408437500006 0.4296875 0.3546875000000001 0.4296875
24 0.6109375 0.3333762875000001 0.44703876718749996 0.3333762875000001 0.44703876718749996 0.3917955312500001 0.6109375 0.3917955312500001
24 0.565625 0.3088595359375001 0.5026873921874999 0.3088595359375001 0.5026873921874999 0.4859375 0.565625 0.4859375
24 0.796875 0.3109375000000001 0.5844474875000001 0.3109375000000001 0.5844474875000001 0.3812500000000001 0.796875 0.3812500000000001
24 0.74375 0.2796875000000001 0.6724817437499999 0.2796875000000001 0.6724817437499999 0.4921875000000001 0.74375 0.49218750000000017
24 0.721875 0.21522766406250007 0.6657914515625001 0.21522766406250007 0.6657914515625001 0.3859375000000001 0.721875 0.3859375000000001
24 0.882286296875 0.2593750000000001 0.7645887015625 0.2593750000000001 0.7645887015625 0.3062500000000001 0.882286296875 0.3062500000000001
24 0.66875 0.42450332812499997 0.4742885515625 0.42450332812499997 0.4742885515625 0.49375 0.66875 0.49375
24 0.4625 0.403125 0.406698346875 0.403125 0.406698346875 0.5296875 0.4625 0.5296875
24 0.3343750000000001 0.3984375 0.2821681703125001 0.3984375 0.2821681703125001 0.5421875 0.3343750000000001 0.5421875
24 0.3765625000000001 0.4753973359375 0.24260094375000008 0.4753973359375 0.24260094375000008 0.528125 0.3765625000000001 0.528125
24 0.457785653125 0.43043385 0.4046875 0.43043385 0.4046875 0.5640625 0.457785653125 0.5640625
24 0.9061909359375001 0.5687500000000002 0.7781840640625 0.5687500000000002 0.7781840640625 0.6296875000000002 0.9061909359375001 0.6296875000000002
24 0.784375 0.5249516750000001 0.723590528125 0.524951675 0.723590528125 0.6515625 0.784375 0.6515625000000002
24 0.9640625 0.5128678046875002 0.905092890625 0.5128678046875002 0.905092890625 0.6390625000000002 0.9640625 0.6390625000000002
24 0.7421875 0.5308660859375001 0.604913015625 0.5308660859375001 0.604913015625 0.6125 0.7421875 0.6125000000000002
24 0.6500000000000001 0.5941178046875 0.5569480234374999 0.5941178046875 0.5569480234375 0.73587038125 0.6500000000000001 0.73587038125
24 0.8015625 0.6214105453125001 0.71875 0.6214105453125 0.7187500000000001 0.7625000000000001 0.8015625 0.7625000000000002
24 0.7716494828125 0.63954843125 0.6290378 0.6395484312499999 0.6290378 0.721875 0.7716494828125 0.7218750000000002
24 0.96708548125 0.6703259234375002 0.81416451875 0.6703259234375002 0.81416451875 0.7546875000000002 0.96708548125 0.7546875000000002
24 0.49375 0.5890625 0.412653028125 0.5890625 0.412653028125 0.715625 0.49375 0.715625
24 0.6687500000000002 0.79525880625 0.5851267187500002 0.79525880625 0.5851267187500002 0.934375 0.6687500000000002 0.934375
24 0.7812500000000002 0.8200896671875 0.6818513750000001 0.8200896671875 0.6818513750000001 0.9671875 0.7812500000000002 0.9671875
24 0.984375 0.887827534375 0.8383591046875001 0.887827534375 0.8383591046875001 0.9875 0.984375 0.9875
24 0.44531250000000017 0.7786055625 0.37157431250000006 0.7786055625 0.37157431250000006 0.853125 0.44531250000000017 0.853125
24 0.4859375000000002 0.7783666234375 0.4109079671875001 0.7783666234375 0.4109079671875001 0.853125 0.4859375000000002 0.853125
24 0.59375 0.41688144375 0.5302647125 0.41688144375 0.5302647125 0.578125 0.59375 0.578125
24 0.846875 0.4156652687500001 0.616414303125 0.41566526875000004 0.616414303125 0.4937500000000001 0.846875 0.4937500000000002
24 0.7765625 0.3832366843750001 0.70380423125 0.3832366843750001 0.70380423125 0.6108999156250001 0.7765625 0.6108999156250002