24 0.85 0.6303447421875001 0.775917659375 0.6303447421875001 0.7759176593750001 0.834375 0.85 0.834375
24 0.8890625 0.6623759921875001 0.690625 0.6623759921875 0.690625 0.7265625000000001 0.8890625 0.7265625000000002
24 0.6515625 0.6289806546875 0.59620535625 0.6289806546875 0.5962053562500002 0.7921875 0.6515625000000002 0.7921875
24 0.4622271828125002 0.737549603125 0.3471478171875001 0.737549603125 0.3471478171875001 0.781200396875 0.4622271828125002 0.781200396875
24 0.5359375000000001 0.69375 0.48932291718750004 0.69375 0.4893229171875001 0.8109375 0.5359375000000002 0.8109375
24 0.5171875000000001 0.659623015625 0.47058531718749996 0.659623015625 0.4705853171875001 0.784226190625 0.5171875000000001 0.784226190625
24 0.4125000000000001 0.67843501875 0.3716889859375001 0.67843501875 0.3716889859375001 0.7875 0.4125000000000002 0.7875
24 0.507428075 0.5701016859375 0.4598090265625 0.5701016859375 0.4598090265625 0.7140625 0.507428075 0.7140625
24 0.4828125 0.5509548609375 0.4359375 0.5509548609375 0.4359375 0.6796875 0.4828125 0.6796875
24 0.3921875000000001 0.605220734375 0.3502232125000001 0.605220734375 0.3502232125000001 0.721875 0.3921875000000001 0.721875
24 0.415625 0.6176587296875 0.3013392859375001 0.6176587296875 0.3013392859375001 0.6578125 0.415625 0.6578125
24 0.5234375 0.6543278765625 0.3844494046875001 0.6543278765625 0.3844494046875001 0.6984375 0.5234375 0.6984375
24 0.63125 0.549293153125 0.5796875 0.549293153125 0.5796875 0.696875 0.63125 0.696875
24 0.609375 0.5121899796875 0.553125 0.5121899796875 0.553125 0.671875 0.609375 0.671875
24 0.8389880953125 0.5651413687500001 0.6485119046875 0.56514136875 0.6485119046875 0.6250000000000001 0.8389880953125 0.6250000000000002
24 0.821875 0.5287450390625 0.6321676578125001 0.5287450390624999 0.6321676578125001 0.5937500000000001 0.821875 0.5937500000000002
24 0.85625 0.6062500000000001 0.7034846234375001 0.60625 0.7034846234375001 0.6578125000000001 0.85625 0.6578125000000001
24 0.946875 0.5921875000000002 0.8421875 0.5921875000000002 0.8421875 0.6343750000000001 0.946875 0.6343750000000001
24 0.598164684375 0.4465649796875 0.53308531875 0.4465649796875 0.53308531875 0.621875 0.598164684375 0.621875
24 0.4765625 0.5051959312500001 0.425607640625 0.5051959312500001 0.425607640625 0.6186879953125 0.4765625 0.6186879953125
24 0.3734375000000001 0.525396825 0.3252356156250001 0.525396825 0.3252356156250001 0.653125 0.3734375000000001 0.653125
24 0.3859375000000001 0.5394717265625 0.2670262890625001 0.5394717265625 0.2670262890625001 0.587090775 0.3859375000000001 0.587090775
24 0.4484375 0.477393353125 0.40177331250000003 0.477393353125 0.40177331250000003 0.596875 0.4484375 0.596875
24 0.7296875 0.33473462343750005 0.6174727171875001 0.33473462343750005 0.6174727171875001 0.3887028781250001 0.7296875 0.3887028781250001
24 0.66875 0.3617311515625001 0.5569692468749999 0.3617311515625001 0.5569692468749999 0.4140625 0.66875 0.4140625
24 0.8203125 0.3302703375000001 0.707775296875 0.3302703375000001 0.707775296875 0.3842385921875001 0.8203125 0.3842385921875001
24 0.621875 0.38529265937500007 0.4997891859375 0.38529265937500007 0.4997891859375 0.459375 0.621875 0.459375
24 0.478125 0.3021701390625001 0.394196428125 0.3021701390625001 0.39419642812500005 0.428125 0.478125 0.428125
24 0.5765625 0.2430059515625001 0.5032862109375 0.2430059515625001 0.5032862109375 0.3703125000000001 0.5765625 0.3703125000000001
24 0.5390625 0.2666294640625001 0.46478174531249994 0.2666294640625001 0.46478174531249994 0.3952008937500001 0.5390625 0.3952008937500001
24 0.665625 0.1904265875000001 0.5898189484375 0.1904265875000001 0.5898189484375 0.3265625000000001 0.665625 0.3265625000000001
24 0.3828125000000001 0.37500000000000006 0.27031250000000007 0.375 0.27031250000000007 0.446875 0.3828125000000001 0.446875
24 0.34375 0.13996775781250004 0.26909722187499996 0.13996775781250004 0.26909722187499996 0.265364584375 0.34375 0.265364584375
24 0.43125 0.10788690468750003 0.3 0.10788690468750003 0.3 0.19836309531250004 0.43125 0.19836309531250004
24 0.5203125 0.010937500000000058 0.43058035625 0.010937500000000053 0.43058035625 0.14218750000000005 0.5203125 0.14218750000000005
24 0.203125 0.25721726093749997 0.13597470312500004 0.25721726093749997 0.13597470312500004 0.32467758125 0.203125 0.32467758125
24 0.234375 0.2501612109375 0.16789434687500004 0.2501612109375 0.16789434687500004 0.3171875 0.234375 0.3171875
24 0.6015625 0.478125 0.4564360140625 0.478125 0.4564360140625 0.5359375 0.6015625 0.5359375
24 0.7296875 0.39570932500000006 0.6595114093750001 0.39570932500000006 0.6595114093750001 0.6015625000000001 0.7296875 0.6015625000000002
24 0.703125 0.3634176578125001 0.6359375 0.3634176578125001 0.6359375 0.565625 0.703125 0.565625