24 0.903125 0.6859375000000001 0.7015625 0.6859375 0.7015625000000001 0.7601562500000001 0.903125 0.7601562500000002
24 0.878125 0.6531250000000001 0.68125 0.653125 0.68125 0.71796875 0.878125 0.7179687500000002
24 0.6968750000000001 0.6734375 0.5359375 0.6734375 0.5359375000000001 0.7296875 0.6968750000000001 0.7296875
24 0.45703125000000017 0.728125 0.3437500000000001 0.728125 0.3437500000000001 0.77109375 0.45703125000000017 0.77109375
24 0.5648437500000001 0.71875 0.4484375 0.71875 0.4484375000000001 0.765625 0.5648437500000002 0.765625
24 0.5492187500000001 0.6890625 0.4265625 0.6890625 0.42656250000000007 0.7359375 0.5492187500000002 0.7359375
24 0.44218750000000007 0.703125 0.33281250000000007 0.703125 0.33281250000000007 0.74375 0.4421875000000002 0.74375
24 0.54921875 0.6109375 0.40625 0.6109375 0.40625 0.6578125 0.54921875 0.6578125
24 0.51796875 0.584375 0.3906250000000001 0.584375 0.3906250000000001 0.63125 0.51796875 0.63125
24 0.425 0.634375 0.30937500000000007 0.634375 0.30937500000000007 0.6765625 0.425 0.6765625
24 0.41171875 0.609375 0.2984375000000001 0.609375 0.2984375000000001 0.64921875 0.41171875 0.64921875
24 0.51796875 0.6453125 0.37968750000000007 0.6453125 0.37968750000000007 0.690625 0.51796875 0.690625
24 0.6703125 0.5890625 0.525 0.5890625 0.525 0.640625 0.6703125 0.640625
24 0.653125 0.55625 0.4953125 0.55625 0.4953125 0.6125 0.653125 0.6125
24 0.828125 0.5578125 0.640625 0.5578125 0.640625 0.6187500000000001 0.828125 0.6187500000000001
24 0.8109375 0.5218750000000001 0.6234375 0.521875 0.6234375 0.5859375000000001 0.8109375 0.5859375000000002
24 0.8453125 0.5984375000000001 0.69375 0.5984375 0.69375 0.6492187500000001 0.8453125 0.6492187500000002
24 0.934375 0.5843750000000002 0.83125 0.5843750000000002 0.83125 0.6265625000000001 0.934375 0.6265625000000001
24 0.6453125 0.4953125 0.471875 0.4953125 0.471875 0.559375 0.6453125 0.559375
24 0.50234375 0.5296875 0.3906250000000001 0.5296875 0.3906250000000001 0.58046875 0.50234375 0.58046875
24 0.409375 0.5578125 0.2828125000000001 0.5578125 0.2828125000000001 0.60625 0.409375 0.60625
24 0.3828125000000001 0.5328125 0.2640625000000001 0.5328125 0.2640625000000001 0.5796875 0.3828125000000001 0.5796875
24 0.4796875 0.5078125 0.3609375000000001 0.5078125 0.3609375000000001 0.5546875 0.4796875 0.5546875
24 0.72109375 0.3312500000000001 0.609375 0.3312500000000001 0.609375 0.3843750000000001 0.72109375 0.3843750000000001
24 0.66171875 0.3578125000000001 0.55 0.3578125000000001 0.55 0.4109375 0.66171875 0.4109375
24 0.81015625 0.3265625000000001 0.6984375 0.3265625000000001 0.6984375 0.37968750000000007 0.81015625 0.37968750000000007
24 0.61484375 0.3812500000000001 0.49375 0.3812500000000001 0.49375 0.4546875 0.61484375 0.4546875
24 0.49375 0.3203125000000001 0.36875 0.3203125000000001 0.36875 0.403125 0.49375 0.403125
24 0.596875 0.2671875000000001 0.4703125 0.2671875000000001 0.4703125 0.34062500000000007 0.596875 0.34062500000000007
24 0.559375 0.2906250000000001 0.4328125 0.2906250000000001 0.4328125 0.36406250000000007 0.559375 0.36406250000000007
24 0.6875 0.21875000000000008 0.5515625 0.21875000000000008 0.5515625 0.2945312500000001 0.6875 0.2945312500000001
24 0.3789062500000001 0.37031250000000004 0.2671875000000001 0.3703125 0.2671875000000001 0.4421875 0.3789062500000001 0.4421875
24 0.365625 0.16406250000000006 0.2421875 0.16406250000000006 0.2421875 0.23828125000000006 0.365625 0.23828125000000008
24 0.4265625 0.10781250000000005 0.296875 0.10781250000000005 0.296875 0.19687500000000005 0.4265625 0.19687500000000005
24 0.534375 0.03281250000000006 0.4046875 0.03281250000000004 0.4046875 0.12187500000000004 0.534375 0.12187500000000004
24 0.20234375 0.2546875 0.13593750000000004 0.2546875 0.13593750000000004 0.32109375 0.20234375 0.32109375
24 0.23359375 0.2484375 0.16718750000000004 0.2484375 0.16718750000000004 0.31484375 0.23359375 0.31484375
24 0.59453125 0.471875 0.4515625 0.471875 0.4515625 0.5296875 0.59453125 0.5296875
24 0.7875 0.45781250000000007 0.584375 0.4578125 0.584375 0.5273437500000001 0.7875 0.5273437500000002
24 0.76171875 0.42656250000000007 0.5609375 0.4265625 0.5609375 0.49296875000000007 0.76171875 0.4929687500000002