24 0.915873015625 0.6952380953125001 0.7111111109375 0.6952380953125 0.7111111109375001 0.7706349203125 0.915873015625 0.7706349203125001
24 0.890476190625 0.6619047625000001 0.690476190625 0.6619047625000001 0.6904761906250001 0.7277777781250001 0.890476190625 0.7277777781250002
24 0.7063492062500001 0.6825396828125 0.5428571421874999 0.6825396828125 0.5428571421875 0.7396825390624999 0.7063492062500002 0.7396825390624999
24 0.46269841250000016 0.7380952375 0.3476190468750001 0.7380952375 0.3476190468750001 0.78174603125 0.46269841250000016 0.78174603125
24 0.5722222218750002 0.728571428125 0.45396825468750024 0.728571428125 0.45396825468750024 0.7761904765625001 0.5722222218750002 0.7761904765625001
24 0.5563492062500001 0.6984126984375 0.43174603125 0.6984126984375 0.43174603125000005 0.7460317453124999 0.5563492062500002 0.7460317453124999
24 0.44761904687500004 0.7126984125 0.3365079359375001 0.7126984125 0.3365079359375001 0.7539682546875001 0.44761904687500015 0.7539682546875001
24 0.55634920625 0.61904761875 0.41111111093749997 0.61904761875 0.41111111093749997 0.6666666671875 0.55634920625 0.6666666671875
24 0.524603175 0.5920634921875 0.3952380953125001 0.5920634921875 0.3952380953125001 0.6396825390624999 0.524603175 0.6396825390624999
24 0.43015872968749996 0.6428571421875 0.3126984125000001 0.6428571421875 0.3126984125000001 0.6857142859375001 0.43015872968749996 0.6857142859375001
24 0.4166666671875 0.6174603171874999 0.3015873015625001 0.6174603171874999 0.3015873015625001 0.6579365078125 0.4166666671875 0.6579365078125
24 0.524603175 0.6539682546875001 0.3841269843750001 0.6539682546875001 0.3841269843750001 0.7 0.524603175 0.7
24 0.6793650796875 0.596825396875 0.53174603125 0.596825396875 0.53174603125 0.6492063484374999 0.6793650796875 0.6492063484374999
24 0.6619047625000001 0.5634920640625001 0.5015873015625 0.5634920640625001 0.5015873015625 0.6206349203125 0.6619047625000001 0.6206349203125
24 0.8396825390625 0.5650793656250002 0.6492063484374999 0.565079365625 0.6492063484374999 0.6269841265625 0.8396825390625 0.6269841265625001
24 0.8222222218749999 0.528571428125 0.63174603125 0.528571428125 0.63174603125 0.5936507937500001 0.8222222218749999 0.5936507937500002
24 0.8571428578125 0.6063492062500001 0.703174603125 0.60634920625 0.703174603125 0.6579365078125001 0.8571428578125 0.6579365078125001
24 0.947619046875 0.5920634921875002 0.8428571421875001 0.5920634921875002 0.8428571421875001 0.6349206343750001 0.947619046875 0.6349206343750001
24 0.6539682546875001 0.5015873015625 0.477777778125 0.5015873015625 0.477777778125 0.5666666671875 0.6539682546875001 0.5666666671875
24 0.508730159375 0.5365079359375 0.3952380953125001 0.5365079359375 0.3952380953125001 0.5880952374999999 0.508730159375 0.5880952374999999
24 0.4142857140625 0.565079365625 0.2857142859375001 0.565079365625 0.2857142859375001 0.6142857140625 0.4142857140625 0.6142857140625
24 0.3873015875000001 0.5396825390625 0.2666666671875001 0.5396825390625 0.2666666671875001 0.5873015875 0.3873015875000001 0.5873015875
24 0.4857142859375 0.5142857140625 0.3650793656250001 0.5142857140625 0.3650793656250001 0.5619047625 0.4857142859375 0.5619047625
24 0.7309523812500001 0.3349206343750001 0.6174603171874999 0.3349206343750001 0.6174603171874999 0.3888888890625001 0.7309523812500001 0.3888888890625001
24 0.6706349203124999 0.3619047625000001 0.5571428578125001 0.3619047625000001 0.5571428578125001 0.415873015625 0.6706349203124999 0.415873015625
24 0.8214285718750001 0.3301587296875001 0.7079365078125 0.3301587296875001 0.7079365078125 0.3841269843750001 0.8214285718750001 0.3841269843750001
24 0.6230158734375 0.3857142859375001 0.5 0.3857142859375001 0.5 0.46031746093750003 0.6230158734375 0.46031746093750003
24 0.5 0.3238095234375001 0.3730158734375 0.3238095234375001 0.37301587343750003 0.4079365078125 0.5 0.4079365078125
24 0.6047619046875 0.26984127031250005 0.4761904765625 0.26984127031250005 0.4761904765625 0.3444444437500001 0.6047619046875 0.3444444437500001
24 0.5666666671875 0.2936507937500001 0.43809523749999996 0.2936507937500001 0.43809523749999996 0.36825396875000005 0.5666666671875 0.36825396875000005
24 0.696825396875 0.22063492031250007 0.558730159375 0.22063492031250007 0.558730159375 0.29761904687500007 0.696825396875 0.29761904687500007
24 0.3833333328125001 0.37460317500000007 0.26984127031250005 0.374603175 0.26984127031250005 0.447619046875 0.3833333328125001 0.447619046875
24 0.36984127031249997 0.16507936562500006 0.24444444375000002 0.16507936562500006 0.24444444375000002 0.24047619062500006 0.36984127031249997 0.24047619062500009
24 0.43174603125 0.10793650781250004 0.3 0.10793650781250004 0.3 0.19841269843750003 0.43174603125 0.19841269843750003
24 0.5412698406249999 0.03174603125000006 0.409523809375 0.031746031250000056 0.409523809375 0.12222222187500005 0.5412698406249999 0.12222222187500005
24 0.2039682546875 0.2571428578125 0.13650793593750005 0.2571428578125 0.13650793593750005 0.324603175 0.2039682546875 0.324603175
24 0.23571428593750002 0.2507936515625 0.16825396875000004 0.2507936515625 0.16825396875000004 0.31825396875 0.23571428593750002 0.31825396875
24 0.6023809531250001 0.477777778125 0.4571428578125 0.477777778125 0.4571428578125 0.5365079359375 0.6023809531250001 0.5365079359375
24 0.7984126984375 0.4634920640625001 0.5920634921875 0.46349206406250004 0.5920634921875 0.5341269843750001 0.7984126984375 0.5341269843750002
24 0.772222221875 0.43174603125000005 0.56825396875 0.43174603125 0.56825396875 0.49920634843750006 0.772222221875 0.4992063484375001