24 0.7457044671874999 0.14948453593750005 0.51718213125 0.14948453593750005 0.51718213125 0.2336769765625001 0.7457044671874999 0.2336769765625001
24 0.7560137453125 0.19931271406250006 0.5326460484375 0.19931271406250003 0.5326460484375 0.2731958765625001 0.7560137453125 0.2731958765625001
24 0.55670103125 0.2336769765625001 0.372852234375 0.2336769765625001 0.372852234375 0.2981099656250001 0.55670103125 0.2981099656250001
24 0.26890034375 0.261168384375 0.14089347031250005 0.261168384375 0.14089347031250005 0.3101374578125 0.26890034375 0.3101374578125
24 0.384879725 0.23539518906250004 0.2525773203125 0.23539518906249998 0.2525773203125 0.28865979375000006 0.384879725 0.28865979375000006
24 0.396048109375 0.26804123750000003 0.2560137453125 0.2680412375 0.2560137453125 0.3213058421875 0.396048109375 0.3213058421875001
24 0.277491409375 0.29209622031250004 0.15292096250000003 0.29209622031250004 0.15292096250000003 0.338487971875 0.277491409375 0.338487971875
24 0.473367696875 0.3505154640625 0.3109965640625 0.3505154640625 0.31099656406250004 0.40378006875 0.473367696875 0.40378006875
24 0.4647766328125 0.38487972500000006 0.3195876281250001 0.384879725 0.3195876281250001 0.4381443296875 0.4647766328125 0.4381443296875
24 0.3264604812500001 0.36597938124999996 0.19415807500000004 0.36597938124999996 0.19415807500000004 0.413230240625 0.3264604812500001 0.413230240625
24 0.33762886562500005 0.3969072171875 0.20962199375000007 0.3969072171875 0.20962199375000007 0.44158075625000004 0.33762886562500005 0.44158075625000004
24 0.4080756015625 0.32646048125000005 0.25085910624999996 0.32646048125 0.25085910625 0.37800687343750006 0.4080756015625 0.37800687343750006
24 0.6116838484375 0.3333333328125001 0.44673539531250006 0.3333333328125001 0.44673539531250006 0.3917525765625001 0.6116838484375 0.3917525765625001
24 0.623711340625 0.36597938125000007 0.44501718281249997 0.36597938125000007 0.44501718281249997 0.430412371875 0.623711340625 0.430412371875
24 0.7981099656249999 0.3109965640625001 0.5841924406250001 0.3109965640625001 0.5841924406250001 0.3814432984375001 0.7981099656249999 0.3814432984375001
24 0.8144329890625001 0.35051546406250006 0.6013745703125 0.35051546406250006 0.6013745703125 0.42182130625000014 0.8144329890625001 0.4218213062500002
24 0.780068728125 0.2731958765625001 0.6082474234374999 0.2731958765625001 0.6082474234374999 0.3298969078125001 0.780068728125 0.3298969078125001
24 0.88230240625 0.2594501718750001 0.7646048109375 0.2594501718750001 0.7646048109375 0.3067010312500001 0.88230240625 0.3067010312500001
24 0.6709622000000001 0.424398625 0.4742268046875 0.424398625 0.4742268046875 0.4957044671875 0.6709622000000001 0.4957044671875
24 0.49914089375000004 0.4381443296875 0.3711340203125001 0.4381443296875 0.3711340203125001 0.4948453609375 0.49914089375000004 0.4948453609375
24 0.3814432984375001 0.44329896875 0.2371134015625001 0.44329896875 0.2371134015625001 0.4974226796875 0.3814432984375001 0.4974226796875
24 0.3771477656250001 0.4759450171875 0.2422680406250001 0.4759450171875 0.2422680406250001 0.529209621875 0.3771477656250001 0.529209621875
24 0.49914089375000004 0.47079037812499996 0.3642611687500001 0.47079037812499996 0.3642611687500001 0.5240549828125001 0.49914089375000004 0.5240549828125001
24 0.9063573890625 0.5687285218750001 0.778350515625 0.5687285218750001 0.778350515625 0.6297250859375001 0.9063573890625 0.6297250859375001
24 0.818728521875 0.5584192437500001 0.69072165 0.55841924375 0.69072165 0.6194158078125 0.818728521875 0.6194158078125002
24 0.9991408937499999 0.5463917531250002 0.8711340203125 0.5463917531250002 0.8711340203125 0.6073883156250002 0.9991408937499999 0.6073883156250002
24 0.742268040625 0.5309278343750001 0.6048109968750001 0.530927834375 0.6048109968750001 0.61426116875 0.742268040625 0.6142611687500001
24 0.674398625 0.6185567015625 0.5326460484375 0.6185567015625 0.5326460484375 0.7121993125 0.674398625 0.7121993125
24 0.8316151203125 0.6512027484375001 0.6890034359375 0.6512027484375 0.6890034359375001 0.7345360828125 0.8316151203125 0.7345360828125002
24 0.7714776624999999 0.6391752578125001 0.6288659796875 0.6391752578125 0.6288659796875 0.7225085906250002 0.7714776624999999 0.7225085906250002
24 0.9673539515625 0.6701030921875002 0.8144329890625001 0.6701030921875002 0.8144329890625001 0.7560137453125002 0.9673539515625 0.7560137453125002
24 0.51718213125 0.6116838484375 0.3900343640625001 0.6116838484375 0.3900343640625001 0.69329896875 0.51718213125 0.69329896875
24 0.6967353953125002 0.8230240546875001 0.5567010312500001 0.8230240546875001 0.5567010312500001 0.9072164953125 0.6967353953125002 0.9072164953125
24 0.805841925 0.8436426109375 0.6580756015625002 0.8436426109375 0.6580756015625002 0.944158075 0.805841925 0.944158075
24 0.9862542953125001 0.8883161515625 0.838487971875 0.8883161515625 0.838487971875 0.9888316156249999 0.9862542953125001 0.9888316156249999
24 0.4467353953125002 0.778350515625 0.3711340203125001 0.778350515625 0.3711340203125001 0.8539518906250001 0.4467353953125002 0.8539518906250001
24 0.48625429531250014 0.778350515625 0.4106529203125001 0.778350515625 0.4106529203125001 0.8539518906250001 0.48625429531250014 0.8539518906250001
24 0.643470790625 0.4656357390625 0.48109965624999995 0.4656357390625 0.48109965624999995 0.530068728125 0.643470790625 0.530068728125
24 0.8479381437500001 0.415807559375 0.6168384875 0.41580755937499997 0.6168384875 0.4948453609375001 0.8479381437500001 0.4948453609375002
24 0.854810996875 0.4604811000000001 0.627147765625 0.4604811 0.627147765625 0.5343642609375001 0.854810996875 0.5343642609375002