24 0.85 0.6307663687500001 0.7756696437499999 0.6307663687500001 0.77566964375 0.834375 0.85 0.834375
24 0.821875 0.5946924609375002 0.7580109125 0.5946924609375002 0.7580109125000001 0.7937500000000002 0.821875 0.7937500000000002
24 0.6515625 0.629749503125 0.595858134375 0.629749503125 0.595858134375 0.7921875 0.6515625000000002 0.7921875
24 0.4622271828125002 0.737549603125 0.3471478171875001 0.737549603125 0.3471478171875001 0.781200396875 0.4622271828125002 0.781200396875
24 0.5359375000000001 0.69375 0.4892485125 0.69375 0.4892485125000001 0.8109375 0.5359375000000002 0.8109375
24 0.5562500000000001 0.6987599203125 0.43204364999999995 0.6987599203125 0.43204365000000006 0.7453125 0.5562500000000001 0.7453125
24 0.4468750000000001 0.7124379953125 0.33716517812500013 0.7124379953125 0.33716517812500013 0.753125 0.4468750000000002 0.753125
24 0.5076512890625 0.570374503125 0.46003224062500003 0.570374503125 0.46003224062500003 0.7140625 0.5076512890625 0.7140625
24 0.5234375 0.5921875 0.39547371093750006 0.5921875 0.39547371093750006 0.6390625 0.5234375 0.6390625
24 0.4296875 0.64308035625 0.3130332328125001 0.64308035625 0.3130332328125001 0.6859375 0.4296875 0.6859375
24 0.3781250000000001 0.5804067453124999 0.3390873015625001 0.5804067453124999 0.3390873015625001 0.6953125 0.3781250000000001 0.6953125
24 0.5234375 0.6543278765625 0.3844494046875001 0.6543278765625 0.3844494046875001 0.6984375 0.5234375 0.6984375
24 0.63125 0.549293153125 0.5796875 0.549293153125 0.5796875 0.696875 0.63125 0.696875
24 0.6609375 0.5633680562500001 0.501302084375 0.5633680562500001 0.501302084375 0.61875 0.6609375 0.61875
24 0.8390625 0.5650173609375001 0.6499007921875 0.5650173609375 0.6499007921875 0.6250000000000001 0.8390625 0.6250000000000002
24 0.759375 0.46562500000000007 0.6946180546875 0.465625 0.6946180546875 0.6559275796875002 0.759375 0.6559275796875002
24 0.8046875 0.5548487109375002 0.754253471875 0.5548487109375002 0.754253471875 0.7088169640625002 0.8046875 0.7088169640625002
24 0.915625 0.5618179562500002 0.8735987109375 0.5618179562500002 0.8735987109375 0.6656250000000001 0.915625 0.6656250000000001
24 0.5984375 0.44549851250000005 0.5335813500000001 0.44549851250000005 0.5335813500000001 0.6216889890624999 0.5984375 0.6216889890624999
24 0.4765625 0.5051959312500001 0.425607640625 0.5051959312500001 0.425607640625 0.6186879953125 0.4765625 0.6186879953125
24 0.4140625 0.565240575 0.28593750000000007 0.565240575 0.28593750000000007 0.6125 0.4140625 0.6125
24 0.3500000000000001 0.5035342265625 0.3033854156250001 0.5035342265625 0.3033854156250001 0.6234375 0.3500000000000001 0.6234375
24 0.4484375 0.478162203125 0.40140128906249994 0.478162203125 0.40140128906249994 0.596875 0.4484375 0.596875
24 0.7 0.3051463296875001 0.6470362093750001 0.3051463296875001 0.6470362093750001 0.41863839374999995 0.7 0.41863839374999995
24 0.66875 0.3617311515625001 0.5569692468749999 0.3617311515625001 0.5569692468749999 0.4140625 0.66875 0.4140625
24 0.790625 0.3005580359375001 0.7378100187500001 0.3005580359375001 0.7378100187500001 0.4140501000000002 0.790625 0.4140501000000002
24 0.621875 0.38613591250000007 0.5002108125 0.38613591250000007 0.5002108125 0.459375 0.621875 0.459375
24 0.4984375 0.3240575390625001 0.37280505937499997 0.3240575390625001 0.372805059375 0.4078125 0.4984375 0.4078125
24 0.5765625 0.2430059515625001 0.5032862109375 0.2430059515625001 0.5032862109375 0.3703125000000001 0.5765625 0.3703125000000001
24 0.5666294640625 0.2939484125000001 0.438058034375 0.2939484125000001 0.438058034375 0.3671875000000001 0.5666294640625 0.3671875000000001
24 0.6953125 0.22031250000000008 0.5590773812500001 0.22031250000000008 0.5590773812500001 0.2968750000000001 0.6953125 0.2968750000000001
24 0.3828125000000001 0.37500000000000006 0.27031250000000007 0.375 0.27031250000000007 0.446875 0.3828125000000001 0.446875
24 0.3697296625 0.16542658750000006 0.2443328375 0.16542658750000006 0.2443328375 0.23906250000000004 0.3697296625 0.2390625000000001
24 0.4109375 0.08750000000000005 0.3206845234375 0.08750000000000005 0.3206845234375 0.21875000000000006 0.4109375 0.21875000000000008
24 0.5203125 0.010937500000000058 0.43058035625 0.010937500000000053 0.43058035625 0.14218750000000005 0.5203125 0.14218750000000005
24 0.203125 0.2566096234375 0.13643353125000005 0.2566096234375 0.13643353125000005 0.3234375 0.203125 0.3234375
24 0.234375 0.25043402812500004 0.16888640937500005 0.25043402812500004 0.16888640937500005 0.3171875 0.234375 0.3171875
24 0.5578125 0.434375 0.5002852203125 0.434375 0.5002852203125 0.5790550609375 0.5578125 0.5790550609375
24 0.7296875 0.39556051562500005 0.6603298609375 0.39556051562500005 0.6603298609375 0.6015625000000001 0.7296875 0.6015625000000002
24 0.7703125 0.4312500000000001 0.5683283734375 0.43125 0.5683283734375 0.4984375000000001 0.7703125 0.4984375000000002