24 0.650943396875 0.594339621875 7.27856115535667e-17 0.594339621875 9.329266883773861e-17 0.9292452828125001 0.6509433968750001 0.9292452828125001
24 0.6627358484375 0.4606918234375 5.641847669660919e-17 0.4606918234375 7.018612545398946e-17 0.685534590625 0.6627358484375 0.685534590625
24 0.7130503140625 0.30817610000000006 0.007861635937500038 0.3081761 0.007861635937500054 0.564465409375 0.7130503140625 0.564465409375
24 0.732704403125 0.19811320781250003 0.12106918281250005 0.1981132078125 0.12106918281250005 0.4135220125000001 0.732704403125 0.4135220125000002
24 1 0.3946540875000001 0.6619496859375 0.3946540875000001 0.6619496859375 0.5754716984375001 1 0.5754716984375002
24 1 0.2893081765625001 0.6981132078125001 0.2893081765625001 0.6981132078125001 0.4449685531250001 1 0.44496855312500017
24 0.761792453125 0.13364779843750008 0.26729559687500004 0.13364779843750005 0.26729559687500004 0.290880503125 0.761792453125 0.2908805031250001
24 0.281446540625 0.10377358437500002 0.07861635156250002 0.10377358437499999 0.07861635156250002 0.2177672953125 0.281446540625 0.2177672953125
24 0.93789308125 0.7295597484375002 0.5566037734375001 0.7295597484375 0.5566037734375001 1 0.93789308125 1
24 0.9968553453125001 0.5188679250000001 0.617924528125 0.518867925 0.617924528125 0.6745283015625001 0.9968553453125001 0.6745283015625001
24 0.9638364781250001 0.6367924531250001 0.6022012578125 0.636792453125 0.6022012578125 0.7822327046875002 0.9638364781250001 0.7822327046875002
24 0.12971698125000003 0.190251571875 0.037735848437500025 0.190251571875 0.03773584843750004 0.3380503140625 0.12971698125000003 0.3380503140625