24 0.4921875000000001 0.4360112015625 0.15794516562500005 0.4360112015625 0.1579451656250001 1 0.49218750000000017 1
24 0.6625 0.4603675296875 0.00011792343750005637 0.4603675296875 0.0001179234375000701 0.684375 0.6625 0.684375
24 0.7125 0.30781250000000004 0.007812500000000038 0.3078125 0.007812500000000054 0.5640625 0.7125 0.5640625
24 0.534375 0.00032429375000005226 0.3196147796875 0.00032429375000003914 0.3196147796875001 0.6109375 0.534375 0.6109375
24 0.9984375 0.39474744531250006 0.66222484375 0.39474744531250006 0.66222484375 0.5734375 0.9984375 0.5734375000000002
24 0.9984375 0.2893573109375001 0.6982753546875 0.2893573109375001 0.6982753546875 0.4437500000000001 0.9984375 0.4437500000000002
24 0.5921875 6.295449951866863e-17 0.4359375 5.338694640032993e-17 0.4359375 0.459375 0.5921875 0.459375
24 0.28110259531250004 0.10315939375000002 0.07827240468750002 0.10315939375000001 0.07827240468750002 0.21715310625 0.28110259531250004 0.21715310625
24 0.88125 0.67376179375 0.6119644265625 0.67376179375 0.6119644265625002 1 0.88125 1
24 0.996875 0.5186910375000001 0.618283215625 0.5186910375 0.618283215625 0.6734375000000001 0.996875 0.6734375000000001
24 0.9640428468750001 0.6361487828125001 0.6024076265625 0.6361487828125 0.6024076265625001 0.7812500000000001 0.9640428468750001 0.7812500000000002
24 0.15625000000000006 0.2180277109375 0.009915485937500027 0.2180277109375 0.009915485937500034 0.309375 0.15625000000000006 0.309375