24 0.6500000000000001 0.594413325 7.279463758317854e-17 0.594413325 9.330169486735045e-17 0.9293189859375 0.6500000000000001 0.9293189859375
24 0.6625 0.461016115625 5.645819103555024e-17 0.461016115625 7.013497817609861e-17 0.684375 0.6625 0.684375
24 0.4875000000000001 0.08342669062500005 0.23269457500000001 0.08342669062500002 0.23269457500000007 0.7875 0.48750000000000016 0.7875
24 0.5341588046875 5.2225601881257094e-17 0.31875 3.903561672282188e-17 0.31875000000000003 0.6109375 0.5341588046875 0.6109375
24 0.9203125 0.3157625796875001 0.7406593953125 0.3157625796875001 0.7406593953125 0.6531250000000002 0.9203125 0.6531250000000002
24 0.9984375 0.2892590406250001 0.6979510624999999 0.2892590406250001 0.6979510624999999 0.4437500000000001 0.9984375 0.4437500000000002
24 0.7609375 0.13388364687500007 0.267595321875 0.13388364687500004 0.267595321875 0.28906250000000006 0.7609375 0.2890625000000001
24 0.2359375 0.059011398437500015 0.12364877968750003 0.059011398437500015 0.12364877968750006 0.2609375 0.2359375 0.2609375
24 0.9375 0.7296236250000001 0.5562500000000001 0.729623625 0.5562500000000001 0.9984375 0.9375 0.9984375
24 0.884375 0.40687401718750016 0.7293828625 0.40687401718750016 0.7293828625000001 0.7858048343750001 0.884375 0.7858048343750001
24 0.9636301109375 0.6374361234375001 0.6019948890625 0.6374361234375 0.6019948890625001 0.7812500000000001 0.9636301109375 0.7812500000000002
24 0.15625000000000006 0.2180277109375 0.009915485937500027 0.2180277109375 0.009915485937500034 0.309375 0.15625000000000006 0.309375