24 0.8024475531249999 0.9667832171875 0.5034965031250002 0.9667832171875 0.5034965031250002 1 0.8024475531249999 1
24 0.3706293703125001 0.9353146859375 0.09615384687500012 0.9353146859375 0.09615384687500013 1 0.3706293703125001 1
24 0.4283216781250002 0.9877622374999999 0.03846153906250012 0.9877622374999999 0.03846153906250012 1 0.4283216781250002 1
24 0.20804195781250007 0.7360139859375 9.013571720060444e-17 0.7360139859375 9.398950080752254e-17 0.7989510484375 0.20804195781250007 0.7989510484375
24 0.18706293750000008 0.6853146859375 8.392684365420331e-17 0.6853146859375 8.778062726112141e-17 0.7482517484375 0.18706293750000008 0.7482517484375
24 0.09790209843750007 0.6206293703125 7.600517718100405e-17 0.6206293703125 8.028715901962166e-17 0.690559440625 0.09790209843750008 0.690559440625
24 0.1066433562500001 0.571678321875 7.001040270261491e-17 0.571678321875 7.381066159036777e-17 0.633741259375 0.1066433562500001 0.633741259375
24 1 0.23951048906250008 0.747377621875 0.23951048906250008 0.747377621875 0.3190559437500001 1 0.3190559437500001
24 1 0.2884615390625001 0.7377622374999999 0.2884615390625001 0.7377622374999999 0.3802447546875001 1 0.3802447546875001
24 1 0.36538461562500013 0.7465034968750001 0.36538461562500013 0.7465034968750001 0.4493007000000002 1 0.4493007000000002
24 1 0.43881118906250016 0.758741259375 0.43881118906250016 0.758741259375 0.4991258734375002 1 0.4991258734375002
24 1 0.4790209796875001 0.7456293703125 0.4790209796875001 0.7456293703125 0.5358391609375002 1 0.5358391609375002
24 0.7447552453124999 0.46853146875000007 0.48076923125000004 0.46853146875 0.48076923125000004 0.5288461531250002 0.7447552453124999 0.5288461531250002
24 0.734265734375 0.2569930062500001 0.4353146859375 0.2569930062500001 0.4353146859375 0.3513986015625001 0.734265734375 0.3513986015625001
24 0.7465034968750001 0.3374125875000001 0.45979020937500004 0.3374125875000001 0.45979020937500004 0.4143356640625001 0.7465034968750001 0.41433566406250016
24 0.7517482515625 0.40034965000000006 0.47989510468749996 0.40034965 0.47989510468749996 0.4554195796875001 0.7517482515625 0.45541957968750013
24 0.7534965031249999 0.43356643281250007 0.491258740625 0.43356643281249996 0.491258740625 0.4886363640625001 0.7534965031249999 0.4886363640625002
24 0.44755244687499995 0.4510489515625 0.17307692343750006 0.4510489515625 0.17307692343750006 0.5113636359375 0.44755244687499995 0.5113636359375
24 0.45454545468749996 0.4143356640625 0.18444055937500003 0.4143356640625 0.18444055937500003 0.46853146875 0.45454545468749996 0.46853146875
24 0.4580419578125 0.37762237812500005 0.18531468593750006 0.377622378125 0.18531468593750006 0.4396853140625 0.4580419578125 0.4396853140625
24 0.44405594375 0.31118881093750006 0.15646853125000004 0.3111888109375 0.15646853125000004 0.39685314687500006 0.44405594375 0.3968531468750001
24 0.44930070000000005 0.265734265625 0.16433566406250005 0.265734265625 0.16433566406250005 0.33566433593750006 0.44930070000000005 0.3356643359375001
24 0.18356643281250004 0.2762237765625 3.3827656381565934e-17 0.2762237765625 3.885898495822555e-17 0.3583916078125 0.18356643281250004 0.3583916078125
24 0.222027971875 0.13461538437500004 0.06293706250000002 0.134615384375 0.06293706250000002 0.24737762187499998 0.222027971875 0.24737762187499998
24 0.11188811250000001 0.1363636359375 1.6699729027095437e-17 0.1363636359375 2.339032562003687e-17 0.2456293703125 0.11188811250000004 0.2456293703125