24 0.8015625 0.966581075 0.5033435312500002 0.966581075 0.5033435312500002 0.9984375 0.8015625 0.9984375
24 0.2640625000000001 0.8306217234375 0.20073754531250007 0.8306217234375 0.20073754531250007 1 0.2640625000000001 1
24 0.4265625000000002 0.9876311187500001 0.038663679687500126 0.9876311187500001 0.038663679687500126 0.99986888125 0.4265625000000002 0.99986888125
24 0.13437500000000008 0.6635762671875 0.07225743125000009 0.6635762671875 0.0722574312500001 0.8703125 0.13437500000000008 0.8703125
24 0.1859375000000001 0.68571896875 0.00021853125000008397 0.68571896875 0.00021853125000008774 0.746875 0.1859375000000001 0.746875
24 0.08281250000000008 0.60691105625 0.014111668750000073 0.60691105625 0.01411166875000008 0.7046875 0.0828125000000001 0.7046875
24 0.08393793750000009 0.5491914343750001 0.021875000000000068 0.5491914343750001 0.02187500000000007 0.6546875 0.08393793750000009 0.6546875
24 0.9125 0.15322333906250013 0.8335391171875 0.1532233390625001 0.8335391171875 0.4046875000000002 0.9125 0.4046875000000002
24 1 0.2884396859375001 0.7378933562500001 0.2884396859375001 0.7378933562500001 0.3781250000000001 1 0.3781250000000001
24 0.9984375 0.3649147734375001 0.7463177453125 0.3649147734375001 0.7463177453125 0.44843750000000016 0.9984375 0.44843750000000016
24 0.9984375 0.4390625000000002 0.7590581296875001 0.4390625000000002 0.7590581296875001 0.4984375000000002 0.9984375 0.4984375000000002
24 0.9 0.3800863203125001 0.8440231640625001 0.3800863203125001 0.8440231640625001 0.6343750000000001 0.9 0.6343750000000001
24 0.6421875 0.3672148156250001 0.5828562078124999 0.3672148156250001 0.5828562078124999 0.6296875 0.6421875 0.6296875
24 0.7328125 0.2567034531250001 0.4356807265625 0.2567034531250001 0.4356807265625 0.3511090468750001 0.7328125 0.3511090468750001
24 0.640625 0.23249562812500008 0.564778190625 0.23249562812500008 0.564778190625 0.51875 0.640625 0.51875
24 0.7515515734375 0.4000000000000001 0.47969842656250006 0.4 0.47969842656250006 0.4546875000000001 0.7515515734375 0.4546875000000002
24 0.753125 0.43373033125000005 0.4917613625 0.43373033124999993 0.4917613625 0.48880026250000014 0.753125 0.4888002625000002
24 0.33906250000000004 0.3441269671875 0.28020105 0.3441269671875 0.28020105000000006 0.6171875 0.3390625000000001 0.6171875
24 0.453125 0.41430834843750003 0.18447880312500003 0.41430834843750003 0.18447880312500003 0.46850415312499993 0.453125 0.46850415312499993
24 0.35156250000000006 0.2724868875 0.29070695 0.2724868875 0.29070695 0.54375 0.3515625000000001 0.54375
24 0.44375 0.31107408125 0.15625000000000006 0.31107408125 0.15625000000000006 0.39673841875000004 0.44375 0.3967384187500001
24 0.34062500000000007 0.15800371406250005 0.271935096875 0.15800371406250005 0.27193509687500006 0.4421875 0.34062500000000007 0.4421875
24 0.13125000000000003 0.2259014421875 0.050579107812500024 0.2259014421875 0.05057910781250004 0.4078125 0.13125000000000003 0.4078125
24 0.19843750000000002 0.11115603125000002 0.08647290156250002 0.11115603125 0.08647290156250002 0.270246940625 0.19843750000000004 0.270246940625
24 0.11093750000000002 0.1367351390625 1.6745225038385886e-17 0.1367351390625 2.3393670914984697e-17 0.2453125 0.11093750000000005 0.2453125