24 0.8015625 0.966581075 0.5033435312500002 0.966581075 0.5033435312500002 0.9984375 0.8015625 0.9984375
24 0.2640625000000001 0.8306217234375 0.20073754531250007 0.8306217234375 0.20073754531250007 1 0.2640625000000001 1
24 0.4265625000000002 0.9878933562500001 0.03825939843750012 0.9878933562500001 0.03825939843750012 1 0.4265625000000002 1
24 0.2078125000000001 0.7363090031249999 0.00011472812500009017 0.7363090031249999 0.00011472812500009399 0.7984375 0.2078125000000001 0.7984375
24 0.1859375000000001 0.68571896875 0.00021853125000008397 0.68571896875 0.00021853125000008774 0.746875 0.1859375000000001 0.746875
24 0.09687500000000007 0.6205037140624999 0.0002677000000000803 0.6205037140624999 0.00026770000000008457 0.6904337843749999 0.09687500000000009 0.6904337843749999
24 0.1062500000000001 0.57209353125 7.006125118582187e-17 0.57209353125 7.377921572218267e-17 0.6328125 0.1062500000000001 0.6328125
24 0.9997486890625 0.2391335234375001 0.7471263109375 0.2391335234375001 0.7471263109375 0.31867897812500007 0.9997486890625 0.31867897812500007
24 0.99986888125 0.2884833921875001 0.73763111875 0.2884833921875001 0.73763111875 0.3781250000000001 0.99986888125 0.3781250000000001
24 0.9984375 0.3658544578125001 0.7466892484375001 0.3658544578125001 0.7466892484375001 0.44843750000000016 0.9984375 0.44843750000000016
24 0.9078125 0.3486560312500001 0.84943181875 0.3486560312500001 0.84943181875 0.5890625000000002 0.9078125 0.5890625000000002
24 1 0.47863855000000016 0.7457878046874999 0.47863855000000016 0.7457878046874999 0.5343750000000002 1 0.5343750000000002
24 0.6421875 0.3661767921875001 0.5828125 0.3661767921875001 0.5828125 0.6296875 0.6421875 0.6296875
24 0.63125 0.15508632031250008 0.5378769671875 0.15508632031250005 0.5378769671875 0.453125 0.63125 0.453125
24 0.640625 0.2325393359375001 0.5645924390625 0.2325393359375001 0.5645924390625 0.51875 0.640625 0.51875
24 0.7515515734375 0.4000000000000001 0.47969842656250006 0.4 0.47969842656250006 0.4546875000000001 0.7515515734375 0.4546875000000002
24 0.753125 0.43373033125000005 0.4917613625 0.43373033124999993 0.4917613625 0.48880026250000014 0.753125 0.4888002625000002
24 0.33906250000000004 0.343810096875 0.2801136375 0.343810096875 0.28011363750000007 0.6171875 0.3390625000000001 0.6171875
24 0.453125 0.41436298125000004 0.18440231562500004 0.41436298125000004 0.18440231562500004 0.46855878593750006 0.453125 0.46855878593750006
24 0.35156250000000006 0.2724868875 0.29070695 0.2724868875 0.29070695 0.54375 0.3515625000000001 0.54375
24 0.44375 0.31130354062500004 0.15673076875000005 0.311303540625 0.15673076875000005 0.39687500000000003 0.44375 0.3968750000000001
24 0.34062500000000007 0.15842985000000004 0.27177119843750003 0.15842985000000004 0.2717711984375001 0.4421875 0.34062500000000007 0.4421875
24 0.13125000000000003 0.225147509375 0.05081949375000002 0.225147509375 0.050819493750000035 0.4078125 0.13125000000000003 0.4078125
24 0.19843750000000002 0.11115603125000002 0.08647290156250002 0.11115603125 0.08647290156250002 0.270246940625 0.19843750000000004 0.270246940625
24 0.10937500000000003 0.134746503125 0.0009396859375000166 0.134746503125 0.0009396859375000235 0.24663461562500003 0.10937500000000004 0.24663461562500003