24 0.2234375 1.9406946253162817e-17 0.093501984375 1.1450690587876958e-17 0.09350198437500001 0.2140625 0.2234375 0.2140625
24 0.303125 0.08081597343750002 0.00524553593750001 0.0808159734375 0.00524553593750002 0.25 0.303125 0.25
24 0.48581349218750003 0.10255456250000003 0.3366071421875 0.10255456250000003 0.3366071421875 0.33593750000000006 0.48581349218750003 0.3359375000000001
24 0.528125 0.012996031250000054 0.30182291562499997 0.01299603125000004 0.30182291562499997 0.17500000000000004 0.528125 0.17500000000000004
24 0.71875 0.18380456406250006 0.5193452375 0.18380456406250006 0.5193452375 0.3234375000000001 0.71875 0.3234375000000001
24 0.86875 0.12989831250000008 0.7159846234375 0.12989831250000008 0.7159846234375 0.2529141875000001 0.86875 0.2529141875000001
24 0.85625 0.2155629953125001 0.7324404765625 0.2155629953125001 0.7324404765625 0.37187500000000007 0.85625 0.37187500000000007
24 0.9984375 0.17330109218750012 0.8669270828125001 0.1733010921875001 0.8669270828125001 0.2890625000000001 0.9984375 0.2890625000000001
24 0.9984375 0.2687251984375001 0.8653521828124999 0.2687251984375001 0.8653521828124999 0.3703125000000001 0.9984375 0.3703125000000001
24 0.81875 0.4515625000000001 0.711297125 0.4515625 0.711297125 0.6244667671875 0.81875 0.6244667671875002
24 0.9921875 0.4919766875000001 0.8495287687499999 0.4919766875000001 0.8495287687499999 0.5953125000000001 0.9921875 0.5953125000000001
24 0.9854910718750001 0.5796502984375002 0.8426339281249999 0.5796502984375002 0.8426339281249999 0.6828125000000002 0.9854910718750001 0.6828125000000002
24 0.8203125 0.5525793640625001 0.7046750984375 0.5525793640625001 0.7046750984375 0.7078125000000001 0.8203125 0.7078125000000002
24 0.9046875 0.3738343250000001 0.7987847218749999 0.3738343250000001 0.7987847218749999 0.5296875000000002 0.9046875 0.5296875000000002
24 0.65 0.43637152968750004 0.53093998125 0.43637152968750004 0.53093998125 0.6125 0.65 0.6125
24 0.665625 0.536086309375 0.5289186515625001 0.536086309375 0.5289186515625001 0.72021329375 0.665625 0.72021329375
24 0.509375 0.437177578125 0.2792906750000001 0.437177578125 0.2792906750000001 0.5984375 0.509375 0.5984375
24 0.5076512890625 0.5546875 0.27828621093750006 0.5546875 0.27828621093750006 0.703125 0.5076512890625 0.703125
24 0.2843750000000001 0.4079737109375 0.00011160625000006087 0.4079737109375 0.00011160625000007178 0.5859375 0.2843750000000001 0.5859375
24 0.2734375000000001 0.5391865078125 0.00019841250000006603 0.5391865078125 0.0001984125000000773 0.7233134921875 0.2734375000000001 0.7233134921875
24 0.26875000000000004 0.3 0.06598462187500005 0.3 0.06598462187500005 0.428125 0.2687500000000001 0.428125
24 0.4390625 0.332378471875 0.2671875 0.33237847187499997 0.2671875 0.4484375 0.4390625 0.4484375
24 0.5859375 0.3536334328125001 0.437103175 0.3536334328125001 0.437103175 0.4515625 0.5859375 0.4515625
24 0.4843750000000001 0.717584325 0.3009176578125001 0.717584325 0.3009176578125001 0.9484375 0.48437500000000017 0.9484375
24 0.2765625000000001 0.7527157734375 0.0001736109375000922 0.7527157734375 0.00017361093750010444 0.953125 0.2765625000000001 0.953125
24 0.44843750000000016 0.8350818453125 0.33000992187500006 0.8350818453125 0.33000992187500006 1 0.44843750000000016 1
24 0.6937500000000002 0.8367931546875 0.5003720250000001 0.8367931546875 0.5003720250000001 1 0.6937500000000002 1
24 0.6808035718750002 0.7281622015625 0.48794642812500016 0.7281622015625 0.48794642812500016 0.8734002984375 0.6808035718750002 0.8734002984375
24 0.8203125 0.7227802562500001 0.6597594250000001 0.72278025625 0.6597594250000001 0.8484375 0.8203125 0.8484375
24 0.81875 0.8046875 0.6930183515625001 0.8046875 0.6930183515625001 0.965625 0.81875 0.965625
24 0.9578125 0.7056175593750001 0.8327008921875001 0.7056175593750001 0.8327008921875001 0.865625 0.9578125 0.865625
24 0.9765625 0.8205233140624999 0.828125 0.8205233140624999 0.828125 0.9435391859375001 0.9765625 0.9435391859375001