24 0.3079365078125 1.948743520728146e-17 0.0103174609375 1.2635245512437227e-18 0.010317460937500009 0.13174603125 0.3079365078125 0.13174603125000003
24 0.3047619046875 0.08095238125000002 0.00555555625000001 0.08095238125000001 0.00555555625000002 0.2515873015625 0.3047619046875 0.2515873015625
24 0.528571428125 0.14444444375000004 0.29444444375 0.14444444375000004 0.29444444375 0.29365079375 0.528571428125 0.2936507937500001
24 0.528571428125 0.012698412500000053 0.3015873015625 0.012698412500000039 0.3015873015625 0.17539682500000003 0.528571428125 0.17539682500000003
24 0.71904761875 0.18412698437500005 0.5190476187499999 0.18412698437500002 0.5190476187499999 0.32460317500000013 0.71904761875 0.32460317500000013
24 0.8698412703124999 0.13015872968750009 0.7158730156249999 0.13015872968750009 0.7158730156249999 0.25317460312500006 0.8698412703124999 0.25317460312500006
24 0.8730158734375 0.2317460312500001 0.7158730156249999 0.2317460312500001 0.7158730156249999 0.3563492062500001 0.8730158734375 0.3563492062500001
24 1 0.1730158734375001 0.8666666671875 0.17301587343750008 0.8666666671875 0.2904761906250001 1 0.2904761906250001
24 1 0.26825396875000007 0.865079365625 0.26825396875000007 0.865079365625 0.37142857187500006 1 0.37142857187500006
24 0.8523809531250001 0.4841269843750001 0.6793650796875 0.484126984375 0.6793650796875 0.5928571421875001 0.8523809531250001 0.5928571421875002
24 0.9920634921874999 0.4920634921875002 0.8492063484375001 0.4920634921875002 0.8492063484375001 0.5968253968750001 0.9920634921874999 0.5968253968750001
24 0.9857142859374999 0.5793650796875002 0.8428571421875001 0.5793650796875002 0.8428571421875001 0.6841269843750002 0.9857142859374999 0.6841269843750002
24 0.841269840625 0.5714285718750001 0.684920634375 0.5714285718750001 0.684920634375 0.6888888890625001 0.841269840625 0.6888888890625002
24 0.9301587296875 0.3984126984375001 0.7738095234375 0.3984126984375001 0.7738095234375 0.5047619046875002 0.9301587296875 0.5047619046875002
24 0.6793650796875 0.465079365625 0.5023809531250001 0.465079365625 0.5023809531250001 0.5857142859375 0.6793650796875 0.5857142859375
24 0.690476190625 0.558730159375 0.50634920625 0.558730159375 0.50634920625 0.697619046875 0.690476190625 0.697619046875
24 0.5111111109375 0.4365079359375 0.27936507968750013 0.4365079359375 0.27936507968750013 0.5992063484375 0.5111111109375 0.5992063484375
24 0.5079365078125 0.5539682546875 0.27857142812500013 0.5539682546875 0.27857142812500013 0.7039682546875 0.5079365078125 0.7039682546875
24 0.2857142859375001 0.4079365078125 4.9957813854792734e-17 0.4079365078125 6.094075739069808e-17 0.5873015875 0.2857142859375001 0.5873015875
24 0.2746031750000001 0.5396825390625 6.60920494018607e-17 0.5396825390625 7.736657550443563e-17 0.7238095234374999 0.2746031750000001 0.7238095234374999
24 0.26984127031250005 0.3 0.06587301562500004 0.3 0.06587301562500004 0.428571428125 0.26984127031250005 0.428571428125
24 0.4396825390625 0.3317460312500001 0.2666666671875 0.33174603125 0.26666666718750004 0.44920634843749996 0.4396825390625 0.44920634843749996
24 0.5873015875 0.3539682546875001 0.43730158750000003 0.3539682546875001 0.43730158750000003 0.453174603125 0.5873015875 0.453174603125
24 0.5079365078125002 0.741269840625 0.2769841265625001 0.741269840625 0.2769841265625001 0.925396825 0.5079365078125002 0.925396825
24 0.2777777781250001 0.7523809531250001 9.21400925983966e-17 0.7523809531250001 1.0453235182536718e-16 0.9547619046875001 0.2777777781250001 0.9547619046875001
24 0.4952380953125002 0.88095238125 0.2841269843750001 0.88095238125 0.2841269843750001 1 0.4952380953125002 1
24 0.6952380953125001 0.8365079359375001 0.5007936515625002 0.8365079359375001 0.5007936515625002 1 0.6952380953125001 1
24 0.6809523812500002 0.728571428125 0.48809523750000017 0.728571428125 0.48809523750000017 0.8738095234375001 0.6809523812500002 0.8738095234375001
24 0.8206349203125001 0.7222222218750001 0.659523809375 0.722222221875 0.6595238093750001 0.8492063484375001 0.8206349203125001 0.8492063484375001
24 0.8365079359375001 0.8222222218749999 0.6753968250000002 0.8222222218749999 0.6753968250000002 0.9492063484375001 0.8365079359375001 0.9492063484375001
24 0.9761904765624999 0.7222222218750002 0.815079365625 0.7222222218750002 0.815079365625 0.8492063484375001 0.9761904765624999 0.8492063484375001
24 0.977777778125 0.8206349203125001 0.827777778125 0.8206349203125001 0.827777778125 0.94365079375 0.977777778125 0.94365079375