24 0.30625 0.0002480156250000194 0.0100694453125 0.0002480156250000012 0.010069445312500008 0.13125000000000003 0.30625 0.13125000000000003
24 0.303125 0.08081597343750002 0.00524553593750001 0.0808159734375 0.00524553593750002 0.25 0.303125 0.25
24 0.5280009921875 0.14414682500000003 0.2938740078125 0.14414682500000003 0.2938740078125 0.2933531750000001 0.5280009921875 0.29335317500000013
24 0.528125 0.012996031250000054 0.30182291562499997 0.01299603125000004 0.30182291562499997 0.17500000000000004 0.528125 0.17500000000000004
24 0.71875 0.18444940468750007 0.51875 0.18444940468750004 0.51875 0.3234375000000001 0.71875 0.3234375000000001
24 0.853125 0.11457093125000009 0.7310887890625 0.11457093125000009 0.7310887890625 0.2685391859375001 0.853125 0.2685391859375001
24 0.85625 0.2155629953125001 0.7324404765625 0.2155629953125001 0.7324404765625 0.37187500000000007 0.85625 0.37187500000000007
24 0.9984375 0.17273065625000011 0.86640625 0.1727306562500001 0.86640625 0.2890625000000001 0.9984375 0.2890625000000001
24 0.9828125 0.2526537703125001 0.8804811515625 0.2526537703125001 0.8804811515625 0.3859375000000001 0.9828125 0.3859375000000001
24 0.8515625 0.4843750000000001 0.678831846875 0.484375 0.678831846875 0.5921875000000001 0.8515625 0.5921875000000002
24 0.971875 0.4726934531250002 0.8681671625 0.4726934531250002 0.8681671625 0.6155505968750001 0.971875 0.6155505968750001
24 0.9854910718750001 0.5796502984375002 0.8426339281249999 0.5796502984375002 0.8426339281249999 0.6828125000000002 0.9854910718750001 0.6828125000000002
24 0.8203125 0.5515625000000001 0.704055059375 0.5515625 0.704055059375 0.7077380968750001 0.8203125 0.7077380968750002
24 0.9046875 0.3738343250000001 0.7987847218749999 0.3738343250000001 0.7987847218749999 0.5296875000000002 0.9046875 0.5296875000000002
24 0.678125 0.465463790625 0.5029141874999999 0.465463790625 0.5029141874999999 0.584375 0.678125 0.584375
24 0.665625 0.5361359125 0.5290178578125 0.5361359125 0.5290178578125 0.720262896875 0.665625 0.720262896875
24 0.509375 0.437177578125 0.2792906750000001 0.437177578125 0.2792906750000001 0.5984375 0.509375 0.5984375
24 0.4671875000000001 0.5145709328125 0.3189732125000001 0.5145709328125 0.3189732125000001 0.74375 0.4671875000000002 0.74375
24 0.23125000000000004 0.3548735125 0.05313740000000007 0.3548735125 0.05313740000000009 0.6390625 0.2312500000000001 0.6390625
24 0.2734375000000001 0.5401785703125 6.615279571011966e-17 0.5401785703125 7.7374168792968e-17 0.7234375 0.2734375000000001 0.7234375
24 0.26875000000000004 0.30022321406249997 0.06576140781250003 0.30022321406249997 0.06576140781250003 0.428125 0.2687500000000001 0.428125
24 0.4109375 0.30401785625000005 0.2938120046875 0.30401785625 0.2938120046875 0.475 0.4109375 0.475
24 0.5609375 0.3283730156250001 0.463033234375 0.3283730156250001 0.463033234375 0.478125 0.5609375 0.478125
24 0.48400297656250013 0.718129959375 0.3000000000000001 0.718129959375 0.3000000000000001 0.9484375 0.4840029765625002 0.9484375
24 0.2390625000000001 0.7145089296875 0.03803323437500009 0.7145089296875 0.038033234375000106 0.9921875 0.2390625000000001 0.9921875
24 0.44843750000000016 0.8350818453125 0.33000992187500006 0.8350818453125 0.33000992187500006 1 0.44843750000000016 1
24 0.6796875000000002 0.8214533734374999 0.5165550593750001 0.8214533734374999 0.5165550593750001 1 0.6796875000000002 1
24 0.6811011906250002 0.728980653125 0.4882440468750001 0.728980653125 0.4882440468750001 0.8734375 0.6811011906250002 0.8734375
24 0.8203125 0.721875 0.659375 0.721875 0.659375 0.8484375 0.8203125 0.8484375
24 0.81875 0.8046875 0.6930183515625001 0.8046875 0.6930183515625001 0.965625 0.81875 0.965625
24 0.975 0.7227802562500002 0.8146205375 0.7227802562500002 0.8146205375 0.8484375 0.975 0.8484375
24 0.9765625 0.8205233140624999 0.828125 0.8205233140624999 0.828125 0.9435391859375001 0.9765625 0.9435391859375001