19 0.08593750000000004 0.283203125 0.020312500000000032 0.283203125 0.02031250000000004 0.3640625 0.08593750000000004 0.3640625
19 0.17343750000000005 0.282421875 0.10859375000000004 0.282421875 0.10859375000000004 0.36875 0.17343750000000005 0.36875
19 0.275 0.29375 0.18945312500000006 0.29375 0.18945312500000006 0.3578125 0.275 0.3578125
19 0.4359375 0.30000000000000004 0.35625 0.3 0.35625 0.35625000000000007 0.4359375 0.35625000000000007
19 0.6234375 0.3019531250000001 0.55625 0.3019531250000001 0.55625 0.3546875000000001 0.6234375 0.3546875000000001
19 0.55625 0.3003906250000001 0.5015625 0.3003906250000001 0.5015625 0.3578125000000001 0.55625 0.3578125000000001
19 0.34375000000000006 0.28828125 0.28828125 0.28828125 0.28828125000000004 0.3703125 0.3437500000000001 0.3703125
19 0.496875 0.3007812500000001 0.44140625 0.3007812500000001 0.44140625 0.3578125000000001 0.496875 0.3578125000000001
19 0.796875 0.3078125000000001 0.731640625 0.3078125000000001 0.731640625 0.35625000000000007 0.796875 0.35625000000000007
19 0.66875 0.31328125000000007 0.62890625 0.31328125000000007 0.62890625 0.3578125000000001 0.66875 0.3578125000000001
19 0.721875 0.3156250000000001 0.675 0.3156250000000001 0.675 0.3531250000000001 0.721875 0.3531250000000001
19 0.6015625 0.02070312500000007 0.552734375 0.020703125000000065 0.552734375 0.05937500000000007 0.6015625 0.05937500000000007
19 0.43125 0.03476562500000005 0.36875 0.03476562500000004 0.36875 0.11406250000000004 0.43125 0.11406250000000004
19 0.504296875 0.04414062500000006 0.423828125 0.04414062500000006 0.423828125 0.10312500000000005 0.504296875 0.10312500000000005
19 0.5515625 0.04687500000000007 0.501953125 0.04687500000000007 0.501953125 0.11406250000000007 0.5515625 0.1140625000000001
19 0.6015625 0.07187500000000006 0.553515625 0.07187500000000006 0.553515625 0.11093750000000009 0.6015625 0.11093750000000009
19 0.8 0.1781250000000001 0.775 0.1781250000000001 0.775 0.21875000000000008 0.8 0.21875000000000008
19 0.4078125 0.18125000000000005 0.351953125 0.18125000000000005 0.351953125 0.24062500000000003 0.4078125 0.2406250000000001
19 0.3453125 0.18125000000000005 0.2890625 0.18125000000000005 0.2890625 0.24375 0.3453125 0.24375
19 0.665625 0.18125000000000008 0.6078125 0.18125000000000008 0.6078125 0.24218750000000008 0.665625 0.24218750000000008
19 0.540625 0.18281250000000004 0.478125 0.18281250000000004 0.478125 0.2406250000000001 0.540625 0.2406250000000001
19 0.46875 0.18007812500000003 0.413671875 0.18007812500000003 0.413671875 0.24375000000000008 0.46875 0.24375000000000008
19 0.6046875 0.18164062500000008 0.54453125 0.18164062500000008 0.54453125 0.24375000000000008 0.6046875 0.24375000000000008
19 0.765625 0.19492187500000008 0.72265625 0.19492187500000008 0.72265625 0.2406250000000001 0.765625 0.2406250000000001
19 0.8734375 0.18359375000000008 0.82578125 0.18359375000000008 0.82578125 0.25468750000000007 0.8734375 0.25468750000000007
19 0.9625 0.1984375000000001 0.89375 0.1984375000000001 0.89375 0.24375000000000008 0.9625 0.24375000000000008
19 0.715625 0.19687500000000008 0.675 0.19687500000000008 0.675 0.24375000000000008 0.715625 0.24375000000000008
19 0.8109375 0.2140625000000001 0.775 0.2140625000000001 0.775 0.2390625000000001 0.8109375 0.2390625000000001