19 0.990625 0.2771392609375001 0.9203125 0.2771392609375001 0.9203125 0.36406250000000007 0.990625 0.36406250000000007
19 0.8953125 0.2765100671875001 0.8275692125 0.2765100671875001 0.8275692125 0.3687500000000001 0.8953125 0.3687500000000001
19 0.796875 0.2766463921875001 0.7289953875 0.2766463921875001 0.7289953875 0.3687500000000001 0.796875 0.3687500000000001
19 0.6296875 0.2955799078125001 0.545496015625 0.2955799078125001 0.545496015625 0.3546875000000001 0.6296875 0.3546875000000001
19 0.4078125 0.28950293593750004 0.351232171875 0.2895029359375 0.351232171875 0.3609375 0.4078125 0.3609375000000001
19 0.475 0.29556417656250006 0.4158871640625 0.29556417656250006 0.4158871640625 0.3576447156250001 0.475 0.3576447156250001
19 0.703125 0.28327915312500007 0.643293834375 0.28327915312500007 0.643293834375 0.3703125000000001 0.703125 0.3703125000000001
19 0.5390625 0.2971424078125001 0.47833473125000003 0.2971424078125001 0.47833473125000003 0.35625000000000007 0.5390625 0.35625000000000007
19 0.2278418609375 0.3036807890625 0.15653313750000003 0.3036807890625 0.15653313750000003 0.3556942109375 0.2278418609375 0.3556942109375
19 0.3375 0.3096948421875 0.29398070625 0.3096948421875 0.29398070625 0.3578125 0.3375 0.3578125
19 0.2884490359375 0.312258809375 0.2381134640625 0.312258809375 0.2381134640625 0.3515625 0.2884490359375 0.3515625
19 0.4140625 0.000907089062500048 0.370448825 0.0009070890625000454 0.370448825 0.04218750000000005 0.4140625 0.04218750000000006
19 0.6171875 0.010213925000000072 0.5506344375000001 0.010213925000000066 0.5506344375000001 0.09662332031250007 0.6171875 0.09662332031250007
19 0.55773909375 0.02081061093750006 0.4713296984375 0.020810610937500054 0.4713296984375 0.08437500000000006 0.55773909375 0.08437500000000006
19 0.4734375 0.023678690625000054 0.42021287812499997 0.02367869062500005 0.42021287812499997 0.09531250000000005 0.4734375 0.09531250000000006
19 0.4140625 0.04531250000000005 0.371875 0.04531250000000005 0.371875 0.09687500000000004 0.4140625 0.09687500000000004
19 0.18906250000000002 0.17234165312500002 0.146570890625 0.172341653125 0.146570890625 0.19843750000000002 0.18906250000000005 0.19843750000000004
19 0.6359375 0.1699087671875001 0.5728030609375 0.1699087671875001 0.5728030609375 0.2296875000000001 0.6359375 0.2296875000000001
19 0.706213296875 0.1713611578125001 0.639099203125 0.1713611578125001 0.639099203125 0.2296875000000001 0.706213296875 0.2296875000000001
19 0.3624056203125 0.16895973281250004 0.296969378125 0.16895973281250004 0.296969378125 0.23104026718749998 0.3624056203125 0.23104026718749998
19 0.499963296875 0.16895973281250004 0.43284920312499997 0.16895973281250004 0.43284920312499997 0.2310402671875001 0.499963296875 0.2310402671875001
19 0.571875 0.17178062031250008 0.5042470640625 0.17178062031250005 0.5042470640625 0.2296875000000001 0.571875 0.2296875000000001
19 0.428125 0.16832529375000005 0.3638737421875 0.16832529375000005 0.3638737421875 0.23437500000000008 0.428125 0.23437500000000008
19 0.2375 0.18254509218750004 0.19151635937500006 0.18254509218750004 0.19151635937500006 0.2328125 0.2375 0.2328125
19 0.13750000000000004 0.1831847734375 0.06197042812500002 0.1831847734375 0.06197042812500002 0.234375 0.13750000000000004 0.234375
19 0.050000000000000024 0.18400796875 0.002102559375000022 0.18400796875 0.0021025593750000253 0.2359375 0.050000000000000024 0.2359375
19 0.290625 0.18756291875000003 0.2420197140625 0.18756291875000003 0.2420197140625 0.23118707968750002 0.290625 0.23118707968750002
19 0.17500000000000004 0.19695365 0.14852663593750004 0.19695365 0.14852663593750004 0.235544253125 0.17500000000000004 0.235544253125