19 1 0.28523490000000007 0.9119127515625 0.28523490000000007 0.9119127515625 0.35654362343750007 1 0.35654362343750007
19 0.9093959734375 0.2885906046875001 0.8154362421875 0.2885906046875001 0.8154362421875 0.3582214765625001 0.9093959734375 0.3582214765625001
19 0.8104026843750001 0.2885906046875001 0.7172818796875 0.2885906046875001 0.7172818796875 0.3573825500000001 0.8104026843750001 0.3573825500000001
19 0.6308724828125001 0.2953020140625001 0.5453020140625 0.2953020140625001 0.5453020140625 0.3557046984375001 0.6308724828125001 0.3557046984375001
19 0.4161073828125 0.29697986562500006 0.34395973125 0.296979865625 0.34395973125 0.354865771875 0.4161073828125 0.35486577187500007
19 0.47651006718750005 0.2969798656250001 0.41442952968749996 0.2969798656250001 0.41442952968749996 0.35654362343750007 0.47651006718750005 0.35654362343750007
19 0.7181208046875 0.2969798656250001 0.6291946312500001 0.2969798656250001 0.6291946312500001 0.3573825500000001 0.7181208046875 0.3573825500000001
19 0.54026845625 0.2969798656250001 0.47818791875000005 0.2969798656250001 0.47818791875000005 0.3573825500000001 0.54026845625 0.3573825500000001
19 0.22818791875 0.303691275 0.15687919531250005 0.303691275 0.15687919531250005 0.35570469843749997 0.22818791875 0.35570469843749997
19 0.3406040265625 0.31208053750000003 0.291946309375 0.31208053750000003 0.291946309375 0.35570469843749997 0.3406040265625 0.35570469843749997
19 0.28859060468750003 0.31208053750000003 0.2382550328125 0.31208053750000003 0.2382550328125 0.35318791875 0.28859060468750003 0.35318791875
19 0.41442952968749996 4.813313968398834e-17 0.3716442953125 4.551329966758268e-17 0.3716442953125 0.04446308750000005 0.41442952968749996 0.044463087500000054
19 0.6174496640625 0.010067114062500071 0.5503355703125 0.010067114062500066 0.5503355703125 0.09647650937500006 0.6174496640625 0.09647650937500006
19 0.546979865625 0.010067114062500063 0.48238254999999997 0.01006711406250006 0.48238254999999997 0.09647650937500006 0.546979865625 0.09647650937500006
19 0.4748322140625 0.02348993281250005 0.4203020140625 0.02348993281250005 0.4203020140625 0.09563758437500006 0.4748322140625 0.09563758437500006
19 0.41442952968749996 0.04530201406250005 0.3716442953125 0.04530201406250005 0.3716442953125 0.09731543593750006 0.41442952968749996 0.09731543593750006
19 0.189597315625 0.17281879218750001 0.1459731546875 0.17281879218750001 0.14597315468750002 0.19966442968750003 0.18959731562500004 0.19966442968750003
19 0.6375838921875 0.1694630875000001 0.5729865765625 0.1694630875000001 0.5729865765625 0.22986577187500007 0.6375838921875 0.22986577187500007
19 0.7063758390625 0.1711409390625001 0.6392617453125 0.1711409390625001 0.6392617453125 0.23154362343750007 0.7063758390625 0.23154362343750007
19 0.3624161078125 0.16946308750000005 0.296979865625 0.16946308750000005 0.296979865625 0.23154362343749998 0.3624161078125 0.23154362343749998
19 0.5 0.16946308750000005 0.43288590625 0.16946308750000005 0.43288590625 0.23154362343750007 0.5 0.23154362343750007
19 0.5738255031249999 0.17114093906250008 0.5041946312500001 0.17114093906250005 0.5041946312500001 0.23070469843750008 0.5738255031249999 0.23070469843750008
19 0.42953020156250005 0.16946308750000005 0.3624161078125 0.16946308750000005 0.3624161078125 0.23406040312500004 0.42953020156250005 0.23406040312500007
19 0.2399328859375 0.18456375781250006 0.18959731562500004 0.18456375781250006 0.18959731562500004 0.2307046984375 0.2399328859375 0.2307046984375
19 0.13926174531250005 0.18288590625 0.06208053750000002 0.18288590625 0.06208053750000002 0.23489932812499997 0.13926174531250005 0.23489932812499997
19 0.053691275000000024 0.1862416109375 2.2808019270265606e-17 0.1862416109375 2.578744515064006e-17 0.23489932812499997 0.053691275000000024 0.23489932812499997
19 0.291946309375 0.18791946250000005 0.2416107375 0.18791946250000005 0.2416107375 0.23154362343749998 0.291946309375 0.23154362343749998
19 0.18120805312500005 0.203020134375 0.14261745000000003 0.203020134375 0.14261745000000003 0.22986577187499999 0.18120805312500005 0.22986577187499999