19 0.09453125000000004 0.290625 0.012500000000000034 0.290625 0.012500000000000039 0.35703125 0.09453125000000004 0.35703125
19 0.18437500000000004 0.29375 0.09687500000000004 0.29375 0.09687500000000004 0.35859375 0.18437500000000004 0.35859375
19 0.27578125 0.29375 0.18906250000000005 0.29375 0.18906250000000005 0.3578125 0.27578125 0.3578125
19 0.4359375 0.30000000000000004 0.35625 0.3 0.35625 0.35625000000000007 0.4359375 0.35625000000000007
19 0.6234375 0.30156250000000007 0.55625 0.30156250000000007 0.55625 0.3554687500000001 0.6234375 0.3554687500000001
19 0.5578125 0.30156250000000007 0.5 0.30156250000000007 0.5 0.3570312500000001 0.5578125 0.3570312500000001
19 0.3578125 0.3015625 0.275 0.3015625 0.275 0.3578125 0.3578125 0.3578125
19 0.4984375 0.30156250000000007 0.440625 0.30156250000000007 0.440625 0.3578125000000001 0.4984375 0.3578125000000001
19 0.79765625 0.3078125000000001 0.73125 0.3078125000000001 0.73125 0.35625000000000007 0.79765625 0.35625000000000007
19 0.671875 0.3156250000000001 0.6265625 0.3156250000000001 0.6265625 0.35625000000000007 0.671875 0.35625000000000007
19 0.721875 0.3156250000000001 0.675 0.3156250000000001 0.675 0.3539062500000001 0.721875 0.3539062500000001
19 0.59765625 0.01562500000000007 0.5578125 0.015625000000000066 0.5578125 0.06640625000000007 0.59765625 0.06640625000000007
19 0.43125 0.03437500000000005 0.36875 0.034375000000000044 0.36875 0.11484375000000005 0.43125 0.11484375000000005
19 0.49453125 0.03437500000000006 0.434375 0.03437500000000006 0.434375 0.11484375000000005 0.49453125 0.11484375000000005
19 0.55234375 0.04687500000000007 0.5015625 0.04687500000000007 0.5015625 0.11406250000000007 0.55234375 0.1140625000000001
19 0.59765625 0.06718750000000007 0.5578125 0.06718750000000007 0.5578125 0.11562500000000009 0.59765625 0.11562500000000009
19 0.8078125 0.1859375000000001 0.7671875 0.1859375000000001 0.7671875 0.21093750000000008 0.8078125 0.21093750000000008
19 0.41015625 0.18281250000000004 0.35 0.18281250000000004 0.35 0.23906250000000004 0.41015625 0.2390625000000001
19 0.3484375 0.18437500000000004 0.2859375 0.18437500000000004 0.2859375 0.240625 0.3484375 0.240625
19 0.6671875 0.1828125000000001 0.60625 0.1828125000000001 0.60625 0.2406250000000001 0.6671875 0.2406250000000001
19 0.540625 0.18281250000000004 0.478125 0.18281250000000004 0.478125 0.2406250000000001 0.540625 0.2406250000000001
19 0.47421875 0.18437500000000004 0.409375 0.18437500000000004 0.409375 0.23984375000000008 0.47421875 0.23984375000000008
19 0.60625 0.18281250000000007 0.54375 0.18281250000000004 0.54375 0.2429687500000001 0.60625 0.2429687500000001
19 0.7671875 0.19687500000000008 0.7203125 0.19687500000000008 0.7203125 0.23984375000000008 0.7671875 0.23984375000000008
19 0.8859375 0.19531250000000008 0.8140625 0.19531250000000008 0.8140625 0.24375000000000008 0.8859375 0.24375000000000008
19 0.96328125 0.1984375000000001 0.89375 0.1984375000000001 0.89375 0.24375000000000008 0.96328125 0.24375000000000008
19 0.71875 0.2000000000000001 0.671875 0.2000000000000001 0.671875 0.2406250000000001 0.71875 0.2406250000000001
19 0.8109375 0.2140625000000001 0.775 0.2140625000000001 0.775 0.2390625000000001 0.8109375 0.2390625000000001