19 0.09375000000000004 0.291015625 0.012890625000000034 0.291015625 0.01289062500000004 0.35625 0.09375000000000004 0.35625
19 0.18437500000000004 0.294140625 0.09687500000000004 0.294140625 0.09687500000000004 0.3578125 0.18437500000000004 0.3578125
19 0.275 0.29375 0.18906250000000005 0.29375 0.18906250000000005 0.3578125 0.275 0.3578125
19 0.4359375 0.30000000000000004 0.35625 0.3 0.35625 0.35625000000000007 0.4359375 0.35625000000000007
19 0.6234375 0.3019531250000001 0.55625 0.3019531250000001 0.55625 0.3546875000000001 0.6234375 0.3546875000000001
19 0.55625 0.3003906250000001 0.5015625 0.3003906250000001 0.5015625 0.3578125000000001 0.55625 0.3578125000000001
19 0.34375000000000006 0.28828125 0.28828125 0.28828125 0.28828125000000004 0.3703125 0.3437500000000001 0.3703125
19 0.4984375 0.30156250000000007 0.440625 0.30156250000000007 0.440625 0.3578125000000001 0.4984375 0.3578125000000001
19 0.7875 0.2992187500000001 0.740234375 0.2992187500000001 0.740234375 0.36406250000000007 0.7875 0.36406250000000007
19 0.66875 0.31328125000000007 0.62890625 0.31328125000000007 0.62890625 0.3578125000000001 0.66875 0.3578125000000001
19 0.7171875 0.31132812500000007 0.6796875 0.31132812500000007 0.6796875 0.3578125000000001 0.7171875 0.3578125000000001
19 0.6015625 0.02070312500000007 0.552734375 0.020703125000000065 0.552734375 0.05937500000000007 0.6015625 0.05937500000000007
19 0.43125 0.03476562500000005 0.36875 0.03476562500000004 0.36875 0.11406250000000004 0.43125 0.11406250000000004
19 0.49375 0.03398437500000005 0.434765625 0.03398437500000005 0.434765625 0.11406250000000004 0.49375 0.11406250000000004
19 0.559375 0.05546875000000007 0.493359375 0.05546875000000007 0.493359375 0.10625000000000007 0.559375 0.1062500000000001
19 0.596875 0.06718750000000007 0.558203125 0.06718750000000007 0.558203125 0.11562500000000009 0.596875 0.11562500000000009
19 0.8078125 0.1859375000000001 0.7671875 0.1859375000000001 0.7671875 0.21093750000000008 0.8078125 0.21093750000000008
19 0.4078125 0.18125000000000005 0.351953125 0.18125000000000005 0.351953125 0.24062500000000003 0.4078125 0.2406250000000001
19 0.3453125 0.18125000000000005 0.2890625 0.18125000000000005 0.2890625 0.24375 0.3453125 0.24375
19 0.665625 0.18125000000000008 0.6078125 0.18125000000000008 0.6078125 0.24218750000000008 0.665625 0.24218750000000008
19 0.5375 0.18046875000000004 0.48046875 0.18046875000000004 0.48046875 0.24218750000000008 0.5375 0.24218750000000008
19 0.4734375 0.18476562500000004 0.409765625 0.18476562500000004 0.409765625 0.2390625000000001 0.4734375 0.2390625000000001
19 0.6046875 0.18164062500000008 0.54453125 0.18164062500000008 0.54453125 0.24375000000000008 0.6046875 0.24375000000000008
19 0.765625 0.19492187500000008 0.72265625 0.19492187500000008 0.72265625 0.2406250000000001 0.765625 0.2406250000000001
19 0.8734375 0.18359375000000008 0.82578125 0.18359375000000008 0.82578125 0.25468750000000007 0.8734375 0.25468750000000007
19 0.9625 0.1984375000000001 0.89375 0.1984375000000001 0.89375 0.24375000000000008 0.9625 0.24375000000000008
19 0.71875 0.2000000000000001 0.671875 0.2000000000000001 0.671875 0.2406250000000001 0.71875 0.2406250000000001
19 0.8109375 0.2140625000000001 0.775 0.2140625000000001 0.775 0.2390625000000001 0.8109375 0.2390625000000001