19 0.9984375 0.2850304109375001 0.9116191265625 0.2850304109375001 0.9116191265625 0.3546875000000001 0.9984375 0.3546875000000001
19 0.8953125 0.27634228281250006 0.82763213125 0.27634228281250006 0.82763213125 0.3687500000000001 0.8953125 0.3687500000000001
19 0.809375 0.28813968281250013 0.7170616625 0.28813968281250013 0.7170616625 0.35625000000000007 0.809375 0.35625000000000007
19 0.6171875 0.2829121234375001 0.5576080125 0.2829121234375001 0.5576080125 0.3671875000000001 0.6171875 0.3671875000000001
19 0.415625 0.29712143437500005 0.3443057890625 0.297121434375 0.3443057890625 0.35468750000000004 0.415625 0.3546875000000001
19 0.475 0.29556417656250006 0.4158871640625 0.29556417656250006 0.4158871640625 0.3576447156250001 0.475 0.3576447156250001
19 0.703125 0.2821570890625001 0.64361891875 0.2821570890625001 0.64361891875 0.3703125000000001 0.703125 0.3703125000000001
19 0.5390625 0.2971424078125001 0.47833473125000003 0.2971424078125001 0.47833473125000003 0.35625000000000007 0.5390625 0.35625000000000007
19 0.228125 0.3037017609375 0.15722525156250006 0.3037017609375 0.15722525156250006 0.355715184375 0.228125 0.355715184375
19 0.3375 0.3096948421875 0.29398070625 0.3096948421875 0.29398070625 0.3578125 0.3375 0.3578125
19 0.2828125 0.3076080109375 0.24304739999999997 0.3076080109375 0.24304739999999997 0.3578125 0.2828125 0.3578125
19 0.4140625 0.000907089062500048 0.370448825 0.0009070890625000454 0.370448825 0.04218750000000005 0.4140625 0.04218750000000006
19 0.6171507968750001 0.00992030156250007 0.550036703125 0.009920301562500067 0.550036703125 0.09632969843750007 0.6171507968750001 0.09632969843750007
19 0.5578125 0.02113569531250006 0.471623321875 0.021135695312500057 0.471623321875 0.08437500000000006 0.5578125 0.08437500000000006
19 0.4734375 0.023437500000000052 0.42039115000000005 0.02343750000000005 0.42039115000000005 0.09531250000000005 0.4734375 0.09531250000000006
19 0.4140625 0.04531250000000005 0.371875 0.04531250000000005 0.371875 0.09687500000000004 0.4140625 0.09687500000000004
19 0.18906250000000002 0.17234165312500002 0.146570890625 0.172341653125 0.146570890625 0.19843750000000002 0.18906250000000005 0.19843750000000004
19 0.6359375 0.1690174078125001 0.5731700921875 0.1690174078125001 0.5731700921875 0.2294200921875001 0.6359375 0.2294200921875001
19 0.70625 0.1709207203125001 0.6394242875 0.1709207203125001 0.6394242875 0.2296875000000001 0.70625 0.2296875000000001
19 0.3624056203125 0.16895973281250004 0.296969378125 0.16895973281250004 0.296969378125 0.23104026718749998 0.3624056203125 0.23104026718749998
19 0.5 0.16996644375000006 0.432922609375 0.16996644375000006 0.432922609375 0.2312500000000001 0.5 0.2312500000000001
19 0.571875 0.17050125781250008 0.5041421984375 0.17050125781250006 0.5041421984375 0.2296875000000001 0.571875 0.2296875000000001
19 0.428125 0.16926384218750004 0.362536703125 0.16926384218750004 0.362536703125 0.23386115781250005 0.428125 0.2338611578125001
19 0.2375 0.18254509218750004 0.19151635937500006 0.18254509218750004 0.19151635937500006 0.2328125 0.2375 0.2328125
19 0.13750000000000004 0.1831847734375 0.06197042812500002 0.1831847734375 0.06197042812500002 0.234375 0.13750000000000004 0.234375
19 0.05312500000000002 0.1859375 2.27707764216461e-17 0.1859375 2.5736717888331097e-17 0.234375 0.05312500000000002 0.234375
19 0.290625 0.18756291875000003 0.2420197140625 0.18756291875000003 0.2420197140625 0.23118707968750002 0.290625 0.23118707968750002
19 0.17500000000000004 0.19695365 0.14852663593750004 0.19695365 0.14852663593750004 0.235544253125 0.17500000000000004 0.235544253125