24 0.2843750000000001 0.6046875 0.2230468750000001 0.6046875 0.2230468750000001 0.80078125 0.2843750000000001 0.80078125
24 0.1625000000000001 0.6625 8.113285044351215e-17 0.6625 8.505554722203101e-17 0.7265625 0.1625000000000001 0.7265625
24 0.3687500000000001 0.6359375 0.17187500000000008 0.6359375 0.17187500000000008 0.69375 0.3687500000000001 0.69375
24 0.1765625000000001 0.6265625 0.009765625000000078 0.6265625 0.00976562500000008 0.68125 0.1765625000000001 0.68125
24 0.7625000000000001 0.6980468750000001 0.636328125 0.698046875 0.6363281250000001 0.7421875000000001 0.7625000000000002 0.7421875000000002
24 0.5953125000000001 0.64609375 0.550390625 0.64609375 0.5503906250000001 0.7796875 0.5953125000000001 0.7796875
24 0.521875 0.6515625 0.3593750000000001 0.6515625 0.3593750000000001 0.7046875 0.521875 0.7046875
24 0.7265625000000001 0.6285156250000001 0.6875 0.628515625 0.6875000000000001 0.7546875000000001 0.7265625000000002 0.7546875000000002
24 0.6515625 0.6625 0.5171875 0.6625 0.5171875 0.7046875 0.6515625 0.7046875
24 0.7375 0.5640625000000001 0.697265625 0.5640625 0.697265625 0.6796875000000001 0.7375 0.6796875000000002
24 0.5734375 0.573046875 0.539453125 0.573046875 0.539453125 0.6890625 0.5734375 0.6890625
24 0.50625 0.601171875 0.3765625000000001 0.601171875 0.3765625000000001 0.6390625 0.50625 0.6390625
24 0.50546875 0.480859375 0.4546875 0.480859375 0.4546875 0.640625 0.50546875 0.640625
24 0.64375 0.507421875 0.59921875 0.507421875 0.59921875 0.6515625 0.64375 0.6515625
24 0.6171875 0.533203125 0.5734375 0.533203125 0.5734375 0.6828125 0.6171875 0.6828125
24 0.790625 0.5761718750000001 0.671875 0.576171875 0.671875 0.6140625000000001 0.790625 0.6140625000000002
24 0.5328125 0.569140625 0.3781250000000001 0.569140625 0.3781250000000001 0.6109375 0.5328125 0.6109375
24 0.32500000000000007 0.46953125 0.2726562500000001 0.46953125 0.2726562500000001 0.6734375 0.32500000000000007 0.6734375
24 0.3429687500000001 0.438671875 0.2890625000000001 0.438671875 0.2890625000000001 0.6359375 0.3429687500000001 0.6359375
24 0.21093750000000008 0.5265625 0.04882812500000007 0.5265625 0.04882812500000007 0.5796875 0.21093750000000008 0.5796875
24 0.2328125000000001 0.4890625 0.06718750000000007 0.4890625 0.06718750000000007 0.54375 0.2328125000000001 0.54375
24 0.2453125000000001 0.575 0.13242187500000008 0.575 0.13242187500000008 0.6171875 0.2453125000000001 0.6171875
24 0.10625000000000007 0.5390625 0.06601562500000006 0.5390625 0.06601562500000008 0.6359375 0.1062500000000001 0.6359375
24 0.38750000000000007 0.5890625 0.23593750000000008 0.5890625 0.23593750000000008 0.634375 0.38750000000000007 0.634375
24 0.5671875 0.476953125 0.3980468750000001 0.476953125 0.3980468750000001 0.53125 0.5671875 0.53125
24 0.3421875000000001 0.372265625 0.2843750000000001 0.372265625 0.2843750000000001 0.5796875 0.3421875000000001 0.5796875
24 0.36718750000000006 0.35000000000000003 0.316796875 0.35 0.31679687500000003 0.540625 0.3671875000000001 0.540625
24 0.5890625 0.444140625 0.405859375 0.444140625 0.405859375 0.496875 0.5890625 0.496875
24 0.27812500000000007 0.380859375 0.11093750000000005 0.380859375 0.11093750000000005 0.4390625 0.27812500000000007 0.4390625
24 0.2000000000000001 0.373046875 0.14687500000000003 0.373046875 0.14687500000000003 0.5296875 0.2000000000000001 0.5296875
24 0.71875 0.4140625 0.639453125 0.4140625 0.639453125 0.4515625 0.71875 0.4515625
24 0.6359375 0.3773437500000001 0.59609375 0.3773437500000001 0.59609375 0.459375 0.6359375 0.459375
24 0.58125 0.3675781250000001 0.5171875 0.3675781250000001 0.5171875 0.45625 0.58125 0.45625
24 0.72734375 0.4152343750000001 0.6921875 0.415234375 0.6921875 0.503125 0.72734375 0.5031250000000002
24 0.7921875 0.4332031250000002 0.759375 0.4332031250000002 0.759375 0.5125000000000002 0.7921875 0.5125000000000002
24 0.8359375 0.3546875000000001 0.749609375 0.3546875000000001 0.749609375 0.4000000000000002 0.8359375 0.4000000000000002
24 0.7703125 0.34062500000000007 0.684765625 0.34062500000000007 0.684765625 0.3859375000000001 0.7703125 0.3859375000000001
24 0.728125 0.3187500000000001 0.640625 0.3187500000000001 0.640625 0.3687500000000001 0.728125 0.3687500000000001
24 0.6625 0.2906250000000001 0.5484375 0.2906250000000001 0.5484375 0.3578125000000001 0.6625 0.3578125000000001
24 0.5609375 0.2621093750000001 0.49765625 0.2621093750000001 0.49765625 0.34843750000000007 0.5609375 0.34843750000000007
24 0.4859375 0.2472656250000001 0.4265625 0.2472656250000001 0.4265625 0.3656250000000001 0.4859375 0.3656250000000001
24 0.5234375 0.24218750000000008 0.4140625 0.24218750000000008 0.4140625 0.2875000000000001 0.5234375 0.2875000000000001
24 0.428125 0.22343750000000004 0.31875 0.2234375 0.31875 0.26875000000000004 0.428125 0.2687500000000001
24 0.3359375 0.212890625 0.209375 0.212890625 0.209375 0.28125 0.3359375 0.28125
24 0.415625 0.25625000000000003 0.303515625 0.25625 0.303515625 0.31250000000000006 0.415625 0.3125000000000001
24 0.671875 0.08476562500000008 0.6125 0.08476562500000007 0.6125 0.20312500000000008 0.671875 0.20312500000000008
24 0.6203125 0.040234375000000065 0.476171875 0.04023437500000006 0.476171875 0.12968750000000007 0.6203125 0.1296875000000001
24 0.7859375 0.13476562500000008 0.7265625 0.13476562500000008 0.7265625 0.2531250000000001 0.7859375 0.2531250000000001
24 0.7484375 0.10859375000000009 0.69296875 0.10859375000000009 0.69296875 0.1906250000000001 0.7484375 0.1906250000000001
24 0.840625 0.27617187500000007 0.787109375 0.27617187500000007 0.787109375 0.3453125000000001 0.840625 0.3453125000000001
24 0.7921875 0.2484375000000001 0.7359375 0.2484375000000001 0.7359375 0.33281250000000007 0.7921875 0.33281250000000007
24 0.75 0.24218750000000008 0.665625 0.24218750000000008 0.665625 0.2984375000000001 0.75 0.2984375000000001
24 0.690625 0.22031250000000008 0.60625 0.22031250000000008 0.60625 0.2765625000000001 0.690625 0.2765625000000001
24 0.625 0.19101562500000008 0.5359375 0.19101562500000005 0.5359375 0.25468750000000007 0.625 0.25468750000000007
24 0.541796875 0.14882812500000003 0.475390625 0.14882812500000003 0.475390625 0.24375000000000008 0.541796875 0.24375000000000008
24 0.4640625 0.11757812500000005 0.3984375 0.11757812500000005 0.3984375 0.2171875000000001 0.4640625 0.2171875000000001
24 0.384375 0.06445312500000004 0.312109375 0.06445312500000004 0.312109375 0.19218750000000004 0.384375 0.19218750000000004
24 0.6546875 0.453125 0.607421875 0.453125 0.607421875 0.60703125 0.6546875 0.60703125
24 0.6609375 0.42890625 0.615234375 0.42890625 0.615234375 0.5703125 0.6609375 0.5703125
24 0.7796875 0.4847656250000002 0.735546875 0.4847656250000002 0.735546875 0.6121093750000002 0.7796875 0.6121093750000002
24 0.821875 0.5015625000000001 0.7 0.5015625 0.7 0.5406250000000001 0.821875 0.5406250000000001