24 0.2843750000000001 0.6046875 0.2230468750000001 0.6046875 0.2230468750000001 0.80078125 0.2843750000000001 0.80078125
24 0.1625000000000001 0.6625 8.113285044351215e-17 0.6625 8.505554722203101e-17 0.7265625 0.1625000000000001 0.7265625
24 0.2984375000000001 0.56640625 0.2414062500000001 0.56640625 0.2414062500000001 0.7625 0.2984375000000001 0.7625
24 0.1765625000000001 0.6265625 0.009765625000000078 0.6265625 0.00976562500000008 0.68125 0.1765625000000001 0.68125
24 0.7214843750000001 0.656640625 0.676953125 0.656640625 0.676953125 0.7828125 0.7214843750000002 0.7828125
24 0.6390625000000001 0.690625 0.506640625 0.690625 0.5066406250000001 0.7359375 0.6390625000000002 0.7359375
24 0.4671875000000001 0.596875 0.414453125 0.596875 0.4144531250000001 0.759375 0.4671875000000002 0.759375
24 0.7703125 0.6714843750000001 0.64375 0.671484375 0.64375 0.7109375000000001 0.7703125 0.7109375000000002
24 0.6046875 0.61640625 0.56328125 0.61640625 0.5632812500000001 0.75 0.6046875000000002 0.75
24 0.775 0.6015625000000001 0.659375 0.6015625 0.659375 0.6421875000000001 0.775 0.6421875000000001
24 0.5734375 0.573046875 0.539453125 0.573046875 0.539453125 0.6890625 0.5734375 0.6890625
24 0.46015625 0.555859375 0.421875 0.555859375 0.421875 0.684375 0.46015625 0.684375
24 0.50625 0.480859375 0.45546875 0.480859375 0.45546875 0.640625 0.50625 0.640625
24 0.64296875 0.507421875 0.5984375 0.507421875 0.5984375 0.6515625 0.64296875 0.6515625
24 0.6171875 0.533203125 0.5734375 0.533203125 0.5734375 0.6828125 0.6171875 0.6828125
24 0.75 0.536328125 0.71171875 0.536328125 0.71171875 0.6546875000000001 0.75 0.6546875000000002
24 0.4765625 0.512890625 0.434375 0.512890625 0.434375 0.6671875 0.4765625 0.6671875
24 0.32500000000000007 0.46953125 0.2726562500000001 0.46953125 0.2726562500000001 0.6734375 0.32500000000000007 0.6734375
24 0.415625 0.510546875 0.2171875000000001 0.510546875 0.2171875000000001 0.5640625 0.415625 0.5640625
24 0.21093750000000008 0.5265625 0.04882812500000007 0.5265625 0.04882812500000007 0.5796875 0.21093750000000008 0.5796875
24 0.17656250000000007 0.433984375 0.12187500000000004 0.433984375 0.12187500000000007 0.5984375 0.1765625000000001 0.5984375
24 0.2453125000000001 0.575 0.1332031250000001 0.575 0.1332031250000001 0.6171875 0.2453125000000001 0.6171875
24 0.10625000000000007 0.5390625 0.06601562500000006 0.5390625 0.06601562500000008 0.6359375 0.1062500000000001 0.6359375
24 0.38750000000000007 0.5890625 0.23593750000000008 0.5890625 0.23593750000000008 0.634375 0.38750000000000007 0.634375
24 0.5671875 0.476953125 0.3980468750000001 0.476953125 0.3980468750000001 0.53125 0.5671875 0.53125
24 0.3421875000000001 0.372265625 0.2835937500000001 0.372265625 0.2835937500000001 0.5796875 0.3421875000000001 0.5796875
24 0.4375 0.4203125 0.2468750000000001 0.4203125 0.2468750000000001 0.471875 0.4375 0.471875
24 0.5890625 0.444140625 0.405859375 0.444140625 0.405859375 0.496875 0.5890625 0.496875
24 0.27812500000000007 0.381640625 0.11093750000000005 0.381640625 0.11093750000000005 0.4390625 0.27812500000000007 0.4390625
24 0.2000000000000001 0.373046875 0.14765625000000004 0.373046875 0.14765625000000004 0.5296875 0.2000000000000001 0.5296875
24 0.71875 0.4140625 0.639453125 0.4140625 0.639453125 0.4515625 0.71875 0.4515625
24 0.6359375 0.3773437500000001 0.59609375 0.3773437500000001 0.59609375 0.459375 0.6359375 0.459375
24 0.58125 0.3675781250000001 0.5171875 0.3675781250000001 0.5171875 0.45625 0.58125 0.45625
24 0.728125 0.4152343750000001 0.69296875 0.415234375 0.69296875 0.503125 0.728125 0.5031250000000002
24 0.815625 0.4558593750000002 0.7359375 0.4558593750000002 0.7359375 0.4890625000000002 0.815625 0.4890625000000002
24 0.8359375 0.3546875000000001 0.750390625 0.3546875000000001 0.750390625 0.4000000000000002 0.8359375 0.4000000000000002
24 0.7703125 0.34062500000000007 0.684765625 0.34062500000000007 0.684765625 0.3859375000000001 0.7703125 0.3859375000000001
24 0.728125 0.31914062500000007 0.640625 0.31914062500000007 0.640625 0.3687500000000001 0.728125 0.3687500000000001
24 0.6390625 0.2671875000000001 0.571875 0.2671875000000001 0.571875 0.3812500000000001 0.6390625 0.3812500000000001
24 0.5609375 0.2621093750000001 0.49765625 0.2621093750000001 0.49765625 0.34843750000000007 0.5609375 0.34843750000000007
24 0.515625 0.27617187500000007 0.396875 0.27617187500000007 0.396875 0.3359375000000001 0.515625 0.3359375000000001
24 0.490625 0.2101562500000001 0.44609375 0.2101562500000001 0.44609375 0.3187500000000001 0.490625 0.3187500000000001
24 0.3953125 0.19140625000000006 0.35078125 0.19140625000000006 0.35078125 0.30000000000000004 0.3953125 0.3000000000000001
24 0.3359375 0.212890625 0.209375 0.212890625 0.209375 0.28125 0.3359375 0.28125
24 0.3875 0.22812500000000005 0.331640625 0.228125 0.331640625 0.34062500000000007 0.3875 0.34062500000000007
24 0.671875 0.08476562500000008 0.61171875 0.08476562500000007 0.61171875 0.20312500000000008 0.671875 0.20312500000000008
24 0.59375 0.012890625000000067 0.504296875 0.012890625000000062 0.504296875 0.15742187500000007 0.59375 0.1574218750000001
24 0.7859375 0.13476562500000008 0.72578125 0.13476562500000008 0.72578125 0.2531250000000001 0.7859375 0.2531250000000001
24 0.7625 0.1218750000000001 0.6796875 0.1218750000000001 0.6796875 0.1781250000000001 0.7625 0.1781250000000001
24 0.840625 0.27617187500000007 0.787109375 0.27617187500000007 0.787109375 0.3453125000000001 0.840625 0.3453125000000001
24 0.7921875 0.2484375000000001 0.7359375 0.2484375000000001 0.7359375 0.33281250000000007 0.7921875 0.33281250000000007
24 0.75 0.24218750000000008 0.665625 0.24218750000000008 0.665625 0.2984375000000001 0.75 0.2984375000000001
24 0.6765625 0.2062500000000001 0.6203125 0.2062500000000001 0.6203125 0.2906250000000001 0.6765625 0.2906250000000001
24 0.6125 0.1785156250000001 0.54765625 0.1785156250000001 0.54765625 0.2671875000000001 0.6125 0.2671875000000001
24 0.541796875 0.14882812500000003 0.475390625 0.14882812500000003 0.475390625 0.24375000000000008 0.541796875 0.24375000000000008
24 0.4640625 0.11757812500000005 0.3984375 0.11757812500000005 0.3984375 0.2171875000000001 0.4640625 0.2171875000000001
24 0.4125 0.09257812500000004 0.284765625 0.09257812500000004 0.284765625 0.16562500000000005 0.4125 0.16562500000000005
24 0.6546875 0.45390625 0.607421875 0.45390625 0.607421875 0.6078125 0.6546875 0.6078125
24 0.709375 0.4765625 0.567578125 0.4765625 0.567578125 0.5234375 0.709375 0.5234375
24 0.779296875 0.48554687500000016 0.734765625 0.48554687500000016 0.734765625 0.6125000000000002 0.779296875 0.6125000000000002
24 0.821875 0.5015625000000001 0.7 0.5015625 0.7 0.5406250000000001 0.821875 0.5406250000000001