24 0.35234375000000007 0.671875 0.15625000000000008 0.671875 0.15625000000000008 0.734375 0.35234375000000007 0.734375
24 0.1625000000000001 0.6625 8.113285044351215e-17 0.6625 8.505554722203101e-17 0.7265625 0.1625000000000001 0.7265625
24 0.3687500000000001 0.6359375 0.17187500000000008 0.6359375 0.17187500000000008 0.69375 0.3687500000000001 0.69375
24 0.17734375000000008 0.6265625 0.009375000000000078 0.6265625 0.009375000000000081 0.68203125 0.17734375000000008 0.68203125
24 0.7632812500000001 0.6984375 0.6359375 0.6984375 0.6359375 0.7429687500000001 0.7632812500000001 0.7429687500000002
24 0.63984375 0.690625 0.50625 0.690625 0.5062500000000001 0.7359375 0.6398437500000002 0.7359375
24 0.52265625 0.6515625 0.3593750000000001 0.6515625 0.3593750000000001 0.7046875 0.52265625 0.7046875
24 0.7703125 0.6718750000000001 0.64375 0.671875 0.64375 0.7117187500000001 0.7703125 0.7117187500000002
24 0.6515625 0.6625 0.5171875 0.6625 0.5171875 0.7046875 0.6515625 0.7046875
24 0.77578125 0.6015625000000001 0.659375 0.6015625 0.659375 0.6421875000000001 0.77578125 0.6421875000000001
24 0.61484375 0.6140625 0.4984375 0.6140625 0.4984375 0.64921875 0.61484375 0.64921875
24 0.50625 0.6015625 0.3765625000000001 0.6015625 0.3765625000000001 0.63984375 0.50625 0.63984375
24 0.5609375 0.5359375 0.4 0.5359375 0.4 0.58671875 0.5609375 0.58671875
24 0.69375 0.5578125 0.5484375 0.5578125 0.5484375 0.60234375 0.69375 0.60234375
24 0.6703125 0.5859375 0.5203125 0.5859375 0.5203125 0.63046875 0.6703125 0.63046875
24 0.790625 0.5765625000000001 0.671875 0.5765625 0.671875 0.6148437500000001 0.790625 0.6148437500000001
24 0.5328125 0.56875 0.3781250000000001 0.56875 0.3781250000000001 0.61171875 0.5328125 0.61171875
24 0.4015625 0.5453125 0.19687500000000008 0.5453125 0.19687500000000008 0.5984375 0.4015625 0.5984375
24 0.415625 0.5109375 0.2171875000000001 0.5109375 0.2171875000000001 0.56484375 0.415625 0.56484375
24 0.2117187500000001 0.5265625 0.048437500000000064 0.5265625 0.048437500000000064 0.5796875 0.2117187500000001 0.5796875
24 0.2328125000000001 0.4890625 0.06718750000000007 0.4890625 0.06718750000000007 0.54453125 0.2328125000000001 0.54453125
24 0.24609375000000008 0.575 0.13281250000000008 0.575 0.13281250000000008 0.6171875 0.24609375000000008 0.6171875
24 0.1351562500000001 0.5671875 0.03750000000000007 0.5671875 0.037500000000000075 0.6078125 0.1351562500000001 0.6078125
24 0.38750000000000007 0.5890625 0.23593750000000008 0.5890625 0.23593750000000008 0.634375 0.38750000000000007 0.634375
24 0.56796875 0.4765625 0.3984375000000001 0.4765625 0.3984375000000001 0.53203125 0.56796875 0.53203125
24 0.4171875 0.446875 0.2093750000000001 0.446875 0.2093750000000001 0.50546875 0.4171875 0.50546875
24 0.43828125 0.4203125 0.2468750000000001 0.4203125 0.2468750000000001 0.471875 0.43828125 0.471875
24 0.58984375 0.44375 0.40625 0.44375 0.40625 0.49765625 0.58984375 0.49765625
24 0.27812500000000007 0.38125 0.11093750000000005 0.38125 0.11093750000000005 0.43984375 0.27812500000000007 0.43984375
24 0.2531250000000001 0.425 0.09531250000000005 0.425 0.09531250000000005 0.47890625 0.2531250000000001 0.47890625
24 0.71953125 0.4140625 0.6390625 0.4140625 0.6390625 0.4515625 0.71953125 0.4515625
24 0.6578125 0.3984375000000001 0.575 0.3984375000000001 0.575 0.4390625 0.6578125 0.4390625
24 0.59375 0.37968750000000007 0.5046875 0.37968750000000007 0.5046875 0.44453125 0.59375 0.44453125
24 0.7546875 0.44218750000000007 0.665625 0.4421875 0.665625 0.47734375000000007 0.7546875 0.4773437500000002
24 0.815625 0.45625000000000016 0.7359375 0.45625000000000016 0.7359375 0.4898437500000002 0.815625 0.4898437500000002
24 0.83671875 0.3546875000000001 0.75 0.3546875000000001 0.75 0.4000000000000002 0.83671875 0.4000000000000002
24 0.77109375 0.34062500000000007 0.684375 0.34062500000000007 0.684375 0.3859375000000001 0.77109375 0.3859375000000001
24 0.728125 0.3187500000000001 0.640625 0.3187500000000001 0.640625 0.3695312500000001 0.728125 0.3695312500000001
24 0.6625 0.2906250000000001 0.5484375 0.2906250000000001 0.5484375 0.3578125000000001 0.6625 0.3578125000000001
24 0.5734375 0.2734375000000001 0.4859375 0.2734375000000001 0.4859375 0.3382812500000001 0.5734375 0.3382812500000001
24 0.515625 0.2765625000000001 0.396875 0.2765625000000001 0.396875 0.33671875000000007 0.515625 0.33671875000000007
24 0.5234375 0.24218750000000008 0.4140625 0.24218750000000008 0.4140625 0.2875000000000001 0.5234375 0.2875000000000001
24 0.428125 0.22343750000000004 0.31875 0.2234375 0.31875 0.26875000000000004 0.428125 0.2687500000000001
24 0.3359375 0.2125 0.209375 0.2125 0.209375 0.28203125 0.3359375 0.28203125
24 0.41640625 0.25625000000000003 0.303125 0.25625 0.303125 0.31250000000000006 0.41640625 0.3125000000000001
24 0.7015625 0.1140625000000001 0.5828125 0.1140625000000001 0.5828125 0.1742187500000001 0.7015625 0.1742187500000001
24 0.62109375 0.040625000000000064 0.4765625 0.04062500000000006 0.4765625 0.13046875000000008 0.62109375 0.13046875000000008
24 0.815625 0.16406250000000008 0.696875 0.16406250000000008 0.696875 0.22421875000000008 0.815625 0.22421875000000008
24 0.7625 0.1218750000000001 0.6796875 0.1218750000000001 0.6796875 0.1781250000000001 0.7625 0.1781250000000001
24 0.84921875 0.2828125000000001 0.7796875 0.2828125000000001 0.7796875 0.3382812500000001 0.84921875 0.3382812500000001
24 0.80625 0.26250000000000007 0.721875 0.26250000000000007 0.721875 0.3187500000000001 0.80625 0.3187500000000001
24 0.75 0.24218750000000008 0.665625 0.24218750000000008 0.665625 0.2984375000000001 0.75 0.2984375000000001
24 0.690625 0.22031250000000008 0.60625 0.22031250000000008 0.60625 0.2765625000000001 0.690625 0.2765625000000001
24 0.625 0.19062500000000007 0.5359375 0.19062500000000004 0.5359375 0.2554687500000001 0.625 0.2554687500000001
24 0.55703125 0.16406250000000006 0.4609375 0.16406250000000006 0.4609375 0.23046875000000008 0.55703125 0.23046875000000008
24 0.48203125 0.13437500000000005 0.38125 0.13437500000000005 0.38125 0.20078125000000008 0.48203125 0.20078125000000008
24 0.41328125 0.09218750000000005 0.284375 0.09218750000000005 0.284375 0.16640625000000003 0.41328125 0.16640625000000003
24 0.70859375 0.50625 0.5546875 0.50625 0.5546875 0.5546875 0.70859375 0.5546875
24 0.71015625 0.4765625 0.5671875 0.4765625 0.5671875 0.5234375 0.71015625 0.5234375
24 0.82109375 0.5265625 0.69375 0.5265625 0.69375 0.5710937500000001 0.82109375 0.5710937500000002
24 0.82265625 0.5015625000000001 0.7 0.5015625 0.7 0.5414062500000001 0.82265625 0.5414062500000002