24 0.6796875000000002 0.7303443984375 0.6314905921875001 0.7303443984375 0.6314905921875001 1 0.6796875000000002 1
24 0.4109375000000002 0.9790143812500001 1.1989468283170391e-16 0.9790143812500001 1.2108400584203623e-16 0.9984375 0.4109375000000002 0.9984375
24 0.85 0.8373296937499999 0.3956774437500001 0.8373296937499999 0.3956774437500001 0.934375 0.85 0.934375
24 0.24218750000000008 0.707174525 0.15945880156250009 0.707174525 0.1594588015625001 1 0.24218750000000008 1
24 0.2218750000000001 0.7610726640625 0.17633542500000007 0.7610726640625 0.1763354250000001 1 0.2218750000000001 1
24 0.965625 0.9122458906249999 0.9125 0.9122458906249999 0.9125 1 0.965625 1
24 0.9734375 0.8190554734375001 0.8601238109375 0.8190554734375001 0.8601238109375 0.9828125 0.9734375 0.9828125
24 0.5359375 0.18750000000000006 0.3885083265625 0.18750000000000006 0.3885083265625 0.2687500000000001 0.5359375 0.2687500000000001
24 0.425 0.10372783281250005 0.3359375 0.10372783281250005 0.3359375 0.3009596671875 0.425 0.30095966718750006
24 0.17500000000000004 0.19669928750000001 0.03297199218750002 0.19669928750000001 0.03297199218750003 0.259375 0.17500000000000004 0.259375
24 0.24375 0.19746431562500003 0.08768923125000003 0.197464315625 0.08768923125000003 0.2671875 0.24375 0.2671875
24 0.3015625 0.19042495625000003 0.16250000000000003 0.19042495625 0.16250000000000003 0.2609375 0.3015625 0.2609375
24 0.3875 0.18336937812500004 0.223605103125 0.18336937812500004 0.223605103125 0.25781250000000006 0.3875 0.2578125000000001
24 1 0.1680552546875001 0.890871 0.1680552546875001 0.890871 0.20312500000000008 1 0.20312500000000008