24 0.9013840828124999 0.95155709375 0.41003460156250016 0.95155709375 0.41003460156250016 1 0.9013840828124999 1
24 0.41176470625000017 0.9792387546875 1.199221606529087e-16 0.9792387546875 1.2119342028382203e-16 1 0.41176470625000017 1
24 0.8512110734375 0.8373702421875 0.39619377187500004 0.8373702421875 0.39619377187500004 0.9359861593750001 0.8512110734375 0.9359861593750001
24 0.4031141875000002 0.86678200625 1.0615018095125836e-16 0.86678200625 1.112881887976183e-16 0.9506920421875 0.4031141875000002 0.9506920421875
24 0.3996539796875001 0.9377162625000001 1.1483712193790444e-16 0.9377162625000001 1.1769745617921601e-16 0.9844290656249999 0.3996539796875001 0.9844290656249999
24 1 0.9463667812500001 0.8788927328125 0.9463667812500001 0.8788927328125 1 1 1
24 1 0.8442906578124999 0.8356401390625001 0.8442906578124999 0.8356401390625001 0.958477509375 1 0.958477509375
24 0.5034602078125 0.15397923906250005 0.4212802765625 0.15397923906250005 0.4212802765625 0.3027681656250001 0.5034602078125 0.3027681656250001
24 0.4256055359375 0.10380622812500004 0.336505190625 0.10380622812500004 0.336505190625 0.30103806250000004 0.4256055359375 0.3010380625000001
24 0.13667820000000003 0.157439446875 0.07179930781250002 0.157439446875 0.07179930781250003 0.3001730109375 0.13667820000000003 0.3001730109375
24 0.2024221453125 0.15397923906250002 0.1306228375 0.1539792390625 0.13062283750000003 0.31141868437500003 0.2024221453125 0.31141868437500003
24 0.26816609062499996 0.15570934218750004 0.19636678125 0.15570934218750004 0.19636678125 0.2958477515625 0.26816609062499996 0.2958477515625
24 0.3442906578125 0.13840830468750004 0.26816609062499996 0.13840830468750004 0.26816609062499996 0.3044982703125 0.3442906578125 0.3044982703125
24 1 0.09515570937500012 0.9636678203125 0.0951557093750001 0.9636678203125 0.2776816609375001 1 0.2776816609375001