24 0.6796875000000002 0.7303443984375 0.6314905921875001 0.7303443984375 0.6314905921875001 1 0.6796875000000002 1
24 0.2156250000000001 0.7841046703125001 0.19531250000000008 0.7841046703125001 0.1953125000000001 1 0.2156250000000001 1
24 0.6718750000000001 0.6596858765625 0.5743539156249999 0.6596858765625 0.574353915625 1 0.6718750000000002 1
24 0.24218750000000008 0.707174525 0.15945880156250009 0.707174525 0.1594588015625001 1 0.24218750000000008 1
24 0.2218750000000001 0.7610726640625 0.17633542500000007 0.7610726640625 0.1763354250000001 1 0.2218750000000001 1
24 0.965625 0.9122458906249999 0.9125 0.9122458906249999 0.9125 1 0.965625 1
24 0.9734375 0.819352834375 0.8613294781249999 0.819352834375 0.8613294781249999 0.9828125 0.9734375 0.9828125
24 0.5359375 0.18750000000000006 0.3885083265625 0.18750000000000006 0.3885083265625 0.2687500000000001 0.5359375 0.2687500000000001
24 0.425 0.10388462343750005 0.337091803125 0.10388462343750005 0.337091803125 0.3011164578125 0.425 0.30111645781250007
24 0.17500000000000004 0.1960342796875 0.03281250000000002 0.1960342796875 0.03281250000000003 0.259375 0.17500000000000004 0.259375
24 0.2015625 0.15386570000000002 0.1299578296875 0.1538657 0.12995782968750003 0.309375 0.2015625 0.309375
24 0.3015625 0.18933282812500002 0.16250000000000003 0.18933282812500002 0.16250000000000003 0.2609375 0.3015625 0.2609375
24 0.3875 0.18341262968750005 0.2227616796875 0.18341262968750005 0.2227616796875 0.25781250000000006 0.3875 0.2578125000000001
24 1 0.1680552546875001 0.890871 0.1680552546875001 0.890871 0.20312500000000008 1 0.20312500000000008