5 0.246875 0.07148437500000002 0.223046875 0.07148437500000002 0.223046875 0.13906250000000003 0.246875 0.13906250000000003
5 0.3359375 0.08007812500000004 0.3171875 0.08007812500000004 0.3171875 0.14218750000000005 0.3359375 0.14218750000000005
5 0.4875 0.10195312500000005 0.406640625 0.10195312500000005 0.406640625 0.12500000000000006 0.4875 0.12500000000000006
5 0.584375 0.10312500000000006 0.511328125 0.10312500000000005 0.511328125 0.12968750000000007 0.584375 0.1296875000000001
5 0.66875 0.08515625000000009 0.64765625 0.08515625000000009 0.64765625 0.1515625000000001 0.66875 0.1515625000000001
5 0.246875 0.017187500000000026 0.1671875 0.017187500000000022 0.1671875 0.04062500000000003 0.246875 0.040625000000000036
5 0.121875 1.2868358944165548e-17 0.08828125 1.0811335023722727e-17 0.08828125 0.06875 0.121875 0.06875000000000002
5 0.478125 0.021875000000000054 0.39375 0.02187500000000005 0.39375 0.04375000000000005 0.478125 0.04375000000000005
5 0.3453125 4.0590344104551916e-17 0.317578125 3.8892103426046805e-17 0.317578125 0.07812500000000004 0.3453125 0.07812500000000004
5 0.5921875 0.021484375000000066 0.496484375 0.021484375000000062 0.496484375 0.04531250000000007 0.5921875 0.045312500000000075
5 0.65 0.0015625000000000784 0.630859375 0.001562500000000077 0.630859375 0.07031250000000008 0.65 0.07031250000000008
5 0.8046875 0.028515625000000093 0.736328125 0.02851562500000009 0.736328125 0.05156250000000009 0.8046875 0.05156250000000009
5 0.9125 0.027734375000000106 0.826953125 0.0277343750000001 0.826953125 0.05156250000000011 0.9125 0.05156250000000011
5 0.96875 0.011328125000000118 0.94921875 0.011328125000000116 0.94921875 0.07343750000000011 0.96875 0.07343750000000011