5 0.26953125 0.09375000000000003 0.2 0.09375000000000003 0.2 0.11796875000000004 0.26953125 0.11796875000000004
5 0.3578125 0.10156250000000004 0.2953125 0.10156250000000004 0.2953125 0.12109375000000004 0.3578125 0.12109375000000004
5 0.48828125 0.10156250000000004 0.40625 0.10156250000000004 0.40625 0.12578125000000004 0.48828125 0.12578125000000004
5 0.58515625 0.10312500000000006 0.5109375 0.10312500000000005 0.5109375 0.12968750000000007 0.58515625 0.1296875000000001
5 0.6921875 0.10781250000000009 0.625 0.10781250000000009 0.625 0.1296875000000001 0.6921875 0.1296875000000001
5 0.246875 0.017187500000000026 0.1671875 0.017187500000000022 0.1671875 0.041406250000000026 0.246875 0.04140625000000003
5 0.1453125 0.012500000000000011 0.065625 0.012500000000000006 0.065625 0.04609375000000002 0.1453125 0.046093750000000024
5 0.478125 0.021875000000000054 0.39375 0.02187500000000005 0.39375 0.04375000000000005 0.478125 0.04375000000000005
5 0.37734375 0.018750000000000037 0.2859375 0.018750000000000034 0.2859375 0.04765625000000004 0.37734375 0.047656250000000046
5 0.59296875 0.021875000000000068 0.496875 0.02187500000000006 0.496875 0.046093750000000065 0.59296875 0.04609375000000008
5 0.67578125 0.02656250000000008 0.60625 0.02656250000000008 0.60625 0.04609375000000008 0.67578125 0.04609375000000008
5 0.80546875 0.028125000000000094 0.7359375 0.028125000000000087 0.7359375 0.05234375000000009 0.80546875 0.05234375000000009
5 0.91328125 0.028125000000000105 0.8265625 0.0281250000000001 0.8265625 0.05234375000000011 0.91328125 0.05234375000000011
5 0.990625 0.03281250000000012 0.928125 0.03281250000000011 0.928125 0.05234375000000011 0.990625 0.05234375000000011