5 0.26875 0.09335937500000002 0.200390625 0.09335937500000002 0.200390625 0.11718750000000004 0.26875 0.11718750000000004
5 0.3578125 0.10117187500000005 0.2953125 0.10117187500000005 0.2953125 0.12031250000000004 0.3578125 0.12031250000000004
5 0.4578125 0.07226562500000006 0.435546875 0.07226562500000004 0.435546875 0.15312500000000004 0.4578125 0.15312500000000004
5 0.584375 0.10312500000000006 0.511328125 0.10312500000000005 0.511328125 0.12968750000000007 0.584375 0.1296875000000001
5 0.6921875 0.10781250000000009 0.625 0.10781250000000009 0.625 0.1296875000000001 0.6921875 0.1296875000000001
5 0.246875 0.017187500000000026 0.1671875 0.017187500000000022 0.1671875 0.04062500000000003 0.246875 0.040625000000000036
5 0.1453125 0.012109375000000012 0.065625 0.012109375000000009 0.065625 0.04531250000000002 0.1453125 0.04531250000000002
5 0.446875 5.338694640032993e-17 0.425 5.204748896376251e-17 0.425 0.07500000000000004 0.446875 0.07500000000000004
5 0.3453125 4.0566425221756075e-17 0.3171875 3.884426566045511e-17 0.3171875 0.07812500000000004 0.3453125 0.07812500000000004
5 0.5921875 0.022265625000000067 0.497265625 0.02226562500000006 0.497265625 0.04531250000000007 0.5921875 0.045312500000000075
5 0.675 0.026953125000000078 0.60625 0.026953125000000078 0.60625 0.045312500000000075 0.675 0.045312500000000075
5 0.7828125 0.005078125000000095 0.758984375 0.005078125000000093 0.758984375 0.07460937500000009 0.7828125 0.07460937500000009
5 0.88125 1.0646294732431386e-16 0.857421875 1.050038954737672e-16 0.857421875 0.08281250000000011 0.88125 0.08281250000000011
5 0.990625 0.032421875000000114 0.928125 0.032421875000000114 0.928125 0.05156250000000011 0.990625 0.05156250000000011