5 0.4953125 0.616015625 0.4625 0.616015625 0.4625 0.6828125 0.4953125 0.6828125
5 0.4328125 0.619140625 0.3957031250000001 0.619140625 0.3957031250000001 0.678125 0.4328125 0.678125
5 0.37968750000000007 0.6328125 0.31718750000000007 0.6328125 0.31718750000000007 0.66875 0.37968750000000007 0.66875
5 0.3140625000000001 0.634375 0.2550781250000001 0.634375 0.2550781250000001 0.671875 0.3140625000000001 0.671875
5 0.6296875 0.6421875 0.565234375 0.6421875 0.565234375 0.678125 0.6296875 0.678125
5 0.22812500000000008 0.630859375 0.18554687500000008 0.630859375 0.18554687500000008 0.6984375 0.22812500000000008 0.6984375
5 0.9515625 0.6519531250000001 0.870703125 0.6519531250000001 0.870703125 0.6890625000000001 0.9515625 0.6890625000000001
5 0.784375 0.6472656250000002 0.74140625 0.6472656250000002 0.74140625 0.7265625000000002 0.7843750000000002 0.7265625000000002
5 0.15625 0.048437500000000015 0.075390625 0.04843750000000001 0.07539062500000002 0.09375000000000001 0.15625 0.09375000000000003
5 0.7187500000000001 0.721875 0.6328125 0.721875 0.6328125000000001 0.7625 0.7187500000000002 0.7625
5 0.08281250000000001 0.061328125 0.020312500000000004 0.061328125 0.020312500000000008 0.0984375 0.08281250000000002 0.0984375
5 0.5468750000000002 0.796875 0.4625000000000002 0.796875 0.4625000000000002 0.8421875 0.5468750000000002 0.8421875
5 0.6046875000000002 0.777734375 0.5628906250000002 0.777734375 0.5628906250000002 0.8640625 0.6046875000000002 0.8640625
5 0.4656250000000002 0.7984375 0.37968750000000007 0.7984375 0.37968750000000007 0.84375 0.4656250000000002 0.84375
5 0.37187500000000007 0.8015625 0.2984375000000001 0.8015625 0.2984375000000001 0.84375 0.37187500000000007 0.84375
5 0.2234375000000001 0.811328125 0.1390625000000001 0.811328125 0.1390625000000001 0.84375 0.2234375000000001 0.84375
5 0.2984375000000001 0.8078125 0.2218750000000001 0.8078125 0.2218750000000001 0.8484375 0.2984375000000001 0.8484375
5 0.1218750000000001 0.79375 0.08593750000000008 0.79375 0.0859375000000001 0.8734375 0.1218750000000001 0.8734375
5 0.99375 0.859375 0.9140625 0.859375 0.9140625 0.8953125 0.99375 0.8953125
5 0.9125 0.8609375 0.848828125 0.8609375 0.848828125 0.9015625 0.9125 0.9015625
5 0.846875 0.866015625 0.7750000000000001 0.866015625 0.7750000000000001 0.903125 0.846875 0.903125
5 0.621484375 0.04804687500000007 0.587890625 0.048046875000000065 0.587890625 0.1296875000000001 0.621484375 0.1296875000000001
5 0.7859375000000002 0.872265625 0.6921875000000002 0.872265625 0.6921875000000002 0.9140625 0.7859375000000002 0.9140625
5 0.6062500000000002 0.854296875 0.5652343750000002 0.854296875 0.5652343750000002 0.9359375 0.6062500000000002 0.9359375
5 0.7015625000000002 0.8796875 0.6250000000000002 0.8796875 0.6250000000000002 0.915625 0.7015625000000002 0.915625
5 0.3062500000000001 0.878125 0.22070312500000008 0.878125 0.22070312500000008 0.9234375 0.3062500000000001 0.9234375
5 0.5515625000000002 0.8796875 0.4671875000000002 0.8796875 0.4671875000000002 0.921875 0.5515625000000002 0.921875
5 0.44531250000000017 0.859375 0.40039062500000017 0.859375 0.40039062500000017 0.9453125 0.44531250000000017 0.9453125
5 0.3828125000000001 0.8828125 0.3031250000000001 0.8828125 0.3031250000000001 0.9234375 0.3828125000000001 0.9234375
5 0.2234375000000001 0.8828125 0.1437500000000001 0.8828125 0.1437500000000001 0.9234375 0.2234375000000001 0.9234375
5 0.12968750000000012 0.865625 0.08242187500000012 0.865625 0.08242187500000012 0.946875 0.12968750000000012 0.946875
5 0.9984375 0.07460937500000012 0.924609375 0.07460937500000012 0.924609375 0.11718750000000014 0.9984375 0.11718750000000014
5 0.5375 0.08085937500000007 0.464453125 0.08085937500000007 0.464453125 0.11406250000000004 0.5375 0.11406250000000004
5 0.859375 0.06718750000000011 0.828125 0.06718750000000011 0.828125 0.1390625000000001 0.859375 0.1390625000000001
5 0.07187500000000002 0.13671875 0.032031250000000025 0.13671875 0.032031250000000025 0.225 0.07187500000000002 0.225
5 0.18750000000000003 0.16406250000000003 0.09843750000000002 0.1640625 0.09843750000000002 0.20625 0.18750000000000006 0.20625
5 0.246875 0.14531250000000004 0.207421875 0.14531250000000004 0.207421875 0.23203125 0.246875 0.23203125
5 0.9734375 0.15820312500000014 0.940625 0.15820312500000014 0.940625 0.23437500000000008 0.9734375 0.23437500000000008
5 0.8921875 0.15585937500000008 0.8546875 0.15585937500000008 0.8546875 0.2375000000000001 0.8921875 0.2375000000000001
5 0.3609375 0.19531250000000006 0.2765625 0.19531250000000006 0.2765625 0.228125 0.3609375 0.228125
5 0.7953125 0.19726562500000008 0.71875 0.19726562500000008 0.71875 0.2296875000000001 0.7953125 0.2296875000000001
5 0.5765625 0.2003906250000001 0.5046875 0.2003906250000001 0.5046875 0.2328125000000001 0.5765625 0.2328125000000001
5 0.707421875 0.1800781250000001 0.669140625 0.1800781250000001 0.669140625 0.2531250000000001 0.707421875 0.2531250000000001
5 0.6375 0.18125000000000008 0.594921875 0.18125000000000008 0.594921875 0.25468750000000007 0.6375 0.25468750000000007
5 0.478125 0.18945312500000006 0.440625 0.18945312500000006 0.440625 0.2609375000000001 0.478125 0.2609375000000001
5 0.421875 0.21132812500000003 0.3578125 0.211328125 0.3578125 0.23906250000000004 0.421875 0.2390625000000001
5 0.996875 0.2636718750000001 0.911328125 0.2636718750000001 0.911328125 0.30156250000000007 0.996875 0.30156250000000007
5 0.89375 0.2394531250000001 0.855859375 0.2394531250000001 0.855859375 0.3261718750000001 0.89375 0.3261718750000001
5 0.07343750000000003 0.242578125 0.03593750000000003 0.242578125 0.03593750000000004 0.3265625 0.07343750000000004 0.3265625
5 0.16562500000000005 0.242578125 0.12773437500000004 0.242578125 0.12773437500000004 0.329296875 0.16562500000000005 0.329296875
5 0.828125 0.2667968750000001 0.747265625 0.2667968750000001 0.747265625 0.3046875000000001 0.828125 0.3046875000000001
5 0.2515625 0.243359375 0.21796875 0.243359375 0.21796875 0.3265625 0.2515625 0.3265625
5 0.7046875 0.2597656250000001 0.67109375 0.2597656250000001 0.67109375 0.3359375000000001 0.7046875 0.3359375000000001
5 0.58125 0.2843750000000001 0.5046875 0.2843750000000001 0.5046875 0.3125000000000001 0.58125 0.3125000000000001
5 0.63125 0.2640625000000001 0.596484375 0.2640625000000001 0.596484375 0.3335937500000001 0.63125 0.3335937500000001
5 0.428125 0.29375000000000007 0.359375 0.29375 0.359375 0.32031250000000006 0.428125 0.3203125000000001
5 0.503125 0.2925781250000001 0.43125 0.2925781250000001 0.43125 0.32500000000000007 0.503125 0.32500000000000007
5 0.6421875 0.3746093750000001 0.6046875 0.3746093750000001 0.6046875 0.45 0.6421875 0.45
5 0.425 0.3769531250000001 0.38750000000000007 0.3769531250000001 0.38750000000000007 0.4484375 0.425 0.4484375
5 0.5671875 0.3769531250000001 0.52421875 0.3769531250000001 0.52421875 0.453125 0.5671875 0.453125
5 0.2171875000000001 0.3953125 0.13750000000000004 0.3953125 0.13750000000000004 0.4359375 0.2171875000000001 0.4359375
5 0.8015625 0.3773437500000001 0.76171875 0.3773437500000001 0.76171875 0.45312500000000017 0.8015625 0.45312500000000017
5 0.49375 0.3781250000000001 0.451171875 0.3781250000000001 0.451171875 0.4515625 0.49375 0.4515625
5 0.3500000000000001 0.378515625 0.3082031250000001 0.378515625 0.3082031250000001 0.4515625 0.3500000000000001 0.4515625
5 0.14062500000000006 0.397265625 0.05507812500000005 0.397265625 0.05507812500000005 0.434375 0.14062500000000006 0.434375
5 0.2734375000000001 0.376953125 0.2312500000000001 0.376953125 0.2312500000000001 0.45625 0.2734375000000001 0.45625
5 0.259375 0.02500000000000003 0.178125 0.025000000000000022 0.178125 0.07031250000000003 0.259375 0.07031250000000003
5 0.321875 0.005078125000000037 0.283984375 0.005078125000000035 0.283984375 0.09179687500000004 0.321875 0.09179687500000004
5 0.7984375 0.4488281250000002 0.765625 0.4488281250000002 0.765625 0.5156250000000002 0.7984375 0.5156250000000002
5 0.64375 0.45078125 0.60390625 0.45078125 0.60390625 0.5296875 0.64375 0.5296875
5 0.871875 0.4527343750000002 0.834375 0.4527343750000002 0.834375 0.5281250000000002 0.871875 0.5281250000000002
5 0.7125 0.451171875 0.67578125 0.451171875 0.67578125 0.5296875 0.7125 0.5296875
5 0.56875 0.45546875 0.52890625 0.45546875 0.52890625 0.53125 0.56875 0.53125
5 0.3531250000000001 0.4609375 0.31523437500000007 0.4609375 0.31523437500000007 0.5296875 0.3531250000000001 0.5296875
5 0.4359375 0.471875 0.3722656250000001 0.471875 0.3722656250000001 0.5203125 0.4359375 0.5203125
5 0.5109375 0.4765625 0.4390625 0.4765625 0.4390625 0.5171875 0.5109375 0.5171875
5 0.2953125000000001 0.4765625 0.21875000000000008 0.4765625 0.21875000000000008 0.5171875 0.2953125000000001 0.5171875
5 0.2000000000000001 0.45859375 0.16015625000000006 0.45859375 0.16015625000000006 0.534375 0.2000000000000001 0.534375
5 0.95625 0.5875000000000001 0.875390625 0.5875000000000001 0.875390625 0.6234375000000002 0.95625 0.6234375000000002
5 0.43125 0.03906250000000005 0.346875 0.03906250000000004 0.346875 0.08750000000000005 0.43125 0.08750000000000005