5 0.153125 0.1171875 0.06992187500000002 0.1171875 0.06992187500000002 0.24375 0.15312500000000004 0.24375
5 0.4234375 0.14375000000000004 0.303125 0.14375000000000004 0.303125 0.22812500000000005 0.4234375 0.22812500000000008
5 0.5390625 0.12656250000000005 0.455078125 0.12656250000000005 0.455078125 0.27031250000000007 0.5390625 0.27031250000000007
5 0.70625 0.14804687500000008 0.6328125 0.14804687500000008 0.6328125 0.2718750000000001 0.70625 0.2718750000000001
5 0.8453125 0.1609375000000001 0.76875 0.1609375000000001 0.76875 0.2812500000000001 0.8453125 0.2812500000000001
5 0.99375 0.1828125000000001 0.8828125 0.1828125000000001 0.8828125 0.2687500000000001 0.99375 0.2687500000000001
5 0.5390625 6.247612186275168e-17 0.48125 5.893612720896637e-17 0.48125 0.08906250000000007 0.5390625 0.08906250000000007
5 0.8875 1.0160741411675698e-16 0.771875 9.452742480918633e-17 0.771875 0.0578125000000001 0.8875 0.057812500000000114
5 0.4109375 4.628303820996344e-17 0.344921875 4.2240747017465344e-17 0.344921875 0.09843750000000004 0.4109375 0.09843750000000004
5 0.9890625 1.167719858093238e-16 0.91796875 1.1241874914047968e-16 0.91796875 0.08125000000000011 0.9890625 0.08125000000000011
5 0.30625 2.975509019803335e-17 0.1796875 2.2005372172179003e-17 0.1796875 0.07968750000000004 0.30625 0.07968750000000005
5 0.43125 0.38515625000000003 0.35234375000000007 0.38515625 0.35234375000000007 0.5 0.43125 0.5
5 0.09375000000000006 0.403515625 4.941641185621937e-17 0.403515625 5.494167378205997e-17 0.49375 0.09375000000000007 0.49375
5 0.5453125 0.3984375000000001 0.466015625 0.3984375000000001 0.466015625 0.515625 0.5453125 0.515625
5 0.32500000000000007 0.415625 0.2312500000000001 0.415625 0.2312500000000001 0.509375 0.32500000000000007 0.509375
5 0.2062500000000001 0.397265625 0.12500000000000006 0.397265625 0.12500000000000006 0.53125 0.2062500000000001 0.53125
5 0.7125 0.440625 0.5921875 0.440625 0.5921875 0.503125 0.7125 0.503125
5 0.8609375 0.45039062500000016 0.7359375 0.45039062500000016 0.7359375 0.5140625000000002 0.8609375 0.5140625000000002
5 0.959375 0.43359375000000017 0.89296875 0.43359375000000017 0.89296875 0.5484375000000001 0.959375 0.5484375000000001
5 0.3265625000000001 0.5625 0.2328125000000001 0.5625 0.2328125000000001 0.6390625 0.3265625000000001 0.6390625
5 0.44375 0.5625 0.32695312500000007 0.5625 0.32695312500000007 0.646875 0.44375 0.646875
5 0.5375 0.560546875 0.465234375 0.560546875 0.465234375 0.6609375 0.5375 0.6609375
5 0.08750000000000008 0.57578125 0.01171875000000007 0.57578125 0.011718750000000076 0.675 0.08750000000000009 0.675
5 0.2312500000000001 0.5890625 0.10156250000000008 0.5890625 0.10156250000000008 0.678125 0.2312500000000001 0.678125
5 0.678125 0.586328125 0.608984375 0.586328125 0.608984375 0.704296875 0.678125 0.704296875
5 0.8359375 0.6171875000000001 0.723828125 0.6171875 0.723828125 0.690625 0.8359375 0.6906250000000002
5 0.9703125 0.6300781250000002 0.848828125 0.6300781250000002 0.848828125 0.6890625000000001 0.9703125 0.6890625000000001