5 0.153125 0.11796875 0.06992187500000002 0.11796875 0.06992187500000002 0.24375 0.15312500000000004 0.24375
5 0.4046875 0.12578125000000004 0.32109375 0.12578125000000004 0.32109375 0.24531250000000004 0.4046875 0.2453125000000001
5 0.5390625 0.12656250000000005 0.455078125 0.12656250000000005 0.455078125 0.27031250000000007 0.5390625 0.27031250000000007
5 0.70625 0.14804687500000008 0.6328125 0.14804687500000008 0.6328125 0.2718750000000001 0.70625 0.2718750000000001
5 0.8453125 0.1609375000000001 0.76875 0.1609375000000001 0.76875 0.2812500000000001 0.8453125 0.2812500000000001
5 0.99375 0.1832031250000001 0.8828125 0.18320312500000008 0.8828125 0.2687500000000001 0.99375 0.2687500000000001
5 0.5390625 6.247612186275168e-17 0.48125 5.893612720896637e-17 0.48125 0.08906250000000007 0.5390625 0.08906250000000007
5 0.8875 1.0160741411675698e-16 0.771875 9.452742480918633e-17 0.771875 0.0578125000000001 0.8875 0.057812500000000114
5 0.44375 4.633087597555514e-17 0.312890625 3.831805023894648e-17 0.312890625 0.06718750000000004 0.44375 0.06718750000000004
5 0.9890625 1.167719858093238e-16 0.91796875 1.1241874914047968e-16 0.91796875 0.08125000000000011 0.9890625 0.08125000000000011
5 0.30625 2.975509019803335e-17 0.1796875 2.2005372172179003e-17 0.1796875 0.07968750000000004 0.30625 0.07968750000000005
5 0.45 0.403125 0.3343750000000001 0.403125 0.3343750000000001 0.4828125 0.45 0.4828125
5 0.09218750000000006 0.401953125 0.0015625000000000493 0.401953125 0.0015625000000000547 0.4953125 0.09218750000000006 0.4953125
5 0.5453125 0.3984375000000001 0.466015625 0.3984375000000001 0.466015625 0.515625 0.5453125 0.515625
5 0.32500000000000007 0.415625 0.2312500000000001 0.415625 0.2312500000000001 0.509375 0.32500000000000007 0.509375
5 0.2328125000000001 0.423828125 0.09843750000000004 0.423828125 0.09843750000000005 0.5046875 0.2328125000000001 0.5046875
5 0.6828125 0.41171875 0.62109375 0.41171875 0.62109375 0.53125 0.6828125 0.53125
5 0.8609375 0.4496093750000002 0.7359375 0.4496093750000002 0.7359375 0.5140625000000002 0.8609375 0.5140625000000002
5 0.984375 0.4578125000000002 0.86875 0.4578125000000002 0.86875 0.5250000000000001 0.984375 0.5250000000000001
5 0.31718750000000007 0.55390625 0.2414062500000001 0.55390625 0.2414062500000001 0.646875 0.31718750000000007 0.646875
5 0.4265625 0.54609375 0.3433593750000001 0.54609375 0.3433593750000001 0.6625 0.4265625 0.6625
5 0.5375 0.559765625 0.464453125 0.559765625 0.464453125 0.660546875 0.5375 0.660546875
5 0.10000000000000009 0.5875 7.1947999449907e-17 0.5875 7.663610047789296e-17 0.6640625 0.10000000000000009 0.6640625
5 0.2312500000000001 0.5890625 0.10156250000000008 0.5890625 0.10156250000000008 0.678125 0.2312500000000001 0.678125
5 0.7015625 0.611328125 0.584765625 0.611328125 0.584765625 0.6796875 0.7015625 0.6796875
5 0.8359375 0.6175781250000001 0.723046875 0.617578125 0.723046875 0.690625 0.8359375 0.6906250000000002
5 0.9703125 0.6300781250000002 0.848828125 0.6300781250000002 0.848828125 0.6890625000000001 0.9703125 0.6890625000000001