5 0.819112628125 0.0802047781250001 0.7431740609374999 0.08020477812500008 0.7431740609374999 0.1066552906250001 0.819112628125 0.1066552906250001
5 0.715017065625 0.08873720156250009 0.6467576796875 0.08873720156250009 0.6467576796875 0.11006825937500009 0.715017065625 0.11006825937500009
5 0.5938566546875 0.08873720156250006 0.5042662109375 0.08873720156250006 0.5042662109375 0.11518771406250006 0.5938566546875 0.11518771406250009
5 0.47952218437500005 0.09044368593750005 0.3984641640625 0.09044368593750005 0.3984641640625 0.11945392500000004 0.47952218437500005 0.11945392500000004
5 0.3549488046875 0.09556314062500004 0.28156996562500003 0.09556314062500004 0.28156996562500003 0.11945392500000004 0.3549488046875 0.11945392500000004
5 0.8549488046875 9.937193734365726e-17 0.7679180890625 9.404284297777426e-17 0.7679180890625 0.0230375421875001 0.8549488046875 0.023037542187500107
5 0.9658703078125 1.129559036238462e-16 0.8788395906250001 1.0762680916228766e-16 0.8788395906250001 0.028156996875000118 0.9658703078125 0.028156996875000125
5 0.6075085328125 0.0017064843750000686 0.5153583625 0.001706484375000063 0.5153583625 0.02559727031250007 0.6075085328125 0.025597270312500076
5 0.7252559734374999 8.270545585067464e-17 0.625426621875 7.659267105807607e-17 0.625426621875 0.029863481250000084 0.7252559734374999 0.02986348125000009
5 0.4948805453125 0.001706484375000054 0.38993174062499997 0.0017064843750000478 0.38993174062499997 0.02815699687500005 0.4948805453125 0.028156996875000055
5 0.37542662187500003 0.006825939062500041 0.2994880546875 0.006825939062500036 0.2994880546875 0.02815699687500004 0.37542662187500003 0.028156996875000045
5 0.2337883953125 0.008532423437500023 0.1578498296875 0.00853242343750002 0.1578498296875 0.03498293437500003 0.2337883953125 0.03498293437500004
5 0.1348122859375 0.008532423437500011 0.0401023890625 0.008532423437500006 0.0401023890625 0.03498293437500001 0.1348122859375 0.03498293437500001
5 0.023890784375 0.013651876562500003 1.6718726934620398e-18 0.013651876562500002 2.978023277087303e-18 0.034982934375000004 0.023890784375000005 0.034982934375000004