5 0.79375 0.05535409531250009 0.767456803125 0.05535409531250009 0.767456803125 0.1296875000000001 0.79375 0.1296875000000001
5 0.690625 0.06491040937500009 0.6703125 0.06491040937500009 0.6703125 0.13281250000000008 0.690625 0.13281250000000008
5 0.5921875 0.08835590937500007 0.50410889375 0.08835590937500007 0.50410889375 0.11406250000000007 0.5921875 0.1140625000000001
5 0.4515625 0.06448912031250005 0.42474935937499997 0.06448912031250005 0.42474935937499997 0.14531250000000004 0.4515625 0.14531250000000004
5 0.3296875 0.07052847812500004 0.3067912765625 0.07052847812500004 0.3067912765625 0.14375000000000004 0.3296875 0.14375000000000004
5 0.821875 9.931822194315838e-17 0.8001146546875001 9.798578508139367e-17 0.8001146546875001 0.0546875000000001 0.821875 0.05468750000000011
5 0.965625 0.00001599843750011297 0.879319540625 0.000015998437500107683 0.879319540625 0.028125000000000115 0.965625 0.028125000000000122
5 0.60625 0.0015625000000000686 0.5156436640625001 0.0015625000000000632 0.5156436640625001 0.02500000000000007 0.60625 0.025000000000000078
5 0.6890625 8.26259438394049e-17 0.660321565625 8.086606917506251e-17 0.660321565625 0.06406250000000009 0.6890625 0.06406250000000009
5 0.4546875 5.41267173571579e-17 0.4292688765625 5.257027556558459e-17 0.4292688765625 0.06718750000000005 0.4546875 0.06718750000000007
5 0.37343750045097046 0.006521971875000044 0.29953071562500005 0.0065219703125000365 0.2995307151740295 0.02785302812500004 0.3734375 0.027853029687500048
5 0.2078125 2.3946148695749974e-17 0.1832577859375 2.244260609671902e-17 0.1832577859375 0.059375000000000025 0.2078125 0.059375000000000025
5 0.1 1.0627984157922448e-17 0.07356815312500001 9.009500324371361e-18 0.07356815312500001 0.06718750000000001 0.1 0.06718750000000002
5 0.023437500000000003 0.014062500000000002 1.7221595613009655e-18 0.0140625 2.965941466684996e-18 0.034375 0.023437500000000007 0.034375