5 0.5125 0.6328125 0.4453125 0.6328125 0.4453125 0.66640625 0.5125 0.66640625
5 0.44453125 0.6296875 0.3843750000000001 0.6296875 0.3843750000000001 0.66796875 0.44453125 0.66796875
5 0.37968750000000007 0.6328125 0.31718750000000007 0.6328125 0.31718750000000007 0.66875 0.37968750000000007 0.66875
5 0.3148437500000001 0.634375 0.25468750000000007 0.634375 0.25468750000000007 0.67265625 0.3148437500000001 0.67265625
5 0.63046875 0.6421875 0.565625 0.6421875 0.565625 0.678125 0.63046875 0.678125
5 0.2414062500000001 0.64375 0.17187500000000008 0.64375 0.17187500000000008 0.68671875 0.2414062500000001 0.68671875
5 0.95234375 0.6515625000000002 0.8703125 0.6515625000000002 0.8703125 0.6898437500000002 0.95234375 0.6898437500000002
5 0.803125 0.6656250000000001 0.7234375 0.665625 0.7234375 0.7085937500000001 0.803125 0.7085937500000001
5 0.15703125 0.048437500000000015 0.075 0.04843750000000001 0.07500000000000001 0.09375000000000001 0.15703125 0.09375000000000003
5 0.7195312500000001 0.721875 0.6328125 0.721875 0.6328125000000001 0.7625 0.7195312500000002 0.7625
5 0.08281250000000001 0.0609375 0.020312500000000004 0.0609375 0.020312500000000008 0.09921875 0.08281250000000002 0.09921875
5 0.5468750000000002 0.796875 0.4625000000000002 0.796875 0.4625000000000002 0.8421875 0.5468750000000002 0.8421875
5 0.6273437500000002 0.8 0.5406250000000001 0.8 0.5406250000000001 0.84296875 0.6273437500000002 0.84296875
5 0.4664062500000002 0.7984375 0.37968750000000007 0.7984375 0.37968750000000007 0.84375 0.4664062500000002 0.84375
5 0.3726562500000001 0.8015625 0.2984375000000001 0.8015625 0.2984375000000001 0.84453125 0.3726562500000001 0.84453125
5 0.2234375000000001 0.8109375 0.1390625000000001 0.8109375 0.1390625000000001 0.84453125 0.2234375000000001 0.84453125
5 0.2984375000000001 0.8078125 0.2218750000000001 0.8078125 0.2218750000000001 0.8484375 0.2984375000000001 0.8484375
5 0.1437500000000001 0.815625 0.06406250000000009 0.815625 0.0640625000000001 0.8515625 0.1437500000000001 0.8515625
5 0.99375 0.859375 0.9140625 0.859375 0.9140625 0.8953125 0.99375 0.8953125
5 0.91328125 0.8609375 0.8484375 0.8609375 0.8484375 0.9015625 0.91328125 0.9015625
5 0.846875 0.865625 0.7750000000000001 0.865625 0.7750000000000001 0.90390625 0.846875 0.90390625
5 0.64609375 0.07187500000000008 0.5640625 0.07187500000000006 0.5640625 0.10546875000000008 0.64609375 0.10546875000000008
5 0.7859375000000002 0.871875 0.6921875000000002 0.871875 0.6921875000000002 0.91484375 0.7859375000000002 0.91484375
5 0.6273437500000002 0.8734375 0.5453125000000002 0.8734375 0.5453125000000002 0.91640625 0.6273437500000002 0.91640625
5 0.7015625000000002 0.8796875 0.6250000000000002 0.8796875 0.6250000000000002 0.915625 0.7015625000000002 0.915625
5 0.3070312500000001 0.878125 0.22031250000000008 0.878125 0.22031250000000008 0.9234375 0.3070312500000001 0.9234375
5 0.5515625000000002 0.8796875 0.4671875000000002 0.8796875 0.4671875000000002 0.92265625 0.5515625000000002 0.92265625
5 0.4664062500000002 0.8796875 0.37968750000000007 0.8796875 0.37968750000000007 0.925 0.4664062500000002 0.925
5 0.3828125000000001 0.8828125 0.3031250000000001 0.8828125 0.3031250000000001 0.9234375 0.3828125000000001 0.9234375
5 0.2234375000000001 0.8828125 0.1437500000000001 0.8828125 0.1437500000000001 0.9234375 0.2234375000000001 0.9234375
5 0.1476562500000001 0.8828125 0.06562500000000011 0.8828125 0.06562500000000011 0.93125 0.14765625000000013 0.93125
5 0.99921875 0.07500000000000012 0.925 0.07500000000000011 0.925 0.11796875000000014 0.99921875 0.11796875000000014
5 0.53828125 0.08125000000000007 0.4640625 0.08125000000000007 0.4640625 0.11484375000000005 0.53828125 0.11484375000000005
5 0.8796875 0.0875000000000001 0.8078125 0.08750000000000009 0.8078125 0.11875000000000009 0.8796875 0.11875000000000009
5 0.09687500000000002 0.1609375 0.007812500000000019 0.1609375 0.007812500000000023 0.2015625 0.09687500000000002 0.2015625
5 0.18750000000000003 0.16406250000000003 0.09843750000000002 0.1640625 0.09843750000000002 0.20703125 0.18750000000000006 0.20703125
5 0.27109375 0.16875000000000004 0.184375 0.16875000000000004 0.184375 0.209375 0.27109375 0.209375
5 0.9953125 0.17968750000000014 0.91875 0.17968750000000014 0.91875 0.2132812500000001 0.9953125 0.2132812500000001
5 0.91484375 0.17812500000000012 0.8328125 0.1781250000000001 0.8328125 0.21640625000000008 0.91484375 0.21640625000000008
5 0.3609375 0.19531250000000006 0.2765625 0.19531250000000006 0.2765625 0.22890625 0.3609375 0.22890625
5 0.7953125 0.19687500000000008 0.71875 0.19687500000000008 0.71875 0.23046875000000008 0.7953125 0.23046875000000008
5 0.5765625 0.2000000000000001 0.5046875 0.2000000000000001 0.5046875 0.2335937500000001 0.5765625 0.2335937500000001
5 0.72578125 0.1984375000000001 0.6515625 0.1984375000000001 0.6515625 0.2367187500000001 0.72578125 0.2367187500000001
5 0.65390625 0.19687500000000008 0.5796875 0.19687500000000008 0.5796875 0.23984375000000008 0.65390625 0.23984375000000008
5 0.4953125 0.2062500000000001 0.4234375 0.2062500000000001 0.4234375 0.2445312500000001 0.4953125 0.2445312500000001
5 0.42265625 0.21093750000000006 0.3578125 0.2109375 0.3578125 0.23984375000000005 0.42265625 0.23984375000000008
5 0.99765625 0.2640625000000001 0.9109375 0.2640625000000001 0.9109375 0.3023437500000001 0.99765625 0.3023437500000001
5 0.91796875 0.2640625000000001 0.83125 0.2640625000000001 0.83125 0.3023437500000001 0.91796875 0.3023437500000001
5 0.09687500000000003 0.265625 0.012500000000000034 0.265625 0.012500000000000035 0.30390625 0.09687500000000004 0.30390625
5 0.18984375000000003 0.2671875 0.10312500000000005 0.2671875 0.10312500000000005 0.30546875 0.18984375000000003 0.30546875
5 0.82890625 0.2671875000000001 0.746875 0.2671875000000001 0.746875 0.30546875000000007 0.82890625 0.30546875000000007
5 0.2765625 0.26875 0.19218750000000004 0.26875 0.19218750000000004 0.30234375 0.2765625 0.30234375
5 0.7265625 0.2812500000000001 0.65 0.2812500000000001 0.65 0.3148437500000001 0.7265625 0.3148437500000001
5 0.58125 0.2843750000000001 0.5046875 0.2843750000000001 0.5046875 0.31328125000000007 0.58125 0.31328125000000007
5 0.64921875 0.2812500000000001 0.5796875 0.2812500000000001 0.5796875 0.31718750000000007 0.64921875 0.31718750000000007
5 0.42890625 0.29375000000000007 0.359375 0.29375 0.359375 0.32031250000000006 0.42890625 0.3203125000000001
5 0.503125 0.2921875000000001 0.43125 0.2921875000000001 0.43125 0.3257812500000001 0.503125 0.3257812500000001
5 0.6625 0.3937500000000001 0.5859375 0.3937500000000001 0.5859375 0.43203125 0.6625 0.43203125
5 0.4421875 0.3937500000000001 0.3703125000000001 0.3937500000000001 0.3703125000000001 0.43203125 0.4421875 0.43203125
5 0.584375 0.3937500000000001 0.5078125 0.3937500000000001 0.5078125 0.43671875 0.584375 0.43671875
5 0.2171875000000001 0.3953125 0.13750000000000004 0.3953125 0.13750000000000004 0.4359375 0.2171875000000001 0.4359375
5 0.8203125 0.39531250000000007 0.74375 0.39531250000000007 0.74375 0.4359375000000002 0.8203125 0.4359375000000002
5 0.51015625 0.3937500000000001 0.4359375 0.3937500000000001 0.4359375 0.43671875 0.51015625 0.43671875
5 0.3664062500000001 0.39375000000000004 0.2921875000000001 0.39375 0.2921875000000001 0.43671875 0.3664062500000001 0.43671875
5 0.14140625000000004 0.396875 0.05468750000000004 0.396875 0.05468750000000004 0.43515625 0.14140625000000004 0.43515625
5 0.2921875000000001 0.3953125 0.21250000000000008 0.3953125 0.21250000000000008 0.43828125 0.2921875000000001 0.43828125
5 0.26015625 0.02500000000000003 0.178125 0.025000000000000022 0.178125 0.07031250000000003 0.26015625 0.07031250000000003
5 0.34609375 0.02968750000000004 0.259375 0.029687500000000033 0.259375 0.06796875000000004 0.34609375 0.06796875000000005
5 0.815625 0.4656250000000002 0.7484375 0.4656250000000002 0.7484375 0.49921875000000016 0.815625 0.49921875000000016
5 0.6640625 0.4703125 0.584375 0.4703125 0.584375 0.5109375 0.6640625 0.5109375
5 0.8921875 0.47187500000000016 0.815625 0.47187500000000016 0.815625 0.5101562500000002 0.8921875 0.5101562500000002
5 0.734375 0.4718750000000001 0.6546875 0.471875 0.6546875 0.5101562500000001 0.734375 0.5101562500000002
5 0.5875 0.4734375 0.5109375 0.4734375 0.5109375 0.5140625 0.5875 0.5140625
5 0.3695312500000001 0.4765625 0.3000000000000001 0.4765625 0.3000000000000001 0.51484375 0.3695312500000001 0.51484375
5 0.43671875 0.471875 0.37187500000000007 0.471875 0.37187500000000007 0.5203125 0.43671875 0.5203125
5 0.5109375 0.4765625 0.4390625 0.4765625 0.4390625 0.5171875 0.5109375 0.5171875
5 0.2953125000000001 0.4765625 0.21875000000000008 0.4765625 0.21875000000000008 0.5171875 0.2953125000000001 0.5171875
5 0.21875000000000008 0.4765625 0.14218750000000005 0.4765625 0.14218750000000005 0.5171875 0.21875000000000008 0.5171875
5 0.95703125 0.5875000000000001 0.875 0.5875000000000001 0.875 0.6234375000000002 0.95703125 0.6234375000000002
5 0.43125 0.03906250000000005 0.346875 0.03906250000000004 0.346875 0.08750000000000005 0.43125 0.08750000000000005