5 0.5125 0.6328125 0.4453125 0.6328125 0.4453125 0.665625 0.5125 0.665625
5 0.44375 0.630078125 0.3843750000000001 0.630078125 0.3843750000000001 0.6671875 0.44375 0.6671875
5 0.3656250000000001 0.61953125 0.3304687500000001 0.61953125 0.3304687500000001 0.68125 0.3656250000000001 0.68125
5 0.3140625000000001 0.634375 0.2550781250000001 0.634375 0.2550781250000001 0.671875 0.3140625000000001 0.671875
5 0.6296875 0.6421875 0.565234375 0.6421875 0.565234375 0.678125 0.6296875 0.678125
5 0.2406250000000001 0.644140625 0.17187500000000008 0.644140625 0.17187500000000008 0.6859375 0.2406250000000001 0.6859375
5 0.9515625 0.6519531250000001 0.870703125 0.6519531250000001 0.870703125 0.6890625000000001 0.9515625 0.6890625000000001
5 0.803125 0.6660156250000001 0.7234375 0.666015625 0.7234375 0.7078125000000001 0.803125 0.7078125000000002
5 0.1375 0.030468750000000017 0.093359375 0.03046875000000001 0.09335937500000001 0.1109375 0.1375 0.1109375
5 0.7187500000000001 0.721875 0.6328125 0.721875 0.6328125000000001 0.7625 0.7187500000000002 0.7625
5 0.08281250000000001 0.061328125 0.020312500000000004 0.061328125 0.020312500000000008 0.0984375 0.08281250000000002 0.0984375
5 0.5265625000000002 0.77734375 0.4820312500000002 0.77734375 0.4820312500000002 0.8609375 0.5265625000000002 0.8609375
5 0.6046875000000002 0.777734375 0.5628906250000002 0.777734375 0.5628906250000002 0.8640625 0.6046875000000002 0.8640625
5 0.4656250000000002 0.7984375 0.3800781250000001 0.7984375 0.3800781250000001 0.84375 0.4656250000000002 0.84375
5 0.35625000000000007 0.7859375 0.3144531250000001 0.7859375 0.3144531250000001 0.859375 0.35625000000000007 0.859375
5 0.19687500000000008 0.785546875 0.1648437500000001 0.785546875 0.1648437500000001 0.86875 0.19687500000000008 0.86875
5 0.2984375000000001 0.8078125 0.2218750000000001 0.8078125 0.2218750000000001 0.8484375 0.2984375000000001 0.8484375
5 0.1437500000000001 0.815625 0.06406250000000009 0.815625 0.0640625000000001 0.8515625 0.1437500000000001 0.8515625
5 0.99375 0.859375 0.9140625 0.859375 0.9140625 0.8953125 0.99375 0.8953125
5 0.9 0.8484375 0.860546875 0.8484375 0.860546875 0.9125 0.9 0.9125
5 0.8296875 0.848828125 0.7921875000000002 0.848828125 0.7921875000000002 0.9203125 0.8296875 0.9203125
5 0.6453125 0.07226562500000008 0.564453125 0.07226562500000007 0.564453125 0.10468750000000009 0.6453125 0.10468750000000009
5 0.7609375000000002 0.846484375 0.7179687500000002 0.846484375 0.7179687500000002 0.9390625 0.7609375000000002 0.9390625
5 0.6265625000000001 0.8734375 0.5457031250000002 0.8734375 0.5457031250000002 0.915625 0.6265625000000001 0.915625
5 0.6812500000000001 0.859375 0.6453125000000002 0.859375 0.6453125000000002 0.9359375 0.6812500000000001 0.9359375
5 0.28593750000000007 0.8578125 0.2410156250000001 0.8578125 0.2410156250000001 0.94375 0.28593750000000007 0.94375
5 0.5296875000000002 0.858984375 0.48828125000000017 0.858984375 0.48828125000000017 0.9421875 0.5296875000000002 0.9421875
5 0.4656250000000002 0.8796875 0.3800781250000001 0.8796875 0.3800781250000001 0.925 0.4656250000000002 0.925
5 0.3828125000000001 0.8828125 0.3031250000000001 0.8828125 0.3031250000000001 0.9234375 0.3828125000000001 0.9234375
5 0.20312500000000008 0.86328125 0.1632812500000001 0.86328125 0.1632812500000001 0.9421875 0.20312500000000008 0.9421875
5 0.12968750000000012 0.865625 0.08242187500000012 0.865625 0.08242187500000012 0.946875 0.12968750000000012 0.946875
5 0.9984375 0.07460937500000012 0.924609375 0.07460937500000012 0.924609375 0.11718750000000014 0.9984375 0.11718750000000014
5 0.5171875 0.06093750000000007 0.483984375 0.06093750000000007 0.483984375 0.13437500000000005 0.5171875 0.13437500000000005
5 0.859375 0.06718750000000011 0.828125 0.06718750000000011 0.828125 0.1390625000000001 0.859375 0.1390625000000001
5 0.09687500000000002 0.1609375 0.007812500000000019 0.1609375 0.007812500000000023 0.2015625 0.09687500000000002 0.2015625
5 0.16406250000000003 0.141015625 0.121875 0.141015625 0.12187500000000002 0.2296875 0.16406250000000006 0.2296875
5 0.2703125 0.16875000000000004 0.183984375 0.16875000000000004 0.18398437500000003 0.209375 0.2703125 0.209375
5 0.9953125 0.17968750000000014 0.91875 0.17968750000000014 0.91875 0.21250000000000008 0.9953125 0.21250000000000008
5 0.9140625 0.17851562500000012 0.832421875 0.1785156250000001 0.832421875 0.2156250000000001 0.9140625 0.2156250000000001
5 0.3609375 0.19570312500000003 0.2765625 0.19570312500000003 0.2765625 0.228125 0.3609375 0.228125
5 0.7953125 0.19726562500000008 0.71875 0.19726562500000008 0.71875 0.2296875000000001 0.7953125 0.2296875000000001
5 0.5765625 0.19960937500000006 0.5046875 0.19960937500000003 0.5046875 0.2328125000000001 0.5765625 0.2328125000000001
5 0.725 0.1980468750000001 0.651953125 0.1980468750000001 0.651953125 0.23593750000000008 0.725 0.23593750000000008
5 0.653125 0.1964843750000001 0.580078125 0.1964843750000001 0.580078125 0.2390625000000001 0.653125 0.2390625000000001
5 0.4953125 0.2062500000000001 0.4234375 0.2062500000000001 0.4234375 0.24375000000000008 0.4953125 0.24375000000000008
5 0.404296875 0.19257812500000004 0.375390625 0.19257812500000004 0.375390625 0.2562500000000001 0.404296875 0.2562500000000001
5 0.996875 0.26445312500000007 0.9109375 0.26445312500000007 0.9109375 0.30156250000000007 0.996875 0.30156250000000007
5 0.893359375 0.24023437500000008 0.855078125 0.24023437500000008 0.855078125 0.3265625000000001 0.893359375 0.3265625000000001
5 0.09687500000000003 0.265625 0.012500000000000034 0.265625 0.012500000000000035 0.303125 0.09687500000000004 0.303125
5 0.16523437500000004 0.243359375 0.12695312500000006 0.243359375 0.12695312500000006 0.3296875 0.16523437500000004 0.3296875
5 0.80625 0.2453125000000001 0.768359375 0.2453125000000001 0.768359375 0.3265625000000001 0.80625 0.3265625000000001
5 0.2515625 0.243359375 0.21796875 0.243359375 0.21796875 0.3265625 0.2515625 0.3265625
5 0.7046875 0.2597656250000001 0.67109375 0.2597656250000001 0.67109375 0.3359375000000001 0.7046875 0.3359375000000001
5 0.55625 0.26054687500000007 0.52890625 0.26054687500000007 0.52890625 0.3359375000000001 0.55625 0.3359375000000001
5 0.6484375 0.2812500000000001 0.579296875 0.2812500000000001 0.579296875 0.31718750000000007 0.6484375 0.31718750000000007
5 0.428125 0.29375000000000007 0.359375 0.29375 0.359375 0.32031250000000006 0.428125 0.3203125000000001
5 0.4828125 0.2730468750000001 0.45 0.2730468750000001 0.45 0.3437500000000001 0.4828125 0.3437500000000001
5 0.6421875 0.3746093750000001 0.60546875 0.3746093750000001 0.60546875 0.45 0.6421875 0.45
5 0.4421875 0.3941406250000001 0.3703125000000001 0.3941406250000001 0.3703125000000001 0.43125 0.4421875 0.43125
5 0.584375 0.39335937500000007 0.5078125 0.39335937500000007 0.5078125 0.4359375 0.584375 0.4359375
5 0.19687500000000005 0.37578125 0.15703125000000004 0.37578125 0.15703125000000004 0.4546875 0.19687500000000005 0.4546875
5 0.8203125 0.39531250000000007 0.74375 0.39531250000000007 0.74375 0.4359375000000002 0.8203125 0.4359375000000002
5 0.509375 0.3941406250000001 0.4359375 0.3941406250000001 0.4359375 0.4359375 0.509375 0.4359375
5 0.3500000000000001 0.378125 0.30742187500000007 0.378125 0.30742187500000007 0.4515625 0.3500000000000001 0.4515625
5 0.14062500000000006 0.396875 0.05468750000000004 0.396875 0.05468750000000004 0.434375 0.14062500000000006 0.434375
5 0.2734375000000001 0.376953125 0.2312500000000001 0.376953125 0.2312500000000001 0.45625 0.2734375000000001 0.45625
5 0.240625 0.007031250000000028 0.196484375 0.007031250000000025 0.196484375 0.08750000000000002 0.240625 0.08750000000000002
5 0.3453125 0.03007812500000004 0.259765625 0.030078125000000032 0.259765625 0.06718750000000004 0.3453125 0.06718750000000004
5 0.815625 0.4652343750000002 0.7484375 0.4652343750000002 0.7484375 0.4984375000000002 0.815625 0.4984375000000002
5 0.64375 0.45078125 0.60390625 0.45078125 0.60390625 0.5296875 0.64375 0.5296875
5 0.871875 0.4527343750000002 0.83515625 0.4527343750000002 0.83515625 0.5281250000000002 0.871875 0.5281250000000002
5 0.7125 0.451171875 0.67578125 0.451171875 0.67578125 0.5296875 0.7125 0.5296875
5 0.56875 0.45546875 0.52890625 0.45546875 0.52890625 0.53125 0.56875 0.53125
5 0.3687500000000001 0.476953125 0.3000000000000001 0.476953125 0.3000000000000001 0.5140625 0.3687500000000001 0.5140625
5 0.4359375 0.471875 0.3722656250000001 0.471875 0.3722656250000001 0.5203125 0.4359375 0.5203125
5 0.5109375 0.4765625 0.4390625 0.4765625 0.4390625 0.5171875 0.5109375 0.5171875
5 0.2765625000000001 0.45859375 0.2367187500000001 0.45859375 0.2367187500000001 0.534375 0.2765625000000001 0.534375
5 0.21875000000000008 0.4765625 0.14218750000000005 0.4765625 0.14218750000000005 0.5171875 0.21875000000000008 0.5171875
5 0.9328125 0.5640625000000001 0.898046875 0.5640625000000001 0.898046875 0.6453125000000002 0.9328125 0.6453125000000002
5 0.43125 0.03906250000000005 0.346875 0.03906250000000004 0.346875 0.08750000000000005 0.43125 0.08750000000000005