5 0.79375 0.05535409531250009 0.767456803125 0.05535409531250009 0.767456803125 0.1296875000000001 0.79375 0.1296875000000001
5 0.690625 0.06563566406250008 0.670405825 0.06563566406250008 0.670405825 0.13281250000000008 0.690625 0.13281250000000008
5 0.5921875 0.08911849375000007 0.504423528125 0.08911849375000007 0.504423528125 0.11406250000000007 0.5921875 0.1140625000000001
5 0.478125 0.09062500000000005 0.39853348906249997 0.09062500000000004 0.39853348906249997 0.11875000000000005 0.478125 0.11875000000000005
5 0.3546875 0.09604042343750005 0.2818606015625 0.09604042343750005 0.2818606015625 0.11875000000000005 0.3546875 0.11875000000000005
5 0.821875 9.929373159041478e-17 0.799714696875 9.793680437590645e-17 0.799714696875 0.054538181250000095 0.821875 0.05453818125000011
5 0.9359375 1.1292651525795917e-16 0.90829245 1.1123374415822073e-16 0.90829245 0.05711390781250011 0.9359375 0.05711390781250011
5 0.60625 0.0015625000000000686 0.5156436640625001 0.0015625000000000632 0.5156436640625001 0.02500000000000007 0.60625 0.025000000000000078
5 0.7249146750000001 8.26636588467708e-17 0.6250853234375 7.655087405417224e-17 0.6250853234375 0.029687500000000082 0.7249146750000001 0.02968750000000009
5 0.4546875 5.41267173571579e-17 0.4292688765625 5.257027556558459e-17 0.4292688765625 0.06718750000000005 0.4546875 0.06718750000000007
5 0.346875 4.126880780748161e-17 0.3270957765625 4.0057679673863876e-17 0.3270957765625 0.05468750000000004 0.346875 0.05468750000000004
5 0.2078125 2.3946148695749974e-17 0.1832577859375 2.244260609671902e-17 0.1832577859375 0.059375000000000025 0.2078125 0.059375000000000025
5 0.1328125 0.009196351562500012 0.040059726562499995 0.009196351562500007 0.040059726562499995 0.034375 0.1328125 0.03437500000000001
5 0.023437500000000003 0.014062500000000002 0.00022664218750000176 0.0140625 0.000226642187500003 0.034375 0.023437500000000007 0.034375