5 0.17578125000000003 0.1390625 0.04843750000000002 0.1390625 0.04843750000000002 0.2234375 0.17578125000000006 0.2234375
5 0.4234375 0.14375000000000004 0.303125 0.14375000000000004 0.303125 0.22812500000000005 0.4234375 0.22812500000000008
5 0.56953125 0.15625000000000006 0.425 0.15625000000000006 0.425 0.2406250000000001 0.56953125 0.2406250000000001
5 0.7328125 0.17343750000000008 0.6078125 0.17343750000000008 0.6078125 0.24765625000000008 0.7328125 0.24765625000000008
5 0.8671875 0.1828125000000001 0.746875 0.1828125000000001 0.746875 0.2593750000000001 0.8671875 0.2593750000000001
5 0.99375 0.1828125000000001 0.8828125 0.1828125000000001 0.8828125 0.2695312500000001 0.99375 0.2695312500000001
5 0.5703125 6.247612186275169e-17 0.45 5.5109105961630896e-17 0.45 0.05781250000000006 0.5703125 0.057812500000000065
5 0.8875 1.0160741411675698e-16 0.771875 9.452742480918633e-17 0.771875 0.0578125000000001 0.8875 0.057812500000000114
5 0.44453125 4.635479485835099e-17 0.3125 3.827021247335479e-17 0.3125 0.06718750000000004 0.44453125 0.06718750000000004
5 1 1.168198235749155e-16 0.9078125 1.1117496723509566e-16 0.9078125 0.07187500000000012 1 0.07187500000000013
5 0.30703125 2.9802927963625043e-17 0.1796875 2.2005372172179003e-17 0.1796875 0.07968750000000004 0.30703125 0.07968750000000005
5 0.45 0.403125 0.3343750000000001 0.403125 0.3343750000000001 0.4828125 0.45 0.4828125
5 0.09375000000000006 0.403125 4.9368574090627673e-17 0.403125 5.4965592664855814e-17 0.49453125 0.09375000000000007 0.49453125
5 0.56484375 0.4171875 0.446875 0.4171875 0.446875 0.496875 0.56484375 0.496875
5 0.32500000000000007 0.415625 0.2312500000000001 0.415625 0.2312500000000001 0.509375 0.32500000000000007 0.509375
5 0.2328125000000001 0.4234375 0.09843750000000004 0.4234375 0.09843750000000005 0.50546875 0.2328125000000001 0.50546875
5 0.7125 0.440625 0.5921875 0.440625 0.5921875 0.503125 0.7125 0.503125
5 0.8609375 0.4500000000000002 0.7359375 0.4500000000000002 0.7359375 0.5148437500000002 0.8609375 0.5148437500000002
5 0.984375 0.4578125000000002 0.86875 0.4578125000000002 0.86875 0.5250000000000001 0.984375 0.5250000000000001
5 0.3265625000000001 0.5625 0.2328125000000001 0.5625 0.2328125000000001 0.6390625 0.3265625000000001 0.6390625
5 0.44453125 0.5625 0.3265625000000001 0.5625 0.3265625000000001 0.646875 0.44453125 0.646875
5 0.55234375 0.5734375 0.4515625 0.5734375 0.4515625 0.64765625 0.55234375 0.64765625
5 0.10000000000000009 0.5875 7.1947999449907e-17 0.5875 7.663610047789296e-17 0.6640625 0.10000000000000009 0.6640625
5 0.2312500000000001 0.5890625 0.10156250000000008 0.5890625 0.10156250000000008 0.678125 0.2312500000000001 0.678125
5 0.70234375 0.6109375 0.584375 0.6109375 0.584375 0.68046875 0.70234375 0.68046875
5 0.83671875 0.6171875000000001 0.7234375 0.6171875 0.7234375 0.6914062500000001 0.83671875 0.6914062500000002
5 0.97109375 0.6296875000000002 0.8484375 0.6296875000000002 0.8484375 0.6898437500000002 0.97109375 0.6898437500000002