41 0.755537975 0.27531645625000006 0.5759493671875 0.27531645625000006 0.5759493671875 0.4438291140625001 0.755537975 0.4438291140625002
6 0.3647151906250001 0.38765822812500006 0.16930379687500002 0.387658228125 0.16930379687500005 0.5632911390625 0.3647151906250001 0.5632911390625
41 0.9762658234374999 0.41139240468750016 0.7626582281250001 0.41139240468750016 0.7626582281250001 0.5901898734375002 0.9762658234374999 0.5901898734375002
6 0.5870253171875001 0.41772151874999996 0.3908227843750001 0.41772151874999996 0.3908227843750001 0.6131329109375 0.5870253171875001 0.6131329109375
41 0.7563291140625 0.4509493671875001 0.5917721515625 0.4509493671875 0.5917721515625 0.592563290625 0.7563291140625 0.5925632906250001
6 0.6558544296875001 0.552215190625 0.42879746875 0.552215190625 0.42879746875000013 0.771360759375 0.6558544296875002 0.771360759375
6 0.3773734171875001 0.572784809375 0.15506329062500007 0.572784809375 0.15506329062500007 0.7887658234375 0.3773734171875001 0.7887658234375
41 0.7705696203125001 0.6028481015625001 0.6344936703124999 0.6028481015625 0.6344936703125 0.7681962031250001 0.7705696203125002 0.7681962031250003
41 0.9612341765625001 0.6139240500000002 0.780063290625 0.6139240500000002 0.780063290625 0.7753164562500002 0.9612341765625001 0.7753164562500002
41 0.7895569625000002 0.7848101265625 0.6186708859375002 0.7848101265625 0.6186708859375002 0.9976265828124999 0.7895569625000002 0.9976265828124999
41 1 0.7879746828125002 0.7863924046875002 0.7879746828125002 0.7863924046875002 1 1 1
6 0.3686708859375001 0.79272151875 0.1629746828125001 0.79272151875 0.1629746828125001 1 0.3686708859375001 1
6 0.6091772156250002 0.7990506328125 0.3750000000000001 0.7990506328125 0.3750000000000001 1 0.6091772156250002 1
6 0.564082278125 0.042721518750000055 0.38132911406250003 0.04272151875000004 0.38132911406250003 0.2318037968750001 0.564082278125 0.2318037968750001
6 0.37183544375 0.06012658281250003 0.20569620312499998 0.060126582812500017 0.20569620312499998 0.21914557031250004 0.37183544375 0.2191455703125001
41 0.9185126578125 0.08702531718750009 0.7389240499999999 0.08702531718750009 0.7389240499999999 0.2389240500000001 0.9185126578125 0.2389240500000001
41 0.7405063296875001 0.08702531718750008 0.57120253125 0.08702531718750006 0.57120253125 0.2523734171875001 0.7405063296875001 0.2523734171875001
6 0.367879746875 0.21835442968750005 0.19145569687500003 0.21835442968750002 0.19145569687500003 0.38370253125000003 0.3678797468750001 0.3837025312500001
41 0.9485759500000001 0.2484177218750001 0.751582278125 0.2484177218750001 0.751582278125 0.40031645625000023 0.9485759500000001 0.40031645625000023
6 0.5704113921875 0.2452531640625001 0.387658228125 0.2452531640625001 0.38765822812500006 0.40743670937500004 0.5704113921875 0.40743670937500004