41 0.753125 0.28007812500000007 0.5765625 0.28007812500000007 0.5765625 0.4453125000000001 0.753125 0.44531250000000017
6 0.3671875000000001 0.39062500000000006 0.17460937500000004 0.390625 0.17460937500000007 0.5640625 0.3671875000000001 0.5640625
41 0.9546875 0.3968750000000001 0.778125 0.3968750000000001 0.778125 0.6078125000000002 0.9546875 0.6078125000000002
6 0.5859375 0.419921875 0.3945312500000001 0.419921875 0.3945312500000001 0.6125 0.5859375 0.6125
41 0.7546875 0.4527343750000001 0.5921875 0.452734375 0.5921875 0.5921875000000001 0.7546875 0.5921875000000002
6 0.6500000000000001 0.548828125 0.434765625 0.548828125 0.4347656250000001 0.773046875 0.6500000000000001 0.773046875
6 0.37968750000000007 0.573828125 0.1613281250000001 0.573828125 0.1613281250000001 0.7859375 0.37968750000000007 0.7859375
41 0.7828125000000001 0.6175781250000001 0.6203125 0.617578125 0.6203125 0.7515625000000001 0.7828125000000001 0.7515625000000001
41 0.946875 0.6046875000000002 0.787890625 0.6046875000000002 0.7878906250000001 0.7828125000000001 0.946875 0.7828125000000001
41 0.8078125 0.803515625 0.5976562500000002 0.803515625 0.5976562500000002 0.971875 0.8078125 0.971875
41 1 0.7855468750000002 0.7843750000000002 0.7855468750000002 0.7843750000000002 0.9984375 1 0.9984375
6 0.3750000000000001 0.79375 0.16562500000000008 0.79375 0.1656250000000001 0.996875 0.3750000000000001 0.996875
6 0.5953125000000001 0.7828125 0.3921875000000001 0.7828125 0.3921875000000001 1 0.5953125000000001 1
6 0.5671875 0.05351562500000005 0.380859375 0.053515625000000046 0.380859375 0.2328125000000001 0.5671875 0.2328125000000001
6 0.37109375 0.06367187500000003 0.2140625 0.06367187500000002 0.2140625 0.22656250000000006 0.37109375 0.22656250000000008
41 0.9 0.0804687500000001 0.751171875 0.08046875000000009 0.751171875 0.2578125000000001 0.9 0.2578125000000001
41 0.7359375 0.09179687500000008 0.57421875 0.09179687500000007 0.57421875 0.2578125000000001 0.7359375 0.2578125000000001
6 0.37031250000000004 0.22382812500000004 0.19726562500000006 0.223828125 0.19726562500000006 0.38593750000000004 0.3703125000000001 0.3859375000000001
41 0.94375 0.2531250000000001 0.750390625 0.2531250000000001 0.750390625 0.4031250000000002 0.94375 0.4031250000000002
6 0.559375 0.2394531250000001 0.400390625 0.2394531250000001 0.400390625 0.419921875 0.559375 0.419921875