32 0.8875 0.41289062500000007 0.703125 0.412890625 0.703125 0.6625000000000001 0.8875 0.6625000000000002
32 0.6921875 0.424609375 0.5125 0.424609375 0.5125 0.6609375 0.6921875 0.6609375
32 0.503125 0.423046875 0.3421875000000001 0.423046875 0.3421875000000001 0.6640625 0.503125 0.6640625
17 0.3468750000000001 0.47265625 0.16015625000000006 0.47265625 0.16015625000000006 0.6640625 0.3468750000000001 0.6640625
17 0.19375000000000006 0.51171875 6.266747292511846e-17 0.51171875 7.237853934023225e-17 0.6703125 0.1937500000000001 0.6703125
32 0.9984375 0.6312500000000002 0.891015625 0.6312500000000002 0.891015625 0.89375 0.9984375 0.89375
17 0.7203125000000001 0.733203125 0.5843750000000002 0.733203125 0.5843750000000002 0.9390625 0.7203125000000001 0.9390625
17 0.9109375 0.7753906250000002 0.7406250000000002 0.7753906250000002 0.7406250000000002 0.9328125 0.9109375 0.9328125
17 0.3859375000000001 0.769140625 0.2160156250000001 0.769140625 0.2160156250000001 0.9703125 0.3859375000000001 0.9703125
17 0.21875000000000008 0.775 0.0281250000000001 0.775 0.02812500000000011 0.9734375 0.21875000000000008 0.9734375
17 0.5593750000000002 0.83125 0.40625000000000017 0.83125 0.40625000000000017 0.965625 0.5593750000000002 0.965625
32 1 0.09218750000000012 0.8171875 0.09218750000000012 0.8171875 0.26250000000000007 1 0.26250000000000007
17 0.515625 0.09531250000000005 0.322265625 0.09531250000000005 0.322265625 0.32812500000000006 0.515625 0.3281250000000001
32 0.85 0.1281250000000001 0.695703125 0.1281250000000001 0.695703125 0.30937500000000007 0.85 0.30937500000000007
17 0.7109375 0.12929687500000006 0.480859375 0.12929687500000003 0.480859375 0.30937500000000007 0.7109375 0.30937500000000007
17 0.3453125 0.14921875 0.119921875 0.14921875 0.11992187500000002 0.3265625 0.3453125 0.3265625