30 0.32031250000000006 0.258984375 0.23203125 0.258984375 0.23203125000000005 0.44375 0.3203125000000001 0.44375
30 1 0.32500000000000007 0.9140625 0.32500000000000007 0.9140625 0.48437500000000017 1 0.48437500000000017
30 0.925 0.3468750000000001 0.781640625 0.3468750000000001 0.781640625 0.4812500000000002 0.925 0.4812500000000002
30 0.11093750000000005 0.37421875 0.036328125000000044 0.37421875 0.03632812500000005 0.45625 0.11093750000000005 0.45625
30 0.69765625 0.36210937500000007 0.5640625 0.36210937500000007 0.5640625 0.4765625 0.69765625 0.4765625
30 0.809375 0.3546875000000001 0.6765625 0.3546875000000001 0.6765625 0.4906250000000001 0.809375 0.4906250000000002
30 0.61015625 0.3636718750000001 0.4859375 0.3636718750000001 0.4859375 0.484375 0.61015625 0.484375
30 0.2531250000000001 0.3828125 0.15000000000000005 0.3828125 0.15000000000000005 0.484375 0.2531250000000001 0.484375
30 0.17187500000000006 0.369921875 0.07890625000000004 0.369921875 0.07890625000000005 0.503125 0.17187500000000006 0.503125
30 0.575 5.960585592725007e-17 0.3984375 4.8794520903527353e-17 0.3984375 0.15625000000000006 0.575 0.15625000000000008
30 0.4796875 4.7981278888468567e-17 0.30390625 3.7217781630337535e-17 0.30390625 0.18281250000000004 0.4796875 0.18281250000000004
30 0.4109375 0.0003906250000000392 0.2296875 0.0003906250000000281 0.2296875 0.19218750000000004 0.4109375 0.19218750000000004
30 0.35 0.01992187500000003 0.137890625 0.019921875000000016 0.13789062500000002 0.2109375 0.35 0.2109375
30 0.2765625 0.03125000000000002 0.0890625 0.031250000000000014 0.08906250000000002 0.221875 0.2765625 0.221875
30 0.2125 0.05820312500000001 0.04179687500000001 0.058203125 0.04179687500000002 0.225 0.2125 0.225
30 0.5578125 0.2296875000000001 0.433984375 0.2296875000000001 0.433984375 0.32500000000000007 0.5578125 0.32500000000000007
30 0.934375 0.2218750000000001 0.8109375 0.2218750000000001 0.8109375 0.3515625000000001 0.934375 0.3515625000000001
30 0.80625 0.2390625000000001 0.696484375 0.2390625000000001 0.696484375 0.3546875000000001 0.80625 0.3546875000000001
30 0.6984375 0.25664062500000007 0.596875 0.25664062500000007 0.596875 0.3546875000000001 0.6984375 0.3546875000000001
30 0.60625 0.2640625000000001 0.5046875 0.2640625000000001 0.5046875 0.3593750000000001 0.60625 0.3593750000000001
30 0.43125 0.23125000000000004 0.294921875 0.23125 0.29492187500000006 0.39843750000000006 0.43125 0.3984375000000001