32 0.9984375 0.2972656250000001 0.908984375 0.2972656250000001 0.908984375 0.3968750000000001 0.9984375 0.3968750000000001
32 0.8390625 9.711066415113777e-17 0.746875 9.146580781131795e-17 0.746875 0.11718750000000008 0.8390625 0.11718750000000008
32 0.2203125 0.03164062500000002 0.17109375 0.03164062500000002 0.17109375 0.12343750000000002 0.2203125 0.12343750000000005
32 0.712109375 0.526953125 0.2660156250000001 0.526953125 0.2660156250000001 1 0.7121093750000002 1
32 0.06250000000000001 0.059765625 0.020703125000000006 0.059765625 0.02070312500000001 0.1265625 0.06250000000000003 0.1265625
32 0.4953125 0.039453125000000054 0.434375 0.039453125000000054 0.434375 0.15000000000000005 0.4953125 0.15000000000000005
32 0.6125 0.07148437500000007 0.503515625 0.07148437500000007 0.503515625 0.13281250000000006 0.6125 0.13281250000000008
32 0.04375000000000002 0.1125 0.017187500000000012 0.1125 0.017187500000000015 0.1734375 0.043750000000000025 0.1734375
32 0.08281250000000002 0.119921875 0.04609375000000001 0.119921875 0.04609375000000002 0.1734375 0.08281250000000002 0.1734375
32 0.490625 0.12382812500000004 0.38125 0.12382812500000004 0.38125 0.18906250000000005 0.490625 0.18906250000000005
32 0.565625 0.10820312500000007 0.490234375 0.10820312500000004 0.490234375 0.22617187500000008 0.565625 0.22617187500000008
32 0.671875 0.12656250000000008 0.598828125 0.12656250000000008 0.598828125 0.24375000000000008 0.671875 0.24375000000000008
32 0.825 0.1535156250000001 0.6984375 0.1535156250000001 0.6984375 0.2453125000000001 0.825 0.2453125000000001
32 0.12812500000000004 0.184375 0.03750000000000002 0.184375 0.037500000000000026 0.2375 0.12812500000000004 0.2375
32 0.17343750000000005 0.1859375 0.12226562500000004 0.1859375 0.12226562500000004 0.259375 0.17343750000000005 0.259375
32 0.246875 0.19257812500000002 0.17343750000000005 0.192578125 0.17343750000000005 0.259375 0.246875 0.259375
32 0.534375 0.2160156250000001 0.471875 0.2160156250000001 0.471875 0.2609375000000001 0.534375 0.2609375000000001
32 0.5671875 0.2191406250000001 0.51875 0.2191406250000001 0.51875 0.2765625000000001 0.5671875 0.2765625000000001
32 0.434375 0.22968750000000004 0.3578125 0.2296875 0.3578125 0.29687500000000006 0.434375 0.2968750000000001
32 0.6125 0.2484375000000001 0.5484375 0.2484375000000001 0.5484375 0.2968750000000001 0.6125 0.2968750000000001
32 0.459375 0.2484375000000001 0.40625 0.2484375000000001 0.40625 0.3140625000000001 0.459375 0.3140625000000001
32 0.5421875 0.2734375000000001 0.4671875 0.2734375000000001 0.4671875 0.3281250000000001 0.5421875 0.3281250000000001
32 0.7359375 0.2511718750000001 0.611328125 0.2511718750000001 0.611328125 0.3578125000000001 0.7359375 0.3578125000000001
32 0.76875 0.2945312500000001 0.676953125 0.2945312500000001 0.676953125 0.3656250000000001 0.76875 0.3656250000000001
32 0.8265625 0.2707031250000001 0.7375 0.2707031250000001 0.7375 0.39531250000000007 0.8265625 0.39531250000000007