32 0.9640625 0.3359375000000001 0.8525623 0.3359375000000001 0.8525623 0.5187500000000002 0.9640625 0.5187500000000002
32 0.8171875 0.3687500000000001 0.6259068515624999 0.3687500000000001 0.6259068515624999 0.58125 0.8171875 0.5812500000000002
32 0.921875 0.4376708187500002 0.7443780140625 0.4376708187500002 0.7443780140625 0.5906250000000002 0.921875 0.5906250000000002
32 0.6625 0.44375 0.4710083390625 0.44375 0.4710083390625 0.63553808125 0.6625 0.63553808125
32 0.475 0.45378567187499996 0.11548181250000004 0.45378567187499996 0.11548181250000007 0.7140625 0.475 0.7140625
32 0.971875 0.08633942968750011 0.85593599375 0.08633942968750011 0.85593599375 0.2578125000000001 0.971875 0.2578125000000001
32 0.825 0.0835133640625001 0.6638514859375 0.08351336406250008 0.6638514859375 0.2968750000000001 0.825 0.2968750000000001
32 0.7046875 0.10287881875000007 0.53199608125 0.10287881875000005 0.53199608125 0.3109375000000001 0.7046875 0.3109375000000001
32 0.465625 0.13281250000000006 0.2226788578125 0.13281250000000006 0.2226788578125 0.30937500000000007 0.465625 0.30937500000000007
32 0.263803759375 0.1821920203125 0.13518639531250004 0.18219202031249998 0.13518639531250004 0.3546875 0.263803759375 0.3546875
32 0.16050291562500005 0.23539238281250002 2.8827252815499656e-17 0.23539238281250002 3.785413154767964e-17 0.3828125 0.16050291562500005 0.3828125