32 0.9546875 0.3455044343750001 0.7929768609375001 0.3455044343750001 0.7929768609375001 0.5953125000000001 0.9546875 0.5953125000000001
32 0.7921875 0.4531250000000001 0.46905276718750005 0.453125 0.46905276718750005 0.5875000000000001 0.7921875 0.5875000000000001
32 0.4890625 0.4933093640625 0.15440365468750003 0.4933093640625 0.15440365468750006 0.6375 0.4890625 0.6375
32 0.8546875 0.5729698312500001 0.5282601640625 0.57296983125 0.5282601640625 0.7015625000000001 0.8546875 0.7015625000000002
32 0.46058877500000006 0.49319041874999997 0.30401438125000013 0.49319041874999997 0.30401438125000013 0.834375 0.4605887750000002 0.834375
32 0.2000000000000001 0.64192528125 7.86131740974577e-17 0.64192528125 9.068434729420766e-17 0.8390625 0.2000000000000001 0.8390625
32 0.8296875 0.7125000000000001 0.509375 0.7125 0.5093750000000001 0.8453125 0.8296875 0.8453125
32 0.9953125 0.7198475343750002 0.7746215390625 0.7198475343750002 0.7746215390625001 0.946875 0.9953125 0.946875
32 0.4546875000000001 0.704319853125 0.2921875000000001 0.704319853125 0.2921875000000001 1 0.4546875000000002 1
32 0.7859375000000002 0.765324934375 0.6204422578125002 0.7653249343749999 0.6204422578125002 1 0.7859375000000002 1
32 0.6000000000000002 0.8842290234375 0.2407304281250001 0.8842290234375 0.2407304281250001 0.9984375 0.6000000000000002 0.9984375
32 0.1593750000000001 0.840625 0.0818825687500001 0.840625 0.08188256875000012 1 0.15937500000000013 1
32 0.9625 0.0939527468750001 0.6609375 0.09395274687500009 0.6609375 0.2093750000000001 0.9625 0.2093750000000001
32 0.9453125 0.1259488531250001 0.8029357703125 0.1259488531250001 0.8029357703125 0.3765625000000001 0.9453125 0.3765625000000001
32 0.4859375 0.12285088593750004 0.24243890625 0.12285088593750004 0.24243890625000003 0.38281250000000006 0.4859375 0.3828125000000001
32 0.6234375 0.19801578750000007 0.4230347109375 0.19801578750000004 0.4230347109375 0.3656250000000001 0.6234375 0.3656250000000001
32 0.789003028125 0.17990646562500007 0.567549740625 0.17990646562500007 0.567549740625 0.3828125000000001 0.789003028125 0.3828125000000001