16 0.21875000000000006 0.2171875 0.04687500000000002 0.2171875 0.04687500000000004 0.5125 0.21875000000000008 0.5125
16 0.21250000000000008 0.6203125 7.596637175960925e-17 0.6203125 8.926527059410003e-17 0.8375 0.21250000000000008 0.8375
1 0.6890625 0.2812500000000001 0.6234375 0.2812500000000001 0.6234375 0.3570312500000001 0.6890625 0.3570312500000001
1 0.84921875 0.3390625000000001 0.778125 0.3390625000000001 0.778125 0.4234375000000002 0.84921875 0.4234375000000002
1 0.92265625 0.6437500000000002 0.8546875 0.6437500000000002 0.8546875 0.7242187500000001 0.92265625 0.7242187500000001
36 0.3195312500000001 0.7578125 0.2375000000000001 0.7578125 0.2375000000000001 0.8640625 0.3195312500000001 0.8640625
36 0.99765625 0.4156250000000002 0.9296875 0.4156250000000002 0.9296875 0.5023437500000002 0.99765625 0.5023437500000002
4 0.3859375000000001 0.5625 0.28593750000000007 0.5625 0.28593750000000007 0.75390625 0.3859375000000001 0.75390625
4 0.85546875 0.4687500000000001 0.7015625 0.46875 0.7015625 0.5882812500000001 0.85546875 0.5882812500000002
8 0.50390625 0.18593750000000003 0.2984375 0.18593750000000003 0.2984375 0.3765625 0.50390625 0.3765625000000001
8 0.6851562500000001 0.5234375 0.553125 0.5234375 0.5531250000000001 0.73671875 0.6851562500000001 0.73671875