32 0.9921875 0.23984375000000008 0.773828125 0.23984375000000008 0.773828125 0.47187500000000016 0.9921875 0.47187500000000016
32 0.26250000000000007 0.441015625 0.08593750000000004 0.441015625 0.08593750000000006 0.5578125 0.26250000000000007 0.5578125
32 0.12343750000000006 0.420703125 0.01445312500000005 0.420703125 0.014453125000000061 0.5921875 0.12343750000000009 0.5921875
32 0.559375 0.523828125 0.3832031250000001 0.523828125 0.3832031250000001 0.659375 0.559375 0.659375
32 0.7328125 0.5347656250000001 0.553125 0.534765625 0.553125 0.6656250000000001 0.7328125 0.6656250000000001
32 0.9703125 0.5070312500000002 0.804296875 0.5070312500000002 0.804296875 0.7296875000000002 0.9703125 0.7296875000000002
32 0.2640625000000001 0.628515625 0.1531250000000001 0.628515625 0.1531250000000001 0.7859375 0.2640625000000001 0.7859375
32 0.6484375000000001 0.633984375 0.514453125 0.633984375 0.5144531250000001 0.84375 0.6484375000000002 0.84375
32 0.4609375000000001 0.7171875 0.2550781250000001 0.7171875 0.2550781250000001 0.86875 0.46093750000000017 0.86875
32 0.2406250000000001 0.7546875 0.07851562500000009 0.7546875 0.0785156250000001 0.8796875 0.2406250000000001 0.8796875
32 1 0.7472656250000002 0.7312500000000002 0.7472656250000002 0.7312500000000002 0.934375 1 0.934375
32 0.6703125000000002 0.840625 0.46679687500000017 0.840625 0.46679687500000017 1 0.6703125000000002 1
32 0.4890625 0.16718750000000004 0.348046875 0.16718750000000004 0.34804687500000003 0.4328125 0.4890625 0.4328125
32 0.7515625 0.1625000000000001 0.670703125 0.1625000000000001 0.670703125 0.4390625000000001 0.7515625 0.4390625000000002
32 0.384375 0.21953125000000004 0.15585937500000005 0.21953125 0.15585937500000005 0.38281250000000006 0.3843750000000001 0.3828125000000001
32 0.765625 0.2503906250000001 0.489453125 0.2503906250000001 0.489453125 0.3605468750000001 0.765625 0.3605468750000001