51 0.4234375 0.30897535156250006 0.339722565625 0.3089753515625 0.33972256562500003 0.41875 0.4234375 0.41875
51 0.19687500000000005 0.290666253125 0.05582456718750004 0.290666253125 0.05582456718750004 0.453125 0.19687500000000005 0.453125
51 0.684375 0.3347385531250001 0.5563247734375001 0.3347385531250001 0.5563247734375001 0.43869894687500005 0.684375 0.43869894687500005
51 0.8078125 0.3210189765625001 0.7057343234375 0.3210189765625001 0.7057343234375 0.45468234375000005 0.8078125 0.45468234375000016
51 0.965625 0.3728986187500001 0.82709106875 0.3728986187500001 0.82709106875 0.47656250000000017 0.965625 0.47656250000000017
51 0.16562500000000008 0.39206889375 4.801459157761812e-17 0.39206889375 5.74937317029945e-17 0.546875 0.16562500000000008 0.546875
51 0.41062551562499994 0.409375 0.2753119843750001 0.409375 0.2753119843750001 0.584375 0.41062551562499994 0.584375
51 0.7078125 0.46150216562499996 0.5372009078125 0.46150216562499996 0.5372009078125 0.59375 0.7078125 0.59375
51 0.8359375 0.4425097984375001 0.6953125 0.44250979843750005 0.6953125 0.6203125 0.8359375 0.6203125000000002
51 0.2890625000000001 0.4873298265625 0.16541872968750004 0.4873298265625 0.16541872968750007 0.6390625 0.2890625000000001 0.6390625
51 1 0.49887066718750017 0.8217770218749999 0.49887066718750017 0.8217770218749999 0.6468750000000002 1 0.6468750000000002