32 0.82421875 0.29375000000000007 0.6859375 0.29375000000000007 0.6859375 0.38750000000000007 0.82421875 0.38750000000000007
32 0.68671875 0.29375000000000007 0.565625 0.29375000000000007 0.565625 0.3921875000000001 0.68671875 0.3921875000000001
32 0.5609375 0.30156250000000007 0.43125 0.30156250000000007 0.43125 0.4015625 0.5609375 0.4015625
32 0.42578125 0.30625 0.284375 0.30625 0.28437500000000004 0.40859375 0.42578125 0.40859375
32 0.28359375000000003 0.3125 0.15312500000000004 0.3125 0.15312500000000004 0.415625 0.2835937500000001 0.415625
32 0.95 0.3906250000000001 0.8171875 0.3906250000000001 0.8171875 0.48437500000000017 0.95 0.48437500000000017
32 0.815625 0.40312500000000007 0.6890625 0.403125 0.6890625 0.5078125000000001 0.815625 0.5078125000000002
32 0.68515625 0.4015625 0.5671875 0.4015625 0.5671875 0.51171875 0.68515625 0.51171875
32 0.43046875 0.4140625 0.2984375000000001 0.4140625 0.2984375000000001 0.509375 0.43046875 0.509375
32 0.553125 0.4203125 0.428125 0.4203125 0.428125 0.5109375 0.553125 0.5109375
32 0.3000000000000001 0.43125 0.18750000000000006 0.43125 0.18750000000000006 0.52578125 0.3000000000000001 0.52578125
32 0.19375000000000003 0.4359375 0.07343750000000004 0.4359375 0.07343750000000006 0.5359375 0.19375000000000003 0.5359375
32 0.98046875 1.1084010287595381e-16 0.8296875 1.0160741411675695e-16 0.8296875 0.09843750000000011 0.98046875 0.09843750000000011
32 0.7 7.749718025854345e-17 0.565625 6.926908457677216e-17 0.565625 0.10546875000000008 0.7 0.10546875000000008
32 0.82421875 9.314012960702721e-17 0.696875 8.534257381558118e-17 0.696875 0.10781250000000009 0.82421875 0.10781250000000009
32 0.93125 0.5031250000000002 0.8125 0.5031250000000002 0.8125 0.5992187500000001 0.93125 0.5992187500000001
32 0.678125 0.5109375 0.55625 0.5109375 0.55625 0.61015625 0.678125 0.61015625
32 0.8171875 0.5140625000000001 0.678125 0.5140625 0.678125 0.6210937500000001 0.8171875 0.6210937500000002
32 0.56875 0.525 0.4328125 0.525 0.4328125 0.61328125 0.56875 0.61328125
32 0.43671875 0.5296875 0.2984375000000001 0.5296875 0.2984375000000001 0.628125 0.43671875 0.628125
32 0.2093750000000001 0.5390625 0.09687500000000007 0.5390625 0.09687500000000007 0.6484375 0.2093750000000001 0.6484375
32 0.30546875000000007 0.5359375 0.2000000000000001 0.5359375 0.2000000000000001 0.65234375 0.30546875000000007 0.65234375
32 0.575 0.012500000000000063 0.4375 0.012500000000000056 0.4375 0.11953125000000006 0.575 0.11953125000000009
32 0.6890625 0.63125 0.5671875 0.63125 0.5671875 0.71171875 0.6890625 0.71171875
32 0.81171875 0.6296875000000001 0.696875 0.6296875 0.696875 0.7210937500000001 0.81171875 0.7210937500000002
32 0.4320312500000001 0.6515625 0.3156250000000001 0.6515625 0.3156250000000001 0.7359375 0.4320312500000002 0.7359375
32 0.5664062500000001 0.6578125 0.440625 0.6578125 0.4406250000000001 0.73984375 0.5664062500000002 0.73984375
32 0.3164062500000001 0.6640625 0.1781250000000001 0.6640625 0.1781250000000001 0.75546875 0.3164062500000001 0.75546875
32 0.315625 0.01875000000000003 0.165625 0.018750000000000024 0.165625 0.12812500000000002 0.315625 0.12812500000000004
32 0.934375 0.7187500000000002 0.809375 0.7187500000000002 0.809375 0.81640625 0.934375 0.81640625
32 0.6859375000000001 0.721875 0.58125 0.721875 0.58125 0.8234375 0.6859375000000002 0.8234375
32 0.82265625 0.7359375000000001 0.7015625000000002 0.7359375 0.7015625000000002 0.8234375 0.82265625 0.8234375
32 0.4546875000000002 0.7484375 0.3234375000000001 0.7484375 0.3234375000000001 0.8296875 0.4546875000000002 0.8296875
32 0.5882812500000002 0.7453125 0.44843750000000016 0.7453125 0.44843750000000016 0.8375 0.5882812500000002 0.8375
32 0.8296875 0.1359375000000001 0.6859375 0.1359375000000001 0.6859375 0.2484375000000001 0.8296875 0.2484375000000001
32 0.96484375 0.1437500000000001 0.825 0.1437500000000001 0.825 0.24218750000000008 0.96484375 0.24218750000000008
32 0.6859375 0.1468750000000001 0.55625 0.1468750000000001 0.55625 0.2492187500000001 0.6859375 0.2492187500000001
32 0.56640625 0.16406250000000006 0.40625 0.16406250000000006 0.40625 0.27031250000000007 0.56640625 0.27031250000000007
32 0.40703125 0.16093750000000004 0.2703125 0.16093750000000004 0.2703125 0.27968750000000003 0.40703125 0.2796875000000001
32 0.271875 0.17187500000000003 0.1328125 0.171875 0.13281250000000003 0.284375 0.271875 0.284375
32 0.1375 0.175 0.02031250000000002 0.175 0.020312500000000032 0.29609375 0.13750000000000004 0.29609375
32 0.95390625 0.2812500000000001 0.81875 0.2812500000000001 0.81875 0.3734375000000001 0.95390625 0.3734375000000001