30 0.36875 0.308203125 0.18281250000000004 0.308203125 0.18281250000000004 0.39531250000000007 0.3687500000000001 0.39531250000000007
30 1 0.3617187500000001 0.87734375 0.3617187500000001 0.87734375 0.4468750000000002 1 0.4468750000000002
30 0.9203125 0.3421875000000001 0.785546875 0.3421875000000001 0.785546875 0.4859375000000002 0.9203125 0.4859375000000002
30 0.11093750000000005 0.375 0.036328125000000044 0.375 0.03632812500000005 0.45625 0.11093750000000005 0.45625
30 0.6890625 0.3535156250000001 0.5734375 0.3535156250000001 0.5734375 0.4859375 0.6890625 0.4859375
30 0.8109375 0.35625000000000007 0.675 0.35625000000000007 0.675 0.48906250000000007 0.8109375 0.4890625000000002
30 0.61015625 0.3636718750000001 0.4859375 0.3636718750000001 0.4859375 0.484375 0.61015625 0.484375
30 0.2531250000000001 0.3828125 0.15000000000000005 0.3828125 0.15000000000000005 0.484375 0.2531250000000001 0.484375
30 0.19218750000000004 0.391015625 0.057812500000000044 0.391015625 0.05781250000000006 0.4828125 0.19218750000000004 0.4828125
30 0.5640625 5.955801816165839e-17 0.40859375 5.0038302808911385e-17 0.40859375 0.16562500000000008 0.5640625 0.16562500000000008
30 0.4796875 4.7981278888468567e-17 0.30390625 3.7217781630337535e-17 0.30390625 0.18281250000000004 0.4796875 0.18281250000000004
30 0.41640625 0.00585937500000004 0.2234375 0.005859375000000028 0.2234375 0.18593750000000003 0.41640625 0.18593750000000003
30 0.340625 0.009375000000000031 0.1484375 0.009375000000000019 0.14843750000000003 0.221875 0.340625 0.221875
30 0.278125 0.03320312500000002 0.0875 0.033203125000000014 0.08750000000000001 0.2203125 0.278125 0.2203125
30 0.2109375 0.05585937500000001 0.04335937500000001 0.055859375 0.04335937500000002 0.2265625 0.2109375 0.2265625
30 0.5578125 0.2296875000000001 0.433984375 0.2296875000000001 0.433984375 0.32500000000000007 0.5578125 0.32500000000000007
30 0.9375 0.2250000000000001 0.8078125 0.2250000000000001 0.8078125 0.34843750000000007 0.9375 0.34843750000000007
30 0.809375 0.24218750000000008 0.69375 0.24218750000000008 0.69375 0.3531250000000001 0.809375 0.3531250000000001
30 0.696875 0.25468750000000007 0.5984375 0.25468750000000007 0.5984375 0.35625000000000007 0.696875 0.35625000000000007
30 0.603125 0.2609375000000001 0.5078125 0.2609375000000001 0.5078125 0.3625000000000001 0.603125 0.3625000000000001
30 0.43125 0.23125000000000004 0.294921875 0.23125 0.29492187500000006 0.39843750000000006 0.43125 0.3984375000000001