32 1 0.2381756750000001 0.7804054046875 0.2381756750000001 0.7804054046875 0.4746621625000002 1 0.4746621625000002
32 0.2356418921875001 0.447635134375 0.043918918750000056 0.447635134375 0.04391891875000006 0.57516891875 0.2356418921875001 0.57516891875
32 0.08530405468750005 0.42567567500000003 5.21302352863639e-17 0.42567567500000003 6.355958257674447e-17 0.61233108125 0.08530405468750006 0.61233108125
32 0.5565878375 0.5371621625 0.3648648656250001 0.5371621625 0.3648648656250001 0.684966215625 0.5565878375 0.684966215625
32 0.7432432437500001 0.5489864859375001 0.5489864859375 0.5489864859375 0.5489864859375 0.6917229734375001 0.7432432437500001 0.6917229734375001
32 1 0.5489864859375002 0.790540540625 0.5489864859375002 0.7905405406250001 0.7297297296875002 1 0.7297297296875002
32 0.2618243250000001 0.675675675 0.09121621562500008 0.675675675 0.09121621562500008 0.796452703125 0.2618243250000001 0.796452703125
32 0.6951013515625001 0.697635134375 0.466216215625 0.697635134375 0.4662162156250001 0.84375 0.6951013515625002 0.84375
32 0.4501689187500002 0.7466216218749999 0.2263513515625001 0.7466216218749999 0.2263513515625001 0.9104729734375001 0.4501689187500002 0.9104729734375001
32 0.21199324375000012 0.7871621625 0.0354729734375001 0.7871621625 0.035472973437500104 0.922297296875 0.21199324375000012 0.922297296875
32 1 0.7787162156250002 0.7415540546875002 0.7787162156250002 0.7415540546875002 0.9822635140625 1 0.9822635140625
32 0.6765202703125002 0.8800675671875 0.45608108125000013 0.8800675671875 0.45608108125000013 1 0.6765202703125002 1
32 0.48057432499999997 0.15202702656250006 0.327702703125 0.15202702656250006 0.32770270312500005 0.4391891890625 0.48057432499999997 0.4391891890625
32 0.7643581078125 0.14695945937500007 0.675675675 0.14695945937500007 0.675675675 0.44594594531250004 0.7643581078125 0.44594594531250015
32 0.33192567500000003 0.172297296875 0.1554054046875 0.172297296875 0.15540540468750003 0.4206081078125 0.3319256750000001 0.4206081078125
32 0.690033784375 0.15202702656250008 0.5709459453125 0.15202702656250008 0.5709459453125 0.4518581078125 0.690033784375 0.4518581078125