16 0.27968750000000003 0.27890625 3.4156164632469147e-17 0.27890625 4.463263529705003e-17 0.45 0.2796875000000001 0.45
16 0.2140625000000001 0.62265625 7.625339835315942e-17 0.62265625 8.921743282850835e-17 0.834375 0.2140625000000001 0.834375
1 0.6890625 0.2816406250000001 0.6234375 0.2816406250000001 0.6234375 0.35625000000000007 0.6890625 0.35625000000000007
1 0.8484375 0.3390625000000001 0.778515625 0.3390625000000001 0.778515625 0.4234375000000002 0.8484375 0.4234375000000002
1 0.921875 0.6441406250000001 0.8546875 0.6441406250000001 0.8546875 0.7234375000000002 0.921875 0.7234375000000002
36 0.3312500000000001 0.7703125 0.2253906250000001 0.7703125 0.2253906250000001 0.8515625 0.3312500000000001 0.8515625
36 1 0.42500000000000016 0.919921875 0.42500000000000016 0.919921875 0.49218750000000017 1 0.49218750000000017
4 0.43125 0.608203125 0.2406250000000001 0.608203125 0.2406250000000001 0.7078125 0.43125 0.7078125
4 0.8546875 0.4687500000000001 0.701953125 0.46875 0.701953125 0.5875000000000001 0.8546875 0.5875000000000001
8 0.503125 0.18593750000000003 0.298828125 0.18593750000000003 0.29882812500000006 0.3765625 0.503125 0.3765625000000001
8 0.6843750000000001 0.523046875 0.553515625 0.523046875 0.5535156250000001 0.7359375 0.6843750000000002 0.7359375