11 0.18750000000000006 0.2890625 0.07500000000000004 0.2890625 0.07500000000000004 0.3796875 0.18750000000000006 0.3796875
11 0.9140625 0.2738281250000001 0.83203125 0.2738281250000001 0.83203125 0.3984375000000001 0.9140625 0.3984375000000001
11 0.815625 0.3031250000000001 0.719140625 0.3031250000000001 0.719140625 0.4156250000000001 0.815625 0.4156250000000002
11 0.4140625 0.33906250000000004 0.3046875 0.3390625 0.30468750000000006 0.415625 0.4140625 0.415625
11 0.5046875 0.3453125000000001 0.4140625 0.3453125000000001 0.4140625 0.4125 0.5046875 0.4125
11 0.29375000000000007 0.345703125 0.225 0.345703125 0.22500000000000003 0.4546875 0.29375000000000007 0.4546875
11 0.6203125 0.35625000000000007 0.518359375 0.35625000000000007 0.518359375 0.47109375 0.6203125 0.47109375
11 0.3390625000000001 0.41875 0.22812500000000008 0.41875 0.22812500000000008 0.4875 0.3390625000000001 0.4875
11 0.16250000000000003 0.421875 0.08320312500000004 0.421875 0.08320312500000006 0.5296875 0.16250000000000003 0.5296875
11 0.2875 3.013779232276689e-17 0.2046875 2.5066989170047385e-17 0.2046875 0.10937500000000004 0.2875 0.10937500000000004
11 0.3324218750000001 0.444921875 0.2660156250000001 0.444921875 0.2660156250000001 0.5375 0.3324218750000001 0.5375
11 0.81875 0.43945312500000017 0.7453125 0.43945312500000017 0.7453125 0.5437500000000002 0.81875 0.5437500000000002
11 0.7390625 0.4839843750000001 0.643359375 0.483984375 0.643359375 0.5578125 0.7390625 0.5578125000000002
11 0.5578125 0.47578125 0.47265625 0.47578125 0.47265625 0.56875 0.5578125 0.56875
11 0.18593750000000006 0.467578125 0.10468750000000004 0.467578125 0.10468750000000007 0.6015625 0.1859375000000001 0.6015625
11 0.4765625 0.5015625 0.39335937500000007 0.5015625 0.39335937500000007 0.59140625 0.4765625 0.59140625
11 0.903125 1.0548227312968413e-16 0.81953125 1.0036363221137293e-16 0.81953125 0.12656250000000008 0.903125 0.12656250000000008
11 0.653125 0.503125 0.566015625 0.503125 0.566015625 0.609375 0.653125 0.609375
11 0.3968750000000001 0.53125 0.3285156250000001 0.53125 0.3285156250000001 0.6375 0.3968750000000001 0.6375
11 0.1953125 1.798699986247675e-17 0.0984375 1.2055116929106758e-17 0.09843750000000001 0.12031250000000002 0.1953125 0.12031250000000004
11 0.3359375000000001 0.5765625 0.23398437500000008 0.5765625 0.23398437500000008 0.640625 0.3359375000000001 0.640625
11 0.2734375000000001 0.5984375 0.15976562500000008 0.5984375 0.15976562500000008 0.709375 0.2734375000000001 0.709375
11 0.17968750000000008 0.608203125 0.07343750000000007 0.608203125 0.07343750000000007 0.7234375 0.17968750000000008 0.7234375
11 0.4937500000000001 0.674609375 0.3593750000000001 0.674609375 0.3593750000000001 0.7734375 0.4937500000000002 0.7734375
11 0.7093750000000001 0.6734375 0.567578125 0.6734375 0.567578125 0.803125 0.7093750000000002 0.803125
11 0.5875000000000001 0.681640625 0.4625 0.681640625 0.4625000000000001 0.8296875 0.5875000000000001 0.8296875
11 0.3937500000000001 0.775390625 0.2597656250000001 0.775390625 0.2597656250000001 0.88125 0.3937500000000001 0.88125
11 0.2718750000000001 0.79609375 0.14804687500000008 0.79609375 0.1480468750000001 0.9109375 0.2718750000000001 0.9109375
11 0.8109375 0.03281250000000009 0.684375 0.03281250000000009 0.684375 0.14843750000000008 0.8109375 0.14843750000000008
11 0.6890625 0.03632812500000008 0.5734375 0.036328125000000065 0.5734375 0.1921875000000001 0.6890625 0.1921875000000001
11 0.9359375 0.0832031250000001 0.809375 0.08320312500000009 0.809375 0.1796875000000001 0.9359375 0.17968750000000014
11 0.5359375 0.06718750000000005 0.426953125 0.06718750000000004 0.426953125 0.2234375000000001 0.5359375 0.2234375000000001
11 0.815625 0.11250000000000009 0.6890625 0.11250000000000009 0.6890625 0.20312500000000008 0.815625 0.20312500000000008
11 0.6890625 0.12421875000000009 0.57890625 0.12421875000000009 0.57890625 0.2578125000000001 0.6890625 0.2578125000000001
11 0.5796875 0.16718750000000007 0.4265625 0.16718750000000004 0.4265625 0.2828125000000001 0.5796875 0.2828125000000001
11 0.3328125 0.17070312500000004 0.2390625 0.17070312500000004 0.2390625 0.2796875 0.3328125 0.2796875
11 0.2515625 0.203125 0.14218750000000005 0.203125 0.14218750000000005 0.2890625 0.2515625 0.2890625
11 0.915625 0.2035156250000001 0.808984375 0.2035156250000001 0.808984375 0.3125000000000001 0.915625 0.3125000000000001
11 0.3609375 0.2265625 0.271484375 0.2265625 0.271484375 0.34375 0.3609375 0.34375
11 0.8046875 0.2453125000000001 0.698828125 0.2453125000000001 0.698828125 0.34843750000000007 0.8046875 0.34843750000000007
11 0.2578125 0.25859375 0.16289062500000004 0.25859375 0.16289062500000004 0.3609375 0.2578125 0.3609375
11 0.71875 0.2906250000000001 0.5890625 0.2906250000000001 0.5890625 0.3734375000000001 0.71875 0.3734375000000001