51 0.9421875 0.3222656250000001 0.8890625 0.3222656250000001 0.8890625 0.38750000000000007 0.9421875 0.38750000000000007
51 0.7890625 0.3359375000000001 0.720703125 0.3359375000000001 0.720703125 0.3906250000000001 0.7890625 0.3906250000000001
51 0.671875 0.3378906250000001 0.628125 0.3378906250000001 0.628125 0.4 0.671875 0.4
51 0.503125 0.34062500000000007 0.40625 0.34062500000000007 0.40625 0.4046875 0.503125 0.4046875
51 0.575 0.3554687500000001 0.530859375 0.3554687500000001 0.530859375 0.434375 0.575 0.434375
51 0.18593750000000003 0.34609375 0.14140625000000004 0.34609375 0.14140625000000004 0.4515625 0.18593750000000003 0.4515625
51 0.4875 0.37968750000000007 0.4125 0.37968750000000007 0.4125 0.4296875 0.4875 0.4296875
51 0.4125 0.382421875 0.33281250000000007 0.382421875 0.33281250000000007 0.4296875 0.4125 0.4296875
51 0.10312500000000005 0.36171875 0.06328125000000004 0.36171875 0.06328125000000005 0.45625 0.10312500000000005 0.45625
51 0.78125 0.4015625000000001 0.661328125 0.4015625 0.661328125 0.5015625000000001 0.78125 0.5015625000000001
51 0.5875 0.434375 0.4265625 0.434375 0.4265625 0.521875 0.5875 0.521875
51 0.9421875 0.4281250000000002 0.864453125 0.4281250000000002 0.864453125 0.5562500000000001 0.9421875 0.5562500000000001
51 0.45 0.4578125 0.2953125000000001 0.4578125 0.2953125000000001 0.54375 0.45 0.54375
51 0.7828125 0.47539062500000007 0.648828125 0.475390625 0.648828125 0.5546875000000001 0.7828125 0.5546875000000002
51 0.2750000000000001 0.44453125 0.2023437500000001 0.44453125 0.2023437500000001 0.60625 0.2750000000000001 0.60625
51 0.671875 0.484765625 0.53125 0.484765625 0.53125 0.5640625 0.671875 0.5640625
51 0.18281250000000007 0.505078125 0.027734375000000068 0.505078125 0.02773437500000007 0.590625 0.1828125000000001 0.590625
51 0.3359375000000001 0.5390625 0.16718750000000004 0.5390625 0.16718750000000007 0.625 0.3359375000000001 0.625
51 0.6921875 0.60390625 0.583203125 0.60390625 0.583203125 0.6890625 0.6921875 0.6890625
51 0.890625 0.6089843750000001 0.77890625 0.6089843750000001 0.77890625 0.6968750000000001 0.890625 0.6968750000000001
51 0.621875 0.61796875 0.51640625 0.61796875 0.51640625 0.696875 0.621875 0.696875
51 0.7875 0.6292968750000001 0.67421875 0.629296875 0.67421875 0.7171875000000001 0.7875 0.7171875000000002
51 0.3906250000000001 0.648828125 0.2953125000000001 0.648828125 0.2953125000000001 0.75625 0.3906250000000001 0.75625
51 0.7046875000000001 0.7109375 0.6125 0.7109375 0.6125 0.8 0.7046875000000001 0.8
51 0.3281250000000001 0.719140625 0.2113281250000001 0.719140625 0.2113281250000001 0.8078125 0.3281250000000001 0.8078125
51 0.3906250000000001 0.7265625 0.3031250000000001 0.7265625 0.3031250000000001 0.8375 0.3906250000000001 0.8375
51 0.5734375000000002 0.734765625 0.4593750000000002 0.734765625 0.4593750000000002 0.8390625 0.5734375000000002 0.8390625
51 0.4890625000000002 0.75625 0.3746093750000001 0.75625 0.3746093750000001 0.8484375 0.4890625000000002 0.8484375
51 0.18437500000000012 0.791796875 0.08164062500000009 0.791796875 0.0816406250000001 0.9078125 0.18437500000000012 0.9078125
51 0.9421875 0.08281250000000011 0.884375 0.08281250000000011 0.884375 0.1593750000000001 0.9421875 0.15937500000000013
51 0.9234375 0.11953125000000012 0.86015625 0.11953125000000009 0.86015625 0.2000000000000001 0.9234375 0.2000000000000001
51 0.4890625 0.12812500000000004 0.440234375 0.12812500000000004 0.440234375 0.2171875000000001 0.4890625 0.2171875000000001
51 0.65 0.15000000000000008 0.559375 0.15000000000000008 0.559375 0.2000000000000001 0.65 0.2000000000000001
51 0.11562500000000002 0.157421875 0.05898437500000002 0.157421875 0.05898437500000002 0.2453125 0.11562500000000005 0.2453125
51 0.915625 0.1593750000000001 0.865234375 0.1593750000000001 0.865234375 0.2445312500000001 0.915625 0.2445312500000001
51 0.7484375 0.16953125000000008 0.691796875 0.16953125000000008 0.691796875 0.2390625000000001 0.7484375 0.2390625000000001
51 0.6984375 0.1750000000000001 0.639453125 0.1750000000000001 0.639453125 0.2406250000000001 0.6984375 0.2406250000000001
51 0.415625 0.17890625000000004 0.36640625 0.17890625000000004 0.36640625 0.2484375000000001 0.415625 0.2484375000000001
51 0.646875 0.1925781250000001 0.55 0.1925781250000001 0.55 0.2390625000000001 0.646875 0.2390625000000001
51 0.5 0.17226562500000003 0.44296875 0.17226562500000003 0.44296875 0.26250000000000007 0.5 0.26250000000000007
51 0.346875 0.19023437500000004 0.301953125 0.19023437500000004 0.301953125 0.2515625 0.346875 0.2515625
51 0.28125 0.18320312500000005 0.2265625 0.18320312500000005 0.2265625 0.265625 0.28125 0.265625
51 0.2015625 0.18789062500000003 0.15156250000000004 0.187890625 0.15156250000000004 0.2625 0.2015625 0.2625
51 0.13125000000000003 0.1953125 0.08632812500000002 0.1953125 0.08632812500000003 0.290625 0.13125000000000003 0.290625
51 0.5890625 0.2296875000000001 0.493359375 0.2296875000000001 0.493359375 0.28593750000000007 0.5890625 0.28593750000000007
51 0.44375 0.2312500000000001 0.369140625 0.2312500000000001 0.369140625 0.2906250000000001 0.44375 0.2906250000000001
51 0.503125 0.2347656250000001 0.4375 0.2347656250000001 0.4375 0.2890625000000001 0.503125 0.2890625000000001
51 0.14687500000000003 0.256640625 0.059375000000000025 0.256640625 0.05937500000000003 0.3078125 0.14687500000000003 0.3078125