51 0.39843750000000006 0.31445312500000006 0.262890625 0.314453125 0.26289062500000004 0.418359375 0.3984375000000001 0.418359375
51 0.19375000000000003 0.351953125 0.059765625000000044 0.351953125 0.05976562500000006 0.48125 0.19375000000000003 0.48125
51 0.9984375 0.014062500000000117 0.902734375 0.014062500000000111 0.902734375 0.09843750000000012 0.9984375 0.09843750000000014
32 0.980859375 0.3058593750000001 0.423828125 0.3058593750000001 0.4238281250000001 0.8984375 0.980859375 0.8984375
51 0.9109375 0.031250000000000104 0.800390625 0.0312500000000001 0.800390625 0.11250000000000011 0.9109375 0.11250000000000013
51 0.7796875 0.01992187500000009 0.696875 0.019921875000000082 0.696875 0.1281250000000001 0.7796875 0.1281250000000001
51 0.7109375 0.08789062500000008 0.554296875 0.08789062500000007 0.554296875 0.1964843750000001 0.7109375 0.1964843750000001
51 0.425 0.11796875000000004 0.35234375 0.11796875000000004 0.35234375 0.21718750000000003 0.425 0.2171875000000001
51 0.9671875 0.10664062500000011 0.836328125 0.10664062500000009 0.836328125 0.27031250000000007 0.9671875 0.27031250000000007
51 0.8453125 0.11093750000000009 0.721875 0.11093750000000009 0.721875 0.2765625000000001 0.8453125 0.2765625000000001
51 0.7328125 0.14062500000000008 0.610546875 0.14062500000000008 0.610546875 0.3062500000000001 0.7328125 0.3062500000000001
51 0.14531250000000004 0.183203125 0.01562500000000002 0.183203125 0.01562500000000003 0.334375 0.14531250000000004 0.334375
51 0.375 0.22187500000000004 0.2765625 0.221875 0.2765625 0.29687500000000006 0.375 0.2968750000000001
51 0.5171875 0.2117187500000001 0.36328125 0.2117187500000001 0.36328125 0.3265625000000001 0.5171875 0.3265625000000001
51 0.27812500000000007 0.2390625 0.13632812500000005 0.2390625 0.13632812500000005 0.4015625 0.27812500000000007 0.4015625