32 0.990625 0.37968750000000007 0.7453125 0.37968750000000007 0.7453125 0.5265625000000002 0.990625 0.5265625000000002
32 0.78515625 0.4375000000000001 0.4921875 0.4375 0.4921875 0.5593750000000001 0.78515625 0.5593750000000002
32 0.51171875 0.4734375 0.2078125000000001 0.4734375 0.2078125000000001 0.60546875 0.51171875 0.60546875
32 0.84140625 0.5453125000000001 0.5453125 0.5453125 0.5453125 0.66328125 0.84140625 0.6632812500000002
32 0.56875 0.5578125 0.2593750000000001 0.5578125 0.2593750000000001 0.69921875 0.56875 0.69921875
32 0.2500000000000001 0.6078125 7.443556326067507e-17 0.6078125 8.543824934676456e-17 0.7875 0.2500000000000001 0.7875
32 0.81875 0.6718750000000001 0.528125 0.671875 0.5281250000000001 0.7921875 0.81875 0.7921875000000002
32 1 0.6812500000000001 0.765625 0.6812500000000001 0.7656250000000001 0.88125 1 0.88125
32 0.5515625000000002 0.7359375 0.2609375000000001 0.7359375 0.2609375000000001 0.88359375 0.5515625000000002 0.88359375
32 0.84140625 0.7812500000000001 0.5671875000000002 0.78125 0.5671875000000002 0.9375 0.84140625 0.9375
32 0.6117187500000002 0.8265625 0.28593750000000007 0.8265625 0.28593750000000007 0.99921875 0.6117187500000002 0.99921875
32 0.2867187500000001 0.8609375 0.015625000000000104 0.8609375 0.015625000000000114 1 0.2867187500000001 1
32 0.93828125 0.11250000000000011 0.665625 0.11250000000000009 0.665625 0.2179687500000001 0.93828125 0.2179687500000001
32 0.99921875 0.1906250000000001 0.7453125 0.1906250000000001 0.7453125 0.3203125000000001 0.99921875 0.3203125000000001
32 0.50859375 0.13906250000000003 0.2875 0.13906250000000003 0.28750000000000003 0.37578125000000007 0.50859375 0.37578125000000007
32 0.6171875 0.19218750000000007 0.465625 0.19218750000000004 0.465625 0.3734375000000001 0.6171875 0.3734375000000001
32 0.78125 0.1906250000000001 0.58125 0.1906250000000001 0.58125 0.3750000000000001 0.78125 0.3750000000000001