32 0.940625 0.3304687500000001 0.79453125 0.3304687500000001 0.79453125 0.5750000000000002 0.940625 0.5750000000000002
32 0.6984375 0.35234375000000007 0.577734375 0.35234375000000007 0.577734375 0.64375 0.6984375 0.64375
32 0.425 0.38789062500000004 0.2933593750000001 0.387890625 0.2933593750000001 0.690625 0.425 0.690625
32 0.7515625000000001 0.4566406250000001 0.634375 0.456640625 0.6343750000000001 0.7515625000000001 0.7515625000000001 0.7515625000000001
32 0.4843750000000001 0.473828125 0.3429687500000001 0.473828125 0.3429687500000001 0.7828125 0.48437500000000017 0.7828125
32 0.2500000000000001 0.6078125 7.443556326067507e-17 0.6078125 8.543824934676456e-17 0.7875 0.2500000000000001 0.7875
32 0.7328125000000001 0.5867187500000001 0.61328125 0.58671875 0.6132812500000001 0.8765625 0.7328125000000002 0.8765625
32 1 0.6812500000000001 0.765625 0.6812500000000001 0.7656250000000001 0.88125 1 0.88125
32 0.4796875000000001 0.664453125 0.3320312500000001 0.664453125 0.3320312500000001 0.9546875 0.47968750000000016 0.9546875
32 0.840625 0.7812500000000001 0.5675781250000002 0.78125 0.5675781250000002 0.9375 0.840625 0.9375
32 0.5343750000000002 0.750390625 0.36210937500000007 0.750390625 0.36210937500000007 1 0.5343750000000002 1
32 0.28593750000000007 0.8609375 0.015234375000000105 0.8609375 0.015234375000000114 1 0.28593750000000007 1
32 0.9375 0.1128906250000001 0.665625 0.11289062500000009 0.665625 0.2171875000000001 0.9375 0.2171875000000001
32 0.9984375 0.1906250000000001 0.745703125 0.1906250000000001 0.745703125 0.3203125000000001 0.9984375 0.3203125000000001
32 0.5078125 0.13906250000000003 0.287890625 0.13906250000000003 0.28789062500000007 0.37500000000000006 0.5078125 0.3750000000000001
32 0.6171875 0.19218750000000007 0.465625 0.19218750000000004 0.465625 0.3734375000000001 0.6171875 0.3734375000000001
32 0.78125 0.1906250000000001 0.58125 0.1906250000000001 0.58125 0.3750000000000001 0.78125 0.3750000000000001