52 0.26562500000000006 0.31875 0.12812500000000004 0.31875 0.12812500000000004 0.378125 0.2656250000000001 0.378125
45 0.13281250000000006 0.4609375 0.019921875000000054 0.4609375 0.01992187500000006 0.521875 0.13281250000000006 0.521875
45 0.2218750000000001 0.4765625 0.14062500000000006 0.4765625 0.14062500000000006 0.525 0.2218750000000001 0.525
45 0.2062500000000001 0.51875 0.09257812500000007 0.51875 0.09257812500000007 0.5671875 0.2062500000000001 0.5671875
9 0.07031250000000008 0.6109375 0.001562500000000075 0.6109375 0.0015625000000000777 0.659375 0.07031250000000008 0.659375
9 0.07343750000000009 0.69921875 8.562960040913134e-17 0.69921875 8.998283707797544e-17 0.7703125 0.07343750000000009 0.7703125
9 0.22031250000000008 0.73046875 0.14453125000000008 0.73046875 0.14453125000000008 0.8046875 0.22031250000000008 0.8046875
15 0.3859375000000001 0.74375 0.2656250000000001 0.74375 0.2656250000000001 0.8609375 0.3859375000000001 0.8609375
9 0.2562500000000001 0.787109375 0.1613281250000001 0.787109375 0.1613281250000001 0.8734375 0.2562500000000001 0.8734375
15 0.5265625000000002 0.83125 0.3968750000000001 0.83125 0.3968750000000001 0.9515625 0.5265625000000002 0.9515625
15 0.40937500000000016 0.85625 0.26445312500000007 0.85625 0.26445312500000007 1 0.40937500000000016 1
15 0.5453125000000002 0.962109375 0.39531250000000007 0.962109375 0.39531250000000007 0.9984375 0.5453125000000002 0.9984375
52 0.19687500000000005 0.273046875 0.10156250000000004 0.273046875 0.10156250000000004 0.3078125 0.19687500000000005 0.3078125
52 0.18750000000000006 0.254296875 0.15156250000000004 0.254296875 0.15156250000000004 0.365625 0.18750000000000006 0.365625
52 0.09843750000000004 0.2953125 0.006640625000000036 0.2953125 0.006640625000000039 0.33125 0.09843750000000004 0.33125
52 0.234375 0.309765625 0.11875000000000005 0.309765625 0.11875000000000005 0.35 0.234375 0.35
52 0.09062500000000004 0.287109375 0.04921875000000003 0.287109375 0.04921875000000004 0.375 0.09062500000000004 0.375