30 0.98203125 0.2968750000000001 0.884375 0.2968750000000001 0.884375 0.5234375000000002 0.98203125 0.5234375000000002
30 0.884375 0.3078125000000001 0.7953125 0.3078125000000001 0.7953125 0.5343750000000002 0.884375 0.5343750000000002
30 0.7734375 0.3031250000000001 0.6609375 0.3031250000000001 0.6609375 0.5601562500000001 0.7734375 0.5601562500000001
30 0.57734375 0.31718750000000007 0.484375 0.31718750000000007 0.484375 0.58046875 0.57734375 0.58046875
30 0.35156250000000006 0.30625 0.2625 0.30625 0.26250000000000007 0.59296875 0.3515625000000001 0.59296875
30 0.46015625 0.32656250000000003 0.3609375 0.3265625 0.3609375 0.58984375 0.46015625 0.58984375
30 0.23359375000000004 0.3296875 0.13750000000000004 0.3296875 0.13750000000000007 0.61953125 0.2335937500000001 0.61953125
30 0.12812500000000007 0.346875 0.012500000000000044 0.346875 0.012500000000000061 0.6234375 0.1281250000000001 0.6234375
30 0.99921875 0.5546875000000002 0.9046875 0.5546875000000002 0.9046875 0.7531250000000002 0.99921875 0.7531250000000002
30 0.92578125 0.5687500000000002 0.8171875 0.5687500000000002 0.8171875 0.7601562500000002 0.92578125 0.7601562500000002
30 0.7500000000000001 0.5921875000000001 0.6453125 0.5921875 0.6453125000000001 0.7890625000000001 0.7500000000000002 0.7890625000000002
30 0.4570312500000001 0.6078125 0.3656250000000001 0.6078125 0.3656250000000001 0.78203125 0.45703125000000017 0.78203125
30 0.6539062500000001 0.5921875 0.5625 0.5921875 0.5625000000000001 0.80546875 0.6539062500000001 0.80546875
30 0.5609375000000001 0.6171875 0.48125 0.6171875 0.48125000000000007 0.8171875 0.5609375000000002 0.8171875
30 0.3812500000000001 0.6265625 0.2718750000000001 0.6265625 0.2718750000000001 0.86015625 0.3812500000000001 0.86015625
30 0.2632812500000001 0.6859375 0.1671875000000001 0.6859375 0.1671875000000001 0.8453125 0.2632812500000001 0.8453125
30 0.1703125000000001 0.659375 8.075014831877861e-17 0.659375 9.524499129306174e-17 0.89609375 0.1703125000000001 0.89609375
30 0.99453125 0.7812500000000002 0.8640625 0.7812500000000002 0.8640625 0.93203125 0.99453125 0.93203125
30 0.88125 0.7953125000000002 0.7609375000000002 0.7953125000000002 0.7609375000000002 0.9390625 0.88125 0.9390625
30 0.7429687500000002 0.8203125 0.6421875000000001 0.8203125 0.6421875000000001 0.9875 0.7429687500000002 0.9875
30 0.4890625000000002 0.8609375 0.3671875000000001 0.8609375 0.3671875000000001 0.98125 0.4890625000000002 0.98125
30 0.6414062500000002 0.8453125 0.4968750000000002 0.8453125 0.4968750000000002 1 0.6414062500000002 1
30 0.3554687500000001 0.871875 0.2484375000000001 0.871875 0.2484375000000001 0.98359375 0.3554687500000001 0.98359375
30 0.69375 7.768853132091022e-17 0.575 7.041719095097281e-17 0.575 0.2156250000000001 0.69375 0.2156250000000001
30 0.4578125 4.793344112287687e-17 0.325 3.980102097228898e-17 0.325 0.25312500000000004 0.4578125 0.2531250000000001