32 0.8875 0.4125000000000001 0.703125 0.4125 0.703125 0.66328125 0.8875 0.6632812500000002
32 0.6921875 0.425 0.5125 0.425 0.5125 0.66171875 0.6921875 0.66171875
32 0.503125 0.4234375 0.3421875000000001 0.4234375 0.3421875000000001 0.66484375 0.503125 0.66484375
17 0.3500000000000001 0.475 0.15781250000000005 0.475 0.15781250000000008 0.6625 0.3500000000000001 0.6625
17 0.15937500000000007 0.4765625 5.836207402186604e-17 0.4765625 7.242637710582393e-17 0.70625 0.1593750000000001 0.70625
32 0.99921875 0.6312500000000002 0.890625 0.6312500000000002 0.890625 0.89375 0.99921875 0.89375
17 0.7203125000000001 0.7328125 0.5843750000000002 0.7328125 0.5843750000000002 0.93984375 0.7203125000000001 0.93984375
17 0.9046875 0.7687500000000002 0.7468750000000002 0.7687500000000002 0.7468750000000002 0.93984375 0.9046875 0.93984375
17 0.3867187500000001 0.76875 0.2156250000000001 0.76875 0.2156250000000001 0.97109375 0.3867187500000001 0.97109375
17 0.21875000000000008 0.775 0.0281250000000001 0.775 0.02812500000000011 0.9734375 0.21875000000000008 0.9734375
17 0.5500000000000002 0.821875 0.4156250000000002 0.821875 0.4156250000000002 0.975 0.5500000000000002 0.975
32 1 0.07968750000000012 0.8296875 0.0796875000000001 0.8296875 0.2750000000000001 1 0.2750000000000001
17 0.51640625 0.09531250000000005 0.321875 0.09531250000000005 0.321875 0.32812500000000006 0.51640625 0.3281250000000001
32 0.85078125 0.1281250000000001 0.6953125 0.1281250000000001 0.6953125 0.30937500000000007 0.85078125 0.30937500000000007
17 0.68671875 0.10312500000000006 0.50625 0.10312500000000005 0.50625 0.3351562500000001 0.68671875 0.3351562500000001
17 0.32265625 0.12500000000000003 0.14375 0.125 0.14375000000000002 0.3515625 0.32265625 0.3515625