32 0.92951858125 0.4364020265625001 0.658403715625 0.43640202656250004 0.658403715625 0.6343750000000001 0.92951858125 0.6343750000000001
32 0.7125 0.44453125 0.4569679046875 0.44453125 0.4569679046875 0.6387880078125 0.7125 0.6387880078125
32 0.4765625 0.41247888593750004 0.30441300625000006 0.41247888593750004 0.30441300625000006 0.671875 0.4765625 0.671875
17 0.3125000000000001 0.46841216093750004 0.10475084375000003 0.46841216093750004 0.10475084375000006 0.6703125 0.3125000000000001 0.6703125
17 0.10625000000000007 0.4703125 5.759666977239896e-17 0.4703125 7.271340369937409e-17 0.7171875 0.1062500000000001 0.7171875
32 1 0.6366342921875001 0.8970016890625001 0.6366342921875001 0.8970016890625001 0.91875 1 0.91875
17 0.7500000000000002 0.7847550687500001 0.5273859796875001 0.78475506875 0.5273859796875001 0.93125 0.7500000000000002 0.93125
17 0.91875 0.7931376687500002 0.7343750000000002 0.7931376687500002 0.7343750000000002 0.9625 0.91875 0.9625
17 0.3656250000000001 0.8 0.1522170609375001 0.8 0.15221706093750012 0.984375 0.3656250000000001 0.984375
17 0.1890625000000001 0.8109586156249999 9.93137872866125e-17 0.8109586156249999 1.0974112722647327e-16 0.98125 0.18906250000000013 0.98125
17 0.5342694250000002 0.8494298984374999 0.37717482968750005 0.8494298984374999 0.37717482968750005 0.99375 0.5342694250000002 0.99375
32 1 0.06157094531250011 0.8099451015625 0.06157094531250009 0.8099451015625 0.2296875000000001 1 0.2296875000000001
17 0.490625 0.05711570937500006 0.2818412171875 0.057115709375000046 0.2818412171875 0.30781250000000004 0.490625 0.3078125000000001
32 0.853125 0.09315878281250009 0.686127534375 0.09315878281250009 0.686127534375 0.2890625000000001 0.853125 0.2890625000000001
17 0.7044974671875 0.09381334531250007 0.45365287031249996 0.09381334531250006 0.45365287031249996 0.2875000000000001 0.7044974671875 0.2875000000000001
17 0.28264358125 0.08925253281250002 0.08923141875 0.0892525328125 0.08923141875000003 0.3341849671875 0.28264358125 0.3341849671875