32 1 0.3656250000000001 0.8171875 0.3656250000000001 0.8171875 0.4750000000000002 1 0.4750000000000002
32 0.82890625 0.3734375000000001 0.621875 0.3734375000000001 0.621875 0.5601562500000001 0.82890625 0.5601562500000001
32 0.90859375 0.41718750000000016 0.759375 0.41718750000000016 0.759375 0.5914062500000001 0.90859375 0.5914062500000001
32 0.66796875 0.4359375 0.48125 0.4359375 0.48125 0.6234375 0.66796875 0.6234375
32 0.4859375 0.4453125 0.13593750000000004 0.4453125 0.13593750000000007 0.69921875 0.4859375 0.69921875
32 0.99921875 0.11562500000000012 0.828125 0.11562500000000009 0.828125 0.2289062500000001 0.99921875 0.2289062500000001
32 0.8265625 0.0859375000000001 0.66875 0.08593750000000008 0.66875 0.2953125000000001 0.8265625 0.2953125000000001
32 0.71015625 0.10468750000000007 0.540625 0.10468750000000004 0.540625 0.3085937500000001 0.71015625 0.3085937500000001
32 0.44375 0.10156250000000004 0.271875 0.10156250000000004 0.271875 0.33828125000000003 0.44375 0.3382812500000001
32 0.2796875 0.18125000000000002 0.1546875 0.18125 0.15468750000000003 0.35 0.2796875 0.35
32 0.16796875000000006 0.221875 2.71718508560819e-17 0.221875 3.7456970458296e-17 0.38984375 0.16796875000000006 0.38984375