51 0.421875 0.30976562500000004 0.3171875 0.309765625 0.31718750000000007 0.38906250000000003 0.421875 0.3890625000000001
51 0.19531250000000006 0.2796875 0.06093750000000005 0.2796875 0.06093750000000005 0.434375 0.19531250000000006 0.434375
51 0.65625 0.3218750000000001 0.534765625 0.3218750000000001 0.534765625 0.4203125 0.65625 0.4203125
51 0.77265625 0.3089843750000001 0.675 0.3089843750000001 0.675 0.43437500000000007 0.77265625 0.4343750000000002
51 0.90625 0.3421875000000001 0.806640625 0.3421875000000001 0.806640625 0.4734375000000002 0.90625 0.4734375000000002
51 0.16210937500000006 0.373046875 4.568506614006728e-17 0.373046875 5.508518707883504e-17 0.5265625 0.16210937500000006 0.5265625
51 0.415625 0.411328125 0.2492187500000001 0.411328125 0.2492187500000001 0.5390625 0.415625 0.5390625
51 0.678125 0.44140625 0.51640625 0.44140625 0.51640625 0.5671875 0.678125 0.5671875
51 0.8 0.4230468750000001 0.665625 0.423046875 0.665625 0.5921875000000001 0.8 0.5921875000000002
51 0.2953125000000001 0.47890625 0.15078125000000003 0.47890625 0.15078125000000006 0.596875 0.2953125000000001 0.596875
51 0.946875 0.4578125000000002 0.8046875 0.4578125000000002 0.8046875 0.6375000000000002 0.946875 0.6375000000000002