41 0.75390625 0.2796875000000001 0.5765625 0.2796875000000001 0.5765625 0.44609375000000007 0.75390625 0.4460937500000002
6 0.36796875000000007 0.39062500000000006 0.17500000000000004 0.390625 0.17500000000000007 0.5640625 0.36796875000000007 0.5640625
41 0.971875 0.41406250000000017 0.7609375 0.41406250000000017 0.7609375 0.5906250000000002 0.971875 0.5906250000000002
6 0.5875 0.4203125 0.3937500000000001 0.4203125 0.3937500000000001 0.61328125 0.5875 0.61328125
41 0.7546875 0.4531250000000001 0.5921875 0.453125 0.5921875 0.59296875 0.7546875 0.5929687500000002
6 0.65546875 0.553125 0.43125 0.553125 0.4312500000000001 0.76953125 0.6554687500000002 0.76953125
6 0.3804687500000001 0.5734375 0.1609375000000001 0.5734375 0.1609375000000001 0.78671875 0.3804687500000001 0.78671875
41 0.76875 0.6031250000000001 0.634375 0.603125 0.6343750000000001 0.7664062500000001 0.7687500000000002 0.7664062500000002
41 0.95703125 0.6140625000000002 0.778125 0.6140625000000002 0.7781250000000001 0.7734375000000002 0.95703125 0.7734375000000002
41 0.7875000000000002 0.7828125000000001 0.6187500000000001 0.7828125 0.6187500000000001 0.99296875 0.7875000000000002 0.99296875
41 1 0.7859375000000002 0.7843750000000002 0.7859375000000002 0.7843750000000002 0.99921875 1 0.99921875
6 0.37187500000000007 0.790625 0.1687500000000001 0.790625 0.16875000000000012 1 0.37187500000000007 1
6 0.6093750000000002 0.796875 0.3781250000000001 0.796875 0.3781250000000001 1 0.6093750000000002 1
6 0.56484375 0.05000000000000006 0.384375 0.050000000000000044 0.384375 0.2367187500000001 0.56484375 0.2367187500000001
6 0.375 0.06718750000000004 0.2109375 0.06718750000000002 0.2109375 0.22421875000000005 0.375 0.22421875000000008
41 0.91484375 0.0937500000000001 0.7375 0.09375000000000008 0.7375 0.24375000000000008 0.91484375 0.24375000000000008
41 0.7390625 0.09375000000000008 0.571875 0.09375000000000007 0.571875 0.2570312500000001 0.7390625 0.2570312500000001
6 0.37109375000000006 0.22343750000000004 0.19687500000000005 0.2234375 0.19687500000000005 0.38671875000000006 0.3710937500000001 0.3867187500000001
41 0.94453125 0.2531250000000001 0.75 0.2531250000000001 0.75 0.4031250000000002 0.94453125 0.4031250000000002
6 0.57109375 0.2500000000000001 0.390625 0.2500000000000001 0.39062500000000006 0.41015625 0.57109375 0.41015625