30 1 0.3617187500000001 0.819921875 0.3617187500000001 0.819921875 0.4578125000000002 1 0.4578125000000002
30 0.884375 0.3078125000000001 0.7953125 0.3078125000000001 0.7953125 0.5343750000000002 0.884375 0.5343750000000002
30 0.7734375 0.3031250000000001 0.6609375 0.3031250000000001 0.6609375 0.5593750000000001 0.7734375 0.5593750000000002
30 0.6625 0.401953125 0.3996093750000001 0.401953125 0.3996093750000001 0.494921875 0.6625 0.494921875
30 0.35156250000000006 0.306640625 0.2625 0.306640625 0.26250000000000007 0.5921875 0.3515625000000001 0.5921875
30 0.5421875 0.408984375 0.2792968750000001 0.408984375 0.2792968750000001 0.50625 0.5421875 0.50625
30 0.3296875000000001 0.426171875 0.04062500000000006 0.426171875 0.040625000000000064 0.521875 0.3296875000000001 0.521875
30 0.2078125000000001 0.42734375 5.233451555731267e-17 0.42734375 5.936666709929161e-17 0.5421875 0.2078125000000001 0.5421875
30 1 0.6070312500000001 0.852734375 0.6070312500000001 0.852734375 0.7015625000000002 1 0.7015625000000002
30 0.965625 0.6105468750000002 0.775390625 0.6105468750000002 0.775390625 0.7171875000000002 0.965625 0.7171875000000002
30 0.7500000000000001 0.5921875000000001 0.6453125 0.5921875 0.6453125000000001 0.7890625000000001 0.7500000000000002 0.7890625000000002
30 0.49687500000000007 0.649609375 0.3238281250000001 0.649609375 0.3238281250000001 0.7390625 0.4968750000000002 0.7390625
30 0.7140625 0.653515625 0.501953125 0.653515625 0.5019531250000001 0.74375 0.7140625000000002 0.74375
30 0.6203125 0.67734375 0.42109375 0.67734375 0.4210937500000001 0.75625 0.6203125000000002 0.75625
30 0.44218750000000007 0.688671875 0.2093750000000001 0.688671875 0.2093750000000001 0.796875 0.4421875000000002 0.796875
30 0.29375000000000007 0.71796875 0.1355468750000001 0.71796875 0.1355468750000001 0.8125 0.29375000000000007 0.8125
30 0.1703125000000001 0.658984375 8.070231055318691e-17 0.658984375 9.517323464467418e-17 0.8953125 0.1703125000000001 0.8953125
30 1 0.7910156250000002 0.854296875 0.7910156250000002 0.854296875 0.9203125 1 0.9203125
30 0.8921875 0.80703125 0.7492187500000002 0.80703125 0.7492187500000002 0.9265625 0.8921875 0.9265625
30 0.7421875000000002 0.8203125 0.6417968750000002 0.8203125 0.6417968750000002 0.9875 0.7421875000000002 0.9875
30 0.4890625000000002 0.8609375 0.3671875000000001 0.8609375 0.3671875000000001 0.98125 0.4890625000000002 0.98125
30 0.6453125000000002 0.85 0.4917968750000002 0.85 0.4917968750000002 0.99375 0.6453125000000002 0.99375
30 0.3578125000000001 0.873828125 0.2464843750000001 0.873828125 0.2464843750000001 0.980859375 0.3578125000000001 0.980859375
30 0.7421875 0.04843750000000008 0.5265625 0.048437500000000064 0.5265625 0.16718750000000007 0.7421875 0.1671875000000001
30 0.4578125 4.793344112287687e-17 0.325 3.980102097228898e-17 0.325 0.25312500000000004 0.4578125 0.2531250000000001