32 0.8261904765624999 0.2904761906250001 0.6857142859375001 0.2904761906250001 0.6857142859375001 0.3857142859375001 0.8261904765624999 0.3857142859375001
32 0.6865079359374999 0.2904761906250001 0.5634920640625001 0.2904761906250001 0.5634920640625001 0.3904761906250001 0.6865079359374999 0.3904761906250001
32 0.558730159375 0.29841269843750007 0.42698412656249995 0.29841269843750007 0.42698412656249995 0.4 0.558730159375 0.4
32 0.42142857187500005 0.30317460312500005 0.27777777812500004 0.303174603125 0.27777777812500004 0.40714285781250004 0.42142857187500005 0.40714285781250004
32 0.27698412656250004 0.309523809375 0.14444444375000004 0.309523809375 0.14444444375000004 0.4142857140625 0.2769841265625001 0.4142857140625
32 0.9539682546874999 0.3888888890625001 0.81904761875 0.3888888890625001 0.81904761875 0.4841269843750002 0.9539682546874999 0.4841269843750002
32 0.8174603171875001 0.4015873015625001 0.6888888890625 0.4015873015625 0.6888888890625 0.5079365078125001 0.8174603171875001 0.5079365078125002
32 0.684920634375 0.4 0.565079365625 0.4 0.565079365625 0.5119047625 0.684920634375 0.5119047625
32 0.42619047656250003 0.4126984125 0.2920634921875001 0.4126984125 0.2920634921875001 0.509523809375 0.42619047656250003 0.509523809375
32 0.5507936515625 0.41904761874999996 0.4238095234375 0.41904761874999996 0.4238095234375 0.5111111109375 0.5507936515625 0.5111111109375
32 0.2936507937500001 0.43015872968749996 0.17936507968750004 0.43015872968749996 0.17936507968750004 0.5261904765625001 0.2936507937500001 0.5261904765625001
32 0.18571428593750003 0.43492063437499995 0.06349206406250005 0.43492063437499995 0.06349206406250005 0.5365079359375 0.18571428593750003 0.5365079359375
32 0.984920634375 1.1123875085876755e-16 0.83174603125 1.018595114873827e-16 0.83174603125 0.09206349218750011 0.984920634375 0.09206349218750011
32 0.7 7.736657560011116e-17 0.5634920640625001 6.90078752599076e-17 0.5634920640625001 0.09920634843750008 0.7 0.09920634843750009
32 0.8261904765624999 9.325782572279222e-17 0.696825396875 8.533649918475528e-17 0.696825396875 0.10158730156250009 0.8261904765624999 0.10158730156250009
32 0.934920634375 0.5031746031250002 0.8142857140625 0.5031746031250002 0.8142857140625 0.6007936515625002 0.934920634375 0.6007936515625002
32 0.6777777781250001 0.5111111109375 0.5539682546875 0.5111111109375 0.5539682546875 0.6119047625 0.6777777781250001 0.6119047625
32 0.81904761875 0.5142857140625001 0.6777777781250001 0.5142857140625 0.6777777781250001 0.6230158734375001 0.81904761875 0.6230158734375002
32 0.5666666671875 0.525396825 0.428571428125 0.525396825 0.428571428125 0.615079365625 0.5666666671875 0.615079365625
32 0.4325396828125 0.5301587296875 0.2920634921875001 0.5301587296875 0.2920634921875001 0.6301587296875 0.4325396828125 0.6301587296875
32 0.2015873015625001 0.5396825390625 0.08730158750000007 0.5396825390625 0.08730158750000008 0.6507936515625 0.2015873015625001 0.6507936515625
32 0.2992063484375001 0.5365079359375 0.19206349218750005 0.5365079359375 0.19206349218750007 0.6547619046875 0.2992063484375001 0.6547619046875
32 0.5730158734375 0.004761904687500062 0.43333333281249997 0.0047619046875000525 0.43333333281249997 0.11349206406250008 0.5730158734375 0.11349206406250009
32 0.6888888890625 0.6333333328124999 0.565079365625 0.6333333328124999 0.565079365625 0.7150793656250001 0.6888888890625 0.7150793656250001
32 0.8134920640625 0.6317460312500001 0.696825396875 0.63174603125 0.696825396875 0.7246031750000002 0.8134920640625 0.7246031750000002
32 0.4277777781250001 0.6539682546875001 0.30952380937500007 0.6539682546875001 0.30952380937500007 0.7396825390624999 0.4277777781250002 0.7396825390624999
32 0.5642857140625 0.6603174609375 0.4365079359375 0.6603174609375 0.43650793593750004 0.74365079375 0.5642857140625002 0.74365079375
32 0.31031746093750007 0.6666666671875 0.1698412703125001 0.6666666671875 0.1698412703125001 0.759523809375 0.31031746093750007 0.759523809375
32 0.309523809375 0.01111111093750003 0.15714285781249998 0.011111110937500019 0.15714285781249998 0.12222222187500002 0.309523809375 0.12222222187500005
32 0.9380952375 0.7222222218750002 0.8111111109375001 0.7222222218750002 0.8111111109375001 0.8214285718750001 0.9380952375 0.8214285718750001
32 0.6857142859375002 0.725396825 0.5793650796875002 0.725396825 0.5793650796875002 0.828571428125 0.6857142859375002 0.828571428125
32 0.824603175 0.7396825390625 0.7015873015625002 0.7396825390624999 0.7015873015625002 0.828571428125 0.824603175 0.828571428125
32 0.45079365156250023 0.7523809531250001 0.31746031718750006 0.7523809531250001 0.31746031718750006 0.834920634375 0.45079365156250023 0.834920634375
32 0.5865079359375002 0.7492063484375 0.44444444375000014 0.7492063484375 0.44444444375000014 0.8428571421875001 0.5865079359375002 0.8428571421875001
32 0.83174603125 0.13015872968750009 0.6857142859375001 0.13015872968750009 0.6857142859375001 0.2444444437500001 0.83174603125 0.2444444437500001
32 0.96904761875 0.1380952375000001 0.8269841265625001 0.13809523750000008 0.8269841265625001 0.2380952375000001 0.96904761875 0.2380952375000001
32 0.6857142859375001 0.1412698406250001 0.5539682546875 0.1412698406250001 0.5539682546875 0.2452380953125001 0.6857142859375001 0.2452380953125001
32 0.5642857140624999 0.15873015937500007 0.4015873015625 0.15873015937500004 0.4015873015625 0.2666666671875001 0.5642857140624999 0.2666666671875001
32 0.40238095312500005 0.15555555625000003 0.2634920640625 0.15555555625000003 0.2634920640625 0.27619047656250006 0.40238095312500005 0.2761904765625001
32 0.265079365625 0.16666666718750003 0.1238095234375 0.1666666671875 0.12380952343750003 0.28095238125 0.265079365625 0.28095238125
32 0.12857142812500003 0.16984127031250001 0.00952380937500002 0.16984127031250001 0.009523809375000029 0.29285714218750003 0.12857142812500005 0.29285714218750003
32 0.9579365078125001 0.2777777781250001 0.8206349203125001 0.2777777781250001 0.8206349203125001 0.37142857187500006 0.9579365078125001 0.37142857187500006