32 0.990625 0.37968750000000007 0.7453125 0.37968750000000007 0.7453125 0.5265625000000002 0.990625 0.5265625000000002
32 0.6984375 0.3515625000000001 0.577734375 0.3515625000000001 0.577734375 0.64375 0.6984375 0.64375
32 0.5109375 0.473828125 0.2082031250000001 0.473828125 0.2082031250000001 0.6046875 0.5109375 0.6046875
32 0.7515625000000001 0.4562500000000001 0.634765625 0.45625 0.6347656250000001 0.7515625000000001 0.7515625000000001 0.7515625000000001
32 0.4843750000000001 0.473828125 0.3437500000000001 0.473828125 0.3437500000000001 0.7828125 0.48437500000000017 0.7828125
32 0.2140625000000001 0.57265625 0.03515625000000007 0.57265625 0.03515625000000008 0.821875 0.2140625000000001 0.821875
32 0.7328125000000001 0.5867187500000001 0.61328125 0.58671875 0.6132812500000001 0.8765625 0.7328125000000002 0.8765625
32 1 0.6812500000000001 0.765625 0.6812500000000001 0.7656250000000001 0.88125 1 0.88125
32 0.4796875000000001 0.664453125 0.3320312500000001 0.664453125 0.3320312500000001 0.9546875 0.47968750000000016 0.9546875
32 0.840625 0.7812500000000001 0.5675781250000002 0.78125 0.5675781250000002 0.9375 0.840625 0.9375
32 0.6109375000000001 0.826953125 0.2863281250000001 0.826953125 0.2863281250000001 0.9984375 0.6109375000000001 0.9984375
32 0.28593750000000007 0.8609375 0.015234375000000105 0.8609375 0.015234375000000114 1 0.28593750000000007 1
32 0.9375 0.11210937500000011 0.666015625 0.1121093750000001 0.666015625 0.2171875000000001 0.9375 0.2171875000000001
32 0.9984375 0.1906250000000001 0.744921875 0.1906250000000001 0.744921875 0.3203125000000001 0.9984375 0.3203125000000001
32 0.5078125 0.13906250000000003 0.287890625 0.13906250000000003 0.28789062500000007 0.37500000000000006 0.5078125 0.3750000000000001
32 0.63125 0.20703125000000008 0.45078125 0.20703125000000008 0.45078125 0.3578125000000001 0.63125 0.3578125000000001
32 0.78125 0.1906250000000001 0.58125 0.1906250000000001 0.58125 0.3750000000000001 0.78125 0.3750000000000001