43 0.834375 0.47191342031250005 0.7055455937499999 0.4719134203125 0.7055455937499999 0.6843750000000001 0.834375 0.6843750000000002
43 0.525 0.5168160859375 0.35813268437500007 0.5168160859375 0.35813268437500007 0.6453125 0.525 0.6453125
43 0.7328125 0.4948514343750001 0.5928278703125 0.494851434375 0.5928278703125 0.6937500000000001 0.7328125 0.6937500000000002
43 0.2796875000000001 0.5047131140625 0.13750000000000004 0.5047131140625 0.13750000000000007 0.71875 0.2796875000000001 0.71875
43 0.1750000000000001 0.5542776640625 6.787943671330126e-17 0.5542776640625 7.641965420207445e-17 0.69375 0.1750000000000001 0.69375
43 0.9140625 0.6857838109375002 0.8046875 0.6857838109375002 0.8046875 0.840625 0.9140625 0.840625
43 0.8078125 0.7158299171875001 0.7197617828125 0.7158299171875 0.7197617828125 0.8404200828124999 0.8078125 0.8404200828124999
43 0.7578125000000002 0.7326203890625 0.6179815562500002 0.7326203890625 0.6179815562500002 0.8359375 0.7578125000000002 0.8359375
43 0.6406250000000001 0.724398053125 0.550179303125 0.724398053125 0.5501793031250001 0.865625 0.6406250000000002 0.865625
43 0.5546875000000001 0.725 0.4406506140625 0.725 0.44065061406250006 0.88125 0.5546875000000002 0.88125
43 0.25468750000000007 0.7459400609375 0.1581326859375001 0.7459400609375 0.1581326859375001 0.9057761265625001 0.25468750000000007 0.9057761265625001
43 0.3765625000000001 0.7807505124999999 0.2397028687500001 0.7807505124999999 0.2397028687500001 0.8875 0.3765625000000001 0.8875
43 0.27812500000000007 0.11141137187500003 0.09531250000000002 0.11141137187500001 0.09531250000000004 0.4015625 0.27812500000000007 0.4015625
43 0.6308785859375 0.19173924218750008 0.3546875 0.19173924218750005 0.3546875 0.3453125 0.6308785859375 0.3453125000000001
43 0.6828125 0.12798412031250006 0.5287909828124999 0.12798412031250003 0.5287909828124999 0.415625 0.6828125 0.415625
43 0.453125 0.13437500000000005 0.28949795 0.13437500000000005 0.28949795 0.453125 0.453125 0.453125
43 0.9984375 0.1752561484375001 0.86079661875 0.1752561484375001 0.86079661875 0.4309938531250002 0.9984375 0.4309938531250002
43 0.846875 0.1703125000000001 0.6734375 0.1703125000000001 0.6734375 0.44218750000000007 0.846875 0.4421875000000002