32 0.9984375 0.2972656250000001 0.908984375 0.2972656250000001 0.908984375 0.3968750000000001 0.9984375 0.3968750000000001
32 0.8390625 9.711066415113777e-17 0.746875 9.146580781131795e-17 0.746875 0.11718750000000008 0.8390625 0.11718750000000008
32 0.2203125 0.03164062500000002 0.171875 0.03164062500000002 0.171875 0.12343750000000002 0.2203125 0.12343750000000005
32 0.7375 0.5527343750000001 0.2410156250000001 0.552734375 0.2410156250000001 0.9984375 0.7375000000000002 0.9984375
32 0.07500000000000001 0.072265625 0.007812500000000009 0.072265625 0.00781250000000001 0.1140625 0.07500000000000002 0.1140625
32 0.5203125 0.06406250000000005 0.409375 0.06406250000000005 0.409375 0.12500000000000006 0.5203125 0.12500000000000006
32 0.5890625 0.048046875000000065 0.527734375 0.048046875000000065 0.527734375 0.15625000000000006 0.5890625 0.15625000000000008
32 0.04375000000000002 0.1125 0.017187500000000012 0.1125 0.017187500000000015 0.1734375 0.043750000000000025 0.1734375
32 0.09218750000000002 0.128515625 0.03750000000000001 0.128515625 0.03750000000000002 0.165625 0.09218750000000002 0.165625
32 0.46875 0.10156250000000004 0.402734375 0.10156250000000004 0.402734375 0.21093750000000008 0.46875 0.21093750000000008
32 0.5859375 0.12929687500000006 0.468359375 0.12929687500000003 0.468359375 0.20468750000000008 0.5859375 0.20468750000000008
32 0.69375 0.14843750000000008 0.576953125 0.14843750000000008 0.576953125 0.2218750000000001 0.69375 0.2218750000000001
32 0.8078125 0.13632812500000008 0.71484375 0.13632812500000008 0.71484375 0.26250000000000007 0.8078125 0.26250000000000007
32 0.10937500000000003 0.165625 0.05625000000000002 0.165625 0.05625000000000002 0.25625 0.10937500000000004 0.25625
32 0.18437500000000004 0.19687500000000002 0.11093750000000005 0.196875 0.11093750000000005 0.2484375 0.18437500000000004 0.2484375
32 0.246875 0.19257812500000002 0.17343750000000005 0.192578125 0.17343750000000005 0.259375 0.246875 0.259375
32 0.534375 0.2152343750000001 0.471875 0.2152343750000001 0.471875 0.2609375000000001 0.534375 0.2609375000000001
32 0.571875 0.2234375000000001 0.5140625 0.2234375000000001 0.5140625 0.2718750000000001 0.571875 0.2718750000000001
32 0.434375 0.22968750000000004 0.3578125 0.2296875 0.3578125 0.29687500000000006 0.434375 0.2968750000000001
32 0.6046875 0.2406250000000001 0.55625 0.2406250000000001 0.55625 0.3046875000000001 0.6046875 0.3046875000000001
32 0.465625 0.25468750000000007 0.4 0.25468750000000007 0.4 0.3078125000000001 0.465625 0.3078125000000001
32 0.5421875 0.2734375000000001 0.4671875 0.2734375000000001 0.4671875 0.3281250000000001 0.5421875 0.3281250000000001
32 0.7359375 0.2511718750000001 0.611328125 0.2511718750000001 0.611328125 0.3578125000000001 0.7359375 0.3578125000000001
32 0.76875 0.2953125000000001 0.676953125 0.2953125000000001 0.676953125 0.3656250000000001 0.76875 0.3656250000000001
32 0.8453125 0.2886718750000001 0.71953125 0.2886718750000001 0.71953125 0.3765625000000001 0.8453125 0.3765625000000001