11 0.18750000000000006 0.2890625 0.07539062500000004 0.2890625 0.07539062500000004 0.3796875 0.18750000000000006 0.3796875
11 0.9359375 0.2949218750000001 0.8109375 0.2949218750000001 0.8109375 0.3765625000000001 0.9359375 0.3765625000000001
11 0.815625 0.3023437500000001 0.719140625 0.3023437500000001 0.719140625 0.4156250000000001 0.815625 0.4156250000000002
11 0.4140625 0.33906250000000004 0.3046875 0.3390625 0.30468750000000006 0.415625 0.4140625 0.415625
11 0.5046875 0.3453125000000001 0.4140625 0.3453125000000001 0.4140625 0.4125 0.5046875 0.4125
11 0.3140625000000001 0.366015625 0.20468750000000008 0.366015625 0.20468750000000008 0.434375 0.3140625000000001 0.434375
11 0.6203125 0.35625000000000007 0.518359375 0.35625000000000007 0.518359375 0.47109375 0.6203125 0.47109375
11 0.3390625000000001 0.41875 0.22812500000000008 0.41875 0.22812500000000008 0.4875 0.3390625000000001 0.4875
11 0.17656250000000004 0.4359375 0.06914062500000004 0.4359375 0.06914062500000005 0.515625 0.17656250000000004 0.515625
11 0.30625 0.007812500000000031 0.1859375 0.007812500000000023 0.1859375 0.09062500000000004 0.30625 0.09062500000000004
11 0.3324218750000001 0.444921875 0.2660156250000001 0.444921875 0.2660156250000001 0.5375 0.3324218750000001 0.5375
11 0.81875 0.43945312500000017 0.7453125 0.43945312500000017 0.7453125 0.5437500000000002 0.81875 0.5437500000000002
11 0.7390625 0.4847656250000001 0.644140625 0.484765625 0.644140625 0.5578125 0.7390625 0.5578125000000002
11 0.5578125 0.47578125 0.47265625 0.47578125 0.47265625 0.56875 0.5578125 0.56875
11 0.21250000000000008 0.494140625 0.07812500000000007 0.494140625 0.07812500000000007 0.575 0.21250000000000008 0.575
11 0.4765625 0.50234375 0.39335937500000007 0.50234375 0.39335937500000007 0.5921875 0.4765625 0.5921875
11 0.9328125 0.014062500000000106 0.790625 0.014062500000000094 0.790625 0.0984375000000001 0.9328125 0.09843750000000011
11 0.653125 0.503125 0.566015625 0.503125 0.566015625 0.609375 0.653125 0.609375
11 0.415625 0.55 0.3097656250000001 0.55 0.3097656250000001 0.61875 0.415625 0.61875
11 0.1953125 1.798699986247675e-17 0.0984375 1.2055116929106758e-17 0.09843750000000001 0.12031250000000002 0.1953125 0.12031250000000004
11 0.31718750000000007 0.5578125 0.2535156250000001 0.5578125 0.2535156250000001 0.659375 0.31718750000000007 0.659375
11 0.2734375000000001 0.5984375 0.1589843750000001 0.5984375 0.1589843750000001 0.709375 0.2734375000000001 0.709375
11 0.1843750000000001 0.612890625 0.06875000000000006 0.612890625 0.06875000000000007 0.71875 0.1843750000000001 0.71875
11 0.4937500000000001 0.675390625 0.3593750000000001 0.675390625 0.3593750000000001 0.7734375 0.4937500000000002 0.7734375
11 0.7093750000000001 0.6734375 0.567578125 0.6734375 0.567578125 0.803125 0.7093750000000002 0.803125
11 0.5992187500000001 0.693359375 0.45 0.693359375 0.45000000000000007 0.8171875 0.5992187500000001 0.8171875
11 0.37968750000000007 0.7609375 0.2738281250000001 0.7609375 0.2738281250000001 0.8953125 0.37968750000000007 0.8953125
11 0.2671875000000001 0.790625 0.1535156250000001 0.790625 0.1535156250000001 0.915625 0.2671875000000001 0.915625
11 0.8046875 0.027343750000000094 0.68984375 0.02734375000000009 0.68984375 0.1531250000000001 0.8046875 0.1531250000000001
11 0.709375 0.056640625000000076 0.553125 0.05664062500000007 0.553125 0.17187500000000008 0.709375 0.17187500000000008
11 0.9359375 0.0824218750000001 0.809375 0.08242187500000009 0.809375 0.1796875000000001 0.9359375 0.17968750000000014
11 0.559375 0.09062500000000005 0.403125 0.09062500000000004 0.403125 0.2000000000000001 0.559375 0.2000000000000001
11 0.815625 0.11250000000000009 0.6890625 0.11250000000000009 0.6890625 0.20312500000000008 0.815625 0.20312500000000008
11 0.7015625 0.1359375000000001 0.5671875 0.1359375000000001 0.5671875 0.2468750000000001 0.7015625 0.2468750000000001
11 0.5796875 0.16718750000000007 0.4265625 0.16718750000000004 0.4265625 0.2828125000000001 0.5796875 0.2828125000000001
11 0.340625 0.17812500000000003 0.23125 0.17812500000000003 0.23125 0.271875 0.340625 0.271875
11 0.2515625 0.203125 0.14218750000000005 0.203125 0.14218750000000005 0.2890625 0.2515625 0.2890625
11 0.9171875 0.20507812500000008 0.808203125 0.20507812500000008 0.808203125 0.3109375000000001 0.9171875 0.3109375000000001
11 0.375 0.24062500000000003 0.258203125 0.240625 0.258203125 0.33125000000000004 0.375 0.3312500000000001
11 0.803125 0.24375000000000008 0.700390625 0.24375000000000008 0.700390625 0.3500000000000001 0.803125 0.3500000000000001
11 0.2609375 0.2625 0.15976562500000005 0.2625 0.15976562500000005 0.3578125 0.2609375 0.3578125
11 0.71875 0.2906250000000001 0.5890625 0.2906250000000001 0.5890625 0.3734375000000001 0.71875 0.3734375000000001