32 0.9625 0.32890625000000007 0.85390625 0.32890625000000007 0.85390625 0.5109375000000002 0.9625 0.5109375000000002
32 0.828125 0.37382812500000007 0.622265625 0.37382812500000007 0.622265625 0.5593750000000001 0.828125 0.5593750000000002
32 0.9078125 0.41718750000000016 0.759765625 0.41718750000000016 0.759765625 0.5906250000000002 0.9078125 0.5906250000000002
32 0.6671875 0.43671875 0.480859375 0.43671875 0.480859375 0.6234375 0.6671875 0.6234375
32 0.4375000000000001 0.39726562500000007 0.18437500000000004 0.397265625 0.18437500000000007 0.746875 0.43750000000000017 0.746875
32 0.96875 0.08710937500000011 0.857421875 0.08710937500000011 0.857421875 0.2578125000000001 0.96875 0.2578125000000001
32 0.8515625 0.11171875000000009 0.64296875 0.11171875000000009 0.64296875 0.2687500000000001 0.8515625 0.2687500000000001
32 0.709375 0.10507812500000006 0.540625 0.10507812500000005 0.540625 0.3078125000000001 0.709375 0.3078125000000001
32 0.475 0.13398437500000004 0.23984375 0.13398437500000004 0.23984375 0.30468750000000006 0.475 0.3046875000000001
32 0.3015625 0.203125 0.13281250000000006 0.203125 0.13281250000000006 0.328125 0.3015625 0.328125
32 0.16718750000000004 0.221484375 2.7124013090490206e-17 0.221484375 3.738521380990846e-17 0.3890625 0.16718750000000004 0.3890625