32 1 0.3895490921875001 0.7494836734375 0.3895490921875001 0.7494836734375 0.5515625000000002 1 0.5515625000000002
32 0.7921875 0.45373594218750013 0.4686634953125 0.4537359421875 0.4686634953125 0.5875000000000001 0.7921875 0.5875000000000001
32 0.3937500000000001 0.39749945937500003 0.24936472812500007 0.397499459375 0.24936472812500007 0.7328125 0.3937500000000001 0.7328125
32 0.8546875 0.5723588875000001 0.5271031578125001 0.5723588875 0.5271031578125001 0.7015625000000001 0.8546875 0.7015625000000002
32 0.4606915000000001 0.4938338015625 0.3041171062500001 0.4938338015625 0.3041171062500001 0.834375 0.46069150000000014 0.834375
32 0.1984375000000001 0.6406574390625 0.0008082828125000784 0.6406574390625 0.0008082828125000908 0.840625 0.1984375000000001 0.840625
32 0.7356536531250001 0.6187500000000001 0.603125 0.61875 0.6031250000000001 0.9390625 0.7356536531250002 0.9390625
32 0.9953125 0.7195988312500001 0.7755514703124999 0.7195988312500001 0.7755514703125 0.946875 0.9953125 0.946875
32 0.4546875000000001 0.7048496984375 0.2921875000000001 0.7048496984375 0.2921875000000001 1 0.4546875000000002 1
32 0.7859375000000002 0.765324934375 0.6204422578125002 0.7653249343749999 0.6204422578125002 1 0.7859375000000002 1
32 0.4781250000000002 0.7619241999999999 0.36274329687500007 0.7619241999999999 0.36274329687500007 1 0.4781250000000002 1
32 0.1593750000000001 0.8407601640625 0.08161224062500011 0.8407601640625 0.08161224062500012 1 0.15937500000000013 1
32 0.9625 0.0939527468750001 0.6609375 0.09395274687500009 0.6609375 0.2093750000000001 0.9625 0.2093750000000001
32 0.9453125 0.12664630156250012 0.8026005625 0.1266463015625001 0.8026005625 0.3765625000000001 0.9453125 0.3765625000000001
32 0.4859375 0.12282385468750004 0.2419901609375 0.12282385468750004 0.24199016093750006 0.38281250000000006 0.4859375 0.3828125000000001
32 0.60625 0.18163657031250008 0.43936526875000004 0.18163657031250005 0.43936526875000004 0.3812500000000001 0.60625 0.3812500000000001
32 0.789003028125 0.17990646562500007 0.567549740625 0.17990646562500007 0.567549740625 0.3828125000000001 0.789003028125 0.3828125000000001