32 1 0.3656250000000001 0.8171875 0.3656250000000001 0.8171875 0.4750000000000002 1 0.4750000000000002
32 0.8171875 0.3628906250000001 0.632421875 0.3628906250000001 0.632421875 0.5687500000000001 0.8171875 0.5687500000000002
32 0.9078125 0.41718750000000016 0.759765625 0.41718750000000016 0.759765625 0.5906250000000002 0.9078125 0.5906250000000002
32 0.6671875 0.4359375 0.481640625 0.4359375 0.481640625 0.6234375 0.6671875 0.6234375
32 0.4859375 0.445703125 0.13593750000000004 0.445703125 0.13593750000000007 0.6984375 0.4859375 0.6984375
32 0.96875 0.08710937500000011 0.857421875 0.08710937500000011 0.857421875 0.2578125000000001 0.96875 0.2578125000000001
32 0.8265625 0.0859375000000001 0.66875 0.08593750000000008 0.66875 0.2953125000000001 0.8265625 0.2953125000000001
32 0.7265625 0.12226562500000007 0.523828125 0.12226562500000004 0.523828125 0.2906250000000001 0.7265625 0.2906250000000001
32 0.44375 0.10195312500000005 0.271875 0.10195312500000005 0.271875 0.3375 0.44375 0.3375000000000001
32 0.3015625 0.203125 0.13281250000000006 0.203125 0.13281250000000006 0.328125 0.3015625 0.328125
32 0.16718750000000004 0.221484375 2.7124013090490206e-17 0.221484375 3.738521380990846e-17 0.3890625 0.16718750000000004 0.3890625