32 0.9921875 0.23984375000000008 0.773828125 0.23984375000000008 0.773828125 0.47187500000000016 0.9921875 0.47187500000000016
32 0.26250000000000007 0.441015625 0.08593750000000004 0.441015625 0.08593750000000006 0.5578125 0.26250000000000007 0.5578125
32 0.12343750000000006 0.419921875 0.01367187500000005 0.419921875 0.01367187500000006 0.5921875 0.12343750000000009 0.5921875
32 0.5390625 0.503125 0.403515625 0.503125 0.403515625 0.6796875 0.5390625 0.6796875
32 0.7328125 0.5347656250000001 0.553125 0.534765625 0.553125 0.6656250000000001 0.7328125 0.6656250000000001
32 0.9984375 0.5343750000000002 0.776171875 0.5343750000000002 0.776171875 0.7015625000000002 0.9984375 0.7015625000000002
32 0.2875000000000001 0.651953125 0.1296875000000001 0.651953125 0.1296875000000001 0.7625 0.2875000000000001 0.7625
32 0.6875000000000001 0.672265625 0.476953125 0.672265625 0.4769531250000001 0.80625 0.6875000000000002 0.80625
32 0.4609375000000001 0.7171875 0.2550781250000001 0.7171875 0.2550781250000001 0.86875 0.46093750000000017 0.86875
32 0.2406250000000001 0.7546875 0.07851562500000009 0.7546875 0.0785156250000001 0.8796875 0.2406250000000001 0.8796875
32 0.959375 0.7066406250000001 0.771875 0.7066406250000001 0.7718750000000001 0.975 0.959375 0.975
32 0.6703125000000002 0.840625 0.4675781250000002 0.840625 0.4675781250000002 1 0.6703125000000002 1
32 0.5515625 0.22968750000000004 0.286328125 0.2296875 0.28632812500000004 0.37031250000000004 0.5515625 0.3703125000000001
32 0.7515625 0.1625000000000001 0.669921875 0.1625000000000001 0.669921875 0.4390625000000001 0.7515625 0.4390625000000002
32 0.35156250000000006 0.18593750000000003 0.18945312500000006 0.18593750000000003 0.18945312500000006 0.415625 0.3515625000000001 0.415625
32 0.6828125 0.1671875000000001 0.573828125 0.1671875000000001 0.573828125 0.44375 0.6828125 0.44375