52 0.22656250000000006 0.2796875 0.16718750000000004 0.2796875 0.16718750000000004 0.4171875 0.22656250000000008 0.4171875
45 0.10625000000000007 0.434375 0.04648437500000006 0.434375 0.046484375000000064 0.54765625 0.1062500000000001 0.54765625
45 0.2218750000000001 0.4765625 0.14101562500000003 0.4765625 0.14101562500000003 0.525 0.2218750000000001 0.525
45 0.17343750000000008 0.4859375 0.12539062500000003 0.4859375 0.12539062500000006 0.6 0.17343750000000008 0.6
9 0.07031250000000008 0.6109375 0.001562500000000075 0.6109375 0.0015625000000000777 0.659375 0.07031250000000008 0.659375
9 0.07187500000000009 0.696875 8.534257381558118e-17 0.696875 9.003067484356715e-17 0.7734375 0.07187500000000009 0.7734375
9 0.22031250000000008 0.73046875 0.14453125000000008 0.73046875 0.14453125000000008 0.8046875 0.22031250000000008 0.8046875
15 0.3859375000000001 0.74375 0.2656250000000001 0.74375 0.2656250000000001 0.8609375 0.3859375000000001 0.8609375
9 0.2515625000000001 0.7828125 0.1652343750000001 0.7828125 0.1652343750000001 0.878125 0.2515625000000001 0.878125
15 0.5265625000000002 0.83125 0.3968750000000001 0.83125 0.3968750000000001 0.9515625 0.5265625000000002 0.9515625
15 0.4078125000000002 0.8546875 0.2652343750000001 0.8546875 0.2652343750000001 1 0.4078125000000002 1
15 0.4890625000000002 0.905859375 0.45234375000000016 0.905859375 0.45234375000000016 1 0.4890625000000002 1
52 0.19687500000000005 0.273828125 0.10156250000000004 0.273828125 0.10156250000000004 0.3078125 0.19687500000000005 0.3078125
52 0.2265625 0.2921875 0.11406250000000004 0.2921875 0.11406250000000004 0.328125 0.2265625 0.328125
52 0.09843750000000004 0.295703125 0.005859375000000036 0.295703125 0.005859375000000038 0.33125 0.09843750000000004 0.33125
52 0.234375 0.309765625 0.11875000000000005 0.309765625 0.11875000000000005 0.35 0.234375 0.35
52 0.11406250000000004 0.310546875 0.025000000000000033 0.310546875 0.02500000000000004 0.3515625 0.11406250000000004 0.3515625