32 1 0.3713826359375001 0.8167202578125 0.3713826359375001 0.8167202578125 0.4839228296875001 1 0.4839228296875001
32 0.828778134375 0.37942122187500005 0.6157556265624999 0.37942122187500005 0.6157556265624999 0.5715434078125001 0.828778134375 0.5715434078125001
32 0.9107717046875001 0.4244372984375002 0.7572347265625 0.4244372984375002 0.7572347265625 0.6036977484375001 0.9107717046875001 0.6036977484375001
32 0.6631832796875 0.44372990312500005 0.47106109375000005 0.44372990312500005 0.47106109375000005 0.6366559484375001 0.6631832796875 0.6366559484375001
32 0.47588424375000005 0.45337620625 0.11575562656250005 0.45337620625 0.11575562656250007 0.714630225 0.47588424375000005 0.714630225
32 1 0.1141479093750001 0.8279742765625 0.11414790937500008 0.8279742765625 0.23070739531250012 1 0.23070739531250012
32 0.826366559375 0.0836012859375001 0.6639871375 0.08360128593750009 0.6639871375 0.29903537031250005 0.826366559375 0.29903537031250005
32 0.706591640625 0.10289389062500007 0.532154340625 0.10289389062500005 0.532154340625 0.3127009640625001 0.706591640625 0.3127009640625001
32 0.43247588437499995 0.09967845625000003 0.255627009375 0.09967845625000002 0.255627009375 0.3432475890625001 0.43247588437499995 0.3432475890625001
32 0.2636655953125 0.18167202500000001 0.13504823125000004 0.181672025 0.13504823125000004 0.355305465625 0.2636655953125 0.355305465625
32 0.14871382656250004 0.22347266875 2.7367508848160422e-17 0.22347266875 3.795026861762545e-17 0.3963022515625 0.14871382656250004 0.3963022515625