17 0.854296875 0.2902343750000001 0.617578125 0.2902343750000001 0.617578125 0.5468750000000001 0.854296875 0.5468750000000002
17 0.6625 0.3769531250000001 0.3984375000000001 0.3769531250000001 0.3984375000000001 0.5890625 0.6625 0.5890625
17 0.4453125 0.4234375 0.2015625000000001 0.4234375 0.2015625000000001 0.6234375 0.4453125 0.6234375
17 0.9265625 0.5527343750000002 0.726171875 0.5527343750000002 0.726171875 0.6390625000000002 0.9265625 0.6390625000000002
17 0.5765625 0.639453125 0.3839843750000001 0.639453125 0.3839843750000001 0.725 0.5765625 0.725
17 0.4000000000000001 0.6875 0.1984375000000001 0.6875 0.1984375000000001 0.7671875 0.4000000000000002 0.7671875
17 0.2234375000000001 0.7234375 0.022265625000000087 0.7234375 0.022265625000000094 0.8234375 0.2234375000000001 0.8234375
17 0.8453125 0.7269531250000001 0.6250000000000002 0.726953125 0.6250000000000002 0.8328125 0.8453125 0.8328125
17 0.6015625000000001 0.702734375 0.46796875 0.702734375 0.4679687500000001 0.9359375 0.6015625000000002 0.9359375
17 0.3781250000000001 0.75234375 0.2558593750000001 0.75234375 0.2558593750000001 0.9984375 0.3781250000000001 0.9984375
17 0.1734375000000001 0.82265625 0.0441406250000001 0.82265625 0.044140625000000114 1 0.17343750000000013 1
17 0.8484375 8.610797806504827e-17 0.5578125 6.831232926493829e-17 0.5578125 0.2734375000000001 0.8484375 0.2734375000000001
17 0.6234375 0.04531250000000006 0.34375 0.04531250000000005 0.34375 0.36250000000000004 0.6234375 0.3625000000000001
17 0.38750000000000007 0.04609375000000003 0.06484375 0.04609375000000001 0.06484375000000002 0.38906250000000003 0.38750000000000007 0.3890625000000001