32 0.9203125 0.4457031250000001 0.6703125 0.445703125 0.6703125 0.6296875000000001 0.9203125 0.6296875000000002
32 0.7203125 0.453515625 0.484375 0.453515625 0.484375 0.6328125 0.7203125 0.6328125
32 0.54375 0.463671875 0.3023437500000001 0.463671875 0.3023437500000001 0.6234375 0.54375 0.6234375
17 0.3468750000000001 0.47265625 0.16015625000000006 0.47265625 0.16015625000000006 0.6640625 0.3468750000000001 0.6640625
17 0.19375000000000006 0.51171875 6.266747292511846e-17 0.51171875 7.237853934023225e-17 0.6703125 0.1937500000000001 0.6703125
32 0.9984375 0.6312500000000002 0.890234375 0.6312500000000002 0.890234375 0.89375 0.9984375 0.89375
17 0.7203125000000001 0.733203125 0.5843750000000002 0.733203125 0.5843750000000002 0.9390625 0.7203125000000001 0.9390625
17 0.9109375 0.7753906250000002 0.7398437500000001 0.7753906250000002 0.7398437500000001 0.9328125 0.9109375 0.9328125
17 0.3859375000000001 0.768359375 0.2152343750000001 0.768359375 0.2152343750000001 0.9703125 0.3859375000000001 0.9703125
17 0.21875000000000008 0.775 0.0281250000000001 0.775 0.02812500000000011 0.9734375 0.21875000000000008 0.9734375
17 0.5500000000000002 0.821875 0.4156250000000002 0.821875 0.4156250000000002 0.975 0.5500000000000002 0.975
32 1 0.09218750000000012 0.8171875 0.09218750000000012 0.8171875 0.26250000000000007 1 0.26250000000000007
17 0.534375 0.11406250000000004 0.302734375 0.11406250000000004 0.302734375 0.30781250000000004 0.534375 0.3078125000000001
32 0.85 0.1281250000000001 0.6953125 0.1281250000000001 0.6953125 0.30937500000000007 0.85 0.30937500000000007
17 0.7109375 0.12851562500000008 0.480078125 0.12851562500000005 0.480078125 0.3089843750000001 0.7109375 0.3089843750000001
17 0.3453125 0.14921875 0.119921875 0.14921875 0.11992187500000002 0.3265625 0.3453125 0.3265625