17 0.86484375 0.3000000000000001 0.6078125 0.3000000000000001 0.6078125 0.5367187500000001 0.86484375 0.5367187500000001
17 0.6625 0.3765625000000001 0.3984375000000001 0.3765625000000001 0.3984375000000001 0.58984375 0.6625 0.58984375
17 0.4453125 0.4234375 0.2015625000000001 0.4234375 0.2015625000000001 0.6234375 0.4453125 0.6234375
17 0.92734375 0.5531250000000002 0.7265625 0.5531250000000002 0.7265625 0.6398437500000002 0.92734375 0.6398437500000002
17 0.57734375 0.6390625 0.3843750000000001 0.6390625 0.3843750000000001 0.72578125 0.5773437500000002 0.72578125
17 0.4007812500000001 0.6875 0.1984375000000001 0.6875 0.1984375000000001 0.7671875 0.4007812500000002 0.7671875
17 0.22421875000000008 0.7234375 0.02187500000000009 0.7234375 0.021875000000000096 0.8234375 0.22421875000000008 0.8234375
17 0.8453125 0.7265625000000001 0.6250000000000002 0.7265625 0.6250000000000002 0.83359375 0.8453125 0.83359375
17 0.6515625000000002 0.753125 0.41718750000000016 0.753125 0.41718750000000016 0.88671875 0.6515625000000002 0.88671875
17 0.44140625000000017 0.8140625 0.1937500000000001 0.8140625 0.19375000000000012 0.9375 0.44140625000000017 0.9375
17 0.2179687500000001 0.8671875 1.0619983961355955e-16 0.8671875 1.1414090870178068e-16 0.996875 0.2179687500000001 0.996875
17 0.8484375 8.610797806504827e-17 0.5578125 6.831232926493829e-17 0.5578125 0.2734375000000001 0.8484375 0.2734375000000001
17 0.6421875 0.06406250000000006 0.325 0.06406250000000005 0.325 0.34375000000000006 0.6421875 0.3437500000000001
17 0.39843750000000006 0.05625000000000002 0.0546875 0.05625 0.05468750000000002 0.37968750000000007 0.3984375000000001 0.37968750000000007