51 0.11550632968750005 0.322784809375 0.04905063281250004 0.322784809375 0.04905063281250004 0.3773734171875 0.11550632968750005 0.3773734171875
51 0.28006329062500007 0.330696203125 0.20965189843749998 0.330696203125 0.20965189843750004 0.3868670890625 0.2800632906250001 0.3868670890625
51 0.38291139218750003 0.3417721515625 0.31882911406250003 0.34177215156249996 0.31882911406250003 0.3868670890625 0.3829113921875001 0.38686708906250006
51 0.598101265625 0.3354430375000001 0.4992088609375 0.3354430375000001 0.4992088609375 0.40031645625 0.598101265625 0.40031645625
51 0.48892404999999994 0.3670886078125001 0.4090189875 0.3670886078125001 0.4090189875 0.41297468281249994 0.48892404999999994 0.41297468281249994
51 0.8971518984375001 0.3718354437500001 0.7895569625000001 0.3718354437500001 0.7895569625000001 0.4177215187500002 0.8971518984375001 0.4177215187500002
51 0.5917721515625 0.3750000000000001 0.515822784375 0.3750000000000001 0.515822784375 0.4256329109375 0.5917721515625 0.4256329109375
51 0.6724683546875 0.3781645562500001 0.5917721515625 0.3781645562500001 0.5917721515625 0.42642404999999994 0.6724683546875 0.42642404999999994
51 0.973101265625 0.3844936703125001 0.876582278125 0.3844936703125001 0.876582278125 0.42563291093750016 0.973101265625 0.42563291093750016
51 0.34018987343750007 0.3971518984375 0.2175632906250001 0.3971518984375 0.2175632906250001 0.498417721875 0.34018987343750007 0.498417721875
51 0.5775316453125 0.430379746875 0.4145569625 0.430379746875 0.4145569625 0.51977848125 0.5775316453125 0.51977848125
51 0.15981012656250004 0.4493670890625 0.029272151562500053 0.4493670890625 0.02927215156250006 0.5284810125 0.15981012656250004 0.5284810125
51 0.7104430374999999 0.45411392343749996 0.55379746875 0.45411392343749996 0.55379746875 0.5419303796875 0.7104430374999999 0.5419303796875
51 0.3528481015625001 0.4715189875 0.21598101250000007 0.4715189875 0.21598101250000007 0.5530063296875001 0.3528481015625001 0.5530063296875001
51 0.84968354375 0.4857594937500001 0.6851265828125 0.48575949375 0.6851265828125 0.5601265828125002 0.84968354375 0.5601265828125002
51 0.4715189875 0.48101265781249997 0.3291139234375001 0.48101265781249997 0.3291139234375001 0.5625 0.4715189875 0.5625
51 0.9810126578125 0.5015822781250001 0.8235759500000001 0.5015822781250001 0.8235759500000001 0.5893987343750002 0.9810126578125 0.5893987343750002
51 0.8401898734375 0.5363924046875 0.669303796875 0.5363924046874999 0.669303796875 0.6242088609375 0.8401898734375 0.6242088609375002
51 0.40664557031250004 0.5901898734375 0.3204113921875001 0.5901898734375 0.3204113921875001 0.7009493671875 0.40664557031250004 0.7009493671875
51 0.2088607593750001 0.594936709375 0.11867088593750008 0.594936709375 0.11867088593750008 0.7096518984375 0.2088607593750001 0.7096518984375
51 0.473101265625 0.6028481015625 0.3924050640625001 0.6028481015625 0.3924050640625001 0.7104430374999999 0.473101265625 0.7104430374999999
51 0.3148734171875001 0.6155063296875001 0.2246835437500001 0.6155063296875001 0.2246835437500001 0.73022151875 0.3148734171875001 0.73022151875
51 0.7167721515625001 0.6534810125 0.6075949359374999 0.6534810125 0.6075949359375 0.7507911390625 0.7167721515625002 0.7507911390625
51 0.3876582281250001 0.708860759375 0.2974683546875001 0.708860759375 0.2974683546875001 0.802215190625 0.3876582281250001 0.802215190625
51 0.7816455703125001 0.7041139234375 0.69066455625 0.7041139234375 0.69066455625 0.8235759500000001 0.7816455703125003 0.8235759500000001
51 0.7025316453125001 0.7262658234375 0.6131329109375001 0.7262658234375 0.6131329109375001 0.8386075953125 0.7025316453125001 0.8386075953125
51 0.5395569625000002 0.7294303796875 0.43354430312500014 0.7294303796875 0.43354430312500014 0.8457278484374999 0.5395569625000002 0.8457278484374999
51 0.6186708859375002 0.7452531640625 0.5245253171875002 0.7452531640625 0.5245253171875002 0.8623417718749999 0.6186708859375002 0.8623417718749999
51 0.927215190625 0.7927215187500002 0.8219936703125 0.7927215187500002 0.8219936703125 0.910601265625 0.927215190625 0.910601265625
51 0.123417721875 0.08386075937500001 0.04588607656250001 0.08386075937500001 0.04588607656250002 0.1424050640625 0.123417721875 0.1424050640625
51 0.14715189843750004 0.1202531640625 0.06487341718750003 0.1202531640625 0.06487341718750003 0.1851265828125 0.14715189843750004 0.1851265828125
51 0.583860759375 0.14082278437500007 0.492879746875 0.14082278437500004 0.492879746875 0.19145569687500005 0.583860759375 0.19145569687500008
51 0.44303797500000003 0.14240506406250003 0.3504746828125 0.14240506406250003 0.3504746828125 0.19382911406250006 0.44303797500000003 0.19382911406250006
51 0.9667721515625001 0.16613924062500013 0.8757911390625001 0.1661392406250001 0.8757911390625001 0.22389240468750007 0.9667721515625001 0.22389240468750007
51 0.15031645625000004 0.169303796875 0.06408227812500003 0.169303796875 0.06408227812500003 0.22151898750000001 0.15031645625000006 0.22151898750000001
51 0.3148734171875 0.16772151875000005 0.24446202499999997 0.16772151875000005 0.24446202499999997 0.22626582343749999 0.3148734171875 0.22626582343749999
51 0.36550632968749996 0.17088607656250004 0.29825949375 0.17088607656250004 0.29825949375 0.23101265781250008 0.36550632968749996 0.2310126578125001
51 0.6487341765625 0.18196202500000008 0.5775316453125 0.18196202500000008 0.5775316453125 0.23259493593750008 0.6487341765625 0.23259493593750008
51 0.4525316453125 0.18512658281250005 0.353639240625 0.18512658281250005 0.353639240625 0.23338607656250004 0.4525316453125 0.23338607656250007
51 0.5775316453125 0.18196202500000008 0.48575949375 0.18196202500000005 0.48575949375 0.23971519062500007 0.5775316453125 0.23971519062500007
51 0.7120253171875001 0.19145569687500008 0.6479430374999999 0.19145569687500008 0.6479430374999999 0.2381329109375001 0.7120253171875001 0.2381329109375001
51 0.794303796875 0.1898734171875001 0.7104430374999999 0.1898734171875001 0.7104430374999999 0.24604430312500009 0.794303796875 0.24604430312500009
51 0.8686708859375001 0.19303797500000008 0.79272151875 0.19303797500000008 0.79272151875 0.24446202500000008 0.8686708859375001 0.24446202500000008
51 0.947784809375 0.21360759531250012 0.8504746828125 0.21360759531250012 0.8504746828125 0.2602848093750001 0.947784809375 0.2602848093750001
51 0.5094936703124999 0.22310126562500007 0.41218354375 0.22310126562500007 0.41218354375 0.2800632906250001 0.5094936703124999 0.2800632906250001
51 0.6360759500000001 0.2246835437500001 0.55933544375 0.2246835437500001 0.55933544375 0.2848101265625001 0.6360759500000001 0.2848101265625001
51 0.5664556968750001 0.2278481015625001 0.4992088609375 0.2278481015625001 0.4992088609375 0.2840189875000001 0.5664556968750001 0.2840189875000001
51 0.9493670890624999 0.2500000000000001 0.8599683546874999 0.2500000000000001 0.8599683546874999 0.3030063296875001 0.9493670890624999 0.3030063296875001