43 0.834375 0.47234887343750004 0.705929815625 0.4723488734375 0.705929815625 0.6843750000000001 0.834375 0.6843750000000002
43 0.525 0.5168160859375 0.35813268437500007 0.5168160859375 0.35813268437500007 0.6453125 0.525 0.6453125
43 0.7625 0.5252049187500001 0.5629354515625 0.52520491875 0.5629354515625 0.6640625000000001 0.7625 0.6640625000000002
43 0.2796875000000001 0.50512295 0.13750000000000004 0.50512295 0.13750000000000007 0.71875 0.2796875000000001 0.71875
43 0.1750000000000001 0.5539190578125 6.783552011367958e-17 0.5539190578125 7.639769590226361e-17 0.69375 0.1750000000000001 0.69375
43 0.9140625 0.6857838109375002 0.8046875 0.6857838109375002 0.8046875 0.840625 0.9140625 0.840625
43 0.82648565625 0.7335169062500001 0.7018954921875002 0.73351690625 0.7018954921875002 0.821875 0.82648565625 0.821875
43 0.7406250000000001 0.7142930328125001 0.6359375 0.7142930328125 0.6359375 0.8544569671875 0.7406250000000002 0.8544569671875
43 0.6656250000000001 0.7502305328125 0.5239882171875002 0.7502305328125 0.5239882171875002 0.840625 0.6656250000000001 0.840625
43 0.5750000000000002 0.7453125 0.4191086062500002 0.7453125 0.4191086062500002 0.8605788921874999 0.5750000000000002 0.8605788921874999
43 0.28593750000000007 0.7771132171875 0.1270876031250001 0.7771132171875 0.1270876031250001 0.8746541999999999 0.28593750000000007 0.8746541999999999
43 0.3765625000000001 0.7807505124999999 0.2397028687500001 0.7807505124999999 0.2397028687500001 0.8875 0.3765625000000001 0.8875
43 0.27812500000000007 0.11153944687500002 0.09531250000000002 0.11153944687499999 0.09531250000000004 0.4015625 0.27812500000000007 0.4015625
43 0.63125 0.19186731562500006 0.3551869890625 0.19186731562500003 0.3551869890625 0.3453125 0.63125 0.3453125000000001
43 0.75 0.19497950937500005 0.46159067656249997 0.19497950937500003 0.46159067656249997 0.3498975421875001 0.75 0.3498975421875001
43 0.453125 0.13452868906250004 0.2891905734375 0.13452868906250004 0.28919057343750004 0.453125 0.453125 0.453125
43 0.9984375 0.1755635234375001 0.86051485625 0.1755635234375001 0.86051485625 0.4312500000000002 0.9984375 0.4312500000000002
43 0.8953125 0.2201716203125001 0.6242827875 0.2201716203125001 0.6242827875 0.3921875000000001 0.8953125 0.3921875000000001