32 0.08750000000000004 0.2409502984375 2.9507901173508386e-17 0.2409502984375 3.618526957183287e-17 0.35 0.08750000000000005 0.35
32 0.2890625 2.6405630207307215e-17 0.1421741671875 1.7411313876761254e-17 0.1421741671875 0.020312500000000025 0.2890625 0.020312500000000032
32 0.88125 1.0623216684473791e-16 0.85365294375 1.0454233451461532e-16 0.85365294375 0.0640625000000001 0.88125 0.0640625000000001
32 0.7859375000000001 0.4889611781250001 0.3075111984375001 0.488961178125 0.3075111984375001 1 0.7859375000000002 1
32 0.634375 7.032151541978942e-17 0.5140625 6.295449951866863e-17 0.5140625 0.05312500000000007 0.634375 0.05312500000000007
32 0.503125 5.781218455124587e-17 0.4410196234375 5.400932702039054e-17 0.4410196234375 0.09062500000000005 0.503125 0.09062500000000007
32 0.9984375 0.05643931406250012 0.9812393343749999 0.056439314062500114 0.9812393343749999 0.09687500000000013 0.9984375 0.09687500000000013
32 0.640625 0.027210431250000073 0.5691552921875 0.027210431250000066 0.5691552921875 0.1468750000000001 0.640625 0.1468750000000001
32 0.5700431953125 0.058204457812500054 0.44120360468750003 0.05820445781250004 0.44120360468750003 0.14062500000000006 0.5700431953125 0.14062500000000008
32 0.4515625 0.07864761093750004 0.3234375 0.07864761093750004 0.3234375 0.15781250000000005 0.4515625 0.15781250000000005
32 0.3 0.06562500000000003 0.2 0.06562500000000002 0.2 0.203125 0.3 0.203125
32 0.9984375 0.11764345156250014 0.9413155921874999 0.11764345156250014 0.9413155921874999 0.17500000000000013 0.9984375 0.17500000000000013
32 0.959375 0.13125000000000012 0.8797834906249999 0.1312500000000001 0.8797834906249999 0.1875000000000001 0.959375 0.18750000000000014
32 0.8890625 0.12343750000000009 0.815625 0.12343750000000009 0.815625 0.20312500000000008 0.8890625 0.20312500000000008
32 0.55625 0.14252879687500006 0.506767278125 0.14252879687500003 0.506767278125 0.21078818281250009 0.55625 0.21078818281250009
32 0.5140625 0.15549008125000002 0.46181740781249997 0.15549008125000002 0.46181740781249997 0.21875000000000008 0.5140625 0.21875000000000008
32 0.6859375 0.1625000000000001 0.6126466515625 0.1625000000000001 0.6126466515625 0.2453125000000001 0.6859375 0.2453125000000001
32 0.4828125 0.18781463437500004 0.41326525 0.18781463437500004 0.41326525 0.2406250000000001 0.4828125 0.2406250000000001
32 0.64375 0.19520851093750008 0.5735388218749999 0.19520851093750008 0.5735388218749999 0.2515625000000001 0.64375 0.2515625000000001
32 0.559375 0.2041728875000001 0.501285196875 0.2041728875000001 0.501285196875 0.28593750000000007 0.559375 0.28593750000000007
32 0.4140625 0.19123026875000004 0.27687713281250004 0.19123026875000004 0.27687713281250004 0.30781250000000004 0.4140625 0.3078125000000001
32 0.3421875 0.23843323437500002 0.24185420156249998 0.23843323437500002 0.24185420156249998 0.315625 0.3421875 0.315625
32 0.2953125 0.231345990625 0.15852709062500003 0.231345990625 0.15852709062500003 0.328125 0.2953125 0.328125