41 0.7498022140625 0.2691159015625001 0.58128955625 0.2691159015625001 0.58128955625 0.4484375000000001 0.7498022140625 0.44843750000000016
6 0.36406250000000007 0.38735166093750006 0.16990704062500003 0.3873516609375 0.16990704062500006 0.5625 0.36406250000000007 0.5625
41 0.975 0.41138251562500017 0.7627274515625 0.41138251562500017 0.7627274515625 0.5901799843750002 0.975 0.5901799843750002
6 0.5859375 0.4171874984375 0.39063489062500006 0.4171874984375 0.39063489062500006 0.6125 0.5859375 0.6125
41 0.7546875 0.45106803906250004 0.5919402687499999 0.4510680390625 0.5919402687499999 0.5906250000000001 0.7546875 0.5906250000000002
6 0.6559928781250001 0.552284415625 0.42893591718749996 0.552284415625 0.42893591718750007 0.771429984375 0.6559928781250002 0.771429984375
6 0.3765625000000001 0.57325949375 0.1552511859375001 0.57325949375 0.1552511859375001 0.7875 0.3765625000000001 0.7875
41 0.7703125000000001 0.6024327531250001 0.634681565625 0.602432753125 0.6346815656250001 0.7671875000000001 0.7703125000000002 0.7671875000000001
41 0.9608979421875 0.6140625000000002 0.7797270562499999 0.6140625000000002 0.77972705625 0.7750000000000001 0.9608979421875 0.7750000000000001
41 0.7890625000000002 0.7854034812500001 0.6188785593750001 0.78540348125 0.6188785593750001 0.996875 0.7890625000000002 0.996875
41 1 0.7882120234375002 0.7866198562500002 0.7882120234375002 0.7866198562500002 1 1 1
6 0.3687500000000001 0.7933148734375 0.1624505531250001 0.7933148734375 0.16245055312500012 0.9984375 0.3687500000000001 0.9984375
6 0.5921875000000002 0.7823378171875001 0.3913073578125001 0.7823378171875001 0.3913073578125001 1 0.5921875000000002 1
6 0.5671875 0.04583662968750006 0.37870846406249997 0.04583662968750005 0.37870846406249997 0.22812500000000008 0.5671875 0.22812500000000008
6 0.3703125 0.059553006250000026 0.2059928796875 0.05955300625000002 0.2059928796875 0.21857199375000005 0.3703125 0.21857199375000008
41 0.9171875 0.0873318828125001 0.7391119453125 0.08733188281250008 0.7391119453125 0.2375000000000001 0.9171875 0.2375000000000001
41 0.7390625 0.08641218437500008 0.5708069609375 0.08641218437500006 0.5708069609375 0.2515625000000001 0.7390625 0.2515625000000001
6 0.3609375 0.212796678125 0.19752769062500003 0.212796678125 0.19752769062500003 0.3875 0.3609375000000001 0.3875
41 0.9484375 0.24856606093750008 0.7516613921874999 0.24856606093750008 0.7516613921874999 0.4000000000000002 0.9484375 0.4000000000000002
6 0.5703125 0.2450356015625001 0.3877867890625 0.2450356015625001 0.3877867890625001 0.40625 0.5703125 0.40625