30 0.36875 0.30781250000000004 0.18281250000000004 0.3078125 0.18281250000000004 0.39609375 0.3687500000000001 0.3960937500000001
30 1 0.32500000000000007 0.9140625 0.32500000000000007 0.9140625 0.48437500000000017 1 0.48437500000000017
30 0.92109375 0.3421875000000001 0.7859375 0.3421875000000001 0.7859375 0.4859375000000002 0.92109375 0.4859375000000002
30 0.11484375000000005 0.378125 0.03281250000000004 0.378125 0.03281250000000005 0.453125 0.11484375000000005 0.453125
30 0.6890625 0.3531250000000001 0.5734375 0.3531250000000001 0.5734375 0.48671875 0.6890625 0.48671875
30 0.8109375 0.35625000000000007 0.675 0.35625000000000007 0.675 0.48906250000000007 0.8109375 0.4890625000000002
30 0.609375 0.3625000000000001 0.4875 0.3625000000000001 0.4875 0.48671875 0.609375 0.48671875
30 0.2531250000000001 0.3828125 0.15000000000000005 0.3828125 0.15000000000000005 0.48515625 0.2531250000000001 0.48515625
30 0.19218750000000004 0.390625 0.057812500000000044 0.390625 0.05781250000000006 0.48359375 0.19218750000000004 0.48359375
30 0.575 5.960585592725007e-17 0.3984375 4.8794520903527353e-17 0.3984375 0.15625000000000006 0.575 0.15625000000000008
30 0.4875 4.802911665406026e-17 0.296875 3.6356701849687046e-17 0.296875 0.17656250000000004 0.4875 0.17656250000000004
30 0.4109375 3.922696778518866e-17 0.2296875 2.812860616791577e-17 0.2296875 0.19296875000000005 0.4109375 0.19296875000000005
30 0.34140625 0.009375000000000031 0.1484375 0.009375000000000019 0.14843750000000003 0.22265625 0.34140625 0.22265625
30 0.2765625 0.03125000000000002 0.0890625 0.031250000000000014 0.08906250000000002 0.22265625 0.2765625 0.22265625
30 0.21171875 0.05625000000000001 0.04375000000000001 0.05625 0.043750000000000025 0.22734375 0.21171875 0.22734375
30 0.54453125 0.2156250000000001 0.4484375 0.2156250000000001 0.4484375 0.34062500000000007 0.54453125 0.34062500000000007
30 0.9375 0.2250000000000001 0.8078125 0.2250000000000001 0.8078125 0.34843750000000007 0.9375 0.34843750000000007
30 0.81015625 0.24218750000000008 0.69375 0.24218750000000008 0.69375 0.3531250000000001 0.81015625 0.3531250000000001
30 0.696875 0.25468750000000007 0.5984375 0.25468750000000007 0.5984375 0.3570312500000001 0.696875 0.3570312500000001
30 0.603125 0.2609375000000001 0.5078125 0.2609375000000001 0.5078125 0.3625000000000001 0.603125 0.3625000000000001
30 0.44765625 0.24687500000000004 0.2796875 0.246875 0.27968750000000003 0.38359375000000007 0.44765625 0.38359375000000007