32 0.10781250000000005 0.3136284734375 3.8408410611670513e-17 0.3136284734375 4.2931737039315225e-17 0.3875 0.10781250000000005 0.3875
32 0.25468750000000007 0.2375 0.10711805625000004 0.2375 0.10711805625000004 0.4984375 0.25468750000000007 0.4984375
32 0.5125 0.26805555468750003 0.35060763906250003 0.2680555546875 0.35060763906250003 0.490625 0.5125 0.490625
32 0.765625 0.25581597187500005 0.6435763890625 0.25581597187500005 0.6435763890625 0.5109375 0.765625 0.5109375000000002
32 0.042187500000000065 0.439496528125 5.38228016404656e-17 0.439496528125 6.44162090441205e-17 0.6125 0.04218750000000008 0.6125
32 0.2593750000000001 0.4125 0.08454861093750005 0.4125 0.08454861093750007 0.651128471875 0.2593750000000001 0.651128471875
32 0.999652778125 0.4408854156250002 0.850347221875 0.4408854156250002 0.850347221875 0.6231770828125002 0.999652778125 0.6231770828125002
32 0.7578125 0.4016493062500001 0.580295140625 0.40164930625000006 0.580295140625 0.675 0.7578125 0.6750000000000002
32 0.525 0.45850694374999995 0.3080729171875001 0.45850694374999995 0.3080729171875001 0.63125 0.525 0.63125
32 0.73125 0.0019965265625000684 0.39357638906250003 0.0019965265625000476 0.39357638906250003 0.21093750000000008 0.73125 0.21093750000000008
32 0.3046875 2.61459965707657e-17 0.122309028125 1.4978535980010485e-17 0.12230902812500002 0.29375 0.3046875 0.29375
32 0.9546875 0.0540798609375001 0.7744791656250001 0.05407986093750009 0.7744791656250001 0.3234375000000001 0.9546875 0.3234375000000001