32 0.07465277812500004 0.2795138890625 3.4230578955761904e-17 0.2795138890625 4.3000836012797556e-17 0.42274305625 0.07465277812500004 0.42274305625
32 0.31250000000000006 0.29340277812500004 0.05121527812500004 0.29340277812500004 0.05121527812500004 0.4427083328125 0.3125000000000001 0.4427083328125
32 0.543402778125 0.29861111093750003 0.3203125 0.2986111109375 0.32031250000000006 0.4609375 0.543402778125 0.4609375
32 0.8333333328125001 0.3211805562500001 0.5772569437499999 0.3211805562500001 0.5772569437499999 0.4453125000000001 0.8333333328125001 0.44531250000000017
32 0.04340277812500007 0.4392361109375 5.3790909732954114e-17 0.4392361109375 6.442152429825539e-17 0.612847221875 0.04340277812500008 0.612847221875
32 0.29166666718750006 0.44444444375 0.05295138906250004 0.44444444375 0.052951389062500055 0.6197916671875 0.29166666718750006 0.6197916671875
32 1 0.4409722218750002 0.8506944437499999 0.4409722218750002 0.8506944437499999 0.6232638890625002 1 0.6232638890625002
32 0.8072916671874999 0.4496527781250001 0.5321180562500001 0.44965277812500004 0.5321180562500001 0.6276041671875001 0.8072916671874999 0.6276041671875002
32 0.5260416671875 0.4583333328125 0.30815972187500007 0.4583333328125 0.30815972187500007 0.6310763890625 0.5260416671875 0.6310763890625
32 0.7326388890625 0.0017361109375000686 0.3932291671875 0.0017361109375000478 0.3932291671875 0.21180555625000008 0.7326388890625 0.21180555625000008
32 0.3767361109375 0.03993055625000003 0.05208333281250001 0.03993055625000001 0.052083332812500015 0.22395833281250005 0.3767361109375 0.2239583328125001
32 1 0.09895833281250012 0.7291666671875 0.09895833281250009 0.7291666671875 0.2795138890625001 1 0.2795138890625001