32 0.07343750000000004 0.279947915625 0.0001736109375000343 0.279947915625 0.00017361093750004297 0.421875 0.07343750000000004 0.421875
32 0.31093750000000003 0.29375 0.05138888906250004 0.29375 0.05138888906250004 0.4421875 0.3109375000000001 0.4421875
32 0.5421875 0.2985243046875 0.3204861109375 0.2985243046875 0.3204861109375 0.46085069531249995 0.5421875 0.46085069531249995
32 0.765625 0.25581597187500005 0.6435763890625 0.25581597187500005 0.6435763890625 0.5109375 0.765625 0.5109375000000002
32 0.10781250000000006 0.5041666671875 6.174260952079608e-17 0.5041666671875 6.435774067458348e-17 0.546875 0.10781250000000009 0.546875
32 0.2593750000000001 0.4131076375 0.08472222187500004 0.4131076375 0.08472222187500007 0.6515625 0.2593750000000001 0.6515625
32 1 0.4410590265625002 0.8510416656249999 0.4410590265625002 0.8510416656249999 0.6233506937500002 1 0.6233506937500002
32 0.7578125 0.4016493062500001 0.580295140625 0.40164930625000006 0.580295140625 0.675 0.7578125 0.6750000000000002
32 0.503125 0.43567708281249995 0.3305555562500001 0.43567708281249995 0.3305555562500001 0.653125 0.503125 0.653125
32 0.6671875 6.890764365992925e-17 0.458159721875 5.610838368924603e-17 0.458159721875 0.2750000000000001 0.6671875 0.2750000000000001
32 0.3046875 2.61459965707657e-17 0.122309028125 1.4978535980010485e-17 0.12230902812500002 0.29375 0.3046875 0.29375
32 0.9984375 0.0991319437500001 0.72890625 0.09913194375000009 0.72890625 0.2796875000000001 0.9984375 0.2796875000000001