32 0.9640625 0.3359375000000001 0.8525623 0.3359375000000001 0.8525623 0.5187500000000002 0.9640625 0.5187500000000002
32 0.8171875 0.3687500000000001 0.6259068515624999 0.3687500000000001 0.6259068515624999 0.58125 0.8171875 0.5812500000000002
32 0.909375 0.42500000000000016 0.7568629421875 0.42500000000000016 0.7568629421875 0.6031250000000001 0.909375 0.6031250000000001
32 0.6624673421875 0.44375 0.47034515624999995 0.44375 0.47034515624999995 0.6359375 0.6624673421875 0.6359375
32 0.475 0.453125 0.11602944062500006 0.453125 0.11602944062500009 0.7140625 0.475 0.7140625
32 0.9984375 0.11391931250000012 0.8278989156250001 0.11391931250000009 0.8278989156250001 0.2296875000000001 0.9984375 0.2296875000000001
32 0.825 0.0835133640625001 0.6638514859375 0.08351336406250008 0.6638514859375 0.2968750000000001 0.825 0.2968750000000001
32 0.7234375 0.12073703593750007 0.51445438125 0.12073703593750004 0.51445438125 0.29375000000000007 0.7234375 0.29375000000000007
32 0.4654240359375 0.13351838906250005 0.221875 0.13351838906250005 0.221875 0.30937500000000007 0.4654240359375 0.30937500000000007
32 0.263803759375 0.1821920203125 0.13518639531250004 0.18219202031249998 0.13518639531250004 0.3546875 0.263803759375 0.3546875
32 0.16093750000000004 0.235668709375 2.886109305952816e-17 0.235668709375 3.787105166969389e-17 0.3828125 0.16093750000000004 0.3828125