32 1 0.3892733562500001 0.7491349484375001 0.3892733562500001 0.7491349484375001 0.5519031140625001 1 0.5519031140625001
32 0.7932525953125 0.45328719687500013 0.46885813125000003 0.453287196875 0.46885813125000003 0.5882352937500002 0.7932525953125 0.5882352937500002
32 0.4904844296875 0.49307958437500005 0.15397923906250005 0.49307958437500005 0.15397923906250005 0.63927335625 0.4904844296875 0.63927335625
32 0.8555363328125001 0.5726643593750002 0.5276816609375 0.572664359375 0.5276816609375 0.7032871968750001 0.8555363328125001 0.7032871968750002
32 0.5536332187500002 0.586505190625 0.21107266406250008 0.586505190625 0.21107266406250008 0.743079584375 0.5536332187500002 0.743079584375
32 0.20069204218750009 0.6418685125 7.860622193065978e-17 0.6418685125 9.078912692623632e-17 0.84083045 0.20069204218750009 0.84083045
32 0.8304498265625 0.7128027687500001 0.50865051875 0.71280276875 0.5086505187500001 0.8460207609375001 0.8304498265625 0.8460207609375001
32 1 0.7231833906250003 0.771626296875 0.7231833906250003 0.7716262968750001 0.944636678125 1 0.944636678125
32 0.5346020765625001 0.783737025 0.2128027687500001 0.783737025 0.2128027687500001 0.947231834375 0.5346020765625001 0.947231834375
32 0.8555363328125001 0.8339100343749999 0.5519031140625001 0.8339100343749999 0.5519031140625001 1 0.8555363328125001 1
32 0.6012110734375001 0.8840830453124999 0.24048442968750008 0.8840830453124999 0.24048442968750008 1 0.6012110734375001 1
32 0.2413494812500001 0.9221453281249999 1.1293023244369668e-16 0.9221453281249999 1.1769745617921601e-16 1 0.2413494812500001 1
32 0.9628027687499999 0.0934256062500001 0.6608996546875 0.0934256062500001 0.6608996546875 0.21020761250000009 0.9628027687499999 0.21020761250000009
32 1 0.1799307953125001 0.7491349484375001 0.17993079531250009 0.7491349484375001 0.32352941250000006 1 0.32352941250000006
32 0.48702422187499994 0.12283737031250004 0.2422145328125 0.12283737031250004 0.24221453281250005 0.38494809687500003 0.48702422187499994 0.3849480968750001
32 0.6072664359375 0.18166090000000007 0.4394463671875 0.18166090000000004 0.4394463671875 0.3823529406250001 0.6072664359375 0.3823529406250001
32 0.7889273359375 0.17993079531250009 0.5674740484374999 0.17993079531250009 0.5674740484374999 0.3840830453125001 0.7889273359375 0.3840830453125001