51 0.42265625 0.30937500000000007 0.3171875 0.309375 0.31718750000000007 0.38984375000000004 0.42265625 0.3898437500000001
51 0.19531250000000006 0.2796875 0.06093750000000005 0.2796875 0.06093750000000005 0.434375 0.19531250000000006 0.434375
51 0.65703125 0.3218750000000001 0.534375 0.3218750000000001 0.534375 0.4203125 0.65703125 0.4203125
51 0.7875 0.3234375000000001 0.6609375 0.3234375000000001 0.6609375 0.4210937500000001 0.7875 0.42109375000000016
51 0.92265625 0.3578125000000001 0.790625 0.3578125000000001 0.790625 0.4578125000000002 0.92265625 0.4578125000000002
51 0.15546875000000004 0.365625 0.0015625000000000452 0.365625 0.0015625000000000552 0.53359375 0.15546875000000004 0.53359375
51 0.3968750000000001 0.3921875 0.2687500000000001 0.3921875 0.2687500000000001 0.55859375 0.3968750000000001 0.55859375
51 0.6609375 0.4234375 0.534375 0.4234375 0.534375 0.5859375 0.6609375 0.5859375
51 0.8 0.4234375000000001 0.665625 0.4234375 0.665625 0.59296875 0.8 0.5929687500000002
51 0.2828125000000001 0.465625 0.16406250000000006 0.465625 0.16406250000000006 0.6109375 0.2828125000000001 0.6109375
51 0.946875 0.4578125000000002 0.8046875 0.4578125000000002 0.8046875 0.6375000000000002 0.946875 0.6375000000000002