51 0.10887064843750005 0.3166040328125 0.05468750000000004 0.3166040328125 0.05468750000000004 0.3828125 0.10887064843750005 0.3828125
51 0.27968750000000003 0.33010284843750004 0.20997824375000002 0.33010284843750004 0.20997824375000004 0.3859375 0.2796875000000001 0.3859375
51 0.38281250000000006 0.34229628125 0.31875 0.34229628125 0.31875000000000003 0.38593750000000004 0.3828125000000001 0.3859375000000001
51 0.5983188296875 0.3353540343750001 0.49942642499999995 0.3353540343750001 0.49942642499999995 0.3984375000000001 0.5983188296875 0.3984375000000001
51 0.4875 0.3671875000000001 0.40926621875 0.3671875000000001 0.40926621875 0.4125 0.4875 0.4125
51 0.896875 0.3720826750000001 0.78994264375 0.3720826750000001 0.78994264375 0.41718750000000016 0.896875 0.41718750000000016
51 0.578125 0.3622329890625001 0.5281645562499999 0.3622329890625001 0.5281645562499999 0.4375 0.578125 0.4375
51 0.6562005531249999 0.3618571984375001 0.607941059375 0.3618571984375001 0.607941059375 0.440625 0.6562005531249999 0.440625
51 0.971875 0.3848694609375001 0.87642405 0.3848694609375001 0.87642405 0.42500000000000016 0.971875 0.42500000000000016
51 0.3390625000000001 0.3970233390625 0.21759295937500006 0.3970233390625 0.21759295937500006 0.4982891625 0.3390625000000001 0.4982891625
51 0.540625 0.3935423265625001 0.45126582343750005 0.3935423265625001 0.45126582343750005 0.55625 0.540625 0.55625
51 0.15937500000000004 0.44950553906249996 0.029687500000000054 0.44950553906249996 0.02968750000000006 0.5265625 0.15937500000000004 0.5265625
51 0.675 0.4197883703125 0.5886273734375 0.4197883703125 0.5886273734375 0.5764339390625 0.675 0.5764339390625
51 0.3528085453125001 0.471756328125 0.2159414546875001 0.471756328125 0.2159414546875001 0.5515625 0.3528085453125001 0.5515625
51 0.803125 0.4408821218750002 0.72993473125 0.4408821218750002 0.72993473125 0.6046875000000002 0.803125 0.6046875000000002
51 0.440625 0.4510185921875 0.3594541140625001 0.4510185921875 0.3594541140625001 0.5921875 0.440625 0.5921875
51 0.9453125 0.46672270625000023 0.8582080703124999 0.46672270625000023 0.8582080703124999 0.6234375000000002 0.9453125 0.6234375000000002
51 0.8401305375 0.5359375000000001 0.6692444625 0.5359375 0.6692444625 0.6234375000000001 0.8401305375 0.6234375000000002
51 0.40625 0.590714003125 0.3203125000000001 0.590714003125 0.3203125000000001 0.7 0.40625 0.7
51 0.2078125000000001 0.59498615625 0.1189675625000001 0.59498615625 0.1189675625000001 0.7078125 0.2078125000000001 0.7078125
51 0.4859375 0.6162381328125 0.3793413765625001 0.6162381328125 0.3793413765625001 0.696875 0.4859375 0.696875
51 0.3265625000000001 0.62830300625 0.2126285609375001 0.62830300625 0.2126285609375001 0.7171875 0.3265625000000001 0.7171875
51 0.7156250000000001 0.6532733390625001 0.6072784796875 0.6532733390625001 0.6072784796875002 0.75 0.7156250000000002 0.75
51 0.38750000000000007 0.7108188296875 0.29581685000000013 0.7108188296875 0.29581685000000013 0.8 0.38750000000000007 0.8
51 0.7812500000000001 0.7043314859375001 0.690625 0.7043314859375001 0.690625 0.821875 0.7812500000000002 0.821875
51 0.7136273734375002 0.7377175640625 0.6015625000000002 0.7377175640625 0.6015625000000002 0.8265625 0.7136273734375002 0.8265625
51 0.5437500000000002 0.734375 0.42848101250000015 0.734375 0.42848101250000015 0.8399723109374999 0.5437500000000002 0.8399723109374999
51 0.6171875000000002 0.74514438125 0.5242484187500002 0.74514438125 0.5242484187500002 0.8609375 0.6171875000000002 0.8609375
51 0.9265625 0.7928204109375001 0.8223793515625 0.7928204109375001 0.8223793515625 0.9107001578125 0.9265625 0.9107001578125
51 0.123140821875 0.08400909687500001 0.04560917812500001 0.084009096875 0.04560917812500002 0.140625 0.123140821875 0.140625
51 0.1453125 0.1203125 0.06511075937500002 0.1203125 0.06511075937500002 0.184375 0.14531250000000004 0.184375
51 0.5839497625 0.14055577500000008 0.49296875 0.14055577500000005 0.49296875 0.19062500000000007 0.5839497625 0.1906250000000001
51 0.421875 0.12195411406250005 0.37119264375 0.12195411406250005 0.37119264375 0.2140625000000001 0.421875 0.2140625000000001
51 0.965625 0.1656546687500001 0.87638449375 0.16565466875000007 0.87638449375 0.22340783125000008 0.965625 0.22340783125000008
51 0.15000000000000002 0.1692049046875 0.06406250000000002 0.1692049046875 0.06406250000000002 0.2214200953125 0.15000000000000005 0.2214200953125
51 0.3140625 0.16784019062500005 0.244442246875 0.16784019062500005 0.244442246875 0.2263844953125 0.3140625 0.2263844953125
51 0.3640625 0.17105419375000003 0.2981111546875 0.17105419375000003 0.2981111546875 0.23118077500000003 0.3640625 0.23118077500000006
51 0.646875 0.1817147953125001 0.577679984375 0.1817147953125001 0.577679984375 0.23234770625000006 0.646875 0.23234770625000006
51 0.4515625 0.18446400312500005 0.35367879687500003 0.18446400312500005 0.35367879687500003 0.23272349687500005 0.4515625 0.2327234968750001
51 0.559375 0.16456685156250006 0.502086628125 0.16456685156250003 0.502086628125 0.2562500000000001 0.559375 0.2562500000000001
51 0.7109375 0.1915051421875001 0.648427609375 0.1915051421875001 0.648427609375 0.23593750000000008 0.7109375 0.23593750000000008
51 0.79375 0.1898635281250001 0.7109375 0.1898635281250001 0.7109375 0.24375000000000008 0.79375 0.24375000000000008
51 0.86875 0.1937500000000001 0.7929489703125 0.1937500000000001 0.7929489703125 0.24375000000000008 0.86875 0.24375000000000008
51 0.921875 0.1882021359375001 0.8763449359375001 0.18820213593750007 0.8763449359375001 0.2855122609375001 0.921875 0.2855122609375001
51 0.5078125 0.2234375000000001 0.41228243750000004 0.2234375000000001 0.41228243750000004 0.2796875000000001 0.5078125 0.2796875000000001
51 0.6359375 0.2250000000000001 0.559375 0.2250000000000001 0.559375 0.2843750000000001 0.6359375 0.2843750000000001
51 0.5664754765625 0.22753164687500008 0.499228640625 0.22753164687500008 0.499228640625 0.2828125000000001 0.5664754765625 0.2828125000000001
51 0.9484375 0.25005933437500005 0.8599881328125001 0.25005933437500005 0.8599881328125001 0.30156250000000007 0.9484375 0.30156250000000007