32 1 0.23834459375000008 0.78076435625 0.23834459375000008 0.78076435625 0.4748310812500002 1 0.4748310812500002
32 0.20308277031250008 0.41547719531249994 0.07554898593750005 0.41547719531249994 0.07554898593750006 0.60625 0.20308277031250008 0.60625
32 0.08437500000000006 0.42592905312499996 5.216126515733942e-17 0.42592905312499996 6.35854408025574e-17 0.6125 0.08437500000000006 0.6125
32 0.5328125 0.515625 0.3866976359375001 0.515625 0.3866976359375001 0.70625 0.5328125 0.70625
32 0.7432221296875 0.5489442562500001 0.5489653718749999 0.54894425625 0.5489653718749999 0.6916807437500001 0.7432221296875 0.6916807437500002
32 0.9984375 0.5486908781250002 0.7905827703125 0.5486908781250002 0.7905827703125001 0.7294341218750001 0.9984375 0.7294341218750001
32 0.2609375000000001 0.6755489859375 0.09125844531250009 0.6755489859375 0.09125844531250009 0.7963260140624999 0.2609375000000001 0.7963260140624999
32 0.6949113187500001 0.6972550671875 0.46602618125 0.6972550671875 0.46602618125000006 0.8433699328125 0.6949113187500002 0.8433699328125
32 0.41875000000000007 0.7166174 0.2566934109375001 0.7166174 0.2566934109375001 0.9390625 0.4187500000000002 0.9390625
32 0.21093750000000008 0.7875 0.0349873312500001 0.7875 0.0349873312500001 0.921875 0.21093750000000008 0.921875
32 0.9984375 0.7787373312500001 0.7412373328125001 0.7787373312500001 0.7412373328125001 0.9822846296875 0.9984375 0.9822846296875
32 0.6750000000000002 0.8798775328125 0.45618665468750014 0.8798775328125 0.45618665468750014 0.999809965625 0.6750000000000002 0.999809965625
32 0.546875 0.21875000000000006 0.260261825 0.21875 0.26026182500000006 0.3714949328125 0.546875 0.37149493281250007
32 0.763872465625 0.1468750000000001 0.675190034375 0.1468750000000001 0.675190034375 0.4453125000000001 0.763872465625 0.44531250000000017
32 0.36718750000000006 0.2088893562500001 0.11915118125000004 0.20888935625000005 0.11915118125000004 0.384375 0.3671875000000001 0.3843750000000001
32 0.7796875 0.2423775328125001 0.4809543921875 0.2423775328125001 0.4809543921875 0.3609375000000001 0.7796875 0.3609375000000001