32 0.99921875 0.2968750000000001 0.909375 0.2968750000000001 0.909375 0.3976562500000001 0.99921875 0.3976562500000001
32 0.8609375 0.0031250000000000973 0.725 0.0031250000000000886 0.725 0.0953125000000001 0.8609375 0.0953125000000001
32 0.2421875 0.05312500000000002 0.15 0.05312500000000002 0.15 0.10234375000000002 0.2421875 0.10234375000000004
32 0.7382812500000001 0.5531250000000001 0.2406250000000001 0.553125 0.2406250000000001 0.99921875 0.7382812500000002 0.99921875
32 0.07578125000000001 0.071875 0.007812500000000009 0.071875 0.00781250000000001 0.11484375 0.07578125000000002 0.11484375
32 0.5203125 0.06406250000000005 0.409375 0.06406250000000005 0.409375 0.12578125000000004 0.5203125 0.12578125000000004
32 0.61328125 0.07187500000000006 0.503125 0.07187500000000006 0.503125 0.13359375000000007 0.61328125 0.1335937500000001
32 0.06093750000000002 0.1296875 1.5882138176442238e-17 0.1296875 1.7508622206559815e-17 0.15625 0.06093750000000002 0.15625
32 0.09218750000000002 0.128125 0.03750000000000001 0.128125 0.03750000000000002 0.16640625 0.09218750000000002 0.16640625
32 0.49140625 0.12343750000000005 0.38125 0.12343750000000005 0.38125 0.18984375000000003 0.49140625 0.18984375000000003
32 0.58671875 0.12968750000000007 0.46875 0.12968750000000004 0.46875 0.2054687500000001 0.58671875 0.2054687500000001
32 0.69453125 0.14843750000000008 0.5765625 0.14843750000000008 0.5765625 0.2218750000000001 0.69453125 0.2218750000000001
32 0.825 0.1531250000000001 0.6984375 0.1531250000000001 0.6984375 0.24609375000000008 0.825 0.24609375000000008
32 0.12812500000000004 0.184375 0.03750000000000002 0.184375 0.037500000000000026 0.2375 0.12812500000000004 0.2375
32 0.18515625000000005 0.19687500000000002 0.11093750000000005 0.196875 0.11093750000000005 0.2484375 0.18515625000000005 0.2484375
32 0.246875 0.1921875 0.17343750000000005 0.1921875 0.17343750000000005 0.26015625 0.246875 0.26015625
32 0.534375 0.2156250000000001 0.471875 0.2156250000000001 0.471875 0.2617187500000001 0.534375 0.2617187500000001
32 0.57265625 0.2234375000000001 0.5140625 0.2234375000000001 0.5140625 0.2726562500000001 0.57265625 0.2726562500000001
32 0.434375 0.22968750000000004 0.3578125 0.2296875 0.3578125 0.29687500000000006 0.434375 0.2968750000000001
32 0.6125 0.2484375000000001 0.5484375 0.2484375000000001 0.5484375 0.2968750000000001 0.6125 0.2968750000000001
32 0.465625 0.25468750000000007 0.4 0.25468750000000007 0.4 0.3078125000000001 0.465625 0.3078125000000001
32 0.5421875 0.2734375000000001 0.4671875 0.2734375000000001 0.4671875 0.3281250000000001 0.5421875 0.3281250000000001
32 0.72734375 0.24218750000000008 0.6203125 0.24218750000000008 0.6203125 0.36796875000000007 0.72734375 0.36796875000000007
32 0.75859375 0.2843750000000001 0.6875 0.2843750000000001 0.6875 0.3765625000000001 0.75859375 0.3765625000000001
32 0.8265625 0.27031250000000007 0.7375 0.27031250000000007 0.7375 0.3960937500000001 0.8265625 0.3960937500000001