32 0.825 0.2902901796875001 0.6854166671875 0.2902901796875001 0.6854166671875 0.3843750000000001 0.825 0.3843750000000001
32 0.674851190625 0.2789682546875001 0.575 0.2789682546875001 0.575 0.4 0.674851190625 0.4
32 0.5578125 0.2984002984375001 0.42687251875000004 0.2984002984375001 0.42687251875000004 0.3984375000000001 0.5578125 0.3984375000000001
32 0.4203125 0.3028645843750001 0.277380953125 0.302864584375 0.27738095312500005 0.40625 0.4203125 0.40625
32 0.26250000000000007 0.2953125 0.15851934531250006 0.2953125 0.15851934531250006 0.42761656718749996 0.26250000000000007 0.42761656718749996
32 0.953125 0.38867807500000007 0.8188368046875001 0.38867807500000007 0.8188368046875001 0.4828125000000002 0.953125 0.4828125000000002
32 0.80625 0.3906250000000001 0.7000744046875 0.3906250000000001 0.7000744046875 0.51875 0.80625 0.5187500000000002
32 0.684375 0.3997023812500001 0.565625 0.3997023812500001 0.565625 0.5109375 0.684375 0.5109375
32 0.40625 0.39429563437500004 0.31088789687500007 0.39429563437500004 0.31088789687500007 0.528125 0.40625 0.528125
32 0.5328125 0.4017857125 0.44150545625 0.4017857125 0.44150545625 0.528125 0.5328125 0.528125
32 0.2921875000000001 0.4301091265625 0.17957589375000005 0.4301091265625 0.17957589375000005 0.5261408734375 0.2921875000000001 0.5261408734375
32 0.18437500000000004 0.43547866874999996 0.06309523906250004 0.43547866874999996 0.06309523906250006 0.5359375 0.18437500000000004 0.5359375
32 0.984375 0.00006200312500011118 0.83125 0.0000620031250001018 0.83125 0.09062500000000011 0.984375 0.09062500000000011
32 0.6984375 7.728836468038999e-17 0.5637772828125 6.904280448283202e-17 0.5637772828125 0.09843750000000008 0.6984375 0.0984375000000001
32 0.825 9.319783869554875e-17 0.6970362109375 8.536231646144088e-17 0.6970362109375 0.10156250000000008 0.825 0.10156250000000008
32 0.9230530765625 0.4912822437500002 0.825434028125 0.4912822437500002 0.825434028125 0.6109375000000001 0.9230530765625 0.6109375000000001
32 0.665625 0.4990699421875 0.5656870046875 0.4990699421875 0.5656870046875 0.621875 0.665625 0.621875
32 0.8171875 0.5141865078125001 0.6777529765625 0.5141865078125 0.6777529765625 0.6218750000000001 0.8171875 0.6218750000000002
32 0.5421875 0.501227678125 0.4527033734375 0.501227678125 0.4527033734375 0.6390625 0.5421875 0.6390625
32 0.4109375 0.5097222218749999 0.31183035781250007 0.5097222218749999 0.31183035781250007 0.65 0.4109375 0.65
32 0.2000000000000001 0.5380084328125 0.08896329218750007 0.5380084328125 0.08896329218750007 0.6515625 0.2000000000000001 0.6515625
32 0.2984375000000001 0.5361855156249999 0.19218750000000004 0.5361855156249999 0.19218750000000007 0.654439484375 0.2984375000000001 0.654439484375
32 0.5729662703125 0.005009920312500062 0.43328372968749995 0.005009920312500053 0.43328372968749995 0.11250000000000007 0.5729662703125 0.11250000000000009
32 0.6875 0.63332093125 0.56471974375 0.63332093125 0.56471974375 0.7140625 0.6875 0.7140625
32 0.8015625 0.6201512890625 0.7087797609375001 0.6201512890624999 0.7087797609375002 0.7359375000000001 0.8015625 0.7359375000000001
32 0.4093750000000001 0.63759920625 0.3258432546875001 0.63759920625 0.3258432546875001 0.7546875 0.40937500000000016 0.7546875
32 0.5640625000000001 0.6599578390625 0.4369047609375 0.6599578390625 0.43690476093750014 0.7421875 0.5640625000000001 0.7421875
32 0.30937500000000007 0.6668526796875 0.1703869046875001 0.6668526796875 0.1703869046875001 0.7578125 0.30937500000000007 0.7578125
32 0.3078125 0.010937500000000029 0.1574032734375 0.01093750000000002 0.1574032734375 0.12187500000000002 0.3078125 0.12187500000000004
32 0.9375 0.7222718250000002 0.8109375 0.7222718250000002 0.8109375 0.8203125 0.9375 0.8203125
32 0.6843750000000002 0.7258184515625 0.5790922625000002 0.7258184515625 0.5790922625000002 0.828125 0.6843750000000002 0.828125
32 0.8234375 0.7391493046875002 0.7017733140625002 0.7391493046875001 0.7017733140625002 0.82803819375 0.8234375 0.82803819375
32 0.4234375000000002 0.7267361109375 0.3429563500000001 0.7267361109375 0.3429563500000001 0.859375 0.4234375000000002 0.859375
32 0.5609375000000001 0.724367559375 0.46937003749999995 0.724367559375 0.46937003750000006 0.865625 0.5609375000000002 0.865625
32 0.8152901781249999 0.11442212343750009 0.7015625 0.11442212343750009 0.7015625 0.2593750000000001 0.8152901781249999 0.2593750000000001
32 0.946875 0.11670386875000012 0.8486111093750001 0.11670386875000009 0.8486111093750001 0.2578125000000001 0.946875 0.2578125000000001
32 0.6715401796875 0.1269097234375001 0.567571925 0.1269097234375001 0.567571925 0.2578125000000001 0.6715401796875 0.2578125000000001
32 0.5359375 0.13125000000000003 0.4283854171875 0.13125000000000003 0.4283854171875 0.29375000000000007 0.5359375 0.29375000000000007
32 0.3921875 0.14577132968750003 0.27315228125 0.14577132968750003 0.27315228125 0.28437500000000004 0.3921875 0.2843750000000001
32 0.2640625 0.16625744218750002 0.12372271875 0.1662574421875 0.12372271875000003 0.2796875 0.2640625 0.2796875
32 0.12812500000000002 0.1703125 0.00982142812500002 0.1703125 0.009821428125000028 0.2921875 0.12812500000000004 0.2921875
32 0.95771329375 0.2781746031250001 0.82041170625 0.2781746031250001 0.82041170625 0.3703125000000001 0.95771329375 0.3703125000000001