43 0.8360655734375 0.4721311468750001 0.7057377046875 0.47213114687499996 0.7057377046875 0.6852459015625001 0.8360655734375 0.6852459015625001
43 0.5065573765625 0.49836065625000003 0.37704917968750007 0.49836065625000003 0.37704917968750007 0.6655737703125 0.5065573765625 0.6655737703125
43 0.7327868859375 0.4950819671875001 0.5926229515625 0.4950819671875 0.5926229515625 0.6950819671875001 0.7327868859375 0.6950819671875001
43 0.2803278687500001 0.5049180328125 0.13688524531250004 0.5049180328125 0.13688524531250007 0.7196721312500001 0.2803278687500001 0.7196721312500001
43 0.14098360625000006 0.51967213125 6.364148121413957e-17 0.51967213125 7.649023451980607e-17 0.729508196875 0.1409836062500001 0.729508196875
43 0.9147540984375 0.6852459015625001 0.8040983609374999 0.6852459015625001 0.8040983609374999 0.841803278125 0.9147540984375 0.841803278125
43 0.809836065625 0.7163934421875001 0.7196721312500001 0.7163934421875 0.7196721312500001 0.84098360625 0.809836065625 0.84098360625
43 0.7409836062500001 0.7147540984375002 0.6360655734375 0.7147540984375 0.6360655734375001 0.8549180328125001 0.7409836062500001 0.8549180328125001
43 0.6409836062500001 0.7245901640625 0.55 0.7245901640625 0.55 0.8672131140625 0.6409836062500002 0.8672131140625
43 0.5557377046875001 0.7245901640625 0.440163934375 0.7245901640625 0.4401639343750001 0.8819672125 0.5557377046875002 0.8819672125
43 0.2557377046875001 0.7459016390625 0.15819672187500008 0.7459016390625 0.15819672187500008 0.9057377046875 0.2557377046875001 0.9057377046875
43 0.3622950812500001 0.7655737703125001 0.2549180328125001 0.7655737703125001 0.2549180328125001 0.9032786890625 0.3622950812500001 0.9032786890625
43 0.2786885250000001 0.11147540937500003 0.09508196718750003 0.111475409375 0.09508196718750003 0.402459015625 0.2786885250000001 0.402459015625
43 0.570491803125 0.13114754062500006 0.41557377031250003 0.13114754062500006 0.41557377031250003 0.4073770484375 0.570491803125 0.4073770484375
43 0.6836065578125 0.12786885312500007 0.528688525 0.12786885312500004 0.528688525 0.4172131140625 0.6836065578125 0.4172131140625
43 0.4540983609375 0.13442622968750004 0.2893442625 0.13442622968750004 0.28934426250000006 0.4532786890625 0.4540983609375 0.4532786890625
43 1 0.1754098359375001 0.8606557374999999 0.1754098359375001 0.8606557374999999 0.43114754062500016 1 0.43114754062500016
43 0.847540984375 0.1704918031250001 0.6737704921875001 0.1704918031250001 0.6737704921875001 0.4426229515625001 0.847540984375 0.44262295156250014