41 0.7484375 0.2746093750000001 0.582421875 0.2746093750000001 0.582421875 0.45000000000000007 0.7484375 0.4500000000000002
6 0.3578125000000001 0.38125 0.18476562500000004 0.38125 0.18476562500000007 0.5734375 0.3578125000000001 0.5734375
41 0.971875 0.41406250000000017 0.7609375 0.41406250000000017 0.7609375 0.5906250000000002 0.971875 0.5906250000000002
6 0.5875 0.420703125 0.3937500000000001 0.420703125 0.3937500000000001 0.6125 0.5875 0.6125
41 0.7546875 0.4535156250000001 0.5921875 0.453515625 0.5921875 0.5921875000000001 0.7546875 0.5921875000000002
6 0.6546875000000001 0.553515625 0.430859375 0.553515625 0.4308593750000001 0.76875 0.6546875000000002 0.76875
6 0.3765625000000001 0.569921875 0.1644531250000001 0.569921875 0.1644531250000001 0.7890625 0.3765625000000001 0.7890625
41 0.7828125000000001 0.6175781250000001 0.6203125 0.617578125 0.6203125 0.7515625000000001 0.7828125000000001 0.7515625000000001
41 0.946875 0.6046875000000002 0.787890625 0.6046875000000002 0.7878906250000001 0.7828125000000001 0.946875 0.7828125000000001
41 0.8078125 0.803515625 0.5984375000000002 0.803515625 0.5984375000000002 0.971875 0.8078125 0.971875
41 0.9984375 0.7847656250000001 0.7859375000000002 0.7847656250000001 0.7859375000000002 1 0.9984375 1
6 0.37187500000000007 0.790625 0.1687500000000001 0.790625 0.16875000000000012 1 0.37187500000000007 1
6 0.6093750000000002 0.796875 0.3781250000000001 0.796875 0.3781250000000001 1 0.6093750000000002 1
6 0.5640625 0.05039062500000006 0.384765625 0.05039062500000004 0.384765625 0.23593750000000008 0.5640625 0.23593750000000008
6 0.375 0.06679687500000003 0.2109375 0.06679687500000002 0.2109375 0.22343750000000004 0.375 0.2234375000000001
41 0.9 0.0796875000000001 0.751171875 0.07968750000000009 0.751171875 0.2570312500000001 0.9 0.2570312500000001
41 0.7390625 0.09414062500000007 0.571875 0.09414062500000006 0.571875 0.2562500000000001 0.7390625 0.2562500000000001
6 0.36562500000000003 0.21757812500000004 0.202734375 0.217578125 0.20273437500000005 0.39179687500000004 0.3656250000000001 0.3917968750000001
41 0.921875 0.2312500000000001 0.772265625 0.2312500000000001 0.772265625 0.42500000000000016 0.921875 0.42500000000000016
6 0.559375 0.24023437500000008 0.401171875 0.24023437500000008 0.401171875 0.4203125 0.559375 0.4203125