51 0.39843750000000006 0.31523437500000007 0.263671875 0.315234375 0.26367187500000006 0.41875 0.3984375000000001 0.41875
51 0.19062500000000004 0.348828125 0.06210937500000004 0.348828125 0.06210937500000006 0.4828125 0.19062500000000004 0.4828125
51 0.9984375 0.014062500000000117 0.903515625 0.014062500000000111 0.903515625 0.09843750000000012 0.9984375 0.09843750000000014
32 0.9984375 0.32304687500000007 0.405859375 0.32304687500000007 0.4058593750000001 0.8796875 0.9984375 0.8796875
51 0.8953125 0.016796875000000107 0.815234375 0.0167968750000001 0.815234375 0.1281250000000001 0.8953125 0.1281250000000001
51 0.7921875 0.03281250000000009 0.684765625 0.03281250000000009 0.684765625 0.11562500000000009 0.7921875 0.11562500000000009
51 0.710546875 0.08867187500000008 0.553515625 0.08867187500000007 0.553515625 0.19687500000000008 0.710546875 0.19687500000000008
51 0.425 0.11796875000000004 0.35234375 0.11796875000000004 0.35234375 0.21718750000000003 0.425 0.2171875000000001
51 0.9671875 0.10664062500000011 0.836328125 0.10664062500000009 0.836328125 0.27031250000000007 0.9671875 0.27031250000000007
51 0.8453125 0.11093750000000009 0.721875 0.11093750000000009 0.721875 0.2765625000000001 0.8453125 0.2765625000000001
51 0.7328125 0.14062500000000008 0.611328125 0.14062500000000008 0.611328125 0.3062500000000001 0.7328125 0.3062500000000001
51 0.15625000000000006 0.194140625 0.004687500000000023 0.194140625 0.004687500000000032 0.3234375 0.15625000000000006 0.3234375
51 0.3625 0.21015625 0.288671875 0.21015625 0.288671875 0.3078125 0.3625 0.3078125
51 0.4984375 0.19218750000000004 0.3828125 0.19218750000000004 0.3828125 0.3468750000000001 0.4984375 0.3468750000000001
51 0.28750000000000003 0.24921875 0.12617187500000004 0.24921875 0.12617187500000004 0.390625 0.2875000000000001 0.390625