51 0.4234375 0.30897535156250006 0.339722565625 0.3089753515625 0.33972256562500003 0.41875 0.4234375 0.41875
51 0.19687500000000005 0.290666253125 0.05582456718750004 0.290666253125 0.05582456718750004 0.453125 0.19687500000000005 0.453125
51 0.671875 0.3219755578125001 0.56864944375 0.3219755578125001 0.56864944375 0.4515135109375 0.671875 0.4515135109375
51 0.8074669968749999 0.3217202968750001 0.7046875 0.3217202968750001 0.7046875 0.4546875000000001 0.8074669968749999 0.4546875000000002
51 0.9484375 0.3563814984375001 0.84375 0.3563814984375001 0.84375 0.4937500000000002 0.9484375 0.4937500000000002
51 0.15468750000000006 0.38125 0.0001547031250000467 0.38125 0.00015470312500005752 0.5578125 0.1546875000000001 0.5578125
51 0.4296875 0.42972101875 0.2551258250000001 0.42972101875 0.2551258250000001 0.5640625 0.4296875 0.5640625
51 0.6890625 0.44217202968749997 0.5563866546875 0.44217202968749997 0.5563866546875 0.6125 0.6890625 0.6125
51 0.8359375 0.4425097984375001 0.6953125 0.44250979843750005 0.6953125 0.6203125 0.8359375 0.6203125000000002
51 0.3031250000000001 0.5004228546875 0.15152124531250005 0.5004228546875 0.15152124531250005 0.625 0.3031250000000001 0.625
51 1 0.4978290015625002 0.821787334375 0.4978290015625002 0.821787334375 0.6468750000000002 1 0.6468750000000002