32 0.8234375 0.29375000000000007 0.686328125 0.29375000000000007 0.686328125 0.38750000000000007 0.8234375 0.38750000000000007
32 0.675 0.28203125000000007 0.576953125 0.28203125000000007 0.576953125 0.403125 0.675 0.403125
32 0.5453125 0.2867187500000001 0.44609375 0.2867187500000001 0.44609375 0.415625 0.5453125 0.415625
32 0.405859375 0.28632812500000004 0.303515625 0.286328125 0.30351562500000007 0.4265625 0.405859375 0.4265625
32 0.2828125 0.3125 0.15273437500000003 0.3125 0.15273437500000003 0.415625 0.2828125000000001 0.415625
32 0.95 0.3906250000000001 0.8171875 0.3906250000000001 0.8171875 0.48437500000000017 0.95 0.48437500000000017
32 0.815625 0.40312500000000007 0.6890625 0.403125 0.6890625 0.5078125000000001 0.815625 0.5078125000000002
32 0.680859375 0.39726562500000007 0.570703125 0.39726562500000007 0.570703125 0.5140625 0.680859375 0.5140625
32 0.4296875 0.4140625 0.2980468750000001 0.4140625 0.2980468750000001 0.509375 0.4296875 0.509375
32 0.5359375 0.403125 0.4453125 0.403125 0.4453125 0.528125 0.5359375 0.528125
32 0.3000000000000001 0.43125 0.18750000000000006 0.43125 0.18750000000000006 0.525 0.3000000000000001 0.525
32 0.18281250000000007 0.42578125 0.08359375000000005 0.42578125 0.08359375000000005 0.5453125 0.1828125000000001 0.5453125
32 0.953125 1.1076834622756626e-16 0.855859375 1.0481254441140043e-16 0.855859375 0.1250000000000001 0.953125 0.12500000000000014
32 0.7 0.00039062500000007743 0.565625 0.0003906250000000692 0.565625 0.10468750000000009 0.7 0.10468750000000009
32 0.8234375 9.311621072423136e-17 0.697265625 8.539041158117287e-17 0.697265625 0.10781250000000009 0.8234375 0.10781250000000009
32 0.93125 0.5027343750000002 0.8125 0.5027343750000002 0.8125 0.5984375000000002 0.93125 0.5984375000000002
32 0.678125 0.511328125 0.55625 0.511328125 0.55625 0.609375 0.678125 0.609375
32 0.8171875 0.5144531250000001 0.678125 0.514453125 0.678125 0.6203125 0.8171875 0.6203125000000002
32 0.54375 0.501171875 0.45703125 0.501171875 0.45703125 0.6359375 0.54375 0.6359375
32 0.415625 0.509375 0.3183593750000001 0.509375 0.3183593750000001 0.64765625 0.415625 0.64765625
32 0.2078125000000001 0.5375 0.09843750000000007 0.5375 0.09843750000000008 0.65 0.2078125000000001 0.65
32 0.3046875000000001 0.535546875 0.19960937500000003 0.535546875 0.19960937500000006 0.6515625 0.3046875000000001 0.6515625
32 0.559375 6.199774420683476e-17 0.453125 5.5491808086364444e-17 0.453125 0.13437500000000008 0.559375 0.13437500000000008
32 0.6679687500000001 0.610546875 0.5875 0.610546875 0.5875000000000001 0.73125 0.6679687500000002 0.73125
32 0.8109375 0.630078125 0.697265625 0.630078125 0.697265625 0.7203125000000001 0.8109375 0.7203125000000001
32 0.4312500000000001 0.6515625 0.3156250000000001 0.6515625 0.3156250000000001 0.7359375 0.4312500000000002 0.7359375
32 0.5437500000000001 0.6359375 0.462109375 0.6359375 0.4621093750000001 0.7609375 0.5437500000000002 0.7609375
32 0.3156250000000001 0.664453125 0.1781250000000001 0.664453125 0.1781250000000001 0.7546875 0.3156250000000001 0.7546875
32 0.315625 0.01875000000000003 0.165625 0.018750000000000024 0.165625 0.12812500000000002 0.315625 0.12812500000000004
32 0.9203125 0.7050781250000002 0.8234375 0.7050781250000002 0.8234375 0.8296875 0.9203125 0.8296875
32 0.6843750000000001 0.7203125 0.5828125 0.7203125 0.5828125000000001 0.825 0.6843750000000002 0.825
32 0.8046875 0.7195312500000001 0.718359375 0.71953125 0.7183593750000001 0.8390625 0.8046875 0.8390625
32 0.4296875000000001 0.7234375 0.34843750000000007 0.7234375 0.34843750000000007 0.8546875 0.42968750000000017 0.8546875
32 0.5875000000000001 0.7453125 0.4488281250000002 0.7453125 0.4488281250000002 0.8375 0.5875000000000001 0.8375
32 0.8296875 0.1359375000000001 0.6859375 0.1359375000000001 0.6859375 0.2484375000000001 0.8296875 0.2484375000000001
32 0.94375 0.1226562500000001 0.845703125 0.12265625000000009 0.845703125 0.26250000000000007 0.94375 0.26250000000000007
32 0.6859375 0.14648437500000008 0.55625 0.14648437500000008 0.55625 0.2484375000000001 0.6859375 0.2484375000000001
32 0.565625 0.16406250000000006 0.406640625 0.16406250000000006 0.406640625 0.27031250000000007 0.565625 0.27031250000000007
32 0.396875 0.15234375000000006 0.279296875 0.15234375000000006 0.279296875 0.28750000000000003 0.396875 0.2875000000000001
32 0.2578125 0.15859375000000003 0.14609375 0.15859375 0.14609375000000002 0.296875 0.2578125 0.296875
32 0.13906250000000003 0.176953125 0.018750000000000024 0.176953125 0.018750000000000027 0.29375 0.13906250000000003 0.29375
32 0.953125 0.2812500000000001 0.819140625 0.2812500000000001 0.819140625 0.3734375000000001 0.953125 0.3734375000000001