41 0.75 0.27044105937500007 0.5816851265625 0.27044105937500007 0.5816851265625 0.4484375000000001 0.75 0.44843750000000016
6 0.36406250000000007 0.38735166093750006 0.16990704062500003 0.3873516609375 0.16990704062500006 0.5625 0.36406250000000007 0.5625
41 0.9578125 0.3940565656250001 0.7800731796875 0.3940565656250001 0.7800731796875 0.6076641609375002 0.9578125 0.6076641609375002
6 0.5859375 0.4183049828125 0.39068433593750007 0.4183049828125 0.39068433593750007 0.6125 0.5859375 0.6125
41 0.74375 0.43964596562500013 0.603125 0.439645965625 0.603125 0.6031250000000001 0.74375 0.6031250000000001
6 0.6559928781250001 0.552284415625 0.42893591718749996 0.552284415625 0.42893591718750007 0.771429984375 0.6559928781250002 0.771429984375
6 0.3734375000000001 0.5694323578125 0.1587025296875001 0.5694323578125 0.1587025296875001 0.791742484375 0.3734375000000001 0.791742484375
41 0.784375 0.6176720718750002 0.6202729421875001 0.6176720718750001 0.6202729421875002 0.753125 0.7843750000000002 0.7531250000000002
41 0.9609375 0.6140625000000002 0.7803995234375 0.6140625000000002 0.7803995234375001 0.7750000000000001 0.9609375 0.7750000000000001
41 0.809375 0.805982990625 0.5971123421875002 0.805982990625 0.5971123421875002 0.975 0.809375 0.975
41 1 0.7882120234375002 0.7866198562500002 0.7882120234375002 0.7866198562500002 1 1 1
6 0.3684731015625001 0.792454509375 0.1627768984375001 0.792454509375 0.16277689843750012 0.999732990625 0.3684731015625001 0.999732990625
6 0.5921875000000002 0.7823378171875001 0.3913073578125001 0.7823378171875001 0.3913073578125001 1 0.5921875000000002 1
6 0.5671875 0.04583662968750006 0.37870846406249997 0.04583662968750005 0.37870846406249997 0.22812500000000008 0.5671875 0.22812500000000008
6 0.3671875 0.05686313281250003 0.20982990625000003 0.056863132812500015 0.20982990625000003 0.22187500000000004 0.3671875 0.2218750000000001
41 0.903125 0.0729924828125001 0.7530755546875 0.07299248281250009 0.7530755546875 0.2515625000000001 0.903125 0.2515625000000001
41 0.7390625 0.08641218437500008 0.5708069609375 0.08641218437500006 0.5708069609375 0.2515625000000001 0.7390625 0.2515625000000001
6 0.36562500000000003 0.21888845000000004 0.19147547500000003 0.21888844999999998 0.19147547500000003 0.38281250000000006 0.3656250000000001 0.3828125000000001
41 0.925 0.22594936718750008 0.7739814078125 0.22594936718750008 0.7739814078125 0.42187500000000017 0.925 0.42187500000000017
6 0.559375 0.2348397953125001 0.397725475 0.2348397953125001 0.39772547500000005 0.4171875 0.559375 0.4171875