17 0.8640625 0.29960937500000007 0.607421875 0.29960937500000007 0.607421875 0.5359375000000001 0.8640625 0.5359375000000002
17 0.6375 0.3511718750000001 0.42421875 0.3511718750000001 0.42421875 0.6140625 0.6375 0.6140625
17 0.4453125 0.4234375 0.2015625000000001 0.4234375 0.2015625000000001 0.6234375 0.4453125 0.6234375
17 0.869921875 0.4964843750000002 0.783203125 0.4964843750000002 0.783203125 0.6968750000000001 0.869921875 0.6968750000000001
17 0.5765625 0.639453125 0.3839843750000001 0.639453125 0.3839843750000001 0.725 0.5765625 0.725
17 0.4000000000000001 0.6875 0.1984375000000001 0.6875 0.1984375000000001 0.7671875 0.4000000000000002 0.7671875
17 0.2234375000000001 0.7234375 0.022265625000000087 0.7234375 0.022265625000000094 0.8234375 0.2234375000000001 0.8234375
17 0.8453125 0.7269531250000001 0.6250000000000002 0.726953125 0.6250000000000002 0.8328125 0.8453125 0.8328125
17 0.6015625000000001 0.702734375 0.46796875 0.702734375 0.4679687500000001 0.9359375 0.6015625000000002 0.9359375
17 0.44062500000000016 0.8140625 0.1941406250000001 0.8140625 0.19414062500000012 0.9375 0.44062500000000016 0.9375
17 0.2171875000000001 0.8671875 0.00039062500000010617 0.8671875 0.00039062500000011413 0.996875 0.2171875000000001 0.996875
17 0.8390625 8.606014029945658e-17 0.56640625 6.936476010795555e-17 0.56640625 0.2812500000000001 0.8390625 0.2812500000000001
17 0.6421875 0.06406250000000006 0.325 0.06406250000000005 0.325 0.34375000000000006 0.6421875 0.3437500000000001
17 0.39843750000000006 0.05625000000000002 0.0546875 0.05625 0.05468750000000002 0.37968750000000007 0.3984375000000001 0.37968750000000007