51 0.10937500000000004 0.317098496875 0.05568631406250004 0.317098496875 0.05568631406250004 0.3828125 0.10937500000000004 0.3828125
51 0.27187500000000003 0.3234375 0.2161787984375 0.3234375 0.21617879843750004 0.3936609984375 0.2718750000000001 0.3936609984375
51 0.38281250000000006 0.34124802187500003 0.3189181171875 0.341248021875 0.31891811718750007 0.38593750000000004 0.3828125000000001 0.3859375000000001
51 0.5796875 0.3182159812500001 0.5161293515625001 0.3182159812500001 0.5161293515625001 0.4171083859375 0.5796875 0.4171083859375
51 0.4875 0.3671875000000001 0.40926621875 0.3671875000000001 0.40926621875 0.4125 0.4875 0.4125
51 0.865625 0.34136669375000006 0.8203125 0.34136669375000006 0.8203125 0.44843750000000016 0.865625 0.44843750000000016
51 0.590625 0.3753164546875001 0.5157140015625 0.3753164546875001 0.5157140015625 0.425 0.590625 0.425
51 0.65625 0.36203520468750006 0.608039953125 0.36203520468750006 0.608039953125 0.440625 0.65625 0.440625
51 0.971875 0.3843750000000001 0.87674050625 0.3843750000000001 0.87674050625 0.42500000000000016 0.971875 0.42500000000000016
51 0.3390625000000001 0.397280459375 0.2175336234375001 0.397280459375 0.2175336234375001 0.4984375 0.3390625000000001 0.4984375
51 0.540625 0.3935423265625001 0.45126582343750005 0.3935423265625001 0.45126582343750005 0.55625 0.540625 0.55625
51 0.13281250000000006 0.423645175 0.05484572812500005 0.423645175 0.05484572812500006 0.553125 0.13281250000000008 0.553125
51 0.710354034375 0.454529271875 0.553708465625 0.454529271875 0.553708465625 0.540625 0.710354034375 0.540625
51 0.3528876593750001 0.4712816453125 0.21602056875000009 0.4712816453125 0.21602056875000009 0.5515625 0.3528876593750001 0.5515625
51 0.8494659812500001 0.4859375000000001 0.6849090203125 0.4859375 0.6849090203125 0.5593750000000001 0.8494659812500001 0.5593750000000002
51 0.4703125 0.4808939875 0.3286491296875001 0.4808939875 0.3286491296875001 0.5609375 0.4703125 0.5609375
51 0.9796875 0.5017602843750002 0.8235265046875 0.5017602843750002 0.8235265046875 0.5890625000000002 0.9796875 0.5890625000000002
51 0.8402492078125 0.5370055375 0.66936313125 0.5370055375 0.66936313125 0.6234375000000001 0.8402492078125 0.6234375000000002
51 0.40625 0.58966574375 0.32065862343750007 0.58966574375 0.32065862343750007 0.7 0.40625 0.7
51 0.2078125000000001 0.59498615625 0.1189675625000001 0.59498615625 0.1189675625000001 0.7078125 0.2078125000000001 0.7078125
51 0.471875 0.6032337828125 0.3924643984375001 0.6032337828125 0.3924643984375001 0.709375 0.471875 0.709375
51 0.3140625000000001 0.615714003125 0.22414952500000007 0.615714003125 0.22414952500000007 0.7296875 0.3140625000000001 0.7296875
51 0.7156250000000001 0.6536886875000001 0.6079113921875 0.6536886875000001 0.6079113921875001 0.75 0.7156250000000002 0.75
51 0.3872824375000001 0.709375 0.2970925625000001 0.709375 0.2970925625000001 0.8015625 0.3872824375000001 0.8015625
51 0.7812500000000001 0.7038963593750001 0.6908821203125 0.7038963593750001 0.6908821203125001 0.821875 0.7812500000000002 0.821875
51 0.7025118671875001 0.7266416140625 0.6131131328125001 0.7266416140625 0.6131131328125001 0.8375 0.7025118671875001 0.8375
51 0.5389438296875002 0.7296875 0.43293117031250017 0.7296875 0.43293117031250017 0.8453125 0.5389438296875002 0.8453125
51 0.6171875000000002 0.7453619453125 0.5248022156250002 0.7453619453125 0.5248022156250002 0.8609375 0.6171875000000002 0.8609375
51 0.9328125 0.7994363125000001 0.8155656656250001 0.7994363125000001 0.8155656656250001 0.903125 0.9328125 0.903125
51 0.123140821875 0.08400909687500001 0.04560917812500001 0.084009096875 0.04560917812500002 0.140625 0.123140821875 0.140625
51 0.1453125 0.1205992875 0.06463607500000003 0.1205992875 0.06463607500000003 0.184375 0.14531250000000004 0.184375
51 0.56395371875 0.12073773750000008 0.51332080625 0.12073773750000005 0.51332080625 0.21093750000000008 0.56395371875 0.21093750000000008
51 0.4421875 0.14255340312500003 0.3503560125 0.14255340312500003 0.3503560125 0.19375000000000003 0.4421875 0.19375000000000003
51 0.95 0.1501186703125001 0.8928896359375 0.1501186703125001 0.8928896359375 0.2390625000000001 0.95 0.2390625000000001
51 0.15000000000000002 0.1694026890625 0.06425039531250001 0.1694026890625 0.06425039531250001 0.2216178796875 0.15000000000000005 0.2216178796875
51 0.3140625 0.16784019062500005 0.244442246875 0.16784019062500005 0.244442246875 0.2263844953125 0.3140625 0.2263844953125
51 0.3640625 0.17105419375000003 0.2981111546875 0.17105419375000003 0.2981111546875 0.23118077500000003 0.3640625 0.23118077500000006
51 0.6375 0.17187500000000008 0.5880636859374999 0.17187500000000008 0.5880636859374999 0.24218750000000008 0.6375 0.24218750000000008
51 0.4515625 0.18446400312500005 0.35367879687500003 0.18446400312500005 0.35367879687500003 0.23272349687500005 0.4515625 0.2327234968750001
51 0.559375 0.16533821250000008 0.5034513453125 0.16533821250000005 0.5034513453125 0.2562500000000001 0.559375 0.2562500000000001
51 0.7015625 0.1822685906250001 0.656695015625 0.1822685906250001 0.656695015625 0.2453125000000001 0.7015625 0.2453125000000001
51 0.7796875 0.1759988140625001 0.725 0.1759988140625001 0.725 0.2578125000000001 0.7796875 0.2578125000000001
51 0.86875 0.1937500000000001 0.7929489703125 0.1937500000000001 0.7929489703125 0.24375000000000008 0.86875 0.24375000000000008
51 0.921875 0.18838014375000012 0.8752373406249999 0.1883801437500001 0.8752373406249999 0.2856902687500001 0.921875 0.2856902687500001
51 0.5078125 0.2234375000000001 0.41208465 0.2234375000000001 0.41208465 0.2796875000000001 0.5078125 0.2796875000000001
51 0.6359375 0.2250000000000001 0.559384890625 0.2250000000000001 0.559384890625 0.2843750000000001 0.6359375 0.2843750000000001
51 0.5606012671875 0.22229034687500007 0.5046875 0.22229034687500007 0.5046875 0.2890625000000001 0.5606012671875 0.2890625000000001
51 0.9484375 0.2499406640625001 0.8599485765624999 0.2499406640625001 0.8599485765624999 0.30156250000000007 0.9484375 0.30156250000000007