51 0.421875 0.30976562500000004 0.3171875 0.309765625 0.31718750000000007 0.38906250000000003 0.421875 0.3890625000000001
51 0.20468750000000005 0.28984375 0.05078125000000004 0.28984375 0.05078125000000004 0.4234375 0.20468750000000008 0.4234375
51 0.64375 0.30937500000000007 0.546484375 0.30937500000000007 0.546484375 0.43125 0.64375 0.43125
51 0.7875 0.3238281250000001 0.6609375 0.3238281250000001 0.6609375 0.4203125000000001 0.7875 0.4203125000000002
51 0.90625 0.3421875000000001 0.806640625 0.3421875000000001 0.806640625 0.4734375000000002 0.90625 0.4734375000000002
51 0.15468750000000003 0.366015625 0.001953125000000045 0.366015625 0.001953125000000055 0.5328125 0.15468750000000003 0.5328125
51 0.3968750000000001 0.39179687500000004 0.2687500000000001 0.391796875 0.2687500000000001 0.5578125 0.3968750000000001 0.5578125
51 0.678125 0.44140625 0.51640625 0.44140625 0.51640625 0.5671875 0.678125 0.5671875
51 0.8 0.4230468750000001 0.665625 0.423046875 0.665625 0.5921875000000001 0.8 0.5921875000000002
51 0.2953125000000001 0.47890625 0.15078125000000003 0.47890625 0.15078125000000006 0.596875 0.2953125000000001 0.596875
51 0.946875 0.4578125000000002 0.8046875 0.4578125000000002 0.8046875 0.6375000000000002 0.946875 0.6375000000000002