51 0.9484375 0.3281250000000001 0.8828125 0.3281250000000001 0.8828125 0.3820312500000001 0.9484375 0.3820312500000001
51 0.78984375 0.3359375000000001 0.7203125 0.3359375000000001 0.7203125 0.39140625000000007 0.78984375 0.39140625000000007
51 0.68203125 0.3468750000000001 0.61875 0.3468750000000001 0.61875 0.39140625000000007 0.68203125 0.39140625000000007
51 0.50390625 0.34062500000000007 0.40625 0.34062500000000007 0.40625 0.4046875 0.50390625 0.4046875
51 0.59296875 0.37187500000000007 0.5140625 0.37187500000000007 0.5140625 0.4171875 0.59296875 0.4171875
51 0.2171875000000001 0.3765625 0.11093750000000005 0.3765625 0.11093750000000005 0.421875 0.2171875000000001 0.421875
51 0.4875 0.37968750000000007 0.4125 0.37968750000000007 0.4125 0.4296875 0.4875 0.4296875
51 0.4125 0.38281250000000006 0.33281250000000007 0.3828125 0.33281250000000007 0.43046875 0.4125 0.43046875
51 0.13125000000000003 0.3890625 0.035937500000000046 0.3890625 0.03593750000000005 0.4296875 0.13125000000000003 0.4296875
51 0.78203125 0.4015625000000001 0.6609375 0.4015625 0.6609375 0.5015625000000001 0.78203125 0.5015625000000001
51 0.5875 0.434375 0.4265625 0.434375 0.4265625 0.52265625 0.5875 0.52265625
51 0.96796875 0.45312500000000017 0.8390625 0.45312500000000017 0.8390625 0.5312500000000002 0.96796875 0.5312500000000002
51 0.45 0.4578125 0.2953125000000001 0.4578125 0.2953125000000001 0.54453125 0.45 0.54453125
51 0.78359375 0.4750000000000001 0.6484375 0.475 0.6484375 0.5554687500000001 0.78359375 0.5554687500000002
51 0.3203125000000001 0.4890625 0.15781250000000005 0.4890625 0.15781250000000008 0.5625 0.3203125000000001 0.5625
51 0.671875 0.484375 0.53125 0.484375 0.53125 0.56484375 0.671875 0.56484375
51 0.18359375000000006 0.5046875 0.028125000000000067 0.5046875 0.028125000000000074 0.59140625 0.18359375000000008 0.59140625
51 0.3359375000000001 0.5390625 0.16718750000000004 0.5390625 0.16718750000000007 0.62578125 0.3359375000000001 0.62578125
51 0.68046875 0.5921875 0.5953125 0.5921875 0.5953125 0.7015625 0.68046875 0.7015625
51 0.8796875 0.5968750000000002 0.790625 0.5968750000000002 0.790625 0.7101562500000002 0.8796875 0.7101562500000002
51 0.609375 0.6046875 0.5296875 0.6046875 0.5296875 0.7109375 0.609375 0.7109375
51 0.7750000000000001 0.6171875000000001 0.6859375 0.6171875 0.6859375000000001 0.7304687500000001 0.7750000000000001 0.7304687500000002
51 0.3968750000000001 0.6546875 0.2890625000000001 0.6546875 0.2890625000000001 0.75078125 0.3968750000000001 0.75078125
51 0.7031250000000001 0.709375 0.6140625 0.709375 0.6140625000000001 0.8015625 0.7031250000000002 0.8015625
51 0.3148437500000001 0.7046875 0.2250000000000001 0.7046875 0.2250000000000001 0.82265625 0.3148437500000001 0.82265625
51 0.39140625000000007 0.7265625 0.3031250000000001 0.7265625 0.3031250000000001 0.8375 0.39140625000000007 0.8375
51 0.5687500000000002 0.7296875 0.46406250000000016 0.7296875 0.46406250000000016 0.84453125 0.5687500000000002 0.84453125
51 0.4789062500000002 0.7453125 0.3859375000000001 0.7453125 0.3859375000000001 0.8609375 0.4789062500000002 0.8609375
51 0.1851562500000001 0.7921875 0.08125000000000009 0.7921875 0.0812500000000001 0.90859375 0.18515625000000013 0.90859375
51 0.9515625 0.09218750000000012 0.875 0.09218750000000012 0.875 0.1500000000000001 0.9515625 0.15000000000000013
51 0.9328125 0.1281250000000001 0.8515625 0.1281250000000001 0.8515625 0.19218750000000012 0.9328125 0.19218750000000012
51 0.51015625 0.14843750000000006 0.4203125 0.14843750000000006 0.4203125 0.19843750000000004 0.51015625 0.19843750000000004
51 0.65078125 0.15000000000000008 0.559375 0.15000000000000008 0.559375 0.20078125000000008 0.65078125 0.20078125000000008
51 0.13203125000000002 0.1734375 0.042187500000000024 0.1734375 0.04218750000000003 0.23046875 0.13203125000000004 0.23046875
51 0.93359375 0.17656250000000012 0.8484375 0.1765625000000001 0.8484375 0.22812500000000008 0.93359375 0.22812500000000008
51 0.75546875 0.1750000000000001 0.6859375 0.1750000000000001 0.6859375 0.2328125000000001 0.75546875 0.2328125000000001
51 0.70234375 0.1781250000000001 0.6359375 0.1781250000000001 0.6359375 0.2375000000000001 0.70234375 0.2375000000000001
51 0.4265625 0.18906250000000005 0.35625 0.18906250000000005 0.35625 0.23906250000000004 0.4265625 0.2390625000000001
51 0.64765625 0.1921875000000001 0.55 0.1921875000000001 0.55 0.23984375000000008 0.64765625 0.23984375000000008
51 0.5171875 0.18906250000000005 0.4265625 0.18906250000000005 0.4265625 0.24609375000000008 0.5171875 0.24609375000000008
51 0.35703125 0.19843750000000004 0.29375 0.19843750000000004 0.29375 0.24453125 0.35703125 0.24453125
51 0.2953125 0.19687500000000005 0.2125 0.19687500000000005 0.2125 0.25234375 0.2953125 0.25234375
51 0.2140625 0.2 0.13906250000000003 0.2 0.13906250000000003 0.25078125 0.2140625 0.25078125
51 0.15703125000000004 0.2203125 0.06093750000000002 0.2203125 0.06093750000000002 0.26640625 0.15703125000000004 0.26640625
51 0.58984375 0.2296875000000001 0.49375 0.2296875000000001 0.49375 0.28593750000000007 0.58984375 0.28593750000000007
51 0.44453125 0.2312500000000001 0.36875 0.2312500000000001 0.36875 0.2906250000000001 0.44453125 0.2906250000000001
51 0.50390625 0.23437500000000008 0.4375 0.23437500000000008 0.4375 0.28984375000000007 0.50390625 0.28984375000000007
51 0.14765625000000004 0.25625 0.059375000000000025 0.25625 0.05937500000000003 0.30859375 0.14765625000000004 0.30859375