51 0.43811881250000007 0.32178217812500004 0.3267326734375 0.321782178125 0.32673267343750007 0.4067656765625 0.43811881250000007 0.4067656765625
51 0.19801980156250004 0.2904290421875 0.056105610937500036 0.2904290421875 0.05610561093750005 0.45379537968749994 0.19801980156250004 0.45379537968749994
51 0.6856435640625 0.3349834984375001 0.5561056109375 0.3349834984375001 0.5561056109375 0.43894389375 0.6856435640625 0.43894389375
51 0.8234323437500001 0.3366336640625001 0.6897689765624999 0.3366336640625001 0.6897689765624999 0.4397689765625 0.8234323437500001 0.43976897656250014
51 0.9661716171875 0.37293729375000007 0.8267326734375 0.37293729375000007 0.8267326734375 0.47854785468750016 0.9661716171875 0.47854785468750016
51 0.15594059375000008 0.38118811875 4.668208095001887e-17 0.38118811875 5.754425345426249e-17 0.5585808578125 0.15594059375000008 0.5585808578125
51 0.41089108906250005 0.4092409234375 0.2755775578125001 0.4092409234375 0.2755775578125001 0.5849834984375 0.41089108906250005 0.5849834984375
51 0.6897689765624999 0.44224422499999994 0.5561056109375 0.44224422499999994 0.5561056109375 0.6138613859375 0.6897689765624999 0.6138613859375
51 0.8366336640625001 0.44224422500000005 0.6947194718749999 0.44224422499999994 0.6947194718749999 0.6212871281250001 0.8366336640625001 0.6212871281250002
51 0.2904290421875001 0.4867986796875 0.16501650156250006 0.4867986796875 0.16501650156250008 0.6402640265625 0.2904290421875001 0.6402640265625
51 0.991749175 0.47854785468750016 0.8415841578125001 0.47854785468750016 0.8415841578125001 0.6683168312500002 0.991749175 0.6683168312500002