32 1 0.24626266875000008 0.7721283765625 0.24626266875000008 0.7721283765625 0.4656250000000002 1 0.4656250000000002
32 0.20308277031250008 0.41547719531249994 0.07554898593750005 0.41547719531249994 0.07554898593750006 0.60625 0.20308277031250008 0.60625
32 0.08437500000000006 0.42592905312499996 5.216126515733942e-17 0.42592905312499996 6.35854408025574e-17 0.6125 0.08437500000000006 0.6125
32 0.5546875 0.5375 0.36465371718750006 0.5375 0.36465371718750006 0.684375 0.5546875 0.684375
32 0.743264359375 0.5490287156250001 0.5490076015625001 0.549028715625 0.5490076015625001 0.6917652031250001 0.743264359375 0.6917652031250002
32 0.9984375 0.5486908781250002 0.7905827703125 0.5486908781250002 0.7905827703125001 0.7294341218750001 0.9984375 0.7294341218750001
32 0.23593750000000008 0.6507179046875 0.1160050671875001 0.6507179046875 0.1160050671875001 0.8213260140624999 0.23593750000000008 0.8213260140624999
32 0.6949113187500001 0.6972550671875 0.46602618125 0.6972550671875 0.46602618125000006 0.8433699328125 0.6949113187500002 0.8433699328125
32 0.44843750000000016 0.7469805734375 0.22637246562500007 0.7469805734375 0.22637246562500007 0.909375 0.44843750000000016 0.909375
32 0.21093750000000008 0.7875 0.0359586140625001 0.7875 0.0359586140625001 0.921875 0.21093750000000008 0.921875
32 0.9984375 0.7786951015625002 0.7418707781250002 0.7786951015625002 0.7418707781250002 0.9822424 0.9984375 0.9822424
32 0.6750000000000002 0.8798775328125 0.45618665468750014 0.8798775328125 0.45618665468750014 0.999809965625 0.6750000000000002 0.999809965625
32 0.546875 0.21875000000000006 0.260261825 0.21875 0.26026182500000006 0.3714949328125 0.546875 0.37149493281250007
32 0.763872465625 0.1468750000000001 0.675190034375 0.1468750000000001 0.675190034375 0.4453125000000001 0.763872465625 0.44531250000000017
32 0.33125000000000004 0.17265624843750002 0.15610219375 0.1726562484375 0.15610219375000003 0.4203125 0.3312500000000001 0.4203125
32 0.7796875 0.2424197625000001 0.48019425625 0.2424197625000001 0.48019425625 0.3609375000000001 0.7796875 0.3609375000000001