32 0.08873720156250003 0.24061433437500002 2.9466757442131475e-17 0.24061433437500002 3.620649451869719e-17 0.35068259375 0.08873720156250005 0.35068259375
32 0.29010238906249997 2.643648805367767e-17 0.141638225 1.734567988831626e-17 0.141638225 0.020477815625000027 0.29010238906249997 0.020477815625000034
32 0.9180887375 1.0626841256297141e-16 0.8174061437500001 1.0010338175468188e-16 0.8174061437500001 0.028156996875000107 0.9180887375 0.02815699687500011
32 0.819112628125 0.5204778156250001 0.2755972703125001 0.520477815625 0.2755972703125001 1 0.819112628125 1
32 0.6348122859374999 7.032314802705354e-17 0.5136518765625 6.290421265082971e-17 0.5136518765625 0.053754265625000075 0.6348122859374999 0.05375426562500009
32 0.5324232078125 5.783634836340155e-17 0.41211604062499996 5.0469659002868676e-17 0.41211604062499996 0.06228668906250005 0.5324232078125 0.06228668906250007
32 1 0.056313993750000124 0.98122866875 0.05631399375000011 0.98122866875 0.09812286718750012 1 0.09812286718750013
32 0.6655290109374999 0.05119453906250008 0.54522184375 0.051194539062500065 0.54522184375 0.12372013593750009 0.6655290109374999 0.12372013593750009
32 0.5699658703125 0.05802047812500005 0.44112627968749996 0.05802047812500004 0.44112627968749996 0.14078498281250007 0.5699658703125 0.1407849828125001
32 0.45221842968750003 0.07849829375000004 0.3233788390625 0.07849829375000004 0.3233788390625 0.15870307187500005 0.45221842968750003 0.15870307187500005
32 0.31911262812499996 0.08361774687500004 0.18088737187499998 0.08361774687500002 0.180887371875 0.185153584375 0.31911262812499996 0.18515358437500004
32 1 0.11774744062500013 0.941979521875 0.11774744062500013 0.941979521875 0.17576791875000014 1 0.17576791875000014
32 0.960750853125 0.13139931718750011 0.8796928328125 0.1313993171875001 0.8796928328125 0.18771331093750013 0.960750853125 0.18771331093750016
32 0.8924914671874999 0.12627986406250008 0.8122866890625 0.12627986406250008 0.8122866890625 0.20051194531250008 0.8924914671874999 0.20051194531250008
32 0.5665529015625 0.15187713281250007 0.498293515625 0.15187713281250004 0.498293515625 0.2022184296875001 0.5665529015625 0.2022184296875001
32 0.520477815625 0.16040955625000003 0.4564846421875 0.16040955625000003 0.4564846421875 0.21416382187500008 0.520477815625 0.21416382187500008
32 0.6911262796875 0.1672354953125001 0.6075085328125 0.1672354953125001 0.6075085328125 0.2406143343750001 0.6911262796875 0.2406143343750001
32 0.482935153125 0.18771331093750004 0.4129692828125 0.18771331093750004 0.4129692828125 0.2406143343750001 0.482935153125 0.2406143343750001
32 0.6450511953125 0.1945392484375001 0.5733788390625 0.1945392484375001 0.5733788390625 0.2525597265625001 0.6450511953125 0.2525597265625001
32 0.5716723546875 0.21501706562500006 0.48976109218749997 0.21501706562500006 0.48976109218749997 0.2747440265625001 0.5716723546875 0.2747440265625001
32 0.40443685937499996 0.18088737187500004 0.2875426625 0.18088737187500004 0.2875426625 0.31825938593750003 0.40443685937499996 0.3182593859375001
32 0.3310580203125 0.22696245781250002 0.25341296875 0.22696245781250002 0.25341296875 0.3276450515625 0.3310580203125 0.3276450515625
32 0.27645051249999997 0.21160409531250002 0.17918088750000005 0.21160409531250002 0.17918088750000005 0.348976109375 0.27645051249999997 0.348976109375