11 0.18828125000000004 0.2890625 0.07500000000000004 0.2890625 0.07500000000000004 0.3796875 0.18828125000000004 0.3796875
11 0.9359375 0.2953125000000001 0.8109375 0.2953125000000001 0.8109375 0.3773437500000001 0.9359375 0.3773437500000001
11 0.82421875 0.3109375000000001 0.7109375 0.3109375000000001 0.7109375 0.4078125000000001 0.82421875 0.4078125000000002
11 0.4140625 0.33906250000000004 0.3046875 0.3390625 0.30468750000000006 0.415625 0.4140625 0.415625
11 0.5046875 0.3453125000000001 0.4140625 0.3453125000000001 0.4140625 0.4125 0.5046875 0.4125
11 0.3140625000000001 0.365625 0.20468750000000008 0.365625 0.20468750000000008 0.43515625 0.3140625000000001 0.43515625
11 0.62734375 0.3625000000000001 0.5125 0.3625000000000001 0.5125 0.465625 0.62734375 0.465625
11 0.3390625000000001 0.41875 0.22812500000000008 0.41875 0.22812500000000008 0.4875 0.3390625000000001 0.4875
11 0.17734375000000005 0.4359375 0.06875000000000005 0.4359375 0.06875000000000006 0.515625 0.17734375000000005 0.515625
11 0.30625 0.007812500000000031 0.1859375 0.007812500000000023 0.1859375 0.09062500000000004 0.30625 0.09062500000000004
11 0.3460937500000001 0.4578125 0.2531250000000001 0.4578125 0.2531250000000001 0.52421875 0.3460937500000001 0.52421875
11 0.834375 0.4546875000000002 0.7296875 0.4546875000000002 0.7296875 0.5289062500000001 0.834375 0.5289062500000001
11 0.73984375 0.4843750000000001 0.64375 0.484375 0.64375 0.5585937500000001 0.73984375 0.5585937500000002
11 0.5625 0.4796875 0.46875 0.4796875 0.46875 0.565625 0.5625 0.565625
11 0.21250000000000008 0.49375 0.07812500000000007 0.49375 0.07812500000000007 0.57578125 0.21250000000000008 0.57578125
11 0.48046875 0.5046875 0.3906250000000001 0.5046875 0.3906250000000001 0.5890625 0.48046875 0.5890625
11 0.9328125 0.014062500000000106 0.790625 0.014062500000000094 0.790625 0.0984375000000001 0.9328125 0.09843750000000011
11 0.66328125 0.5125 0.55625 0.5125 0.55625 0.6 0.66328125 0.6
11 0.41640625 0.55 0.30937500000000007 0.55 0.30937500000000007 0.61875 0.41640625 0.61875
11 0.209375 0.009375000000000019 0.084375 0.009375000000000012 0.084375 0.10703125000000002 0.209375 0.10703125000000005
11 0.33671875000000007 0.5765625 0.23437500000000008 0.5765625 0.23437500000000008 0.640625 0.33671875000000007 0.640625
11 0.27421875000000007 0.5984375 0.1593750000000001 0.5984375 0.1593750000000001 0.709375 0.27421875000000007 0.709375
11 0.1843750000000001 0.6125 0.06875000000000006 0.6125 0.06875000000000007 0.71953125 0.1843750000000001 0.71953125
11 0.4937500000000001 0.675 0.3593750000000001 0.675 0.3593750000000001 0.77421875 0.4937500000000002 0.77421875
11 0.7039062500000001 0.6671875 0.5734375 0.6671875 0.5734375 0.809375 0.7039062500000002 0.809375
11 0.5875000000000001 0.68125 0.4625 0.68125 0.4625000000000001 0.83046875 0.5875000000000001 0.83046875
11 0.3945312500000001 0.775 0.2593750000000001 0.775 0.2593750000000001 0.88203125 0.3945312500000001 0.88203125
11 0.2679687500000001 0.790625 0.1531250000000001 0.790625 0.15312500000000012 0.915625 0.2679687500000001 0.915625
11 0.8109375 0.03281250000000009 0.684375 0.03281250000000009 0.684375 0.14843750000000008 0.8109375 0.14843750000000008
11 0.709375 0.05625000000000008 0.553125 0.056250000000000064 0.553125 0.1726562500000001 0.709375 0.1726562500000001
11 0.9359375 0.0828125000000001 0.809375 0.0828125000000001 0.809375 0.18046875000000012 0.9359375 0.18046875000000012
11 0.56015625 0.09062500000000005 0.403125 0.09062500000000004 0.403125 0.20078125000000008 0.56015625 0.20078125000000008
11 0.815625 0.11250000000000009 0.6890625 0.11250000000000009 0.6890625 0.2039062500000001 0.815625 0.2039062500000001
11 0.7015625 0.1359375000000001 0.5671875 0.1359375000000001 0.5671875 0.2468750000000001 0.7015625 0.2468750000000001
11 0.5796875 0.16718750000000007 0.4265625 0.16718750000000004 0.4265625 0.2828125000000001 0.5796875 0.2828125000000001
11 0.340625 0.17812500000000003 0.23125 0.17812500000000003 0.23125 0.27265625 0.340625 0.27265625
11 0.2515625 0.203125 0.14218750000000005 0.203125 0.14218750000000005 0.2890625 0.2515625 0.2890625
11 0.91796875 0.20468750000000008 0.8078125 0.20468750000000008 0.8078125 0.3117187500000001 0.91796875 0.3117187500000001
11 0.37578125 0.24062500000000003 0.2578125 0.240625 0.2578125 0.33125000000000004 0.37578125 0.3312500000000001
11 0.80546875 0.2453125000000001 0.6984375 0.2453125000000001 0.6984375 0.34843750000000007 0.80546875 0.34843750000000007
11 0.26171875 0.2625 0.15937500000000004 0.2625 0.15937500000000004 0.3578125 0.26171875 0.3578125
11 0.71875 0.2906250000000001 0.5890625 0.2906250000000001 0.5890625 0.3734375000000001 0.71875 0.3734375000000001