51 0.9484375 0.3281250000000001 0.8828125 0.3281250000000001 0.8828125 0.3812500000000001 0.9484375 0.3812500000000001
51 0.7890625 0.3363281250000001 0.719921875 0.3363281250000001 0.719921875 0.3906250000000001 0.7890625 0.3906250000000001
51 0.671875 0.3378906250000001 0.628125 0.3378906250000001 0.628125 0.4 0.671875 0.4
51 0.4859375 0.3234375000000001 0.423046875 0.3234375000000001 0.423046875 0.4203125 0.4859375 0.4203125
51 0.5921875 0.37187500000000007 0.513671875 0.37187500000000007 0.513671875 0.4171875 0.5921875 0.4171875
51 0.18593750000000003 0.34609375 0.14140625000000004 0.34609375 0.14140625000000004 0.4515625 0.18593750000000003 0.4515625
51 0.475 0.3671875000000001 0.425 0.3671875000000001 0.425 0.4421875 0.475 0.4421875
51 0.3968750000000001 0.366796875 0.3492187500000001 0.366796875 0.3492187500000001 0.4453125 0.3968750000000001 0.4453125
51 0.13125000000000003 0.3890625 0.035937500000000046 0.3890625 0.03593750000000005 0.4296875 0.13125000000000003 0.4296875
51 0.7703125 0.3906250000000001 0.671484375 0.3906250000000001 0.671484375 0.5109375 0.7703125 0.5109375000000002
51 0.5875 0.434765625 0.4265625 0.434765625 0.4265625 0.521875 0.5875 0.521875
51 0.9671875 0.45312500000000017 0.839453125 0.45312500000000017 0.839453125 0.5312500000000002 0.9671875 0.5312500000000002
51 0.45 0.458203125 0.2953125000000001 0.458203125 0.2953125000000001 0.54375 0.45 0.54375
51 0.7828125 0.4746093750000001 0.648046875 0.474609375 0.648046875 0.5546875000000001 0.7828125 0.5546875000000002
51 0.3203125000000001 0.4890625 0.15781250000000005 0.4890625 0.15781250000000008 0.5625 0.3203125000000001 0.5625
51 0.6421875 0.454296875 0.56171875 0.454296875 0.56171875 0.59375 0.6421875 0.59375
51 0.18281250000000007 0.5046875 0.028515625000000065 0.5046875 0.028515625000000072 0.590625 0.1828125000000001 0.590625
51 0.29375000000000007 0.498046875 0.20859375000000008 0.498046875 0.20859375000000008 0.665625 0.29375000000000007 0.665625
51 0.6796875 0.5921875 0.594921875 0.5921875 0.594921875 0.7015625 0.6796875 0.7015625
51 0.8796875 0.5968750000000002 0.790625 0.5968750000000002 0.790625 0.7093750000000002 0.8796875 0.7093750000000002
51 0.621875 0.61796875 0.51640625 0.61796875 0.51640625 0.696875 0.621875 0.696875
51 0.78671875 0.6292968750000001 0.6734375 0.629296875 0.6734375 0.7171875000000001 0.78671875 0.7171875000000002
51 0.3906250000000001 0.648828125 0.2953125000000001 0.648828125 0.2953125000000001 0.75625 0.3906250000000001 0.75625
51 0.7031250000000001 0.709375 0.6140625 0.709375 0.6140625000000001 0.8015625 0.7031250000000002 0.8015625
51 0.3140625000000001 0.7046875 0.2253906250000001 0.7046875 0.2253906250000001 0.821875 0.3140625000000001 0.821875
51 0.40156250000000016 0.7375 0.29179687500000007 0.7375 0.29179687500000007 0.825 0.40156250000000016 0.825
51 0.5687500000000002 0.730078125 0.46406250000000016 0.730078125 0.46406250000000016 0.84375 0.5687500000000002 0.84375
51 0.4781250000000002 0.7453125 0.3863281250000001 0.7453125 0.3863281250000001 0.8609375 0.4781250000000002 0.8609375
51 0.18437500000000012 0.791796875 0.08164062500000009 0.791796875 0.0816406250000001 0.9078125 0.18437500000000012 0.9078125
51 0.9421875 0.08281250000000011 0.884375 0.08281250000000011 0.884375 0.1593750000000001 0.9421875 0.15937500000000013
51 0.9328125 0.1281250000000001 0.8515625 0.1281250000000001 0.8515625 0.19218750000000012 0.9328125 0.19218750000000012
51 0.509375 0.14843750000000006 0.420703125 0.14843750000000006 0.420703125 0.19843750000000004 0.509375 0.19843750000000004
51 0.65 0.15039062500000008 0.559765625 0.15039062500000008 0.559765625 0.2000000000000001 0.65 0.2000000000000001
51 0.13125000000000003 0.173828125 0.042187500000000024 0.173828125 0.04218750000000003 0.2296875 0.13125000000000003 0.2296875
51 0.915625 0.1593750000000001 0.865234375 0.1593750000000001 0.865234375 0.2445312500000001 0.915625 0.2445312500000001
51 0.7546875 0.1750000000000001 0.686328125 0.1750000000000001 0.686328125 0.2328125000000001 0.7546875 0.2328125000000001
51 0.6984375 0.1750000000000001 0.639453125 0.1750000000000001 0.639453125 0.2406250000000001 0.6984375 0.2406250000000001
51 0.4265625 0.18906250000000005 0.35625 0.18906250000000005 0.35625 0.23906250000000004 0.4265625 0.2390625000000001
51 0.621875 0.16757812500000008 0.575390625 0.16757812500000008 0.575390625 0.2640625000000001 0.621875 0.2640625000000001
51 0.5 0.17226562500000003 0.44375 0.17226562500000003 0.44375 0.26250000000000007 0.5 0.26250000000000007
51 0.35625 0.19882812500000005 0.294140625 0.19882812500000005 0.294140625 0.24375 0.35625 0.24375
51 0.28125 0.18320312500000005 0.2265625 0.18320312500000005 0.2265625 0.265625 0.28125 0.265625
51 0.2015625 0.18789062500000003 0.15156250000000004 0.187890625 0.15156250000000004 0.2625 0.2015625 0.2625
51 0.15625000000000006 0.220703125 0.061328125000000025 0.220703125 0.061328125000000025 0.265625 0.15625000000000006 0.265625
51 0.56875 0.2101562500000001 0.513671875 0.2101562500000001 0.513671875 0.3062500000000001 0.56875 0.3062500000000001
51 0.44375 0.2312500000000001 0.369140625 0.2312500000000001 0.369140625 0.2906250000000001 0.44375 0.2906250000000001
51 0.503125 0.23398437500000008 0.437890625 0.23398437500000008 0.437890625 0.2890625000000001 0.503125 0.2890625000000001
51 0.14687500000000003 0.256640625 0.059375000000000025 0.256640625 0.05937500000000003 0.3078125 0.14687500000000003 0.3078125