32 0.99921875 0.2468750000000001 0.7671875 0.2468750000000001 0.7671875 0.4656250000000002 0.99921875 0.4656250000000002
32 0.2632812500000001 0.440625 0.08593750000000004 0.440625 0.08593750000000006 0.55859375 0.2632812500000001 0.55859375
32 0.12421875000000007 0.4203125 0.01406250000000005 0.4203125 0.014062500000000061 0.59296875 0.12421875000000009 0.59296875
32 0.56015625 0.5234375 0.3828125000000001 0.5234375 0.3828125000000001 0.66015625 0.56015625 0.66015625
32 0.7328125 0.534375 0.553125 0.534375 0.553125 0.6664062500000001 0.7328125 0.6664062500000002
32 0.99921875 0.5343750000000002 0.7765625 0.5343750000000002 0.7765625 0.7015625000000002 0.99921875 0.7015625000000002
32 0.2875000000000001 0.6515625 0.1296875000000001 0.6515625 0.1296875000000001 0.76328125 0.2875000000000001 0.76328125
32 0.6882812500000001 0.671875 0.4765625 0.671875 0.4765625000000001 0.80703125 0.6882812500000002 0.80703125
32 0.46171875000000007 0.7171875 0.25468750000000007 0.7171875 0.25468750000000007 0.86875 0.4617187500000002 0.86875
32 0.2414062500000001 0.7546875 0.07812500000000008 0.7546875 0.0781250000000001 0.8796875 0.2414062500000001 0.8796875
32 1 0.7468750000000002 0.7312500000000002 0.7468750000000002 0.7312500000000002 0.93515625 1 0.93515625
32 0.6710937500000002 0.840625 0.4671875000000002 0.840625 0.4671875000000002 1 0.6710937500000002 1
32 0.48984375 0.16718750000000004 0.3484375 0.16718750000000004 0.34843750000000007 0.4328125 0.48984375 0.4328125
32 0.75234375 0.1625000000000001 0.6703125 0.1625000000000001 0.6703125 0.4390625000000001 0.75234375 0.4390625000000002
32 0.35234375000000007 0.18593750000000003 0.18906250000000005 0.18593750000000003 0.18906250000000005 0.415625 0.35234375000000007 0.415625
32 0.68359375 0.1671875000000001 0.5734375 0.1671875000000001 0.5734375 0.44453125 0.68359375 0.44453125