52 0.26562500000000006 0.31875 0.12812500000000004 0.31875 0.12812500000000004 0.378125 0.2656250000000001 0.378125
45 0.13359375000000004 0.4609375 0.020312500000000056 0.4609375 0.02031250000000006 0.521875 0.13359375000000004 0.521875
45 0.22265625000000008 0.4765625 0.14062500000000006 0.4765625 0.14062500000000006 0.525 0.22265625000000008 0.525
45 0.20703125000000008 0.51875 0.09218750000000006 0.51875 0.09218750000000006 0.5671875 0.20703125000000008 0.5671875
9 0.07031250000000008 0.6109375 0.001562500000000075 0.6109375 0.0015625000000000781 0.66015625 0.07031250000000008 0.66015625
9 0.07187500000000009 0.696875 8.534257381558118e-17 0.696875 9.003067484356715e-17 0.7734375 0.07187500000000009 0.7734375
9 0.22031250000000008 0.7296875 0.1453125000000001 0.7296875 0.1453125000000001 0.80625 0.22031250000000008 0.80625
15 0.3859375000000001 0.74375 0.2656250000000001 0.74375 0.2656250000000001 0.8609375 0.3859375000000001 0.8609375
9 0.2570312500000001 0.7875 0.1609375000000001 0.7875 0.1609375000000001 0.87421875 0.2570312500000001 0.87421875
15 0.5265625000000002 0.83125 0.3968750000000001 0.83125 0.3968750000000001 0.9515625 0.5265625000000002 0.9515625
15 0.41015625000000017 0.85625 0.2640625000000001 0.85625 0.2640625000000001 1 0.41015625000000017 1
15 0.5453125000000002 0.9625 0.39531250000000007 0.9625 0.39531250000000007 0.99921875 0.5453125000000002 0.99921875
52 0.19687500000000005 0.2734375 0.10156250000000004 0.2734375 0.10156250000000004 0.30859375 0.19687500000000005 0.30859375
52 0.2265625 0.2921875 0.11406250000000004 0.2921875 0.11406250000000004 0.32890625 0.2265625 0.32890625
52 0.09921875000000005 0.2953125 0.006250000000000036 0.2953125 0.0062500000000000385 0.33203125 0.09921875000000005 0.33203125
52 0.234375 0.309375 0.11875000000000005 0.309375 0.11875000000000005 0.35078125 0.234375 0.35078125
52 0.11406250000000004 0.3109375 0.025000000000000033 0.3109375 0.02500000000000004 0.35234375 0.11406250000000004 0.35234375