30 1 0.3609375000000001 0.819921875 0.3609375000000001 0.819921875 0.4578125000000002 1 0.4578125000000002
30 0.884375 0.3078125000000001 0.7953125 0.3078125000000001 0.7953125 0.5343750000000002 0.884375 0.5343750000000002
30 0.8453125 0.3753906250000001 0.5890625 0.3753906250000001 0.5890625 0.4875000000000001 0.8453125 0.48750000000000016
30 0.5765625 0.3167968750000001 0.483984375 0.3167968750000001 0.483984375 0.5796875 0.5765625 0.5796875
30 0.35156250000000006 0.305859375 0.2625 0.305859375 0.26250000000000007 0.5921875 0.3515625000000001 0.5921875
30 0.459375 0.32617187500000006 0.361328125 0.326171875 0.36132812500000006 0.5890625 0.459375 0.5890625
30 0.3296875000000001 0.426953125 0.041015625000000056 0.426953125 0.04101562500000006 0.521875 0.3296875000000001 0.521875
30 0.12812500000000007 0.346875 0.012500000000000044 0.346875 0.012500000000000061 0.6234375 0.1281250000000001 0.6234375
30 1 0.6070312500000001 0.852734375 0.6070312500000001 0.852734375 0.7015625000000002 1 0.7015625000000002
30 0.925 0.5691406250000002 0.817578125 0.5691406250000002 0.817578125 0.7593750000000001 0.925 0.7593750000000001
30 0.7500000000000001 0.5921875000000001 0.6453125 0.5921875 0.6453125000000001 0.7890625000000001 0.7500000000000002 0.7890625000000002
30 0.4562500000000001 0.6078125 0.3656250000000001 0.6078125 0.3656250000000001 0.78125 0.45625000000000016 0.78125
30 0.6531250000000001 0.591796875 0.562890625 0.591796875 0.5628906250000001 0.8046875 0.6531250000000002 0.8046875
30 0.5609375000000001 0.6171875 0.48125 0.6171875 0.48125000000000007 0.8171875 0.5609375000000002 0.8171875
30 0.44218750000000007 0.688671875 0.2101562500000001 0.688671875 0.2101562500000001 0.796875 0.4421875000000002 0.796875
30 0.29375000000000007 0.71796875 0.1355468750000001 0.71796875 0.1355468750000001 0.8125 0.29375000000000007 0.8125
30 0.20312500000000008 0.692578125 8.481635839407255e-17 0.692578125 9.522107241026589e-17 0.8625 0.20312500000000008 0.8625
30 1 0.7917968750000002 0.853515625 0.7917968750000002 0.853515625 0.9203125 1 0.9203125
30 0.88125 0.7953125000000002 0.7609375000000002 0.7953125000000002 0.7609375000000002 0.9390625 0.88125 0.9390625
30 0.7750000000000001 0.85390625 0.6089843750000001 0.85390625 0.6089843750000001 0.9546875 0.7750000000000001 0.9546875
30 0.48750000000000016 0.86015625 0.36796875000000007 0.86015625 0.36796875000000007 0.98125 0.48750000000000016 0.98125
30 0.6406250000000002 0.8453125 0.4968750000000002 0.8453125 0.4968750000000002 1 0.6406250000000002 1
30 0.3574218750000001 0.874609375 0.24570312500000008 0.874609375 0.24570312500000008 0.98125 0.3574218750000001 0.98125
30 0.69375 7.768853132091022e-17 0.575 7.041719095097281e-17 0.575 0.2156250000000001 0.69375 0.2156250000000001
30 0.5171875 0.06015625000000004 0.26484375 0.06015625000000002 0.26484375 0.19218750000000004 0.5171875 0.19218750000000004