32 0.89358108125 0.40033783750000007 0.6942567562499999 0.40033783749999996 0.6942567562499999 0.6714527031250002 0.89358108125 0.6714527031250002
32 0.6824324328125 0.4138513515625 0.48817567500000003 0.4138513515625 0.48817567500000003 0.6697635140625 0.6824324328125 0.6697635140625
32 0.478040540625 0.41216216250000004 0.3040540546875001 0.41216216250000004 0.3040540546875001 0.6731418921875 0.478040540625 0.6731418921875
17 0.3125000000000001 0.46790540468749997 0.10472972968750005 0.46790540468749997 0.10472972968750008 0.6706081078125 0.3125000000000001 0.6706081078125
17 0.10641891875000006 0.46959459531250003 5.750875180463499e-17 0.46959459531250003 7.271340369937409e-17 0.7179054046875 0.10641891875000009 0.7179054046875
32 1 0.6368243250000002 0.8969594593749999 0.6368243250000002 0.8969594593749999 0.9206081078125001 1 0.9206081078125001
17 0.7128378375000002 0.7466216218749999 0.5658783781250002 0.7466216218749999 0.5658783781250002 0.9704391890625 0.7128378375000002 0.9704391890625
17 0.9121621624999999 0.7854729734375001 0.7415540546875002 0.7854729734375001 0.7415540546875002 0.9704391890625 0.9121621624999999 0.9704391890625
17 0.3521959453125001 0.7854729734375 0.1672297296875001 0.7854729734375 0.1672297296875001 1 0.3521959453125001 1
17 0.1706081078125001 0.7922297296874999 9.702016026511698e-17 0.7922297296874999 1.0974242008992617e-16 1 0.17060810781250013 1
17 0.5287162156250002 0.8429054046875001 0.3834459453125001 0.8429054046875001 0.3834459453125001 1 0.5287162156250002 1
32 1 0.04054054062500011 0.83108108125 0.0405405406250001 0.83108108125 0.2516891890625001 1 0.2516891890625001
17 0.4923986484375 0.05743243281250006 0.2820945953125 0.057432432812500045 0.2820945953125 0.30912162187500003 0.4923986484375 0.3091216218750001
32 0.853885134375 0.09290540468750011 0.6858108109375001 0.0929054046875001 0.6858108109375001 0.2888513515625001 0.853885134375 0.2888513515625001
17 0.6765202703125001 0.06587837812500008 0.48141891875000004 0.06587837812500007 0.48141891875000004 0.3167229734375001 0.6765202703125001 0.3167229734375001
17 0.28293918906250004 0.08952702656250003 0.0895270265625 0.0895270265625 0.08952702656250003 0.334459459375 0.28293918906250004 0.334459459375