16 0.21875000000000006 0.2171875 0.04687500000000002 0.2171875 0.04687500000000004 0.5125 0.21875000000000008 0.5125
16 0.2140625000000001 0.62265625 7.625339835315942e-17 0.62265625 8.921743282850835e-17 0.834375 0.2140625000000001 0.834375
1 0.6890625 0.2812500000000001 0.6234375 0.2812500000000001 0.6234375 0.35625000000000007 0.6890625 0.35625000000000007
1 0.8484375 0.3390625000000001 0.778515625 0.3390625000000001 0.778515625 0.4234375000000002 0.8484375 0.4234375000000002
1 0.928125 0.6503906250000002 0.848828125 0.6503906250000002 0.848828125 0.7171875000000002 0.928125 0.7171875000000002
36 0.3312500000000001 0.7703125 0.2253906250000001 0.7703125 0.2253906250000001 0.8515625 0.3312500000000001 0.8515625
36 0.996875 0.41523437500000016 0.930078125 0.41523437500000016 0.930078125 0.5015625000000001 0.996875 0.5015625000000001
4 0.43125 0.608203125 0.2406250000000001 0.608203125 0.2406250000000001 0.7078125 0.43125 0.7078125
4 0.8375 0.4511718750000001 0.71875 0.451171875 0.71875 0.6046875 0.8375 0.6046875000000002
8 0.503125 0.18593750000000003 0.2984375 0.18593750000000003 0.2984375 0.3765625 0.503125 0.3765625000000001
8 0.725 0.5640625 0.512109375 0.5640625 0.512109375 0.6953125 0.725 0.6953125