32 0.08750000000000004 0.2409502984375 2.9507901173508386e-17 0.2409502984375 3.618526957183287e-17 0.35 0.08750000000000005 0.35
32 0.225 2.6373629516716776e-17 0.20571405625 2.5192706052618104e-17 0.20571405625 0.08437500000000002 0.225 0.08437500000000002
32 0.88125 1.0623412608826549e-16 0.8536849406250001 1.0454625300167047e-16 0.8536849406250001 0.0640625000000001 0.88125 0.0640625000000001
32 0.818632678125 0.5203951578125001 0.2751173203125001 0.5203951578125 0.2751173203125001 0.9999173421875 0.818632678125 0.9999173421875
32 0.6 7.027449395782978e-17 0.54766958125 6.707017996681838e-17 0.54766958125 0.08593750000000007 0.6 0.08593750000000007
32 0.503125 5.78252460790875e-17 0.441232934375 5.403545007607379e-17 0.441232934375 0.09062500000000005 0.503125 0.09062500000000007
32 0.9984375 0.05643931406250012 0.9812393343749999 0.056439314062500114 0.9812393343749999 0.09687500000000013 0.9984375 0.09687500000000013
32 0.6640625 0.05115187656250007 0.5451285203125 0.051151876562500066 0.5451285203125 0.1218750000000001 0.6640625 0.1218750000000001
32 0.546875 0.03490560937500006 0.464347803125 0.034905609375000056 0.464347803125 0.16374520156250008 0.546875 0.1637452015625001
32 0.4515625 0.07864761093750004 0.3234375 0.07864761093750004 0.3234375 0.15781250000000005 0.4515625 0.15781250000000005
32 0.31875 0.08437500000000003 0.18125 0.08437500000000002 0.18125000000000002 0.184375 0.31875 0.18437500000000004
32 0.9984375 0.11841137031250012 0.9418755328125 0.11841137031250012 0.9418755328125 0.17500000000000013 0.9984375 0.17500000000000013
32 0.946875 0.11911796093750011 0.8922461593750001 0.11911796093750009 0.8922461593750001 0.2000000000000001 0.946875 0.2000000000000001
32 0.8890625 0.12343750000000009 0.815625 0.12343750000000009 0.815625 0.20312500000000008 0.8890625 0.20312500000000008
32 0.565625 0.15236241406250006 0.497904225 0.15236241406250003 0.497904225 0.2015625000000001 0.565625 0.2015625000000001
32 0.5202778375 0.16062286718750005 0.45628466406249996 0.16062286718750005 0.45628466406249996 0.21250000000000008 0.5202778375 0.21250000000000008
32 0.690625 0.1672168296875001 0.6078125 0.1672168296875001 0.6078125 0.24059566875000007 0.690625 0.24059566875000007
32 0.482639184375 0.18761198906250004 0.4126733140625 0.18761198906250004 0.4126733140625 0.24051301250000007 0.482639184375 0.24051301250000007
32 0.6375 0.1878732921875001 0.5796875 0.1878732921875001 0.5796875 0.2593750000000001 0.6375 0.2593750000000001
32 0.571875 0.2145851109375001 0.49000906562499996 0.2145851109375001 0.49000906562499996 0.2734375000000001 0.571875 0.2734375000000001
32 0.4140625 0.19102229062500004 0.27773037500000003 0.19102229062500004 0.27773037500000003 0.30781250000000004 0.4140625 0.3078125000000001
32 0.331010025 0.22700245312499998 0.2533649734375 0.22700245312499998 0.2533649734375 0.3265625 0.331010025 0.3265625
32 0.2953125 0.231345990625 0.15852709062500003 0.231345990625 0.15852709062500003 0.328125 0.2953125 0.328125