32 0.89375 0.40029560781250006 0.694425675 0.4002956078125 0.694425675 0.6703125000000001 0.89375 0.6703125000000002
32 0.682284628125 0.41423141875 0.48802787031249995 0.41423141875 0.48802787031249995 0.66875 0.682284628125 0.66875
32 0.5203125 0.45529983124999995 0.2608741546875001 0.45529983124999995 0.2608741546875001 0.628125 0.5203125 0.628125
17 0.3125000000000001 0.46841216093750004 0.10475084375000003 0.46841216093750004 0.10475084375000006 0.6703125 0.3125000000000001 0.6703125
17 0.10625000000000007 0.4703125 5.759666977239896e-17 0.4703125 7.271340369937409e-17 0.7171875 0.1062500000000001 0.7171875
32 1 0.6366342921875001 0.8970016890625001 0.6366342921875001 0.8970016890625001 0.91875 1 0.91875
17 0.7125000000000001 0.7465582765625001 0.5661739859375002 0.7465582765625001 0.5661739859375002 0.96875 0.7125000000000001 0.96875
17 0.91875 0.7931376687500002 0.7343750000000002 0.7931376687500002 0.7343750000000002 0.9625 0.91875 0.9625
17 0.3515625000000001 0.785240709375 0.1675675671875001 0.785240709375 0.16756756718750013 0.9984375 0.3515625000000001 0.9984375
17 0.1890625000000001 0.8109375 9.931120136835567e-17 0.8109375 1.0973983426734486e-16 0.98125 0.18906250000000013 0.98125
17 0.5343750000000002 0.8484375 0.37789273593750006 0.8484375 0.37789273593750006 0.9934755078125 0.5343750000000002 0.9934755078125
32 1 0.061739864062500115 0.80998733125 0.061739864062500094 0.80998733125 0.2296875000000001 1 0.2296875000000001
17 0.490625 0.05774915468750006 0.2823479734375 0.05774915468750005 0.2823479734375 0.30781250000000004 0.490625 0.3078125000000001
32 0.853125 0.09315878281250009 0.686127534375 0.09315878281250009 0.686127534375 0.2890625000000001 0.853125 0.2890625000000001
17 0.7044974671875 0.09381334531250007 0.45365287031249996 0.09381334531250006 0.45365287031249996 0.2875000000000001 0.7044974671875 0.2875000000000001
17 0.3078125 0.11558277031250001 0.06349239843750001 0.1155827703125 0.06349239843750003 0.3078125 0.3078125 0.3078125