39 0.6375 0.2142047906250001 0.5218347296875 0.2142047906250001 0.5218347296875 0.3215931062500001 0.6375 0.3215931062500001
39 1 0.24053103593750008 0.9117992921875 0.24053103593750008 0.9117992921875 0.3781250000000001 1 0.3781250000000001
39 0.75 0.2564620921875001 0.6378302203125 0.2564620921875001 0.6378302203125 0.3625000000000001 0.75 0.3625000000000001
39 0.9984375 0.3688063796875001 0.871504509375 0.3688063796875001 0.871504509375 0.47963112031250016 0.9984375 0.47963112031250016
39 0.8746644124999999 0.36314701406250005 0.7578259234375 0.36314701406250005 0.7578259234375 0.4890625000000002 0.8746644124999999 0.4890625000000002
39 1 0.47936802031250014 0.896923325 0.47936802031250014 0.896923325 0.6046875000000002 1 0.6046875000000002
39 0.8703125 0.5468750000000001 0.7224548953125 0.546875 0.7224548953125 0.6531250000000001 0.8703125 0.6531250000000002
39 0.9421875 0.6654558640625001 0.80475461875 0.6654558640625001 0.80475461875 0.7968750000000002 0.9421875 0.7968750000000002
39 0.7059573671875 0.014006120312500082 0.5831051328125 0.014006120312500073 0.5831051328125 0.1515625000000001 0.7059573671875 0.1515625000000001
39 0.9875 0.044936640625000114 0.8453125 0.0449366406250001 0.8453125 0.13750000000000012 0.9875 0.13750000000000012
39 0.790625 0.11041935156250009 0.67174881875 0.11041935156250009 0.67174881875 0.23593750000000008 0.790625 0.23593750000000008
39 0.8984375 0.14711393750000007 0.779314325 0.14711393750000007 0.779314325 0.2718750000000001 0.8984375 0.2718750000000001