39 0.440625 0.28359375000000003 0.334765625 0.28359375 0.33476562500000007 0.38125000000000003 0.440625 0.3812500000000001
39 0.08593750000000004 0.3078125 0.0027343750000000376 0.3078125 0.0027343750000000454 0.434375 0.08593750000000004 0.434375
39 0.33593750000000006 0.322265625 0.2328125 0.322265625 0.23281250000000003 0.41875 0.3359375000000001 0.41875
39 0.11250000000000004 0.415234375 0.01328125000000005 0.415234375 0.013281250000000059 0.534375 0.11250000000000004 0.534375
39 0.2250000000000001 0.41953125 0.11992187500000004 0.41953125 0.11992187500000004 0.534375 0.2250000000000001 0.534375
39 0.10781250000000006 0.5328125 6.52507122670699e-17 0.5328125 7.137394626280668e-17 0.6328125 0.10781250000000009 0.6328125
39 0.2578125000000001 0.586328125 0.1238281250000001 0.586328125 0.1238281250000001 0.6828125 0.2578125000000001 0.6828125
39 0.18125000000000008 0.690625 0.06093750000000009 0.690625 0.0609375000000001 0.8171875 0.18125000000000008 0.8171875
39 0.384375 0.10156250000000004 0.2734375 0.10156250000000004 0.2734375 0.22812500000000005 0.384375 0.22812500000000008
39 0.14687500000000003 0.1296875 0.017187500000000015 0.1296875 0.017187500000000022 0.215625 0.14687500000000003 0.215625
39 0.3046875 0.18945312500000006 0.19531250000000006 0.18945312500000006 0.19531250000000006 0.303125 0.3046875 0.303125
39 0.209375 0.225 0.09570312500000003 0.225 0.09570312500000003 0.334375 0.209375 0.334375