39 0.43671875 0.27968750000000003 0.3390625 0.2796875 0.33906250000000004 0.38593750000000004 0.43671875 0.3859375000000001
39 0.08671875000000004 0.3078125 0.0031250000000000375 0.3078125 0.0031250000000000453 0.434375 0.08671875000000004 0.434375
39 0.33593750000000006 0.321875 0.2328125 0.321875 0.23281250000000003 0.41953125 0.3359375000000001 0.41953125
39 0.12343750000000005 0.425 0.0031250000000000526 0.425 0.0031250000000000583 0.52578125 0.12343750000000005 0.52578125
39 0.23046875000000008 0.4234375 0.11562500000000005 0.4234375 0.11562500000000005 0.5296875 0.23046875000000008 0.5296875
39 0.10000000000000006 0.525 6.429395695523604e-17 0.525 7.137394626280668e-17 0.640625 0.10000000000000009 0.640625
39 0.25859375000000007 0.5859375 0.12343750000000009 0.5859375 0.12343750000000009 0.68359375 0.25859375000000007 0.68359375
39 0.18125000000000008 0.690625 0.06093750000000009 0.690625 0.0609375000000001 0.8171875 0.18125000000000008 0.8171875
39 0.38515625 0.10156250000000004 0.2734375 0.10156250000000004 0.2734375 0.22812500000000005 0.38515625 0.22812500000000008
39 0.14687500000000003 0.1296875 0.017187500000000015 0.1296875 0.017187500000000022 0.215625 0.14687500000000003 0.215625
39 0.3046875 0.18906250000000005 0.19531250000000006 0.18906250000000005 0.19531250000000006 0.30390625 0.3046875 0.30390625
39 0.21015625 0.225 0.09531250000000002 0.225 0.09531250000000004 0.334375 0.21015625 0.334375