39 0.6375 0.2144893687500001 0.5219797046875 0.2144893687500001 0.5219797046875 0.3218750000000001 0.6375 0.3218750000000001
39 0.9997127359375 0.2405686218750001 0.9112247640625 0.2405686218750001 0.9112247640625 0.3781250000000001 0.9997127359375 0.3781250000000001
39 0.75 0.2564620921875001 0.6378302203125 0.2564620921875001 0.6378302203125 0.3625000000000001 0.75 0.3625000000000001
39 0.9984375 0.3688063796875001 0.871504509375 0.3688063796875001 0.871504509375 0.47963112031250016 0.9984375 0.47963112031250016
39 0.8796875 0.36803318125000006 0.7536109328125 0.36803318125000006 0.7536109328125 0.48437500000000017 0.8796875 0.48437500000000017
39 1 0.49139282656250016 0.8848663015625 0.49139282656250016 0.8848663015625 0.5937500000000002 1 0.5937500000000002
39 0.8703125 0.5468750000000001 0.7224548953125 0.546875 0.7224548953125 0.6531250000000001 0.8703125 0.6531250000000002
39 0.9421875 0.6644410437500002 0.8034928046875001 0.6644410437500002 0.8034928046875001 0.7967434484375001 0.9421875 0.7967434484375001
39 0.7059573671875 0.014006120312500082 0.5831051328125 0.014006120312500073 0.5831051328125 0.1515625000000001 0.7059573671875 0.1515625000000001
39 0.9875 0.044936640625000114 0.8453125 0.0449366406250001 0.8453125 0.13750000000000012 0.9875 0.13750000000000012
39 0.790625 0.11041935156250009 0.67174881875 0.11041935156250009 0.67174881875 0.23593750000000008 0.790625 0.23593750000000008
39 0.9015625 0.14895027812500009 0.776409471875 0.14895027812500009 0.776409471875 0.2687500000000001 0.9015625 0.2687500000000001