39 0.6340206187499999 0.20962199375000007 0.526632303125 0.20962199375000007 0.526632303125 0.3264604812500001 0.6340206187499999 0.3264604812500001
39 1 0.2405498281250001 0.911512028125 0.2405498281250001 0.911512028125 0.3797250859375001 1 0.3797250859375001
39 0.75085910625 0.2560137453125001 0.6374570453125 0.2560137453125001 0.6374570453125 0.36340206250000007 0.75085910625 0.36340206250000007
39 1 0.3694158078125001 0.8711340203125 0.3694158078125001 0.8711340203125 0.48024055000000015 1 0.48024055000000015
39 0.8797250859375 0.3676975937500001 0.7534364265625 0.3676975937500001 0.7534364265625 0.48453608281250016 0.8797250859375 0.48453608281250016
39 1 0.4793814437500002 0.8969072171875 0.4793814437500002 0.8969072171875 0.6065292093750002 1 0.6065292093750002
39 0.8711340203125 0.5463917531250001 0.7225085906250001 0.546391753125 0.7225085906250001 0.65378006875 0.8711340203125 0.6537800687500002
39 0.9398625421875 0.6615120281250002 0.8075601375 0.6615120281250002 0.8075601375 0.8006872859374999 0.9398625421875 0.8006872859374999
39 0.7061855671874999 0.013745704687500079 0.5833333328125 0.013745704687500072 0.5833333328125 0.1529209625000001 0.7061855671874999 0.1529209625000001
39 0.9879725078125 0.044673539062500114 0.845360825 0.0446735390625001 0.845360825 0.13917525781250012 0.9879725078125 0.13917525781250012
39 0.7920962203124999 0.10996563593750008 0.67182130625 0.10996563593750008 0.67182130625 0.2362542953125001 0.7920962203124999 0.2362542953125001
39 0.9020618562499999 0.14948453593750008 0.7757731953125 0.14948453593750008 0.7757731953125 0.2697594500000001 0.9020618562499999 0.2697594500000001