39 0.440625 0.28437500000000004 0.334765625 0.284375 0.33476562500000007 0.38125000000000003 0.440625 0.3812500000000001
39 0.10781250000000005 0.3296875 4.0375074159389303e-17 0.3296875 4.544587731210881e-17 0.4125 0.10781250000000005 0.4125
39 0.33593750000000006 0.321875 0.2328125 0.321875 0.23281250000000003 0.41875 0.3359375000000001 0.41875
39 0.11250000000000004 0.415234375 0.01328125000000005 0.415234375 0.013281250000000059 0.534375 0.11250000000000004 0.534375
39 0.2250000000000001 0.41953125 0.11992187500000004 0.41953125 0.11992187500000004 0.534375 0.2250000000000001 0.534375
39 0.10781250000000006 0.5328125 6.52507122670699e-17 0.5328125 7.137394626280668e-17 0.6328125 0.10781250000000009 0.6328125
39 0.2578125000000001 0.585546875 0.12304687500000008 0.585546875 0.12304687500000008 0.6828125 0.2578125000000001 0.6828125
39 0.18125000000000008 0.690625 0.06093750000000009 0.690625 0.0609375000000001 0.8171875 0.18125000000000008 0.8171875
39 0.3921875 0.10937500000000004 0.266015625 0.10937500000000004 0.266015625 0.22031250000000005 0.3921875 0.22031250000000008
39 0.14687500000000003 0.1296875 0.017187500000000015 0.1296875 0.017187500000000022 0.215625 0.14687500000000003 0.215625
39 0.30625 0.19179687500000003 0.19296875000000005 0.19179687500000003 0.19296875000000005 0.3 0.30625 0.3
39 0.209375 0.225 0.09570312500000003 0.225 0.09570312500000003 0.334375 0.209375 0.334375