35 0.56387851875 0.19848282812500007 0.26268398125000003 0.19848282812500004 0.26268398125000003 0.4921875 0.56387851875 0.4921875
35 0.19843750000000004 0.2873400171875 3.5189003231561734e-17 0.2873400171875 4.3905272691212286e-17 0.4296875 0.19843750000000004 0.4296875
35 1 0.2170381828125001 0.6739121156250001 0.2170381828125001 0.6739121156250001 0.51875 1 0.5187500000000002
35 0.2685446890625001 0.401629159375 0.004892810937500065 0.401629159375 0.00489281093750008 0.6578125 0.2685446890625001 0.6578125
35 0.5808527093750001 0.46941926250000005 0.3046875000000001 0.46941926250000005 0.3046875000000001 0.7921875 0.5808527093750002 0.7921875
35 0.8765625 0.5062500000000001 0.609596309375 0.50625 0.6095963093750001 0.7875000000000001 0.8765625 0.7875000000000002
35 0.2328125000000001 0.6737414687500001 8.25095333157524e-17 0.6737414687500001 9.397198433992244e-17 0.8609375 0.2328125000000001 0.8609375
35 0.7031250000000001 0.7147130984375 0.4337377328125 0.7147130984375 0.4337377328125001 0.9984375 0.7031250000000002 0.9984375
35 0.9484375 0.7247146968750001 0.724530715625 0.724714696875 0.724530715625 1 0.9484375 1
35 0.978125 1.0815286126566455e-16 0.7881452640625 9.651995748972861e-17 0.7881452640625 0.21093750000000008 0.978125 0.21093750000000008
35 0.8234375 0.00002666406250008241 0.522413609375 0.00002666406250006398 0.522413609375 0.2015625000000001 0.8234375 0.2015625000000001
35 0.3265625 0.06942992656250002 0.03063673281250001 0.0694299265625 0.03063673281250003 0.3609375 0.3265625 0.3609375