35 0.6203125 0.21250000000000008 0.4933792375 0.21250000000000008 0.4933792375 0.3421875000000001 0.6203125 0.3421875000000001
35 0.8809586875000001 0.2547934328125001 0.7284163140625 0.2547934328125001 0.7284163140625 0.3906250000000001 0.8809586875000001 0.3906250000000001
35 0.30468750000000006 0.26257944843750003 0.15900423750000003 0.26257944843750003 0.15900423750000003 0.3828125 0.3046875000000001 0.3828125
35 0.521875 0.3477489406250001 0.38028336875 0.3477489406250001 0.3802833687500001 0.5 0.521875 0.5
35 0.6809586859375 0.3596398296875001 0.5284163140625 0.3596398296875001 0.5284163140625 0.5015625 0.6809586859375 0.5015625
35 0.12656250000000005 0.381461865625 0.00027807187500004677 0.381461865625 0.00027807187500005593 0.53125 0.12656250000000005 0.53125
35 0.45773305000000003 0.459242584375 0.3051906765625001 0.459242584375 0.3051906765625001 0.6171875 0.45773305000000003 0.6171875
35 0.8796875 0.4814088984375002 0.7511520125 0.4814088984375002 0.7511520125 0.6359375000000002 0.8796875 0.6359375000000002
35 0.2578125000000001 0.7166578390625 0.0884666312500001 0.7166578390625 0.08846663125000011 0.890625 0.2578125000000001 0.890625
35 0.6390625000000002 0.7829713984375 0.45117849531250015 0.7829713984375 0.45117849531250015 0.988903603125 0.6390625000000002 0.988903603125
35 0.69375 0.05015889843750008 0.5480402546875001 0.050158898437500064 0.5480402546875001 0.1906250000000001 0.69375 0.1906250000000001
35 0.4609375 0.07227224531250007 0.30180084687500003 0.07227224531250005 0.30180084687500003 0.24062500000000003 0.4609375 0.2406250000000001
35 0.9437235171875 0.10797139843750012 0.7844014828125 0.1079713984375001 0.7844014828125 0.2639036015625001 0.9437235171875 0.2639036015625001