35 0.56387851875 0.19848282812500007 0.26268398125000003 0.19848282812500004 0.26268398125000003 0.4921875 0.56387851875 0.4921875
35 0.14375000000000004 0.23224189375 2.844142918088572e-17 0.23224189375 4.388012925729282e-17 0.484375 0.14375000000000004 0.484375
35 1 0.2170381828125001 0.6739121156250001 0.2170381828125001 0.6739121156250001 0.51875 1 0.5187500000000002
35 0.2685446890625001 0.401629159375 0.004892810937500065 0.401629159375 0.00489281093750008 0.6578125 0.2685446890625001 0.6578125
35 0.6046581703125 0.49380599375 0.2812793312500001 0.49380599375 0.2812793312500001 0.76875 0.6046581703125001 0.76875
35 0.8765625 0.5062500000000001 0.609596309375 0.50625 0.6095963093750001 0.7875000000000001 0.8765625 0.7875000000000002
35 0.2328125000000001 0.67352815625 8.248341006871808e-17 0.67352815625 9.395892271640527e-17 0.8609375 0.2328125000000001 0.8609375
35 0.7093750000000001 0.72298688125 0.42607188437500004 0.72298688125 0.4260718843750001 0.9921875 0.7093750000000002 0.9921875
35 0.9996880328125 0.7748720140625001 0.6737494656250002 0.7748720140625001 0.6737494656250002 0.9984375 0.9996880328125 0.9984375
35 0.9996347046875 1.0820902567273513e-16 0.76755279375 9.39981072042546e-17 0.76755279375 0.1906250000000001 0.9996347046875 0.19062500000000013
35 0.7734375 8.236259119929076e-17 0.571645690625 7.000640652702843e-17 0.571645690625 0.2515625000000001 0.7734375 0.2515625000000001
35 0.3249760031250001 0.06718750000000002 0.033167128125000014 0.0671875 0.03316712812500003 0.3640625 0.3249760031250001 0.3640625