35 0.5639931734375 0.19795221875000008 0.262798634375 0.19795221875000005 0.26279863437500006 0.4931740609375 0.5639931734375 0.4931740609375
35 0.14419795156250004 0.2320819109375 2.8421836936961046e-17 0.2320819109375 4.399115210043333e-17 0.48634812343749995 0.14419795156250004 0.48634812343749995
35 1 0.1945392484375001 0.6962457343749999 0.1945392484375001 0.6962457343749999 0.5426621156250001 1 0.5426621156250002
35 0.2687713312500001 0.401023890625 0.005119454687500048 0.401023890625 0.0051194546875000645 0.658703071875 0.2687713312500001 0.658703071875
35 0.6049488046875001 0.4931740609375 0.2815699656250001 0.4931740609375 0.2815699656250001 0.7696245734375 0.6049488046875002 0.7696245734375
35 0.8848122859374999 0.5136518765625001 0.6023890781250001 0.5136518765625 0.6023890781250001 0.7807167234375001 0.8848122859374999 0.7807167234375002
35 0.18771331093750013 0.6279863484375 7.690614715222189e-17 0.6279863484375 9.399059696208331e-17 0.9069965874999999 0.18771331093750016 0.9069965874999999
35 0.7030716718750001 0.715017065625 0.43344709843749996 0.715017065625 0.43344709843750007 1 0.7030716718750002 1
35 1 0.7747440265625001 0.6740614328125002 0.7747440265625001 0.6740614328125002 1 1 1
35 1 1.082537614462548e-16 0.7679180890625 9.404284297777426e-17 0.7679180890625 0.19112627968750012 1 0.19112627968750012
35 0.8242320812499999 8.244422558086874e-17 0.5221842999999999 6.394913315600013e-17 0.5221842999999999 0.20307167187500008 0.8242320812499999 0.20307167187500008
35 0.32849829375 0.06996587031250003 0.03071672343750001 0.0699658703125 0.030716723437500027 0.36177474374999996 0.32849829375 0.36177474374999996