35 0.6220338984375 0.2135593218750001 0.49152542343750005 0.2135593218750001 0.49152542343750005 0.3415254234375001 0.6220338984375 0.3415254234375001
35 0.8813559328125 0.2542372875000001 0.728813559375 0.2542372875000001 0.728813559375 0.3915254234375001 0.8813559328125 0.3915254234375001
35 0.3050847453125 0.2627118640625 0.15847457656250002 0.2627118640625 0.15847457656250002 0.3838983046875 0.30508474531250007 0.3838983046875
35 0.5237288140625 0.3474576265625001 0.38050847499999996 0.3474576265625001 0.380508475 0.5 0.5237288140625 0.5
35 0.6813559328125 0.3593220343750001 0.528813559375 0.3593220343750001 0.528813559375 0.5025423734375 0.6813559328125 0.5025423734375
35 0.12711864375000004 0.3813559328125 4.670263224546812e-17 0.3813559328125 5.588748323907327e-17 0.5313559328124999 0.12711864375000004 0.5313559328124999
35 0.45762711874999995 0.45932203437499997 0.30508474531250007 0.45932203437499997 0.30508474531250007 0.6186440671875 0.45762711874999995 0.6186440671875
35 0.8813559328125 0.48135593281250016 0.7508474578125 0.48135593281250016 0.7508474578125 0.6372881359375002 0.8813559328125 0.6372881359375002
35 0.2610169484375001 0.7186440671875001 0.08644067812500009 0.7186440671875001 0.0864406781250001 0.8898305078125001 0.2610169484375001 0.8898305078125001
35 0.6406779656250002 0.7830508468749999 0.4508474578125002 0.7830508468749999 0.4508474578125002 0.9889830515625 0.6406779656250002 0.9889830515625
35 0.6949152546875 0.05084745781250007 0.548305084375 0.050847457812500066 0.548305084375 0.1915254234375001 0.6949152546875 0.1915254234375001
35 0.46101694843749996 0.07288135625000006 0.301694915625 0.07288135625000004 0.301694915625 0.24152542343750003 0.46101694843749996 0.24152542343750008
35 0.944067796875 0.1084745765625001 0.7847457624999999 0.10847457656250008 0.7847457624999999 0.2644067796875001 0.944067796875 0.2644067796875001