35 0.46875 0.27070312500000004 0.3484375 0.270703125 0.34843750000000007 0.38750000000000007 0.46875 0.38750000000000007
35 0.25000000000000006 0.3078125 0.10937500000000004 0.3078125 0.10937500000000004 0.434375 0.2500000000000001 0.434375
35 0.775 0.3160156250000001 0.640625 0.3160156250000001 0.640625 0.42656250000000007 0.775 0.4265625000000002
35 0.5703125 0.3937500000000001 0.439453125 0.3937500000000001 0.439453125 0.534375 0.5703125 0.534375
35 0.4296875 0.400390625 0.29765625000000007 0.400390625 0.29765625000000007 0.540625 0.4296875 0.540625
35 0.934375 0.42500000000000016 0.8046875 0.42500000000000016 0.8046875 0.5625000000000002 0.934375 0.5625000000000002
35 0.64375 0.5 0.496875 0.5 0.496875 0.640625 0.64375 0.640625
35 0.2406250000000001 0.52890625 0.09765625000000007 0.52890625 0.09765625000000008 0.6484375 0.2406250000000001 0.6484375
35 0.840625 0.7343750000000001 0.6828125000000002 0.734375 0.6828125000000002 0.8953125 0.840625 0.8953125
35 0.5125000000000002 0.802734375 0.3242187500000001 0.802734375 0.3242187500000001 0.9765625 0.5125000000000002 0.9765625
35 0.4125 0.11796875000000004 0.283984375 0.11796875000000004 0.283984375 0.2515625 0.4125 0.2515625000000001
35 0.64375 0.14101562500000006 0.496875 0.14101562500000003 0.496875 0.2953125000000001 0.64375 0.2953125000000001
35 0.19687500000000002 0.17187500000000003 0.05312500000000002 0.171875 0.05312500000000003 0.31875 0.19687500000000005 0.31875