35 0.4671875 0.269140625 0.35 0.269140625 0.35000000000000003 0.38906250000000003 0.4671875 0.3890625000000001
35 0.24218750000000006 0.30078125 0.11640625000000004 0.30078125 0.11640625000000004 0.440625 0.24218750000000008 0.440625
35 0.763671875 0.30351562500000007 0.651953125 0.30351562500000007 0.651953125 0.4375000000000001 0.763671875 0.43750000000000017
35 0.575 0.3984375000000001 0.434765625 0.3984375000000001 0.434765625 0.5296875 0.575 0.5296875
35 0.434375 0.405078125 0.29375000000000007 0.405078125 0.29375000000000007 0.5359375 0.434375 0.5359375
35 0.9375 0.4292968750000002 0.80078125 0.4292968750000002 0.80078125 0.5578125000000002 0.9375 0.5578125000000002
35 0.640625 0.496875 0.5 0.496875 0.5 0.64375 0.640625 0.64375
35 0.2406250000000001 0.52890625 0.09765625000000007 0.52890625 0.09765625000000008 0.6484375 0.2406250000000001 0.6484375
35 0.8421875 0.7359375000000001 0.6812500000000001 0.7359375 0.6812500000000001 0.89375 0.8421875 0.89375
35 0.5062500000000002 0.795703125 0.3312500000000001 0.795703125 0.3312500000000001 0.984375 0.5062500000000002 0.984375
35 0.415625 0.12031250000000004 0.28125 0.12031250000000004 0.28125 0.25000000000000006 0.415625 0.2500000000000001
35 0.64375 0.14101562500000006 0.496875 0.14101562500000003 0.496875 0.2953125000000001 0.64375 0.2953125000000001
35 0.19687500000000002 0.17187500000000003 0.05312500000000002 0.171875 0.05312500000000003 0.31875 0.19687500000000005 0.31875