35 0.620180084375 0.21253972343750008 0.4922139828125 0.21253972343750008 0.4922139828125 0.3421875000000001 0.620180084375 0.3421875000000001
35 0.88125 0.2536811421875001 0.72921080625 0.2536811421875001 0.72921080625 0.3906250000000001 0.88125 0.3906250000000001
35 0.30468750000000006 0.26257944843750003 0.15900423750000003 0.26257944843750003 0.15900423750000003 0.3828125 0.3046875000000001 0.3828125
35 0.521875 0.3471663140625001 0.3807335796875 0.3471663140625001 0.38073357968750005 0.4997086859375 0.521875 0.4997086859375
35 0.6765625 0.3550582625000001 0.533792371875 0.3550582625000001 0.533792371875 0.50625 0.6765625 0.50625
35 0.12656250000000005 0.381461865625 0.00027807187500004677 0.381461865625 0.00027807187500005593 0.53125 0.12656250000000005 0.53125
35 0.45773305000000003 0.459242584375 0.3051906765625001 0.459242584375 0.3051906765625001 0.6171875 0.45773305000000003 0.6171875
35 0.89375 0.4937632421875001 0.7381885593749999 0.4937632421875001 0.7381885593749999 0.6234375000000002 0.89375 0.6234375000000002
35 0.2607256359375001 0.71875 0.0861493640625001 0.71875 0.08614936406250011 0.8890625 0.2607256359375001 0.8890625
35 0.6390625000000002 0.7829713984375 0.45117849531250015 0.7829713984375 0.45117849531250015 0.988903603125 0.6390625000000002 0.988903603125
35 0.69375 0.05015889843750008 0.5480402546875001 0.050158898437500064 0.5480402546875001 0.1906250000000001 0.69375 0.1906250000000001
35 0.4609375 0.07227224531250007 0.30180084687500003 0.07227224531250005 0.30180084687500003 0.24062500000000003 0.4609375 0.2406250000000001
35 0.9437235171875 0.10797139843750012 0.7844014828125 0.1079713984375001 0.7844014828125 0.2639036015625001 0.9437235171875 0.2639036015625001