22 0.37974683593749997 3.889997551307704e-17 0.25553797500000003 3.129437631443464e-17 0.25553797500000003 0.19145569687500003 0.37974683593749997 0.19145569687500003
22 0.43512658281250005 0.19303797500000003 0.3330696203125 0.19303797500000003 0.33306962031250004 0.39715189843750004 0.43512658281250005 0.3971518984375001
22 0.3417721515625 0.18512658281250005 0.21281645624999998 0.18512658281250005 0.21281645625000004 0.3924050640625 0.34177215156250007 0.3924050640625
22 0.20253164531250004 0.1898734171875 0.07832278437500002 0.1898734171875 0.07832278437500004 0.3773734171875 0.20253164531250006 0.3773734171875
22 0.3750000000000001 0.58227848125 0.25079113906250006 0.58227848125 0.25079113906250006 0.76977848125 0.3750000000000001 0.76977848125
22 0.23417721562500007 0.5506329109375 0.1123417718750001 0.5506329109375 0.1123417718750001 0.7207278484375 0.23417721562500007 0.7207278484375
22 0.1898734171875001 0.723101265625 0.0925632906250001 0.723101265625 0.0925632906250001 0.8860759500000001 0.1898734171875001 0.8860759500000001
22 0.24050632968750008 0.8924050640625 0.1337025312500001 0.8924050640625 0.13370253125000012 1 0.24050632968750008 1
22 0.35126582343750007 0.7721518984375 0.2705696203125001 0.7721518984375 0.2705696203125001 0.9889240499999999 0.35126582343750007 0.9889240499999999
22 0.4145569625000002 0.776898734375 0.3441455703125001 0.776898734375 0.3441455703125001 0.9762658234374999 0.4145569625000002 0.9762658234374999
22 0.9208860765625 0.6534810125000001 0.7919303796875 0.6534810125000001 0.7919303796875001 0.8995253171875 0.9208860765625 0.8995253171875
22 0.7674050640625001 0.62816455625 0.6898734171875 0.62816455625 0.6898734171875001 0.856803796875 0.7674050640625002 0.856803796875
22 0.6898734171875001 0.651898734375 0.614715190625 0.651898734375 0.6147151906250001 0.853639240625 0.6898734171875002 0.853639240625