22 0.26942567500000003 0.2956081078125 0.09290540468750005 0.2956081078125 0.09290540468750005 0.4856418921875 0.2694256750000001 0.4856418921875
22 0.465371621875 0.28547297343750005 0.260135134375 0.2854729734375 0.2601351343750001 0.478040540625 0.465371621875 0.478040540625
22 0.23733108125000002 0.06250000000000001 0.04729729687500001 0.0625 0.04729729687500002 0.29391891875 0.23733108125000002 0.29391891875
22 0.471283784375 0.28716216250000004 0.26858108125 0.2871621625 0.2685810812500001 0.4771959453125 0.471283784375 0.4771959453125
22 0.43665540468749997 0.05405405468750003 0.1925675671875 0.05405405468750002 0.19256756718750004 0.28547297343750005 0.43665540468749997 0.2854729734375001
22 0.684966215625 0.2989864859375001 0.48479729687499995 0.2989864859375001 0.48479729687499995 0.48648648593750005 0.684966215625 0.48648648593750005
22 0.9011824328125 0.2888513515625001 0.677364865625 0.2888513515625001 0.677364865625 0.4763513515625001 0.9011824328125 0.4763513515625002
22 0.6984797296874999 0.04222972968750007 0.47466216250000004 0.04222972968750006 0.47466216250000004 0.2939189187500001 0.6984797296874999 0.2939189187500001
22 0.9358108109375 0.0405405406250001 0.6891891890624999 0.040540540625000086 0.6891891890624999 0.2922297296875001 0.9358108109375 0.2922297296875001
22 0.46959459531250003 4.24075328131476e-17 0.22297297343750003 2.7306313821660222e-17 0.22297297343750003 0.04391891875000004 0.46959459531250003 0.043918918750000056
22 0.7136824328125 7.245482124989371e-17 0.46959459531250003 5.750875180463499e-17 0.46959459531250003 0.054054054687500075 0.7136824328125 0.05405405468750009
22 0.9434121624999999 1.0058859906297204e-16 0.699324325 8.564252961771333e-17 0.699324325 0.0506756750000001 0.9434121624999999 0.05067567500000011