22 0.3359375 2.3368748491542268e-17 0.045703125 5.597018574228137e-18 0.04570312500000002 0.2953125 0.3359375 0.2953125
22 0.615625 0.004687500000000058 0.325 0.004687500000000041 0.325 0.28593750000000007 0.615625 0.28593750000000007
22 0.90625 9.3953371622086e-17 0.628125 7.692312707144312e-17 0.628125 0.2953125000000001 0.90625 0.2953125000000001
22 0.27968750000000003 0.27890625 0.021484375000000035 0.27890625 0.02148437500000005 0.5625 0.2796875000000001 0.5625
22 0.5890625 0.29960937500000007 0.29375 0.299609375 0.29375000000000007 0.5515625 0.5890625 0.5515625
22 0.8625 0.28593750000000007 0.5796875 0.28593750000000007 0.5796875 0.5625000000000001 0.8625 0.5625000000000002
22 0.9984375 0.2949218750000001 0.86875 0.2949218750000001 0.86875 0.5515625000000002 0.9984375 0.5515625000000002
22 0.3375000000000001 0.759375 0.10937500000000008 0.759375 0.10937500000000011 0.9375 0.3375000000000001 0.9375
22 0.5359375000000001 0.71484375 0.35429687500000007 0.71484375 0.35429687500000007 0.9609375 0.5359375000000002 0.9609375
22 0.8015625 0.7640625000000001 0.5656250000000002 0.7640625 0.5656250000000002 0.9296875 0.8015625 0.9296875
22 0.984375 0.7437500000000001 0.8109375 0.7437500000000001 0.8109375 0.9453125 0.984375 0.9453125
22 0.1359375000000001 0.79296875 9.711066415113777e-17 0.79296875 1.0337741144364963e-16 0.8953125 0.1359375000000001 0.8953125