22 0.23125 0.17994791562500007 2.2037263984014955e-17 0.17994791562500004 2.5178610654986517e-17 0.23125 0.23125 0.23125
22 0.21718750000000003 1.672195674920209e-17 0.055902778125 6.846115829422592e-18 0.05590277812500002 0.40625 0.2171875000000001 0.40625
22 0.40286458437499995 0.0002604156250000384 0.2240451390625 0.00026041562500002743 0.22404513906250006 0.4109375 0.40286458437499995 0.4109375
22 0.58125 0.0015625000000000608 0.4078125 0.00156250000000005 0.4078125 0.4078125 0.58125 0.4078125
22 0.871875 0.10824652656250007 0.47682291718750003 0.10824652656250004 0.47682291718750003 0.2870659734375001 0.871875 0.2870659734375001
22 0.875 0.10920138750000005 0.47083333281249995 0.10920138750000004 0.47083333281249995 0.2953125000000001 0.875 0.2953125000000001
22 0.9234375 0.00008680468750010333 0.7642361109375 0.00008680468750009359 0.7642361109375 0.4031250000000002 0.9234375 0.4031250000000002
22 1 0.16666666562500013 0.75546875 0.1666666656250001 0.75546875 0.24375000000000008 1 0.24375000000000008
22 0.2765625000000001 0.721875 8.840419081344957e-17 0.721875 9.946003001494119e-17 0.90243055625 0.2765625000000001 0.90243055625
22 0.4546875000000001 0.7109375 0.07369791718750009 0.7109375 0.0736979171875001 0.9061631953125 0.4546875000000002 0.9061631953125
22 0.5593750000000002 0.795659721875 0.33472222343750013 0.795659721875 0.33472222343750013 0.978125 0.5593750000000002 0.978125
22 0.7274305562500001 0.6184027781250001 0.5381944437499999 0.618402778125 0.53819444375 0.9984375 0.7274305562500002 0.9984375
22 0.9015625 0.6177083343750001 0.7207465281250001 0.617708334375 0.7207465281250001 0.9984375 0.9015625 0.9984375
22 1 0.7482638890625002 0.7484375000000002 0.7482638890625002 0.7484375000000002 0.85625 1 0.85625