22 0.2640625 0.054687500000000014 6.6972871828370884e-18 0.0546875 1.951780836141094e-17 0.2640625 0.2640625 0.2640625
22 0.4921875 0.020312500000000042 0.1703125 0.02031250000000002 0.17031250000000003 0.30156250000000007 0.4921875 0.30156250000000007
22 0.7453125 0.004687500000000075 0.48125 0.004687500000000058 0.48125 0.31718750000000007 0.7453125 0.31718750000000007
22 1 0.039062500000000104 0.721484375 0.03906250000000009 0.721484375 0.2914062500000001 1 0.2914062500000001
22 0.21406250000000004 0.330078125 4.0422911924981e-17 0.330078125 5.637680674981078e-17 0.590625 0.2140625000000001 0.590625
22 0.4765625 0.32890625000000007 0.209765625 0.32890625 0.20976562500000004 0.590625 0.4765625 0.590625
22 0.7421875 0.3238281250000001 0.474609375 0.3238281250000001 0.474609375 0.5750000000000001 0.7421875 0.5750000000000002
22 0.9890625 0.33671875000000007 0.73046875 0.33671875000000007 0.73046875 0.5812500000000002 0.9890625 0.5812500000000002
22 0.17968750000000008 0.575 7.041719095097281e-17 0.575 8.649068018978182e-17 0.8375 0.17968750000000008 0.8375
22 0.971875 0.5785156250000002 0.7296875 0.5785156250000002 0.7296875 0.8140625 0.971875 0.8140625
22 0.2015625000000001 0.797265625 0.0335937500000001 0.797265625 0.03359375000000011 1 0.2015625000000001 1
22 0.47656250000000017 0.8265625 0.2386718750000001 0.8265625 0.2386718750000001 1 0.47656250000000017 1
22 0.6859375000000002 0.7921875 0.5000000000000002 0.7921875 0.5000000000000002 1 0.6859375000000002 1
22 0.921875 0.7902343750000002 0.7273437500000002 0.7902343750000002 0.7273437500000002 1 0.921875 1