22 0.33437500000000003 0.3625 0.06562500000000004 0.3625 0.06562500000000006 0.578125 0.3343750000000001 0.578125
22 0.603125 0.38789062500000004 0.3312500000000001 0.387890625 0.3312500000000001 0.571875 0.603125 0.571875
22 0.8578125 0.4125000000000001 0.606640625 0.4125 0.606640625 0.596875 0.8578125 0.5968750000000002
22 1 0.4105468750000002 0.81640625 0.4105468750000002 0.81640625 0.5562500000000001 1 0.5562500000000001
22 0.15937500000000002 0.1421875 0.051562500000000025 0.1421875 0.05156250000000003 0.353125 0.15937500000000004 0.353125
22 0.37968750000000007 0.14531250000000004 0.2859375 0.14531250000000004 0.28593750000000007 0.36406250000000007 0.37968750000000007 0.36406250000000007
22 0.6078125 0.27812500000000007 0.4203125 0.27812500000000007 0.4203125 0.3687500000000001 0.6078125 0.3687500000000001
22 0.821875 0.2671875000000001 0.603125 0.2671875000000001 0.603125 0.3828125000000001 0.821875 0.3828125000000001
22 0.95703125 0.20898437500000008 0.8203125 0.20898437500000008 0.8203125 0.4265625000000002 0.95703125 0.4265625000000002
22 0.20625000000000004 0.3109375 0.014062500000000039 0.3109375 0.014062500000000042 0.3828125 0.2062500000000001 0.3828125
22 0.33593750000000006 0.2515625 0.256640625 0.2515625 0.25664062500000007 0.43125 0.3359375000000001 0.43125
22 0.5828125 0.3609375000000001 0.4046875 0.3609375000000001 0.4046875 0.409375 0.5828125 0.409375