22 0.21562500000000004 0.3109375 0.004687500000000037 0.3109375 0.004687500000000049 0.49375 0.2156250000000001 0.49375
22 0.38906250000000003 0.30625 0.2234375 0.30625 0.22343750000000004 0.48125 0.3890625000000001 0.48125
22 0.8734375 0.3000000000000001 0.7171875 0.3000000000000001 0.7171875 0.46562500000000007 0.8734375 0.4656250000000002
22 1 0.3140625000000001 0.855078125 0.3140625000000001 0.855078125 0.44531250000000017 1 0.44531250000000017
22 0.2757812500000001 0.477734375 0.10781250000000005 0.477734375 0.10781250000000006 0.6953125 0.2757812500000001 0.6953125
22 0.4796875 0.475390625 0.3046875000000001 0.475390625 0.3046875000000001 0.671875 0.4796875 0.671875
22 0.6359375 0.503125 0.484375 0.503125 0.484375 0.6453125 0.6359375 0.6453125
22 0.8046875 0.4824218750000001 0.6515625 0.482421875 0.6515625 0.6328125000000001 0.8046875 0.6328125000000002
22 0.971875 0.4613281250000002 0.8109375 0.4613281250000002 0.8109375 0.6281250000000002 0.971875 0.6281250000000002
22 0.646875 0.481640625 0.473046875 0.481640625 0.473046875 0.6484375 0.646875 0.6484375
22 0.80625 0.4886718750000001 0.659375 0.488671875 0.659375 0.6328125000000001 0.80625 0.6328125000000002
22 0.6156250000000001 0.665625 0.473828125 0.665625 0.4738281250000001 0.7703125 0.6156250000000002 0.7703125
22 0.4421875000000002 0.756640625 0.3265625000000001 0.756640625 0.3265625000000001 0.9 0.4421875000000002 0.9
22 0.9109375 0.6332031250000002 0.815234375 0.6332031250000002 0.815234375 0.7593750000000001 0.9109375 0.7593750000000001