22 0.9453125 0.00019997968750010473 0.764766425 0.00019997968750009367 0.764766425 0.22656250000000008 0.9453125 0.22656250000000008
22 0.7484375 7.998474406931151e-17 0.5578125 6.831232926493829e-17 0.5578125 0.2312500000000001 0.7484375 0.2312500000000001
22 0.553125 5.5356294890480323e-17 0.3509119015625 4.297431370312267e-17 0.3509119015625 0.23750000000000004 0.553125 0.2375000000000001
22 0.34791755625 0.00007732500000002974 0.13801994375 0.00007732500000001688 0.13801994375000004 0.2375 0.34791755625 0.2375
22 0.9984375 0.22747173750000008 0.8291835546874999 0.22747173750000008 0.8291835546874999 0.5437500000000002 0.9984375 0.5437500000000002
22 0.8609375 0.2875000000000001 0.5418968640624999 0.2875000000000001 0.5418968640624999 0.4921635015625001 0.8609375 0.4921635015625002
22 0.5950751921874999 0.23593750000000008 0.38773730781250004 0.23593750000000008 0.38773730781250004 0.5546875 0.5950751921874999 0.5546875
22 0.39062500000000006 0.23674008125000007 0.16506239218750005 0.23674008125 0.16506239218750007 0.575 0.3906250000000001 0.575
22 0.9671875 0.5456457984375002 0.796875 0.5456457984375002 0.7968750000000001 0.8340417015625 0.9671875 0.8340417015625
22 0.7953125000000001 0.5470856437500001 0.66138011875 0.54708564375 0.6613801187500001 0.8515625 0.7953125000000002 0.8515625
22 0.4390625000000001 0.641958190625 0.12281623281250009 0.641958190625 0.12281623281250009 0.821875 0.4390625000000002 0.821875
22 0.2593750000000001 0.6460084265625 7.911321518119836e-17 0.6460084265625 9.08386923048946e-17 0.8375 0.2593750000000001 0.8375
22 0.26198005625000004 0.32226695781250003 3.946631983560332e-17 0.32226695781250003 4.9870952240568564e-17 0.4921875 0.2619800562500001 0.4921875