22 0.93125 1.0619300560604266e-16 0.8030133921875 9.834077804148802e-17 0.8030133921875 0.13750000000000012 0.93125 0.13750000000000012
22 0.8140625 9.235498280737597e-17 0.6942088296875 8.50160621216627e-17 0.6942088296875 0.1197792671875001 0.8140625 0.1197792671875001
22 0.70625 0.009226190625000078 0.57958829375 0.009226190625000071 0.57958829375 0.11718750000000008 0.70625 0.11718750000000008
22 0.59375 6.565315694198762e-17 0.4784474203125 5.859291018460114e-17 0.4784474203125 0.11562500000000006 0.59375 0.11562500000000009
22 0.4984375 5.3952647017882405e-17 0.3826760921875 4.6864305140763933e-17 0.3826760921875 0.11562500000000005 0.4984375 0.11562500000000005
22 0.38125 4.046923103286622e-17 0.2796626984375 3.4248802848239585e-17 0.2796626984375 0.12187500000000004 0.38125 0.12187500000000004
22 0.3 0.010131448437500029 0.1728422609375 0.010131448437500022 0.1728422609375 0.11718750000000003 0.3 0.11718750000000004
22 0.7796875 0.1765625000000001 0.6765252984375 0.1765625000000001 0.6765252984375 0.34843750000000007 0.7796875 0.34843750000000007
22 0.725 0.2062500000000001 0.5458953375 0.2062500000000001 0.5458953375 0.3109002984375001 0.725 0.3109002984375001
22 0.609375 0.2140749015625001 0.46171875 0.2140749015625001 0.46171875 0.3093129968750001 0.609375 0.3093129968750001
22 0.49375 0.17500000000000004 0.3953125 0.17500000000000004 0.3953125 0.33281250000000007 0.49375 0.33281250000000007
22 0.4234375 0.19849950312500003 0.265625 0.19849950312500003 0.265625 0.3056423609375 0.4234375 0.3056423609375001
22 0.3078125 0.17967510000000003 0.165277778125 0.1796751 0.16527777812500002 0.3296875 0.3078125 0.3296875
22 0.7859375 0.3984375000000001 0.6827752984375 0.3984375000000001 0.6827752984375 0.5593750000000001 0.7859375 0.5593750000000002
22 0.6921875 0.4160342265625 0.5899305546875 0.4160342265625 0.5899305546875 0.5546875 0.6921875 0.5546875
22 0.6171875 0.42307787656249995 0.4742063484375 0.42307787656249995 0.4742063484375 0.5265625 0.6171875 0.5265625
22 0.5015625 0.3983630953125001 0.4004340296875 0.3983630953125001 0.4004340296875 0.54375 0.5015625 0.54375
22 0.4109375 0.398772321875 0.31128472187500006 0.398772321875 0.31128472187500006 0.546875 0.4109375 0.546875
22 0.3468750000000001 0.41781993906250003 0.19843750000000004 0.41781993906250003 0.19843750000000004 0.5125 0.3468750000000001 0.5125
22 0.865625 0.6032118062500001 0.6883184515625 0.60321180625 0.6883184515625 0.7171875000000001 0.865625 0.7171875000000002
22 0.76875 0.6046875 0.58428819375 0.6046875 0.58428819375 0.7234375000000001 0.76875 0.7234375000000002
22 0.6500000000000001 0.6026413703125 0.4671875 0.6026413703125 0.4671875000000001 0.728125 0.6500000000000001 0.728125
22 0.4919146828125001 0.57803819375 0.3768353171875001 0.57803819375 0.3768353171875001 0.7375 0.49191468281250017 0.7375
22 0.3750000000000001 0.56953125 0.2610119046875001 0.56953125 0.2610119046875001 0.7390625 0.3750000000000001 0.7390625
22 0.8578125 0.7827256953125 0.7223710312500001 0.7827256953124999 0.7223710312500001 0.9421875 0.8578125 0.9421875
22 0.7687500000000002 0.7839409718750001 0.6205605156250001 0.783940971875 0.6205605156250001 0.990625 0.7687500000000002 0.990625
22 0.6234375000000002 0.7458457328125 0.5057043656250002 0.7458457328125 0.5057043656250002 0.9775917671875 0.6234375000000002 0.9775917671875
22 0.5078125000000002 0.7662078390625 0.3872767859375001 0.7662078390625 0.3872767859375001 0.9734375 0.5078125000000002 0.9734375
22 0.3870411718750001 0.7652157734375 0.2457713296875001 0.7652157734375 0.2457713296875001 0.965625 0.3870411718750001 0.965625