22 0.8671875 0.1112723218750001 0.702579365625 0.1112723218750001 0.702579365625 0.21250000000000008 0.8671875 0.21250000000000008
22 0.934375 0.07656250000000012 0.834375 0.07656250000000012 0.834375 0.24375000000000008 0.934375 0.24375000000000008
22 1 0.13151041718750012 0.8855778765625001 0.1315104171875001 0.8855778765625001 0.2015625000000001 1 0.2015625000000001
22 0.7515625 0.2726438500000001 0.6768229156250001 0.2726438500000001 0.6768229156250001 0.4281250000000001 0.7515625 0.4281250000000002
22 0.86875 0.3019221234375001 0.7234375 0.3019221234375001 0.7234375 0.3937500000000001 0.86875 0.3937500000000001
22 0.965625 0.2982390875000001 0.8125 0.2982390875000001 0.8125 0.3937500000000001 0.965625 0.3937500000000001
22 1 0.2597842265625001 0.927194940625 0.2597842265625001 0.927194940625 0.4203125000000002 1 0.4203125000000002
22 0.740625 0.44295634843750004 0.65832093125 0.4429563484375 0.65832093125 0.5699404765625001 0.740625 0.5699404765625002
22 0.8546875 0.4612847218750001 0.723499503125 0.46128472187499997 0.723499503125 0.5484375000000001 0.8546875 0.5484375000000001
22 0.9359375 0.4611483125000002 0.8083705359375 0.4611483125000002 0.8083705359375 0.5437500000000002 0.9359375 0.5437500000000002
22 0.9984375 0.43687995937500024 0.9116071437500001 0.43687995937500024 0.9116071437500001 0.5609375000000002 0.9984375 0.5609375000000002
22 0.7453125 0.4455109125000001 0.6625 0.44551091249999997 0.6625 0.5701140875000001 0.7453125 0.5701140875000001
22 0.7671875 0.5830109125 0.6781994046875 0.5830109125 0.6781994046875 0.70625 0.7671875 0.7062500000000002
22 0.8671875 0.6046875000000002 0.7459325406249999 0.6046875000000002 0.7459325406249999 0.6812500000000001 0.8671875 0.6812500000000001
22 0.9296875 0.5734375000000002 0.85065724375 0.5734375000000002 0.85065724375 0.6968750000000001 0.9296875 0.6968750000000001
22 1 0.5985987109375002 0.9015625 0.5985987109375002 0.9015625 0.6716145828125002 1 0.6716145828125002