22 0.528125 0.06093750000000005 0.21875 0.06093750000000002 0.21875 0.24843750000000003 0.528125 0.2484375000000001
22 0.634375 0.048437500000000064 0.394140625 0.04843750000000004 0.394140625 0.19218750000000007 0.634375 0.1921875000000001
22 0.8125 0.04375000000000008 0.518359375 0.04375000000000007 0.518359375 0.2500000000000001 0.8125 0.2500000000000001
22 0.4671875 0.46875 0.2472656250000001 0.46875 0.2472656250000001 0.6484375 0.4671875 0.6484375
22 0.68359375 0.448046875 0.4765625 0.448046875 0.4765625 0.6484375 0.68359375 0.6484375
22 0.959375 0.4500000000000002 0.744140625 0.4500000000000002 0.744140625 0.7218750000000002 0.959375 0.7218750000000002
22 0.7796875 0.3031250000000001 0.653515625 0.3031250000000001 0.653515625 0.5531250000000001 0.7796875 0.5531250000000002
22 0.4468750000000002 0.77890625 0.2695312500000001 0.77890625 0.2695312500000001 0.9828125 0.4468750000000002 0.9828125
22 0.6125000000000002 0.809765625 0.4605468750000002 0.809765625 0.4605468750000002 0.9984375 0.6125000000000002 0.9984375
22 0.825 0.859375 0.6316406250000002 0.859375 0.6316406250000002 0.9984375 0.825 0.9984375
22 0.1828125 1.1194037148456274e-17 0 0 1.0907010554906116e-17 0.17812500000000003 0.1828125 0.17812500000000003
22 0.3046875 0.010937500000000027 0.1484375 0.01093750000000002 0.1484375 0.1453125 0.3046875 0.14531250000000004