22 0.25625 0.05725806406250002 7.012090583627005e-18 0.057258064062500016 1.9196832453726732e-17 0.25625 0.25625 0.25625
22 0.4703125 3.989669650347236e-17 0.18125 2.2196723234545777e-17 0.18125000000000002 0.31718750000000007 0.4703125 0.31718750000000007
22 0.7515625 7.546638999469792e-17 0.48089717812500005 5.889291899097758e-17 0.48089717812500005 0.3125000000000001 0.7515625 0.3125000000000001
22 1 0.00020161250000010747 0.7549143140625 0.00020161250000009248 0.7549143140625 0.3125000000000001 1 0.3125000000000001
22 0.20468750000000005 0.3257560484375 0.00007560468750003989 0.3257560484375 0.0000756046875000563 0.59375 0.20468750000000008 0.59375
22 0.47341229843750005 0.32290826718750004 0.2032510078125 0.3229082671875 0.20325100781250005 0.5984375 0.47341229843750005 0.5984375
22 0.7515625 0.3203125000000001 0.473790321875 0.3203125000000001 0.473790321875 0.5796875000000001 0.7515625 0.5796875000000001
22 0.996875 0.32628528281250013 0.745262096875 0.32628528281250013 0.745262096875 0.5921875000000002 0.996875 0.5921875000000002
22 0.1687500000000001 0.5787046375 0.0003024187500000709 0.5787046375 0.00030241875000008736 0.8484375 0.1687500000000001 0.8484375
22 0.9828125 0.5787802406250002 0.7399193546875 0.5787802406250002 0.7399193546875 0.828125 0.9828125 0.828125
22 0.22656250000000008 0.8434475812500001 1.0329253806263898e-16 0.8434475812500001 1.1278293345750376e-16 0.9984375 0.22656250000000008 0.9984375
22 0.43281250000000016 0.79609375 0.2731602828125001 0.79609375 0.2731602828125001 1 0.43281250000000016 1
22 0.6812500000000001 0.794480846875 0.5084929437500001 0.794480846875 0.5084929437500001 1 0.6812500000000001 1
22 0.9265625 0.7924395156250001 0.7429939531250002 0.7924395156250001 0.7429939531250002 1 0.9265625 1