22 0.8365079359375001 0.07936507968750009 0.734126984375 0.07936507968750009 0.734126984375 0.2452380953125001 0.8365079359375001 0.2452380953125001
22 0.934920634375 0.07619047656250011 0.834920634375 0.07619047656250011 0.834920634375 0.2444444437500001 0.934920634375 0.2444444437500001
22 1 0.08730158750000012 0.9293650796874999 0.08730158750000011 0.9293650796874999 0.2460317453125001 1 0.2460317453125001
22 0.7523809531250001 0.27301587343750006 0.6769841265625 0.27301587343750006 0.6769841265625 0.4293650796875001 0.7523809531250001 0.4293650796875002
22 0.8428571421875001 0.2746031750000001 0.75 0.2746031750000001 0.75 0.4214285718750002 0.8428571421875001 0.4214285718750002
22 0.9380952375 0.26984127031250005 0.840476190625 0.26984127031250005 0.840476190625 0.42380952343750017 0.9380952375 0.42380952343750017
22 1 0.2603174609375001 0.9269841265625001 0.2603174609375001 0.9269841265625001 0.4214285718750002 1 0.4214285718750002
22 0.741269840625 0.44285714218750005 0.6579365078125 0.44285714218749994 0.6579365078125 0.5698412703125001 0.741269840625 0.5698412703125002
22 0.8333333328125001 0.43968253906250016 0.7452380953125 0.43968253906250016 0.7452380953125 0.5714285718750002 0.8333333328125001 0.5714285718750002
22 0.9142857140625 0.4380952375000001 0.83095238125 0.4380952375000001 0.83095238125 0.5674603171875001 0.9142857140625 0.5674603171875001
22 1 0.43650793593750015 0.9119047625000001 0.43650793593750015 0.9119047625000001 0.5611111109375002 1 0.5611111109375002
22 0.7460317453124999 0.44603174531250006 0.6626984125 0.44603174531249995 0.6626984125 0.5706349203125001 0.7460317453124999 0.5706349203125002
22 0.7682539687500001 0.5825396828125001 0.6777777781250001 0.5825396828125 0.6777777781250001 0.7071428578125001 0.7682539687500001 0.7071428578125002
22 0.8460317453125 0.5825396828125002 0.7682539687500001 0.5825396828125002 0.7682539687500001 0.7047619046875002 0.8460317453125 0.7047619046875002
22 0.93174603125 0.5730158734375002 0.8507936515625 0.5730158734375002 0.8507936515625 0.6976190468750001 0.93174603125 0.6976190468750001
22 1 0.5730158734375002 0.9269841265625001 0.5730158734375002 0.9269841265625001 0.6976190468750001 1 0.6976190468750001