22 0.290625 2.5449691294780934e-17 0.125 1.5308084989341915e-17 0.12500000000000003 0.2453125 0.290625 0.2453125
22 0.48046875 4.807695441965195e-17 0.3046875 3.731345716152092e-17 0.3046875 0.25000000000000006 0.48046875 0.2500000000000001
22 0.66953125 0.0015625000000000703 0.484375 0.001562500000000059 0.484375 0.2562500000000001 0.66953125 0.2562500000000001
22 0.8640625 0.001562500000000094 0.671875 0.0015625000000000825 0.671875 0.2562500000000001 0.8640625 0.2562500000000001
22 0.23125000000000004 0.2453125 0.06562500000000002 0.2453125 0.06562500000000004 0.5359375 0.2312500000000001 0.5359375
22 0.4421875 0.24843750000000003 0.2546875 0.2484375 0.25468750000000007 0.54140625 0.4421875 0.54140625
22 0.63515625 0.2531250000000001 0.4453125 0.2531250000000001 0.4453125 0.54609375 0.63515625 0.54609375
22 0.83984375 0.25468750000000007 0.6328125 0.25468750000000007 0.6328125 0.5648437500000001 0.83984375 0.5648437500000002
22 0.2609375000000001 0.5375 0.10468750000000004 0.5375 0.10468750000000007 0.8015625 0.2609375000000001 0.8015625
22 0.3851562500000001 0.5390625 0.26250000000000007 0.5390625 0.26250000000000007 0.81796875 0.3851562500000001 0.81796875
22 0.815625 0.5625000000000001 0.65 0.5625 0.6500000000000001 0.853125 0.815625 0.853125
22 0.99921875 0.5671875000000002 0.8140625 0.5671875000000002 0.8140625 0.86796875 0.99921875 0.86796875
22 0.99765625 0.2484375000000001 0.834375 0.2484375000000001 0.834375 0.5726562500000002 0.99765625 0.5726562500000002