22 0.796875 0.0003267968750000796 0.503125 0.0003267968750000616 0.503125 0.29375000000000007 0.796875 0.29375000000000007
22 0.496875 0.005244078125000043 0.21612540937500002 0.005244078125000026 0.21612540937500002 0.27812500000000007 0.496875 0.27812500000000007
22 0.688791871875 0.1756791250000001 0.616079453125 0.1756791250000001 0.616079453125 0.48125 0.688791871875 0.48125
22 0.49375 0.29098754062500004 0.18900122500000005 0.290987540625 0.18900122500000005 0.36250000000000004 0.49375 0.3625000000000001
22 0.7984375 0.36776450156250007 0.5046875 0.36776450156250007 0.5046875 0.4296875000000001 0.7984375 0.42968750000000017
22 0.38281250000000006 0.24924428125000006 0.3102685875 0.24924428125000003 0.3102685875000001 0.5453125 0.3828125000000001 0.5453125
22 0.6859375 0.25109272812500005 0.6220588234375 0.25109272812500005 0.6220588234375 0.55 0.6859375 0.55
22 0.384375 0.24062500000000003 0.3143535546875 0.240625 0.31435355468750004 0.5546875 0.3843750000000001 0.5546875
22 0.6921875 0.3188674437500001 0.620818015625 0.3188674437500001 0.620818015625 0.6125 0.6921875 0.6125
22 0.5078125 0.427721609375 0.21211192812500007 0.427721609375 0.21211192812500007 0.5 0.5078125 0.5
22 0.69375 0.3687500000000001 0.632291665625 0.3687500000000001 0.632291665625 0.6875 0.69375 0.6875
22 0.403125 0.38015216562500004 0.3339818218750001 0.380152165625 0.3339818218750001 0.6828125 0.403125 0.6828125
22 0.7953125 0.5638582515625001 0.5140625 0.5638582515625 0.5140625 0.6250000000000001 0.7953125 0.6250000000000002
22 0.3828125000000001 0.44544526093750003 0.3227583750000001 0.44544526093750003 0.3227583750000001 0.7515625 0.3828125000000001 0.7515625
22 0.6953125000000001 0.509375 0.6179738546875 0.509375 0.6179738546875001 0.815625 0.6953125000000002 0.815625
22 0.37968750000000007 0.5087111921874999 0.3037326390625001 0.5087111921874999 0.3037326390625001 0.8203125 0.37968750000000007 0.8203125
22 0.8 0.6844515937500001 0.5015625 0.68445159375 0.5015625000000001 0.7702359062500002 0.8 0.7702359062500002
22 0.48906250000000007 0.6995812906250001 0.18152573437500008 0.6995812906250001 0.18152573437500008 0.7703125 0.4890625000000002 0.7703125