22 0.21640625000000005 0.3109375 0.004687500000000037 0.3109375 0.004687500000000049 0.49375 0.21640625000000008 0.49375
22 0.38906250000000003 0.30625 0.2234375 0.30625 0.22343750000000004 0.48203125 0.3890625000000001 0.48203125
22 0.8734375 0.3000000000000001 0.7171875 0.3000000000000001 0.7171875 0.46562500000000007 0.8734375 0.4656250000000002
22 0.99765625 0.3031250000000001 0.865625 0.3031250000000001 0.865625 0.45703125000000017 0.99765625 0.45703125000000017
22 0.30156250000000007 0.503125 0.08281250000000007 0.503125 0.08281250000000008 0.67109375 0.30156250000000007 0.67109375
22 0.490625 0.4859375 0.29375000000000007 0.4859375 0.29375000000000007 0.66171875 0.490625 0.66171875
22 0.6359375 0.503125 0.484375 0.503125 0.484375 0.6453125 0.6359375 0.6453125
22 0.8046875 0.48125000000000007 0.653125 0.48125 0.653125 0.6351562500000001 0.8046875 0.6351562500000002
22 0.971875 0.46093750000000017 0.8109375 0.46093750000000017 0.8109375 0.6289062500000002 0.971875 0.6289062500000002
22 0.64453125 0.478125 0.4765625 0.478125 0.4765625 0.65390625 0.64453125 0.65390625
22 0.80625 0.48906250000000007 0.659375 0.4890625 0.659375 0.6335937500000001 0.80625 0.6335937500000002
22 0.5976562500000001 0.646875 0.4921875 0.646875 0.4921875000000001 0.7890625 0.5976562500000002 0.7890625
22 0.4421875000000002 0.75625 0.3265625000000001 0.75625 0.3265625000000001 0.90078125 0.4421875000000002 0.90078125
22 0.91171875 0.6328125000000002 0.815625 0.6328125000000002 0.815625 0.7601562500000002 0.91171875 0.7601562500000002