22 0.9999017296874999 0.3313875796875001 0.7813482703125 0.3313875796875001 0.7813482703125 0.5373624203125001 0.9999017296874999 0.5373624203125001
22 0.49375 0.30786163593750004 0.2808028703125 0.3078616359375 0.28080287031250006 0.5203125 0.49375 0.5203125
22 0.996875 0.5343750000000002 0.7715556203125 0.5343750000000002 0.7715556203125 0.6671875000000002 0.996875 0.6671875000000002
22 0.78125 0.5077731937500001 0.5698997640625 0.5077731937500001 0.5698997640625 0.7125000000000001 0.78125 0.7125000000000001
22 0.440625 0.452211084375 0.3609375000000001 0.452211084375 0.3609375000000001 0.6640625 0.440625 0.6640625
22 0.4296875 0.5159345515625 0.3788669437500001 0.5159345515625 0.3788669437500001 0.714047759375 0.4296875 0.714047759375
22 0.4250000000000001 0.5552279875 0.3862028281250001 0.5552279875 0.3862028281250001 0.7546875 0.42500000000000016 0.7546875
22 0.3140625000000001 0.509375 0.17299036875000004 0.509375 0.17299036875000007 0.7 0.3140625000000001 0.7
22 0.1905856921875001 0.55437795 0.016057390625000067 0.55437795 0.016057390625000077 0.6765625 0.1905856921875001 0.6765625
22 0.11562500000000009 0.56150255625 6.87642308224619e-17 0.56150255625 7.22696257598522e-17 0.61875 0.11562500000000009 0.61875
22 0.7078125000000001 0.6315841203125 0.6360455984375 0.6315841203125 0.6360455984375001 0.8546875 0.7078125000000002 0.8546875
22 0.3531250000000001 0.7379323890625 0.1849154875000001 0.7379323890625 0.1849154875000001 0.8328125 0.3531250000000001 0.8328125
22 0.1140625000000001 0.751759040625 9.206393028314914e-17 0.751759040625 9.607026795048595e-17 0.8171875 0.1140625000000001 0.8171875