22 0.8625 0.1934223796875001 0.6786290328125 0.1934223796875001 0.6786290328125 0.3312500000000001 0.8625 0.3312500000000001
22 0.36250000000000004 0.16799395312500004 0.18175403125 0.16799395312500004 0.18175403125000003 0.3734375 0.3625000000000001 0.3734375
22 0.4875 0.23437500000000006 0.3021421359375 0.234375 0.3021421359375 0.30589717812500006 0.4875 0.30589717812500006
22 0.9091229828125 0.3541582656250001 0.7228326609375 0.3541582656250001 0.7228326609375 0.5796875000000001 0.9091229828125 0.5796875000000001
22 0.7125 0.3739667328125001 0.5046875 0.3739667328125001 0.5046875 0.565095765625 0.7125 0.565095765625
22 0.51396169375 0.38157762031250003 0.3179939515625001 0.3815776203125 0.3179939515625001 0.5515625 0.51396169375 0.5515625
22 0.503125 0.5645161296875 0.32550403125000005 0.5645161296875 0.32550403125000005 0.7604838703125 0.5031250000000002 0.7604838703125
22 0.896875 0.7711693546875 0.7020413312500001 0.7711693546875 0.7020413312500001 0.942137096875 0.896875 0.942137096875
22 0.7046875000000001 0.7681199609375 0.5164566546875002 0.7681199609375 0.5164566546875002 0.93125 0.7046875000000001 0.93125
22 0.5109375000000002 0.7627772187499999 0.34062500000000007 0.7627772187499999 0.34062500000000007 0.928125 0.5109375000000002 0.928125
22 0.3265625000000001 0.7547379015625 0.1656502015625001 0.7547379015625 0.16565020156250013 0.925 0.3265625000000001 0.925
22 0.8875 0.9385332671875 0.7068044343750002 0.9385332671875 0.7068044343750002 0.9984375 0.8875 0.9984375
22 0.7091985875000002 0.9357106859375 0.5454889109375002 0.9357106859375 0.5454889109375002 0.9984375 0.7091985875000002 0.9984375
22 0.48437500000000017 0.8781754046874999 0.4112651203125002 0.8781754046874999 0.4112651203125002 1 0.48437500000000017 1
22 0.3592741921875001 0.9206401203125001 0.19072580625000013 0.9206401203125001 0.19072580625000013 0.9996723796874999 0.3592741921875001 0.9996723796874999