22 0.20156250000000003 0.296875 0.01914062500000004 0.296875 0.01914062500000005 0.5078125 0.2015625000000001 0.5078125
22 0.39375000000000004 0.31132812500000007 0.21875 0.311328125 0.21875000000000006 0.4765625 0.3937500000000001 0.4765625
22 0.8734375 0.3000000000000001 0.7171875 0.3000000000000001 0.7171875 0.46562500000000007 0.8734375 0.4656250000000002
22 0.996875 0.30351562500000007 0.866015625 0.30351562500000007 0.866015625 0.45625000000000016 0.996875 0.45625000000000016
22 0.2757812500000001 0.477734375 0.10781250000000005 0.477734375 0.10781250000000006 0.6953125 0.2757812500000001 0.6953125
22 0.490625 0.485546875 0.29375000000000007 0.485546875 0.29375000000000007 0.6609375 0.490625 0.6609375
22 0.6359375 0.503125 0.484375 0.503125 0.484375 0.6453125 0.6359375 0.6453125
22 0.8046875 0.4824218750000001 0.65234375 0.482421875 0.65234375 0.6328125000000001 0.8046875 0.6328125000000002
22 0.971875 0.4613281250000002 0.8109375 0.4613281250000002 0.8109375 0.6281250000000002 0.971875 0.6281250000000002
22 0.64375 0.478515625 0.476953125 0.478515625 0.476953125 0.653125 0.64375 0.653125
22 0.80625 0.4886718750000001 0.659375 0.488671875 0.659375 0.6328125000000001 0.80625 0.6328125000000002
22 0.596875 0.646875 0.492578125 0.646875 0.4925781250000001 0.7890625 0.5968750000000002 0.7890625
22 0.45625000000000016 0.770703125 0.3125000000000001 0.770703125 0.3125000000000001 0.8859375 0.45625000000000016 0.8859375
22 0.9109375 0.6332031250000002 0.815234375 0.6332031250000002 0.815234375 0.7593750000000001 0.9109375 0.7593750000000001