22 0.09062500000000002 5.549180808636446e-18 0 0 2.27707764216461e-17 0.371875 0.09062500000000004 0.371875
22 0.24062500000000003 2.0474563673244818e-17 0.09375 1.1481063742006437e-17 0.09375000000000003 0.3671875 0.2406250000000001 0.3671875
22 0.40625 3.989669650347237e-17 0.2453125 3.004211679158351e-17 0.24531250000000004 0.37187500000000007 0.40625 0.37187500000000007
22 0.5671875 0.0031250000000000596 0.4109375 0.00312500000000005 0.4109375 0.3687500000000001 0.5671875 0.3687500000000001
22 0.73125 7.969771747576135e-17 0.5703125 6.984313776387249e-17 0.5703125 0.3578125000000001 0.73125 0.3578125000000001
22 0.73359375 7.955420417898626e-17 0.565625 6.926908457677216e-17 0.565625 0.3656250000000001 0.73359375 0.3656250000000001
22 0.87578125 9.840228382211349e-17 0.73125 8.955229718765019e-17 0.73125 0.3656250000000001 0.87578125 0.3656250000000001
22 0.9984375 1.146192863576976e-16 0.8734375 1.0696524386302664e-16 0.8734375 0.37187500000000007 0.9984375 0.37187500000000007
22 0.2062500000000001 0.5640625 0.040625000000000064 0.5640625 0.04062500000000009 0.99921875 0.2062500000000001 0.99921875
22 0.3695312500000001 0.5578125 0.1937500000000001 0.5578125 0.19375000000000012 0.99765625 0.3695312500000001 0.99765625
22 0.5296875000000001 0.6984375 0.36406250000000007 0.6984375 0.36406250000000007 0.99921875 0.5296875000000002 0.99921875
22 0.6984375 0.5578125 0.528125 0.5578125 0.5281250000000001 0.99765625 0.6984375000000002 0.99765625
22 0.85546875 0.5578125 0.6921875 0.5578125 0.6921875000000001 0.99765625 0.85546875 0.99765625
22 1 0.5468750000000002 0.8453125 0.5468750000000002 0.8453125 0.9625 1 0.9625