22 0.7973856203125 7.964206301927196e-17 0.5032679734375 6.163255127836095e-17 0.5032679734375 0.2941176468750001 0.7973856203125 0.2941176468750001
22 0.4983660125 0.004901960937500044 0.21650326875 0.004901960937500027 0.21650326875 0.27859477187500004 0.4983660125 0.2785947718750001
22 0.8055555562500001 0.2924836593750001 0.49918300625 0.2924836593750001 0.49918300625 0.3651960781250001 0.8055555562500001 0.3651960781250001
22 0.49509803906250005 0.2908496734375 0.18872549062500005 0.2908496734375 0.18872549062500005 0.3635620921875001 0.49509803906250005 0.36356209218750013
22 0.7990196078125 0.3676470593750001 0.5049019609375 0.3676470593750001 0.5049019609375 0.43055555625000014 0.7990196078125 0.4305555562500002
22 0.49509803906250005 0.36111111093750003 0.19852941250000006 0.3611111109375 0.19852941250000006 0.43382352968750004 0.49509803906250005 0.43382352968750004
22 0.8039215687500001 0.3676470593750001 0.5049019609375 0.3676470593750001 0.5049019609375 0.4330065359375001 0.8039215687500001 0.4330065359375002
22 0.5065359484374999 0.3627450984375 0.19199346406250004 0.36274509843749997 0.19199346406250004 0.43300653593750005 0.5065359484374999 0.43300653593750005
22 0.8039215687500001 0.42973856250000014 0.509803921875 0.42973856250000003 0.509803921875 0.5024509796875001 0.8039215687500001 0.5024509796875002
22 0.508169934375 0.428104575 0.21160130781250008 0.428104575 0.21160130781250008 0.50081699375 0.508169934375 0.50081699375
22 0.8235294124999999 0.4967320265625001 0.5040849671875 0.49673202656250004 0.5040849671875 0.5596405234375001 0.8235294124999999 0.5596405234375001
22 0.5212418296875 0.49673202656250004 0.2173202609375001 0.49673202656250004 0.2173202609375001 0.5669934640625 0.5212418296875 0.5669934640625
22 0.795751634375 0.5637254906250001 0.5138888890625 0.563725490625 0.5138888890625 0.6266339875000001 0.795751634375 0.6266339875000002
22 0.5065359484374999 0.5686274515624999 0.2001633984375001 0.5686274515624999 0.2001633984375001 0.6290849671875 0.5065359484374999 0.6290849671875
22 0.810457515625 0.6241830062500001 0.5040849671875 0.62418300625 0.5040849671875 0.7017973859375001 0.810457515625 0.7017973859375002
22 0.4983660125 0.62581699375 0.1862745093750001 0.62581699375 0.1862745093750001 0.703431371875 0.4983660125 0.703431371875
22 0.8006535953125 0.6846405234375001 0.5016339875 0.6846405234375 0.5016339875000001 0.7704248359375001 0.8006535953125 0.7704248359375001
22 0.49019607812500005 0.6993464046875 0.1813725484375001 0.6993464046875 0.1813725484375001 0.7720588234375 0.49019607812500016 0.7720588234375