22 0.9671875 0.022776235937500104 0.74166755625 0.02277623593750009 0.74166755625 0.20312500000000008 0.9671875 0.20312500000000008
22 0.7484375 7.998474406931151e-17 0.5578125 6.831232926493829e-17 0.5578125 0.2312500000000001 0.7484375 0.2312500000000001
22 0.5703125 0.018574018750000053 0.3324152078125 0.01857401875000004 0.3324152078125 0.22031250000000005 0.5703125 0.22031250000000008
22 0.3625 0.014299807812500032 0.1236428109375 0.014299807812500018 0.12364281093750003 0.2234375 0.3625 0.2234375
22 0.9984375 0.22656250000000008 0.82951951875 0.22656250000000008 0.82951951875 0.5437500000000002 0.9984375 0.5437500000000002
22 0.8608335109375 0.2885532218750001 0.5408676406249999 0.2885532218750001 0.5408676406249999 0.4921875000000001 0.8608335109375 0.49218750000000017
22 0.5953125 0.23593750000000008 0.38871320468750004 0.23593750000000008 0.38871320468750004 0.5546875 0.5953125 0.5546875
22 0.39062500000000006 0.23674008125000007 0.16506239218750005 0.23674008125 0.16506239218750007 0.575 0.3906250000000001 0.575
22 0.9671875 0.5456457984375002 0.796875 0.5456457984375002 0.7968750000000001 0.8340417015625 0.9671875 0.8340417015625
22 0.7953125000000001 0.5470856437500001 0.66138011875 0.54708564375 0.6613801187500001 0.8515625 0.7953125000000002 0.8515625
22 0.3716936859375001 0.5734375 0.1908063140625001 0.5734375 0.1908063140625001 0.890625 0.3716936859375001 0.890625
22 0.1921875000000001 0.578125 7.079989307570636e-17 0.578125 9.089175462421762e-17 0.90625 0.1921875000000001 0.90625
22 0.17031250000000006 0.230767384375 0.00016798281250002825 0.230767384375 0.0001679828125000499 0.584375 0.1703125000000001 0.584375