22 0.34140625 2.3392667374338116e-17 0.040625 4.975127621536122e-18 0.040625000000000015 0.290625 0.34140625 0.290625
22 0.6109375 5.759666977239896e-17 0.3296875 4.0375074159389303e-17 0.3296875 0.290625 0.6109375 0.2906250000000001
22 0.9234375 9.3953371622086e-17 0.6109375 7.481826538540861e-17 0.6109375 0.27812500000000007 0.9234375 0.27812500000000007
22 0.29296875000000006 0.290625 0.009375000000000036 0.290625 0.009375000000000052 0.55 0.2929687500000001 0.55
22 0.5890625 0.30000000000000004 0.29375 0.3 0.29375000000000007 0.55234375 0.5890625 0.55234375
22 0.86328125 0.28593750000000007 0.5796875 0.28593750000000007 0.5796875 0.5625000000000001 0.86328125 0.5625000000000002
22 0.9984375 0.2953125000000001 0.86875 0.2953125000000001 0.86875 0.5523437500000001 0.9984375 0.5523437500000001
22 0.3375000000000001 0.759375 0.10937500000000008 0.759375 0.10937500000000011 0.9375 0.3375000000000001 0.9375
22 0.5695312500000002 0.746875 0.3218750000000001 0.746875 0.3218750000000001 0.9296875 0.5695312500000002 0.9296875
22 0.8015625 0.7640625000000001 0.5656250000000002 0.7640625 0.5656250000000002 0.9296875 0.8015625 0.9296875
22 0.9984375 0.7578125000000002 0.7968750000000002 0.7578125000000002 0.7968750000000002 0.93125 0.9984375 0.93125
22 0.1031250000000001 0.759375 9.299661631025214e-17 0.759375 1.0342524920924131e-16 0.9296875 0.10312500000000013 0.9296875