22 0.27187500000000003 0.3265625 0.09648437500000004 0.3265625 0.09648437500000005 0.4890625 0.2718750000000001 0.4890625
22 0.440625 0.30468750000000006 0.263671875 0.3046875 0.26367187500000006 0.49375 0.440625 0.49375
22 0.2359375 0.10468750000000002 0.061328125000000025 0.1046875 0.06132812500000003 0.31875 0.2359375 0.31875
22 0.453125 0.31289062500000003 0.265625 0.312890625 0.26562500000000006 0.4875 0.453125 0.4875
22 0.4140625 0.09140625000000004 0.201171875 0.09140625000000002 0.201171875 0.31718750000000007 0.4140625 0.31718750000000007
22 0.65 0.3234375000000001 0.466015625 0.3234375000000001 0.466015625 0.496875 0.65 0.496875
22 0.85 0.3140625000000001 0.64375 0.3140625000000001 0.64375 0.4875000000000001 0.85 0.48750000000000016
22 0.675 0.09843750000000007 0.443359375 0.09843750000000004 0.443359375 0.3046875000000001 0.675 0.3046875000000001
22 0.8828125 0.0843750000000001 0.6546875 0.08437500000000009 0.6546875 0.31718750000000007 0.8828125 0.31718750000000007
22 0.365625 4.1283991705631476e-17 0.30859375 3.7791834817437855e-17 0.30859375 0.17187500000000006 0.365625 0.17187500000000006
22 0.6765625 0.034375000000000065 0.451953125 0.03437500000000006 0.451953125 0.09687500000000007 0.6765625 0.09687500000000009
22 0.8890625 0.026562500000000093 0.663671875 0.02656250000000008 0.663671875 0.0937500000000001 0.8890625 0.09375000000000011