22 0.2671875 0.16562500000000002 0.034375000000000024 0.165625 0.03437500000000003 0.353125 0.2671875 0.353125
22 0.49375 0.17187500000000006 0.2734375 0.17187500000000006 0.2734375 0.35000000000000003 0.49375 0.3500000000000001
22 0.740625 0.15937500000000007 0.5 0.15937500000000004 0.5 0.36406250000000007 0.740625 0.36406250000000007
22 0.93125 0.1496093750000001 0.75234375 0.1496093750000001 0.75234375 0.3765625000000001 0.93125 0.3765625000000001
22 0.23750000000000004 0.334375 0.06718750000000004 0.334375 0.06718750000000005 0.5484375 0.2375000000000001 0.5484375
22 0.4734375 0.32500000000000007 0.290625 0.325 0.290625 0.5609375 0.4734375 0.5609375
22 0.9234375 0.3234375000000001 0.75 0.3234375000000001 0.75 0.5562500000000001 0.9234375 0.5562500000000001
22 0.2250000000000001 0.504296875 0.07187500000000006 0.504296875 0.07187500000000008 0.7109375 0.2250000000000001 0.7109375
22 0.503125 0.5203125 0.2578125000000001 0.5203125 0.2578125000000001 0.68125 0.503125 0.68125
22 0.6890625 0.480078125 0.540625 0.480078125 0.540625 0.715625 0.6890625 0.715625
22 0.946875 0.5265625 0.7171875 0.5265625 0.7171875 0.6828125 0.946875 0.6828125000000002