22 0.1145161296875 0.03709677343750001 0.015322581250000005 0.0370967734375 0.015322581250000014 0.1806451609375 0.1145161296875 0.1806451609375
22 0.3225806453125001 0.2290322578125 0.2459677421875 0.2290322578125 0.24596774218750003 0.3927419359375 0.3225806453125001 0.3927419359375
22 0.24838709687500002 0.21935483906250003 0.14677419375000006 0.21935483906250003 0.14677419375000006 0.3854838703125 0.24838709687500007 0.3854838703125
22 0.12419354843750004 0.2241935484375 0.01774193593750003 0.2241935484375 0.01774193593750004 0.3854838703125 0.12419354843750004 0.3854838703125
22 0.3129032265625001 0.4145161296875 0.22822580625000008 0.4145161296875 0.22822580625000008 0.5612903218749999 0.3129032265625001 0.5612903218749999
22 0.14032258125000005 0.4064516125 0.031451612500000045 0.4064516125 0.03145161250000006 0.5927419359375 0.14032258125000008 0.5927419359375
22 0.2790322578125001 0.5822580640624999 0.18225806406250009 0.5822580640624999 0.18225806406250009 0.7483870968749999 0.2790322578125001 0.7483870968749999
22 0.18225806406250009 0.6064516125 0.08064516093750007 0.6064516125 0.08064516093750008 0.775 0.18225806406250009 0.775
22 0.07741935468750008 0.60967741875 7.46639499384608e-17 0.60967741875 8.493518118489278e-17 0.7774193546875 0.07741935468750008 0.7774193546875
22 0.30322580625000006 0.8016129031249999 0.18870967812500009 0.8016129031249999 0.1887096781250001 0.9806451609375 0.30322580625000006 0.9806451609375
22 0.2258064515625001 0.4225806453125 0.14112903281250005 0.4225806453125 0.14112903281250005 0.5717741937499999 0.2258064515625001 0.5717741937499999
22 0.1903225812500001 0.8032258062500001 0.06854838750000009 0.8032258062500001 0.06854838750000011 1 0.19032258125000012 1
22 0.07096774218750013 0.841935484375 1.0310735960284202e-16 0.841935484375 1.1278601975878868e-16 1 0.07096774218750014 1