22 0.2 1.2246467991473533e-17 0 0 1.9258558575100538e-17 0.3145161296875 0.2 0.3145161296875
22 0.4709677421875 3.9899782804757276e-17 0.1806451609375 2.2122651812356786e-17 0.18064516093750002 0.31774193593750005 0.4709677421875 0.3177419359375001
22 0.75322580625 7.555280652635104e-17 0.48064516093750004 5.886205578677738e-17 0.48064516093750004 0.3129032265625001 0.75322580625 0.3129032265625001
22 1 1.0745288042279832e-16 0.754838709375 9.24410809308613e-17 0.754838709375 0.3129032265625001 1 0.3129032265625001
22 0.20483870937500007 0.3258064515625 3.989978280475728e-17 0.3258064515625 5.644239079562848e-17 0.5959677421875 0.2048387093750001 0.5959677421875
22 0.47338709687499997 0.3225806453125001 0.20322580625 0.3225806453125 0.20322580625000003 0.598387096875 0.47338709687499997 0.598387096875
22 0.7427419359375 0.3112903218750001 0.48225806406249994 0.3112903218750001 0.48225806406249994 0.5895161296875001 0.7427419359375 0.5895161296875002
22 0.998387096875 0.3258064515625001 0.745161290625 0.3258064515625001 0.745161290625 0.5935483875000002 0.998387096875 0.5935483875000002
22 0.1693548390625001 0.5790322578125 7.091100011331432e-17 0.5790322578125 8.750298902041967e-17 0.85 0.1693548390625001 0.85
22 0.9838709671875 0.5790322578125002 0.74032258125 0.5790322578125002 0.7403225812500001 0.8298387093749999 0.9838709671875 0.8298387093749999
22 0.22741935468750007 0.8435483874999999 1.033048832677786e-16 0.8435483874999999 1.1288478159125696e-16 1 0.22741935468750007 1
22 0.4766129031250002 0.838709678125 0.23064516093750007 0.838709678125 0.23064516093750007 1 0.4766129031250002 1
22 0.7145161296875002 0.8258064515625 0.4774193546875002 0.8258064515625 0.4774193546875002 1 0.7145161296875002 1
22 0.95 0.8161290328125 0.7193548390625002 0.8161290328125 0.7193548390625002 1 0.95 1