22 0.4125 0.03394976250000004 0.22154865468749999 0.03394976250000002 0.22154865468749999 0.15625000000000006 0.4125 0.15625000000000006
22 0.484375 0.24457080781250004 0.282258703125 0.2445708078125 0.282258703125 0.3453125 0.484375 0.3453125000000001
22 0.34062500000000007 0.18561115625000005 0.21276700937499998 0.18561115625000005 0.21276700937500004 0.3921875 0.34062500000000007 0.3921875
22 0.2328125 0.2213212015625 0.047428796875000026 0.2213212015625 0.04742879687500003 0.3453125 0.2328125 0.3453125
22 0.4062500000000001 0.6140625 0.21967958750000008 0.6140625 0.21967958750000008 0.7375 0.40625000000000017 0.7375
22 0.2328125000000001 0.55010878125 0.1125197781250001 0.55010878125 0.1125197781250001 0.72020371875 0.2328125000000001 0.72020371875
22 0.18906250000000008 0.7230023734375 0.09237539375000009 0.7230023734375 0.0923753937500001 0.884375 0.18906250000000008 0.884375
22 0.2390625000000001 0.8925138453124999 0.1333069625000001 0.8925138453124999 0.13330696250000013 1 0.2390625000000001 1
22 0.3500000000000001 0.7720826734374999 0.2705893984375001 0.7720826734374999 0.2705893984375001 0.988854825 0.3500000000000001 0.988854825
22 0.4781250000000002 0.8418216 0.27964794375000007 0.8418216 0.27964794375000007 0.9109375 0.4781250000000002 0.9109375
22 0.9793710453125 0.7118670890625002 0.733326740625 0.7118670890625002 0.7333267406250001 0.8390625 0.9793710453125 0.8390625
22 0.8421875 0.7034513437500001 0.6140625 0.7034513437500001 0.6140625000000001 0.7796875000000001 0.8421875 0.7796875000000002
22 0.6890625000000001 0.652323971875 0.6146657453125 0.652323971875 0.6146657453125001 0.853125 0.6890625000000001 0.853125