22 0.775 0.03750000000000008 0.578515625 0.03750000000000007 0.578515625 0.1593750000000001 0.775 0.1593750000000001
22 0.6609375 0.1984375000000001 0.560546875 0.1984375000000001 0.560546875 0.4 0.6609375 0.4
22 0.7796875 0.1906250000000001 0.652734375 0.1906250000000001 0.652734375 0.39531250000000007 0.7796875 0.39531250000000007
22 0.9125 0.1949218750000001 0.791015625 0.19492187500000008 0.791015625 0.37968750000000007 0.9125 0.37968750000000007
22 0.7734375000000001 0.614453125 0.588671875 0.614453125 0.5886718750000001 0.7359375000000001 0.7734375000000002 0.7359375000000001
22 0.903125 0.5753906250000002 0.7359375 0.5753906250000002 0.7359375 0.6953125000000002 0.903125 0.6953125000000002
22 0.93125 0.7539062500000002 0.7707031250000002 0.7539062500000002 0.7707031250000002 0.85 0.93125 0.85
22 0.8609375 0.8921875 0.7503906250000002 0.8921875 0.7503906250000002 0.996875 0.8609375 0.996875
22 0.7234375000000002 0.7703125 0.6437500000000002 0.7703125 0.6437500000000002 0.984375 0.7234375000000002 0.984375
22 0.7140625000000002 0.8390625 0.5175781250000002 0.8390625 0.5175781250000002 0.9078125 0.7140625000000002 0.9078125
22 0.2078125000000001 0.652734375 0.0808593750000001 0.652734375 0.0808593750000001 0.8953125 0.2078125000000001 0.8953125
22 0.30937500000000007 0.628515625 0.2328125000000001 0.628515625 0.2328125000000001 0.853125 0.30937500000000007 0.853125
22 0.4453125000000001 0.713671875 0.2468750000000001 0.713671875 0.2468750000000001 0.7875 0.44531250000000017 0.7875