22 0.2265625 0.16445312500000003 0.07460937500000002 0.164453125 0.07460937500000002 0.26875 0.2265625 0.26875
22 0.3296875 0.158984375 0.1765625 0.158984375 0.1765625 0.26875 0.3296875 0.26875
22 0.409375 0.13750000000000004 0.30625 0.13750000000000004 0.30625 0.290625 0.409375 0.2906250000000001
22 0.6171875 0.11757812500000006 0.512109375 0.11757812500000005 0.512109375 0.2843750000000001 0.6171875 0.2843750000000001
22 0.734375 0.1496093750000001 0.58125 0.1496093750000001 0.58125 0.2593750000000001 0.734375 0.2593750000000001
22 0.8171875 0.12070312500000009 0.717578125 0.12070312500000009 0.717578125 0.2828125000000001 0.8171875 0.2828125000000001
22 0.20937500000000003 0.3234375 0.10156250000000004 0.3234375 0.10156250000000004 0.4703125 0.2093750000000001 0.4703125
22 0.32343750000000004 0.325390625 0.2125 0.325390625 0.21250000000000005 0.46875 0.3234375000000001 0.46875
22 0.4375 0.34453125000000007 0.29609375 0.34453125 0.29609375000000004 0.446875 0.4375 0.446875
22 0.5125 0.3144531250000001 0.4078125 0.3144531250000001 0.4078125 0.4671875 0.5125 0.4671875
22 0.6390625 0.3417968750000001 0.481640625 0.3417968750000001 0.481640625 0.43125 0.6390625 0.43125
22 0.709375 0.30351562500000007 0.609375 0.30351562500000007 0.609375 0.4609375 0.709375 0.4609375
22 0.81875 0.30156250000000007 0.70625 0.30156250000000007 0.70625 0.4593750000000001 0.81875 0.4593750000000002
22 0.2312500000000001 0.5046875 0.12343750000000005 0.5046875 0.12343750000000006 0.64375 0.2312500000000001 0.64375
22 0.3187500000000001 0.4921875 0.22812500000000008 0.4921875 0.22812500000000008 0.640625 0.3187500000000001 0.640625
22 0.421875 0.4921875 0.3218750000000001 0.4921875 0.3218750000000001 0.640625 0.421875 0.640625
22 0.5171875 0.490625 0.416796875 0.490625 0.416796875 0.6421875 0.5171875 0.6421875
22 0.63359375 0.513671875 0.4890625 0.513671875 0.4890625 0.6203125 0.63359375 0.6203125
22 0.73125 0.5156250000000001 0.584375 0.515625 0.584375 0.6187500000000001 0.73125 0.6187500000000001
22 0.840234375 0.5058593750000001 0.676953125 0.505859375 0.676953125 0.6109375000000001 0.840234375 0.6109375000000001
22 0.2726562500000001 0.680859375 0.1359375000000001 0.680859375 0.1359375000000001 0.7734375 0.2726562500000001 0.7734375
22 0.3625000000000001 0.6796875 0.22812500000000008 0.6796875 0.22812500000000008 0.7734375 0.3625000000000001 0.7734375
22 0.4406250000000001 0.644140625 0.3375000000000001 0.644140625 0.3375000000000001 0.796875 0.44062500000000016 0.796875
22 0.5265625 0.641015625 0.431640625 0.641015625 0.4316406250000001 0.7984375 0.5265625000000002 0.7984375
22 0.628125 0.644140625 0.528515625 0.644140625 0.528515625 0.796875 0.6281250000000002 0.796875
22 0.7500000000000001 0.6714843750000001 0.6015625 0.671484375 0.6015625000000001 0.7734375000000001 0.7500000000000002 0.7734375000000002
22 0.825 0.6484375000000001 0.7203125 0.6484375 0.7203125000000001 0.7953125000000001 0.825 0.7953125000000002
22 0.2828125000000001 0.83046875 0.1320312500000001 0.83046875 0.1320312500000001 0.9234375 0.2828125000000001 0.9234375
22 0.3453125000000001 0.812109375 0.2449218750000001 0.812109375 0.2449218750000001 0.9484375 0.3453125000000001 0.9484375
22 0.44062500000000016 0.809765625 0.3468750000000001 0.809765625 0.3468750000000001 0.953125 0.44062500000000016 0.953125
22 0.6453125000000002 0.8296875 0.5035156250000001 0.8296875 0.5035156250000001 0.925 0.6453125000000002 0.925
22 0.7187500000000002 0.8 0.6156250000000002 0.8 0.6156250000000002 0.9421875 0.7187500000000002 0.9421875
22 0.8328125 0.820703125 0.6890625000000001 0.820703125 0.6890625000000001 0.9234375 0.8328125 0.9234375
22 0.5562500000000001 0.8234375 0.40937500000000016 0.8234375 0.40937500000000016 0.9265625 0.5562500000000001 0.9265625