22 1 0.3317610062500001 0.781446540625 0.3317610062500001 0.781446540625 0.5377358484375001 1 0.5377358484375001
22 0.4937106921875 0.30817610000000006 0.280660378125 0.3081761 0.28066037812500005 0.5212264156249999 0.4937106921875 0.5212264156249999
22 0.9984276734374999 0.5345911953125002 0.7712264156249999 0.5345911953125002 0.7712264156249999 0.6674528296875002 0.9984276734374999 0.6674528296875002
22 0.7830188671875 0.5078616359375001 0.569968553125 0.5078616359375 0.569968553125 0.7138364781250001 0.7830188671875 0.7138364781250002
22 0.5078616359375 0.518867925 0.2948113203125001 0.518867925 0.2948113203125001 0.599056603125 0.5078616359375 0.599056603125
22 0.5031446546875 0.5896226421875 0.30503144687500006 0.5896226421875 0.30503144687500006 0.6407232703125 0.5031446546875 0.6407232703125
22 0.5062893078124999 0.6352201265625 0.30581760937500013 0.6352201265625 0.30581760937500013 0.6761006296875001 0.5062893078124999 0.6761006296875001
22 0.31603773593750006 0.5094339625 0.17295597500000004 0.5094339625 0.17295597500000007 0.7004716984375 0.31603773593750006 0.7004716984375
22 0.16509433906250007 0.5283018875 0.04166666718750007 0.5283018875 0.041666667187500075 0.7028301890625 0.1650943390625001 0.7028301890625
22 0.05817610000000008 0.5031446546875 6.161744908711472e-17 0.5031446546875 7.230422538057171e-17 0.67767295625 0.058176100000000085 0.67767295625
22 0.7845911953125001 0.7075471703125001 0.559748428125 0.7075471703125 0.559748428125 0.7798742140625001 0.7845911953125002 0.7798742140625002
22 0.3176100625000001 0.7012578609375 0.22091195000000008 0.7012578609375 0.22091195000000008 0.87028301875 0.3176100625000001 0.87028301875
22 0.06603773593750009 0.7028301890625 8.607187413795198e-17 0.7028301890625 9.613284816732663e-17 0.8671383640625001 0.0660377359375001 0.8671383640625001