22 0.959375 0.3582913296875001 0.681703628125 0.3582913296875001 0.681703628125 0.58125 0.959375 0.5812500000000002
22 0.684375 0.38412298281250007 0.40498991875 0.38412298281250007 0.40498991875 0.5734375 0.684375 0.5734375
22 0.4015625 0.4094506046875 0.14140625156250003 0.4094506046875 0.14140625156250006 0.6 0.4015625 0.6
22 0.18593750000000006 0.4100302421875 5.021422236485359e-17 0.4100302421875 5.916760028371255e-17 0.55625 0.1859375000000001 0.55625
22 0.999848790625 0.1841985890625001 0.809526209375 0.18419858906250008 0.809526209375 0.29375000000000007 0.999848790625 0.29375000000000007
22 0.73125 0.13414818593750008 0.6355846765625001 0.13414818593750008 0.6355846765625001 0.3593750000000001 0.73125 0.3593750000000001
22 0.54375 0.2214717750000001 0.44977318593750004 0.2214717750000001 0.44977318593750004 0.4140625 0.54375 0.4140625
22 0.403125 0.25950100625000005 0.17878024062500003 0.25950100625 0.17878024062500003 0.37812500000000004 0.403125 0.3781250000000001
22 0.18125000000000005 0.2015625 0.04072580625000004 0.2015625 0.04072580625000006 0.4234375 0.18125000000000005 0.4234375
22 0.94375 0.2489667328125001 0.8699092734375 0.2489667328125001 0.8699092734375 0.4343750000000002 0.94375 0.4343750000000002
22 0.7625 0.24342237968750008 0.6806703625 0.24342237968750008 0.6806703625 0.4281250000000001 0.7625 0.4281250000000002
22 0.6078125 0.35625000000000007 0.4260332671875 0.35625000000000007 0.4260332671875 0.40625 0.6078125 0.40625