22 0.17031250000000003 0.103125 1.262917011620708e-17 0.103125 3.4538866757202695e-17 0.4609375 0.17031250000000003 0.4609375
22 0.39921875000000007 0.10468750000000002 0.15625 0.1046875 0.15625000000000003 0.4625 0.39921875000000007 0.4625
22 0.67265625 0.06718750000000007 0.425 0.06718750000000004 0.425 0.425 0.67265625 0.425
22 0.91015625 0.0671875000000001 0.6796875 0.0671875000000001 0.6796875 0.44218750000000007 0.91015625 0.4421875000000002
22 0.2062500000000001 0.5203125 0.004687500000000064 0.5203125 0.004687500000000078 0.75078125 0.2062500000000001 0.75078125
22 0.3984375000000001 0.490625 0.2015625000000001 0.490625 0.2015625000000001 0.74765625 0.3984375000000001 0.74765625
22 0.5882812500000001 0.6015625 0.3984375000000001 0.6015625 0.3984375000000001 0.74609375 0.5882812500000002 0.74609375
22 0.7835937500000001 0.5640625000000001 0.59375 0.5640625 0.5937500000000001 0.7375 0.7835937500000002 0.7375000000000002
22 0.9609375 0.46093750000000017 0.76875 0.46093750000000017 0.76875 0.7328125000000002 0.9609375 0.7328125000000002
22 0.2812500000000001 0.778125 0.11093750000000009 0.778125 0.1109375000000001 0.95390625 0.2812500000000001 0.95390625
22 0.47656250000000017 0.7890625 0.29375000000000007 0.7890625 0.29375000000000007 0.95234375 0.47656250000000017 0.95234375
22 0.6617187500000001 0.775 0.47656250000000017 0.775 0.47656250000000017 0.940625 0.6617187500000001 0.940625
22 0.83828125 0.7718750000000001 0.6703125000000002 0.771875 0.6703125000000002 0.9375 0.83828125 0.9375
22 0.99765625 0.7625000000000002 0.8390625 0.7625000000000002 0.8390625 0.940625 0.99765625 0.940625