22 0.9453924921875 1.0470103180521578e-16 0.76450511875 9.362487466089546e-17 0.76450511875 0.2269624578125001 0.9453924921875 0.2269624578125001
22 0.7491467578125001 7.998866255636666e-17 0.5571672359375001 6.823330720806375e-17 0.5571672359375001 0.23208191093750008 0.7491467578125001 0.23208191093750008
22 0.5529010234375 5.532853922753296e-17 0.35068259375 4.294623159526291e-17 0.35068259375 0.23890785000000006 0.5529010234375 0.2389078500000001
22 0.34812286718749996 2.978023363195281e-17 0.13822525624999998 1.6927711762788515e-17 0.13822525625 0.23890785 0.34812286718749996 0.23890785
22 1 0.2269624578125001 0.8293515359375 0.2269624578125001 0.8293515359375 0.5443686000000001 1 0.5443686000000001
22 0.8037542656250001 0.23037542656250007 0.598976109375 0.23037542656250007 0.598976109375 0.5503412968750001 0.8037542656250001 0.5503412968750002
22 0.595563140625 0.2354948812500001 0.38822525625000004 0.2354948812500001 0.38822525625000004 0.5554607515625001 0.595563140625 0.5554607515625001
22 0.3907849828125 0.23720136562500005 0.16467576718750004 0.237201365625 0.16467576718750007 0.5759385671875 0.39078498281250007 0.5759385671875
22 0.9675767921875 0.5460750859375001 0.796928328125 0.5460750859375001 0.7969283281250001 0.8344709890625 0.9675767921875 0.8344709890625
22 0.79522184375 0.5477815703125001 0.6612627984375 0.5477815703125 0.6612627984375001 0.852389078125 0.7952218437500002 0.852389078125
22 0.3720136515625001 0.5733788390625 0.1911262796875001 0.5733788390625 0.1911262796875001 0.8907849828125001 0.3720136515625001 0.8907849828125001
22 0.1928327640625001 0.57849829375 7.084560837531428e-17 0.57849829375 9.09603275736295e-17 0.9069965874999999 0.19283276406250013 0.9069965874999999
22 0.17064846406250006 0.23037542656249999 2.821285287419717e-17 0.23037542656249999 4.989495273459251e-17 0.5844709890625001 0.1706484640625001 0.5844709890625001