22 0.43125 0.09453125000000004 0.09257812500000002 0.09453125000000002 0.09257812500000004 0.29375000000000007 0.43125 0.29375000000000007
22 0.53125 0.023828125000000054 0.351953125 0.023828125000000044 0.351953125 0.35937500000000006 0.53125 0.3593750000000001
22 0.71875 0.015625000000000076 0.534375 0.015625000000000066 0.534375 0.3546875000000001 0.71875 0.3546875000000001
22 0.3531250000000001 0.367578125 0.13906250000000003 0.367578125 0.13906250000000006 0.7390625 0.3531250000000001 0.7390625
22 0.5562500000000001 0.36132812500000006 0.345703125 0.361328125 0.34570312500000006 0.728125 0.5562500000000001 0.728125
22 0.759375 0.3578125000000001 0.55 0.3578125000000001 0.55 0.7234375000000001 0.759375 0.7234375000000002
22 0.3656250000000001 0.744140625 0.1593750000000001 0.744140625 0.1593750000000001 0.9953125 0.3656250000000001 0.9953125
22 0.5890625000000002 0.76875 0.3253906250000001 0.76875 0.3253906250000001 0.9671875 0.5890625000000002 0.9671875
22 0.7875000000000002 0.7636718750000001 0.5191406250000001 0.763671875 0.5191406250000001 0.9609375 0.7875000000000002 0.9609375
22 0.796875 0.09335937500000008 0.46015625 0.09335937500000006 0.46015625 0.2796875000000001 0.796875 0.2796875000000001
22 0.834375 0.4367187500000001 0.469140625 0.43671875 0.469140625 0.64375 0.834375 0.6437500000000002