22 1 0.1273561500000001 0.7182043640625 0.12735615000000008 0.7182043640625 0.3296875000000001 1 0.3296875000000001
22 0.8046875 0.05147569375000007 0.6137276796875 0.051475693750000065 0.6137276796875 0.41093750000000007 0.8046875 0.4109375000000002
22 0.6984375 0.14763145000000005 0.34785466249999997 0.14763145000000005 0.34785466249999997 0.3296875 0.6984375 0.3296875000000001
22 0.532465278125 0.1361359125 0.171354165625 0.13613591249999998 0.17135416562500003 0.32343750000000004 0.532465278125 0.3234375000000001
22 0.315625 0.11302083437500002 1.3841060305430688e-17 0.11302083437499999 2.851738311482627e-17 0.35270337500000004 0.315625 0.35270337500000004
22 0.9984375 0.4188988093750002 0.7616071437499999 0.4188988093750002 0.7616071437499999 0.7109375000000002 0.9984375 0.7109375000000002
22 0.7671875000000001 0.4190724203125001 0.53855406875 0.41907242031249997 0.5385540687500001 0.7341517859375001 0.7671875000000001 0.7341517859375002
22 0.5640625 0.443390378125 0.2537574390625001 0.443390378125 0.2537574390625001 0.68125 0.5640625 0.68125
22 0.971875 0.7162822421875001 0.7501984140625 0.7162822421875001 0.7501984140625001 0.8859375 0.971875 0.8859375
22 0.7500000000000001 0.7162450390625 0.5160218265625 0.7162450390624999 0.5160218265625001 0.88125 0.7500000000000002 0.88125
22 0.4875000000000001 0.6832341265624999 0.3245907734375001 0.6832341265624999 0.3245907734375001 0.9140625 0.48750000000000016 0.9140625
22 0.2906250000000001 0.7162450390624999 0.05994543750000009 0.7162450390624999 0.0599454375000001 0.88125 0.2906250000000001 0.88125