22 0.20000000000000004 0.10483870937500002 1.2839038986283336e-17 0.10483870937499999 3.515921455925226e-17 0.4693548390625 0.2000000000000001 0.4693548390625
22 0.5225806453125 0.15161290312500003 0.2 0.15161290312500003 0.20000000000000004 0.47177419374999996 0.5225806453125 0.47177419374999996
22 0.825 0.16290322656250006 0.5274193546875 0.16290322656250006 0.5274193546875 0.47580645156250007 0.825 0.4758064515625001
22 0.3645161296875001 0.4629032265625 0.07419354843750006 0.4629032265625 0.07419354843750008 0.676612903125 0.3645161296875001 0.676612903125
22 0.6225806453125 0.4629032265625 0.3693548390625001 0.4629032265625 0.3693548390625001 0.6862903218749999 0.6225806453125 0.6862903218749999
22 0.8629032265625 0.4709677421875001 0.6193548390625 0.4709677421875 0.6193548390625 0.6846774187500001 0.8629032265625 0.6846774187500002
22 1 0.4806451609375002 0.8693548390625001 0.4806451609375002 0.8693548390625001 0.6766129031250002 1 0.6766129031250002
22 0.24919354843750008 0.6758064515625 0.011290321875000084 0.6758064515625 0.011290321875000096 0.8596774187499999 0.24919354843750008 0.8596774187499999
22 0.7330645156250001 0.6822580640625 0.50967741875 0.6822580640625 0.5096774187500002 0.8459677421875 0.7330645156250002 0.8459677421875
22 0.5500000000000002 0.858064515625 0.34677419375000007 0.858064515625 0.34677419375000007 0.9846774187499999 0.5500000000000002 0.9846774187499999
22 0.7612903218750001 0.845161290625 0.5500000000000002 0.845161290625 0.5500000000000002 0.9814516125000001 0.7612903218750001 0.9814516125000001
22 0.95 0.841935484375 0.7516129031250002 0.841935484375 0.7516129031250002 0.9854838703125001 0.95 0.9854838703125001