22 0.26406250000000003 0.19687500000000002 2.4110233858213517e-17 0.196875 3.4538866757202695e-17 0.3671875 0.2640625000000001 0.3671875
22 0.45625 0.16171875000000002 0.09882812500000002 0.16171875 0.09882812500000003 0.4046875 0.45625 0.4046875
22 0.7265625 0.12265625000000006 0.369921875 0.12265625000000005 0.36992187500000007 0.3687500000000001 0.7265625 0.3687500000000001
22 0.98125 0.13906250000000012 0.607421875 0.1390625000000001 0.607421875 0.3687500000000001 0.98125 0.3687500000000001
22 0.22031250000000008 0.534765625 6.548990109502837e-17 0.534765625 7.780812573488945e-17 0.7359375 0.22031250000000008 0.7359375
22 0.3984375000000001 0.491015625 0.2015625000000001 0.491015625 0.2015625000000001 0.746875 0.3984375000000001 0.746875
22 0.5875000000000001 0.601171875 0.3988281250000001 0.601171875 0.3988281250000001 0.7453125 0.5875000000000001 0.7453125
22 0.7828125000000001 0.5640625000000001 0.594140625 0.5640625 0.5941406250000001 0.7375 0.7828125000000001 0.7375000000000002
22 0.9609375 0.46093750000000017 0.76875 0.46093750000000017 0.76875 0.7328125000000002 0.9609375 0.7328125000000002
22 0.2812500000000001 0.778515625 0.11093750000000009 0.778515625 0.1109375000000001 0.953125 0.2812500000000001 0.953125
22 0.4671875000000002 0.779296875 0.3039062500000001 0.779296875 0.3039062500000001 0.9609375 0.4671875000000002 0.9609375
22 0.6609375000000002 0.775 0.4769531250000002 0.775 0.4769531250000002 0.940625 0.6609375000000002 0.940625
22 0.8359375 0.7710937500000001 0.6714843750000001 0.77109375 0.6714843750000001 0.9375 0.8359375 0.9375
22 0.996875 0.7625000000000002 0.839453125 0.7625000000000002 0.839453125 0.940625 0.996875 0.940625