22 0.8390625 0.17137096718750008 0.7014868953125 0.17137096718750008 0.7014868953125 0.3546875000000001 0.8390625 0.3546875000000001
22 0.3747479828125 0.1801411296875 0.1691028234375 0.1801411296875 0.16910282343750002 0.3609375 0.3747479828125 0.3609375000000001
22 0.4296875 0.17689012187500003 0.35831653124999996 0.17689012187500003 0.35831653124999996 0.36250000000000004 0.4296875 0.3625000000000001
22 0.909375 0.3547127015625001 0.7231350796875 0.3547127015625001 0.7231350796875 0.5796875000000001 0.909375 0.5796875000000001
22 0.7046622984375001 0.3656250000000001 0.513533265625 0.3656250000000001 0.513533265625 0.5734375 0.7046622984375001 0.5734375
22 0.51396169375 0.38157762031250003 0.3179939515625001 0.3815776203125 0.3179939515625001 0.5515625 0.51396169375 0.5515625
22 0.503125 0.5645161296875 0.32550403125000005 0.5645161296875 0.32550403125000005 0.7604838703125 0.5031250000000002 0.7604838703125
22 0.896875 0.7711693546875 0.7020413312500001 0.7711693546875 0.7020413312500001 0.942137096875 0.896875 0.942137096875
22 0.7045110875000001 0.7673639125 0.5158014125000002 0.7673639125 0.5158014125000002 0.9310735890625 0.7045110875000001 0.9310735890625
22 0.5109375000000002 0.7627772187499999 0.34062500000000007 0.7627772187499999 0.34062500000000007 0.928125 0.5109375000000002 0.928125
22 0.3265625000000001 0.7549395156250001 0.1666078625000001 0.7549395156250001 0.1666078625000001 0.925 0.3265625000000001 0.925
22 0.8875 0.9388860890625 0.7077116937500001 0.9388860890625 0.7077116937500001 0.9984375 0.8875 0.9984375
22 0.6593750000000002 0.8863659281249999 0.5957913296875001 0.8863659281249999 0.5957913296875001 1 0.6593750000000002 1
22 0.5312500000000002 0.9254284281249999 0.3632560484375001 0.9254284281249999 0.3632560484375001 0.9984375 0.5312500000000002 0.9984375
22 0.3140625000000001 0.8766129046875 0.23555947500000007 0.8766129046875 0.23555947500000007 1 0.3140625000000001 1