22 0.303125 0.184375 0.16875000000000004 0.184375 0.16875000000000004 0.3625 0.303125 0.3625
22 0.81875 0.19335937500000008 0.619921875 0.19335937500000008 0.619921875 0.3671875000000001 0.81875 0.3671875000000001
22 0.690625 0.2464843750000001 0.510546875 0.2464843750000001 0.510546875 0.3140625000000001 0.690625 0.3140625000000001
22 0.2828125 0.362109375 0.10234375000000004 0.362109375 0.10234375000000007 0.5796875 0.2828125000000001 0.5796875
22 0.49375 0.38125000000000003 0.2921875000000001 0.38125 0.2921875000000001 0.565625 0.49375 0.565625
22 0.6625 0.3765625000000001 0.496875 0.3765625000000001 0.496875 0.565625 0.6625 0.565625
22 0.675 0.573828125 0.4859375 0.573828125 0.4859375000000001 0.746875 0.6750000000000002 0.746875
22 0.30156250000000007 0.765625 0.11289062500000009 0.765625 0.1128906250000001 0.93125 0.30156250000000007 0.93125
22 0.4703125000000002 0.750390625 0.3117187500000001 0.750390625 0.3117187500000001 0.9328125 0.4703125000000002 0.9328125
22 0.6500000000000001 0.75546875 0.4898437500000002 0.75546875 0.4898437500000002 0.9203125 0.6500000000000001 0.9203125
22 0.8265625 0.7546875000000001 0.6609375000000002 0.7546875 0.6609375000000002 0.9109375 0.8265625 0.9109375
22 0.2968750000000001 0.928125 0.12226562500000013 0.928125 0.12226562500000013 1 0.2968750000000001 1
22 0.45312500000000017 0.925390625 0.2953125000000001 0.925390625 0.2953125000000001 0.9984375 0.45312500000000017 0.9984375
22 0.5906250000000002 0.8765625 0.5066406250000002 0.8765625 0.5066406250000002 1 0.5906250000000002 1
22 0.7968750000000002 0.9109375 0.6347656250000002 0.9109375 0.6347656250000002 1 0.7968750000000002 1