22 0.775 0.03750000000000008 0.578515625 0.03750000000000007 0.578515625 0.1593750000000001 0.775 0.1593750000000001
22 0.6609375 0.1984375000000001 0.560546875 0.1984375000000001 0.560546875 0.4 0.6609375 0.4
22 0.7796875 0.1906250000000001 0.652734375 0.1906250000000001 0.652734375 0.39531250000000007 0.7796875 0.39531250000000007
22 0.94375 0.22656250000000008 0.758984375 0.22656250000000008 0.758984375 0.34843750000000007 0.94375 0.34843750000000007
22 0.7421875000000001 0.583203125 0.620703125 0.583203125 0.6207031250000001 0.7671875000000001 0.7421875000000002 0.7671875000000001
22 0.8796875 0.5519531250000002 0.759375 0.5519531250000002 0.759375 0.7187500000000002 0.8796875 0.7187500000000002
22 0.93125 0.7539062500000002 0.7707031250000002 0.7539062500000002 0.7707031250000002 0.85 0.93125 0.85
22 0.8609375 0.89140625 0.7503906250000002 0.89140625 0.7503906250000002 0.996875 0.8609375 0.996875
22 0.7906250000000001 0.8375 0.5765625000000002 0.8375 0.5765625000000002 0.9171875 0.7906250000000001 0.9171875
22 0.7140625000000002 0.8390625 0.5175781250000002 0.8390625 0.5175781250000002 0.9078125 0.7140625000000002 0.9078125
22 0.2656250000000001 0.710546875 0.02382812500000009 0.710546875 0.023828125000000096 0.8375 0.2656250000000001 0.8375
22 0.30937500000000007 0.628125 0.2328125000000001 0.628125 0.2328125000000001 0.853125 0.30937500000000007 0.853125
22 0.4453125000000001 0.713671875 0.2468750000000001 0.713671875 0.2468750000000001 0.7875 0.44531250000000017 0.7875