22 0.28125000000000006 0.18709677343750003 2.291274647210319e-17 0.1870967734375 3.508822943834818e-17 0.3859375 0.2812500000000001 0.3859375
22 0.5203125 0.15075604843750004 0.2012348796875 0.15075604843750004 0.20123487968750003 0.471875 0.5203125 0.471875
22 0.8324848796875 0.17091733906250006 0.5195816546875001 0.17091733906250003 0.5195816546875001 0.4671875000000001 0.8324848796875 0.4671875000000002
22 0.32500000000000007 0.42399193437499993 0.11272681562500005 0.42399193437499993 0.11272681562500006 0.7140625 0.32500000000000007 0.7140625
22 0.60625 0.447328628125 0.3846522187500001 0.447328628125 0.3846522187500001 0.7 0.60625 0.7
22 0.86239919375 0.4704889109375001 0.61885080625 0.4704889109375 0.61885080625 0.6841985875000001 0.86239919375 0.6841985875000002
22 1 0.5136088718750002 0.8369707656250001 0.5136088718750002 0.8369707656250001 0.6437500000000002 1 0.6437500000000002
22 0.2484375000000001 0.6755796359375 0.011844757812500082 0.6755796359375 0.011844757812500094 0.8578125 0.2484375000000001 0.8578125
22 0.7015625000000001 0.6521421375 0.53956653125 0.6521421375 0.5395665312500001 0.875 0.7015625000000002 0.875
22 0.5484375000000001 0.8583417328125 0.3467237906250001 0.8583417328125 0.3467237906250001 0.984375 0.5484375000000001 0.984375
22 0.7609375000000002 0.8453125 0.5501764109375002 0.8453125 0.5501764109375002 0.98125 0.7609375000000002 0.98125
22 0.95 0.8415826624999999 0.7516381046875001 0.8415826624999999 0.7516381046875001 0.984375 0.95 0.984375