22 0.2140625 0.153125 1.8752404111943846e-17 0.153125 2.5928068950697868e-17 0.2703125 0.2140625 0.2703125
22 0.26406250000000003 0.06289062500000002 0.115234375 0.06289062500000002 0.11523437500000003 0.371875 0.2640625000000001 0.371875
22 0.39375000000000004 0.09257812500000004 0.259375 0.09257812500000002 0.259375 0.37968750000000007 0.3937500000000001 0.37968750000000007
22 0.61484375 0.16210937500000006 0.3046875 0.16210937500000006 0.3046875 0.30000000000000004 0.61484375 0.3000000000000001
22 0.6890625 0.04570312500000008 0.545703125 0.04570312500000007 0.545703125 0.1765625000000001 0.6890625 0.1765625000000001
22 0.684375 0.16992187500000006 0.5421875 0.16992187500000006 0.5421875 0.27031250000000007 0.684375 0.27031250000000007
22 0.68125 0.27031250000000007 0.5421875 0.27031250000000007 0.5421875 0.39531250000000007 0.68125 0.39531250000000007
22 0.80625 0.09179687500000008 0.680078125 0.09179687500000008 0.680078125 0.2765625000000001 0.80625 0.2765625000000001
22 0.8109375 0.27031250000000007 0.684765625 0.27031250000000007 0.684765625 0.4000000000000001 0.8109375 0.4000000000000002
22 0.96875 0.0898437500000001 0.77734375 0.08984375000000008 0.77734375 0.23593750000000008 0.96875 0.23593750000000008
22 0.95 0.2582031250000001 0.8078125 0.2582031250000001 0.8078125 0.3890625000000001 0.95 0.3890625000000001
22 0.2171875000000001 0.4578125 0.037109375000000056 0.4578125 0.03710937500000006 0.584375 0.2171875000000001 0.584375
22 0.3140625000000001 0.430078125 0.18710937500000005 0.430078125 0.18710937500000008 0.609375 0.3140625000000001 0.609375
22 0.46875 0.462890625 0.2894531250000001 0.462890625 0.2894531250000001 0.5890625 0.46875 0.5890625
22 0.591796875 0.461328125 0.406640625 0.461328125 0.406640625 0.5875 0.591796875 0.5875
22 0.7171875 0.465625 0.530859375 0.465625 0.530859375 0.5921875 0.7171875 0.5921875
22 0.8453125 0.46367187500000007 0.656640625 0.463671875 0.656640625 0.5843750000000001 0.8453125 0.5843750000000002
22 1 0.4917968750000002 0.874609375 0.4917968750000002 0.874609375 0.5562500000000001 1 0.5562500000000001
22 0.12031250000000009 0.603125 7.386151007357474e-17 0.603125 8.830851528226616e-17 0.8390625 0.12031250000000009 0.8390625
22 0.2390625000000001 0.6078125 0.1140625000000001 0.6078125 0.1140625000000001 0.8375 0.2390625000000001 0.8375
22 0.41093750000000007 0.659765625 0.1804687500000001 0.659765625 0.1804687500000001 0.7890625 0.4109375000000002 0.7890625
22 0.7296875 0.618359375 0.607421875 0.618359375 0.6074218750000001 0.8484375 0.7296875000000002 0.8484375
22 0.903125 0.6777343750000001 0.67890625 0.677734375 0.67890625 0.7968750000000001 0.903125 0.7968750000000002
22 1 0.6718750000000002 0.7953125 0.6718750000000002 0.7953125000000001 0.8015625 1 0.8015625