22 0.33515625000000004 0.3625 0.06562500000000004 0.3625 0.06562500000000006 0.57890625 0.3351562500000001 0.57890625
22 0.603125 0.38750000000000007 0.3312500000000001 0.3875 0.3312500000000001 0.57265625 0.603125 0.57265625
22 0.85859375 0.4125000000000001 0.60625 0.4125 0.60625 0.5976562500000001 0.85859375 0.5976562500000002
22 1 0.3734375000000001 0.853125 0.3734375000000001 0.853125 0.5945312500000002 1 0.5945312500000002
22 0.2109375 0.19375000000000003 2.3727531733479968e-17 0.19375 3.0329143385133673e-17 0.3015625 0.2109375 0.3015625
22 0.4421875 0.20781250000000004 0.2234375 0.2078125 0.2234375 0.30156250000000007 0.4421875 0.30156250000000007
22 0.6078125 0.27812500000000007 0.4203125 0.27812500000000007 0.4203125 0.3695312500000001 0.6078125 0.3695312500000001
22 0.821875 0.2671875000000001 0.603125 0.2671875000000001 0.603125 0.3828125000000001 0.821875 0.3828125000000001
22 0.9984375 0.2500000000000001 0.7796875 0.2500000000000001 0.7796875 0.3867187500000001 0.9984375 0.3867187500000001
22 0.20625000000000004 0.3109375 0.014062500000000039 0.3109375 0.014062500000000042 0.3828125 0.2062500000000001 0.3828125
22 0.38671875000000006 0.30156250000000007 0.20625 0.3015625 0.20625000000000004 0.38125000000000003 0.3867187500000001 0.3812500000000001
22 0.5828125 0.3609375000000001 0.4046875 0.3609375000000001 0.4046875 0.409375 0.5828125 0.409375