22 0.9406001984374999 1.0619983961355952e-16 0.7937748015625 9.72093769977341e-17 0.7937748015625 0.12968750000000012 0.9406001984374999 0.12968750000000012
22 0.8140625 0.0001612109375000924 0.694903271875 0.0001612109375000851 0.694903271875 0.12031250000000009 0.8140625 0.12031250000000009
22 0.696875 0.00017361093750007875 0.5889880953125 0.00017361093750007213 0.5889880953125 0.12656250000000008 0.696875 0.12656250000000008
22 0.59375 0.00012400781250006563 0.4775669640625 0.0001240078125000585 0.4775669640625 0.11562500000000006 0.59375 0.11562500000000009
22 0.4984375 0.00012400781250005395 0.38240327500000004 0.00012400781250004685 0.38240327500000004 0.11562500000000005 0.4984375 0.11562500000000005
22 0.38125 4.046923103286622e-17 0.2796626984375 3.4248802848239585e-17 0.2796626984375 0.12187500000000004 0.38125 0.12187500000000004
22 0.3 0.010131448437500029 0.1728422609375 0.010131448437500022 0.1728422609375 0.11718750000000003 0.3 0.11718750000000004
22 0.8140625 0.2099826390625001 0.6421875 0.2099826390625001 0.6421875 0.3140625000000001 0.8140625 0.3140625000000001
22 0.725 0.2062500000000001 0.5458953375 0.2062500000000001 0.5458953375 0.3109002984375001 0.725 0.3109002984375001
22 0.5828125 0.18750000000000006 0.488678075 0.18750000000000006 0.488678075 0.3359375000000001 0.5828125 0.3359375000000001
22 0.49375 0.17500000000000004 0.395163690625 0.17500000000000004 0.395163690625 0.33281250000000007 0.49375 0.33281250000000007
22 0.4234375 0.19911954375000004 0.265625 0.19911954375000004 0.265625 0.30625 0.4234375 0.3062500000000001
22 0.3125 0.18313492187500002 0.16119791718750004 0.183134921875 0.16119791718750004 0.3265625 0.3125 0.3265625
22 0.8140625 0.42656250000000007 0.6543030765625 0.4265625 0.6543030765625 0.5311135921875001 0.8140625 0.5311135921875001
22 0.6918154765625 0.41571180625000004 0.5894345234375 0.41571180625000004 0.5894345234375 0.5546006953125 0.6918154765625 0.5546006953125
22 0.6171875 0.42307787656249995 0.4742063484375 0.42307787656249995 0.4742063484375 0.5265625 0.6171875 0.5265625
22 0.5015625 0.39846230156250007 0.40115327343749996 0.39846230156250007 0.40115327343749996 0.54375 0.5015625 0.54375
22 0.4109375 0.398772321875 0.31128472187500006 0.398772321875 0.31128472187500006 0.546875 0.4109375 0.546875
22 0.3202752984375001 0.390625 0.2250372015625001 0.390625 0.2250372015625001 0.5390625 0.3202752984375001 0.5390625
22 0.865625 0.6032118062500001 0.6883184515625 0.60321180625 0.6883184515625 0.7171875000000001 0.865625 0.7171875000000002
22 0.7359375000000001 0.5719866062500001 0.6171875 0.5719866062500001 0.6171875000000001 0.7562500000000001 0.7359375000000001 0.7562500000000002
22 0.6500000000000001 0.6026413703125 0.4671875 0.6026413703125 0.4671875000000001 0.728125 0.6500000000000001 0.728125
22 0.4921875000000001 0.5775173609375 0.3771329359375001 0.5775173609375 0.3771329359375001 0.7375 0.49218750000000017 0.7375
22 0.403125 0.597718253125 0.23302331406250007 0.597718253125 0.23302331406250007 0.7125 0.403125 0.7125
22 0.8703125 0.7949900796875001 0.7097346234375002 0.7949900796875 0.7097346234375002 0.93125 0.8703125 0.93125
22 0.7984375000000001 0.8134176578125001 0.5914558531250002 0.8134176578125001 0.5914558531250002 0.9625 0.7984375000000001 0.9625
22 0.6812500000000001 0.8021329359375 0.44978918593750017 0.8021329359375 0.44978918593750017 0.9203125 0.6812500000000001 0.9203125
22 0.5515625000000002 0.8095486109375001 0.3439856156250001 0.8095486109375001 0.3439856156250001 0.93125 0.5515625000000002 0.93125
22 0.41718750000000016 0.7958953375 0.2156250000000001 0.7958953375 0.2156250000000001 0.9359375 0.41718750000000016 0.9359375