22 0.1359375 0.05937500000000001 7.271340369937409e-18 0.059375 1.329889883449079e-17 0.1578125 0.1359375 0.1578125
22 0.3640625 0.27190020156250005 0.2023689515625 0.2719002015625 0.2023689515625 0.34843750000000007 0.3640625 0.34843750000000007
22 0.24687500000000004 0.219279234375 0.14684979843750004 0.219279234375 0.14684979843750004 0.385408265625 0.2468750000000001 0.385408265625
22 0.15146169375000004 0.2522681453125 3.089393766837925e-17 0.2522681453125 3.7356665475185245e-17 0.3578125 0.15146169375000004 0.3578125
22 0.3435483875000001 0.44581653125000004 0.19687500000000005 0.44581653125000004 0.19687500000000005 0.5296875 0.3435483875000001 0.5296875
22 0.13906250000000006 0.4068296375 0.031401209375000044 0.4068296375 0.03140120937500006 0.5921875 0.1390625000000001 0.5921875
22 0.27812500000000007 0.5825604828125 0.1828629031250001 0.5825604828125 0.1828629031250001 0.746875 0.27812500000000007 0.746875
22 0.18125000000000008 0.60635080625 0.08122479843750006 0.60635080625 0.08122479843750008 0.7748991937499999 0.18125000000000008 0.7748991937499999
22 0.07656250000000007 0.6098790328125 0.0003528218750000849 0.6098790328125 0.0003528218750000951 0.7765625 0.07656250000000009 0.7765625
22 0.30156250000000007 0.8018901203125001 0.18883568593750008 0.8018901203125001 0.1888356859375001 0.9796875 0.30156250000000007 0.9796875
22 0.2250000000000001 0.42227822656249997 0.14125504062500005 0.42227822656249997 0.14125504062500008 0.571471775 0.2250000000000001 0.571471775
22 0.1890625000000001 0.803276209375 0.06829637187500008 0.803276209375 0.06829637187500011 1 0.18906250000000013 1
22 0.11406250000000011 0.88515625 1.0840037683077745e-16 0.88515625 1.1265793796843815e-16 0.9546875 0.11406250000000014 0.9546875