22 1 0.04761904687500011 0.797619046875 0.0476190468750001 0.797619046875 0.40873015937500023 1 0.40873015937500023
22 0.80634920625 0.050793651562500076 0.6134920640625 0.05079365156250006 0.6134920640625 0.41190476250000013 0.80634920625 0.4119047625000002
22 0.615873015625 0.06349206406250005 0.4325396828125 0.06349206406250005 0.4325396828125 0.41507936562500003 0.615873015625 0.41507936562500003
22 0.44603174531249995 0.04920634843750005 0.2579365078125 0.04920634843750003 0.25793650781250005 0.41031746093750004 0.44603174531249995 0.41031746093750004
22 0.265079365625 0.06190476250000001 0.025396825000000012 0.0619047625 0.02539682500000003 0.40396825468750003 0.26507936562500006 0.40396825468750003
22 1 0.4190476187500002 0.7619047625 0.4190476187500002 0.7619047625 0.7119047625000002 1 0.7119047625000002
22 0.7682539687500001 0.4190476187500001 0.5388888890625 0.41904761874999996 0.5388888890625001 0.7341269843750001 0.7682539687500002 0.7341269843750002
22 0.528571428125 0.4079365078125 0.2888888890625001 0.4079365078125 0.2888888890625001 0.71825396875 0.528571428125 0.71825396875
22 0.9730158734375 0.7158730156250002 0.7507936515625 0.7158730156250002 0.7507936515625001 0.8865079359375001 0.9730158734375 0.8865079359375001
22 0.7507936515625001 0.715873015625 0.5166666671875 0.7158730156249999 0.5166666671875001 0.88174603125 0.7507936515625002 0.88174603125
22 0.5222222218750001 0.7174603171875 0.2904761906250001 0.7174603171875 0.2904761906250001 0.88095238125 0.5222222218750001 0.88095238125
22 0.2920634921875001 0.7158730156249999 0.06031746093750009 0.7158730156249999 0.0603174609375001 0.88174603125 0.2920634921875001 0.88174603125