22 0.28359375 2.1479156750670373e-17 0.0671875 8.228095681771279e-18 0.06718750000000001 0.18984375000000003 0.28359375 0.18984375000000003
22 0.18125000000000002 0.1609375 0.007812500000000019 0.1609375 0.00781250000000004 0.509375 0.18125000000000005 0.509375
22 0.31953125000000004 0.184375 0.15156250000000004 0.184375 0.15156250000000004 0.49921875 0.3195312500000001 0.49921875
22 0.56484375 0.14687500000000006 0.303125 0.14687500000000003 0.30312500000000003 0.4953125 0.56484375 0.4953125
22 0.8 0.2562500000000001 0.603125 0.2562500000000001 0.603125 0.6000000000000001 0.8 0.6000000000000002
22 1 1.0964415873616147e-16 0.790625 9.682363755758761e-17 0.790625 0.2523437500000001 1 0.2523437500000001
22 1 0.3734375000000001 0.853125 0.3734375000000001 0.853125 0.6976562500000002 1 0.6976562500000002
22 0.1187500000000001 0.5734375 0.003125000000000071 0.5734375 0.0031250000000000917 0.91953125 0.11875000000000013 0.91953125
22 0.2554687500000001 0.565625 0.07500000000000007 0.565625 0.0750000000000001 0.91171875 0.2554687500000001 0.91171875
22 0.4609375000000001 0.6265625 0.27812500000000007 0.6265625 0.27812500000000007 0.9484375 0.46093750000000017 0.9484375
22 0.6507812500000001 0.6203125 0.465625 0.6203125 0.46562500000000007 0.93515625 0.6507812500000002 0.93515625
22 0.83828125 0.55 0.64375 0.55 0.64375 0.934375 0.83828125 0.934375
22 0.9984375 0.7140625000000002 0.828125 0.7140625000000002 0.828125 0.99765625 0.9984375 0.99765625