22 0.275 0.301668075 0.08614864843750004 0.301668075 0.08614864843750006 0.478125 0.2750000000000001 0.478125
22 0.4578125 0.2788851359375001 0.26619510156250004 0.27888513593750003 0.26619510156250004 0.48412162187499996 0.4578125 0.48412162187499996
22 0.23745777031249998 0.06258445937500001 0.04742398593750001 0.062584459375 0.047423985937500024 0.29375 0.23745777031249998 0.29375
22 0.4640625 0.28120776875000003 0.2750633453125 0.28120776875 0.27506334531250004 0.4828125 0.4640625 0.4828125
22 0.4296875 0.04826858125000004 0.1994510125 0.04826858125000002 0.19945101250000002 0.290625 0.4296875 0.2906250000000001
22 0.6780827703125001 0.2931587828125001 0.490625 0.2931587828125001 0.490625 0.4921875 0.6780827703125001 0.4921875
22 0.8828125 0.27031250000000007 0.695734796875 0.27031250000000007 0.695734796875 0.4937500000000001 0.8828125 0.4937500000000002
22 0.7109375 0.05625000000000008 0.460620778125 0.056250000000000064 0.460620778125 0.2796875000000001 0.7109375 0.2796875000000001
22 0.9358108109375 0.040519425000000095 0.6891891890624999 0.04051942500000009 0.6891891890624999 0.2906250000000001 0.9358108109375 0.2906250000000001
22 0.46875 0.00008445937500004232 0.22238175781249997 0.00008445937500002723 0.22238175781249997 0.04375000000000004 0.46875 0.04375000000000005
22 0.7125 0.0003167218750000724 0.47014358125 0.0003167218750000576 0.47014358125 0.053125000000000075 0.7125 0.05312500000000009
22 0.8453125 1.0048258024146348e-16 0.79569256875 9.744423574250227e-17 0.79569256875 0.1468750000000001 0.8453125 0.1468750000000001