22 0.09062500000000002 5.549180808636446e-18 0 0 2.27707764216461e-17 0.371875 0.09062500000000004 0.371875
22 0.24062500000000003 2.0474563673244818e-17 0.09375 1.1481063742006437e-17 0.09375000000000003 0.3671875 0.2406250000000001 0.3671875
22 0.5109375 0.10546875000000003 0.13984375 0.10546875 0.13984375000000002 0.26562500000000006 0.5109375 0.2656250000000001
22 0.5671875 0.0031250000000000596 0.4109375 0.00312500000000005 0.4109375 0.3687500000000001 0.5671875 0.3687500000000001
22 0.73125 7.969771747576135e-17 0.5703125 6.984313776387249e-17 0.5703125 0.3578125000000001 0.73125 0.3578125000000001
22 0.7328125 7.948244753059872e-17 0.565234375 6.922124681118048e-17 0.565234375 0.3656250000000001 0.7328125 0.3656250000000001
22 0.9859375 0.1109375000000001 0.620703125 0.11093750000000009 0.620703125 0.25468750000000007 0.9859375 0.25468750000000007
22 0.9984375 1.146192863576976e-16 0.8734375 1.0696524386302664e-16 0.8734375 0.37187500000000007 0.9984375 0.37187500000000007
22 0.34062500000000007 0.698828125 8.558176264353964e-17 0.698828125 9.569945006618282e-17 0.8640625 0.34062500000000007 0.8640625
22 0.3687500000000001 0.5578125 0.1937500000000001 0.5578125 0.19375000000000012 0.996875 0.3687500000000001 0.996875
22 0.5968750000000002 0.766015625 0.2960937500000001 0.766015625 0.2960937500000001 0.93125 0.5968750000000002 0.93125
22 0.6984375 0.558203125 0.528125 0.558203125 0.5281250000000001 0.996875 0.6984375000000002 0.996875
22 0.9921875 0.696484375 0.554296875 0.696484375 0.5542968750000001 0.859375 0.9921875 0.859375
22 1 0.5468750000000002 0.8453125 0.5468750000000002 0.8453125 0.9625 1 0.9625