22 1 0.04459907500000011 0.789858821875 0.0445990750000001 0.789858821875 0.2093750000000001 1 0.2093750000000001
22 0.8203125 0.00017584375000009013 0.651509746875 0.0001758437500000798 0.651509746875 0.2640625000000001 0.8203125 0.2640625000000001
22 0.70625 0.05794815156250007 0.43497286874999996 0.05794815156250005 0.43497286874999996 0.21389670468750008 0.70625 0.21389670468750008
22 0.49375 0.004687500000000051 0.3344578984375 0.0046875000000000415 0.3344578984375 0.26875000000000004 0.49375 0.2687500000000001
22 0.39375 0.056332898437500036 0.130162278125 0.05633289843750002 0.13016227812500003 0.21710460312500005 0.39375 0.21710460312500007
22 0.9921071140625 0.28774618125000007 0.8241006828125 0.28774618125000007 0.8241006828125 0.5140625000000002 0.9921071140625 0.5140625000000002
22 0.86875 0.3325537578125001 0.641916196875 0.3325537578125001 0.641916196875 0.4703125000000001 0.86875 0.4703125000000002
22 0.570234625 0.32620076406250004 0.3572121171875 0.3262007640625 0.35721211718750007 0.471875 0.570234625 0.471875
22 0.384375 0.29250150781250006 0.256903134375 0.2925015078125 0.256903134375 0.5046875 0.3843750000000001 0.5046875
22 0.953125 0.5302803453125001 0.8129270484375001 0.5302803453125001 0.8129270484375001 0.7265625000000002 0.953125 0.7265625000000002
22 0.8109375 0.5415795828125001 0.6783209421875 0.5415795828125 0.6783209421875 0.7187500000000001 0.8109375 0.7187500000000002
22 0.7015625 0.5602491953125 0.5234375 0.5602491953125 0.5234375 0.690625 0.7015625 0.690625
22 0.571875 0.556621784375 0.3951868968750001 0.556621784375 0.3951868968750001 0.684375 0.571875 0.684375
22 0.446875 0.5643589234374999 0.26929260468750005 0.5643589234374999 0.26929260468750005 0.684375 0.446875 0.684375
22 0.4281250000000001 0.7189308671875 0.32279441250000007 0.7189308671875 0.32279441250000007 0.85625 0.4281250000000002 0.85625
22 0.5640625000000001 0.7320036171875001 0.4292981312500002 0.7320036171875001 0.4292981312500002 0.853125 0.5640625000000001 0.853125
22 0.6671875000000002 0.7378491765625 0.5562876812500002 0.7378491765625 0.5562876812500002 0.865625 0.6671875000000002 0.865625
22 0.7484375000000002 0.8092092031250001 0.6109375000000001 0.8092092031250001 0.6109375000000001 0.9859375 0.7484375000000002 0.9859375
22 0.8859375 0.8154592046875001 0.7341690109375002 0.8154592046875001 0.7341690109375002 0.9921875 0.8859375 0.9921875