22 0.290625 2.5449691294780934e-17 0.125 1.5308084989341915e-17 0.12500000000000003 0.2453125 0.290625 0.2453125
22 0.4796875 4.800519777126441e-17 0.304296875 3.7265619395929225e-17 0.304296875 0.25000000000000006 0.4796875 0.2500000000000001
22 0.703125 0.035937500000000074 0.449609375 0.03593750000000005 0.449609375 0.22031250000000008 0.703125 0.22031250000000008
22 0.8640625 0.001562500000000094 0.671875 0.0015625000000000825 0.671875 0.2562500000000001 0.8640625 0.2562500000000001
22 0.29375000000000007 0.3078125 0.0031250000000000375 0.3078125 0.003125000000000048 0.4734375 0.29375000000000007 0.4734375
22 0.4421875 0.24882812500000004 0.2546875 0.248828125 0.25468750000000007 0.540625 0.4421875 0.540625
22 0.6859375 0.3050781250000001 0.394140625 0.3050781250000001 0.394140625 0.49375 0.6859375 0.49375
22 0.890625 0.3066406250000001 0.580859375 0.3066406250000001 0.580859375 0.5125000000000001 0.890625 0.5125000000000002
22 0.2609375000000001 0.5375 0.10468750000000004 0.5375 0.10468750000000007 0.8015625 0.2609375000000001 0.8015625
22 0.4625000000000001 0.6171875 0.1839843750000001 0.6171875 0.1839843750000001 0.7390625 0.4625000000000002 0.7390625
22 0.878125 0.6250000000000001 0.5875 0.625 0.5875000000000001 0.7906250000000001 0.878125 0.7906250000000001
22 1 0.6253906250000002 0.755859375 0.6253906250000002 0.7558593750000001 0.809375 1 0.809375
22 0.996875 0.2484375000000001 0.834375 0.2484375000000001 0.834375 0.5718750000000001 0.996875 0.5718750000000001