22 0.7491525421875 7.929069109100633e-17 0.5457627125 6.683665589571022e-17 0.5457627125 0.2644067796875001 0.7491525421875 0.2644067796875001
22 0.57288135625 6.055774642534987e-17 0.4161016953125 5.095776092842404e-17 0.4161016953125 0.18983050781250005 0.57288135625 0.18983050781250008
22 0.44237288125 4.042372277510778e-17 0.21779661093749997 2.6672392244975076e-17 0.21779661093749997 0.24915254218750005 0.44237288125 0.2491525421875001
22 0.7627118640624999 0.4152542375000001 0.566949153125 0.4152542375 0.566949153125 0.6550847453125 0.7627118640624999 0.6550847453125002
22 0.5322033890625 0.41186440625 0.3135593218750001 0.41186440625 0.3135593218750001 0.6364406781249999 0.5322033890625 0.6364406781249999
22 0.2457627125000001 0.416949153125 0.01101694843750005 0.416949153125 0.011016948437500068 0.7118644062499999 0.2457627125000001 0.7118644062499999
22 0.34406779687500005 0.25762711875 0.205932203125 0.25762711875 0.20593220312500002 0.528813559375 0.3440677968750001 0.528813559375
22 0.7745762718750002 0.7881355937500001 0.5525423734375001 0.7881355937500001 0.5525423734375001 0.9813559328125001 0.7745762718750002 0.9813559328125001
22 0.5728813562500001 0.8271186437500001 0.3669491531250001 0.8271186437500001 0.3669491531250001 0.994067796875 0.5728813562500001 0.994067796875
22 0.36779661093750005 0.8610169484375 0.1567796609375001 0.8610169484375 0.15677966093750012 1 0.36779661093750005 1
22 1 1.1353928794982727e-16 0.8542372874999999 1.0461389598491923e-16 0.8542372874999999 0.12203389843750012 1 0.12203389843750015
22 0.8796610171875001 9.880201293842962e-17 0.7338983046875 8.987662097352158e-17 0.7338983046875 0.0983050843750001 0.8796610171875001 0.0983050843750001