22 0.209375 1.2820521178573852e-17 0 0 1.951780836141094e-17 0.31875 0.209375 0.31875
22 0.471875 4.0566425221756075e-17 0.190625 2.3344829608746423e-17 0.19062500000000002 0.321875 0.471875 0.3218750000000001
22 0.76875 0.02890625000000007 0.45703125 0.028906250000000057 0.45703125 0.2921875000000001 0.76875 0.2921875000000001
22 0.9984375 0.014062500000000106 0.746484375 0.014062500000000089 0.746484375 0.31718750000000007 0.9984375 0.31718750000000007
22 0.23750000000000004 0.353515625 4.3293177860482604e-17 0.353515625 5.637680674981078e-17 0.5671875 0.2375000000000001 0.5671875
22 0.4765625 0.32890625000000007 0.209765625 0.32890625 0.20976562500000004 0.590625 0.4765625 0.590625
22 0.7421875 0.3238281250000001 0.474609375 0.3238281250000001 0.474609375 0.5750000000000001 0.7421875 0.5750000000000002
22 0.9828125 0.3296875000000001 0.7375 0.3296875000000001 0.7375 0.5890625000000002 0.9828125 0.5890625000000002
22 0.22031250000000008 0.61640625 7.548799410369232e-17 0.61640625 8.644284242419013e-17 0.7953125 0.22031250000000008 0.7953125
22 0.971875 0.5785156250000002 0.72890625 0.5785156250000002 0.7289062500000001 0.8140625 0.971875 0.8140625
22 0.2015625000000001 0.797265625 0.0343750000000001 0.797265625 0.034375000000000114 1 0.2015625000000001 1
22 0.4437500000000002 0.79375 0.2714843750000001 0.79375 0.2714843750000001 1 0.4437500000000002 1
22 0.6859375000000002 0.7921875 0.5000000000000002 0.7921875 0.5000000000000002 1 0.6859375000000002 1
22 0.92109375 0.7902343750000002 0.7265625000000002 0.7902343750000002 0.7265625000000002 1 0.92109375 1