22 1 1.1232491947731942e-16 0.8344051453124999 1.0218515903990352e-16 0.8344051453124999 0.25482315156250007 1 0.25482315156250007
22 0.8215434078125 9.017495718026187e-17 0.6511254015625 7.973986388670506e-17 0.6511254015625 0.2652733125000001 0.8215434078125 0.2652733125000001
22 0.649517684375 6.999388049513485e-17 0.49356913125 6.044478567432524e-17 0.49356913125 0.2725080390625001 0.649517684375 0.2725080390625001
22 0.4951768484375 0.004823151562500051 0.3344051453125 0.004823151562500042 0.3344051453125 0.26929260468750005 0.4951768484375 0.26929260468750005
22 0.3424437296875 0.004823151562500032 0.181672025 0.004823151562500022 0.18167202500000001 0.2692926046875 0.3424437296875 0.2692926046875
22 0.9919614140625 0.28778135000000005 0.823954984375 0.28778135000000005 0.823954984375 0.5152733125000002 0.9919614140625 0.5152733125000002
22 0.8247588421875 0.28778135000000005 0.6864951765625 0.28778135000000005 0.6864951765625 0.5152733125000001 0.8247588421875 0.5152733125000002
22 0.5369774921875 0.2926045015625001 0.390675240625 0.2926045015625001 0.39067524062500003 0.505627009375 0.5369774921875 0.505627009375
22 0.38585209062500003 0.29260450156250006 0.2572347265625 0.2926045015625 0.2572347265625 0.505627009375 0.3858520906250001 0.505627009375
22 0.95337620625 0.5305466234375003 0.8127009640624999 0.5305466234375003 0.8127009640624999 0.7282958203125002 0.95337620625 0.7282958203125002
22 0.81189710625 0.54180064375 0.6784565921875 0.54180064375 0.6784565921875 0.7202572343750001 0.81189710625 0.7202572343750002
22 0.6784565921875 0.5369774921875 0.547427653125 0.5369774921875 0.547427653125 0.715434084375 0.6784565921875 0.715434084375
22 0.5482315109375 0.532154340625 0.41961414843749995 0.532154340625 0.41961414843749995 0.7106109328125 0.5482315109375 0.7106109328125
22 0.41961414843749995 0.535369775 0.2982315109375001 0.535369775 0.2982315109375001 0.7138263671875 0.41961414843749995 0.7138263671875
22 0.4292604500000001 0.7186495171875 0.3231511250000001 0.7186495171875 0.3231511250000001 0.8569131828125001 0.42926045000000024 0.8569131828125001
22 0.5578778140625001 0.7250803859375 0.43649517656250003 0.7250803859375 0.43649517656250014 0.8609324765625 0.5578778140625003 0.8609324765625
22 0.6672025718750001 0.737942121875 0.5562700968750002 0.737942121875 0.5562700968750002 0.8665594859375 0.6672025718750001 0.8665594859375
22 0.7491961421875002 0.8086816718750001 0.6109324765625002 0.8086816718750001 0.6109324765625002 0.9871382640625 0.7491961421875002 0.9871382640625
22 0.8874598078125 0.8151125406249999 0.7339228296875001 0.8151125406249999 0.7339228296875001 0.9935691312499999 0.8874598078125 0.9935691312499999