22 0.778125 0.029925846875000085 0.515426378125 0.029925846875000068 0.515426378125 0.2328125000000001 0.778125 0.2328125000000001
22 0.571875 6.049855733203646e-17 0.4161414203125 5.096262583783365e-17 0.4161414203125 0.18906250000000008 0.571875 0.18906250000000008
22 0.4421875 0.0003575218750000404 0.21819385625 0.0003575218750000267 0.21819385625 0.24843750000000003 0.4421875 0.2484375000000001
22 0.7609375 0.4156250000000001 0.5669359109375 0.415625 0.5669359109375 0.6546875000000001 0.7609375 0.6546875000000002
22 0.53125 0.4119306140625 0.31411546718750005 0.4119306140625 0.31411546718750005 0.634375 0.53125 0.634375
22 0.2453125000000001 0.41651218281249996 0.01128177968750005 0.41651218281249996 0.011281779687500068 0.7109375 0.2453125000000001 0.7109375
22 0.409375 0.32415254218750006 0.13965836875000004 0.3241525421875 0.13965836875000004 0.4609375 0.409375 0.4609375
22 0.7734375000000002 0.7885063578125001 0.5520391968750002 0.7885063578125 0.5520391968750002 0.98125 0.7734375000000002 0.98125
22 0.5531250000000002 0.8080243640625 0.3868776484375001 0.8080243640625 0.3868776484375001 1 0.5531250000000002 1
22 0.3671875000000001 0.8609772234375 0.15625000000000008 0.8609772234375 0.1562500000000001 0.9999602765625 0.3671875000000001 0.9999602765625
22 0.9984375 1.134573962010704e-16 0.8544623937500001 1.046414635497723e-16 0.8544623937500001 0.12187500000000011 0.9984375 0.12187500000000014
22 0.8546875 9.87217427942508e-17 0.7575609109375 9.277445447387626e-17 0.7575609109375 0.12031250000000009 0.8546875 0.12031250000000009