22 0.73828125 8.29028477704048e-17 0.615625 7.539231857250894e-17 0.615625 0.19687500000000008 0.73828125 0.19687500000000008
22 0.66171875 0.1984375000000001 0.5609375 0.1984375000000001 0.5609375 0.4 0.66171875 0.4
22 0.78046875 0.1906250000000001 0.653125 0.1906250000000001 0.653125 0.39531250000000007 0.78046875 0.39531250000000007
22 0.91328125 0.1953125000000001 0.790625 0.19531250000000008 0.790625 0.3804687500000001 0.91328125 0.3804687500000001
22 0.7429687500000001 0.5828125000000001 0.6203125 0.5828125 0.6203125 0.7679687500000001 0.7429687500000002 0.7679687500000002
22 0.8796875 0.5515625000000002 0.759375 0.5515625000000002 0.759375 0.7195312500000002 0.8796875 0.7195312500000002
22 0.89921875 0.7218750000000002 0.803125 0.7218750000000002 0.803125 0.8828125 0.89921875 0.8828125
22 0.85859375 0.8890625 0.7531250000000002 0.8890625 0.7531250000000002 1 0.85859375 1
22 0.7234375000000002 0.7703125 0.6437500000000002 0.7703125 0.6437500000000002 0.984375 0.7234375000000002 0.984375
22 0.6507812500000002 0.775 0.5812500000000002 0.775 0.5812500000000002 0.971875 0.6507812500000002 0.971875
22 0.20859375000000008 0.653125 0.08125000000000009 0.653125 0.0812500000000001 0.89609375 0.20859375000000008 0.89609375
22 0.30937500000000007 0.628125 0.2328125000000001 0.628125 0.2328125000000001 0.85390625 0.30937500000000007 0.85390625
22 0.38359375000000007 0.6515625 0.30937500000000007 0.6515625 0.30937500000000007 0.85078125 0.38359375000000007 0.85078125