22 0.4671875 4.5732903905658965e-17 0.2796875 3.425184016365254e-17 0.2796875 0.30937500000000007 0.4671875 0.30937500000000007
22 0.5859375 6.297841840146447e-17 0.442578125 5.4200188415388723e-17 0.442578125 0.2406250000000001 0.5859375 0.2406250000000001
22 0.8125 0.044531250000000085 0.518359375 0.044531250000000064 0.518359375 0.2500000000000001 0.8125 0.2500000000000001
22 0.446875 0.448828125 0.2675781250000001 0.448828125 0.2675781250000001 0.66875 0.446875 0.66875
22 0.684375 0.448046875 0.47734375 0.448046875 0.47734375 0.6484375 0.684375 0.6484375
22 0.9875 0.4781250000000001 0.716015625 0.478125 0.716015625 0.6937500000000001 0.9875 0.6937500000000002
22 0.840625 0.36406250000000007 0.591796875 0.36406250000000007 0.591796875 0.4914062500000001 0.840625 0.49140625000000016
22 0.4468750000000002 0.77890625 0.2695312500000001 0.77890625 0.2695312500000001 0.9828125 0.4468750000000002 0.9828125
22 0.6312500000000002 0.828125 0.4421875000000002 0.828125 0.4421875000000002 0.98125 0.6312500000000002 0.98125
22 0.7968750000000002 0.83125 0.6589843750000002 0.83125 0.6589843750000002 1 0.7968750000000002 1
22 0.1796875 1.1146199382864583e-17 0.00234375 2.870265935501609e-19 0.002343750000000011 0.1796875 0.1796875 0.1796875
22 0.29375 2.7745904043182222e-17 0.159375 1.951780836141094e-17 0.159375 0.15625000000000003 0.29375 0.15625000000000006