22 0.84032258125 0.17096774218750008 0.701612903125 0.17096774218750008 0.701612903125 0.3548387093750001 0.84032258125 0.3548387093750001
22 0.3629032265625 0.16774193593750003 0.1814516125 0.16774193593750003 0.18145161250000003 0.37338709687500005 0.36290322656250007 0.37338709687500005
22 0.43064516093750005 0.17741935468750006 0.3588709671875 0.17741935468750006 0.3588709671875 0.36370967812500005 0.43064516093750005 0.3637096781250001
22 0.9290322578125 0.3741935484375001 0.7032258062500001 0.3741935484375001 0.7032258062500001 0.5604838703125001 0.9290322578125 0.5604838703125001
22 0.7129032265624999 0.3741935484375001 0.504838709375 0.3741935484375001 0.504838709375 0.56532258125 0.7129032265624999 0.56532258125
22 0.5016129031250001 0.36935483906250005 0.33064516093750007 0.3693548390625 0.33064516093750007 0.56532258125 0.5016129031250001 0.56532258125
22 0.5048387093750001 0.5645161296875 0.3258064515625001 0.5645161296875 0.3258064515625001 0.7604838703125 0.5048387093750002 0.7604838703125
22 0.8983870968750001 0.7709677421875001 0.7024193546875002 0.7709677421875 0.7024193546875002 0.941935484375 0.8983870968750001 0.941935484375
22 0.7048387093750001 0.7677419359375001 0.5161290328125002 0.7677419359375001 0.5161290328125002 0.9314516125000001 0.7048387093750001 0.9314516125000001
22 0.5112903218750001 0.7629032265625 0.3403225812500001 0.7629032265625 0.3403225812500001 0.9290322578125 0.5112903218750001 0.9290322578125
22 0.3322580640625001 0.75967741875 0.1612903218750001 0.75967741875 0.16129032187500011 0.9209677421875 0.3322580640625001 0.9209677421875
22 0.8887096781249999 0.938709678125 0.7072580640625001 0.938709678125 0.7072580640625001 1 0.8887096781249999 1
22 0.7096774187500002 0.9354838703125001 0.5459677421875002 0.9354838703125001 0.5459677421875002 1 0.7096774187500002 1
22 0.5322580640625001 0.9258064515625 0.3637096781250001 0.9258064515625 0.3637096781250001 1 0.5322580640625001 1
22 0.3596774187500001 0.9209677421875 0.19112903281250013 0.9209677421875 0.19112903281250013 1 0.3596774187500001 1