22 1 0.3321344328125001 0.7815448109375 0.3321344328125001 0.7815448109375 0.5375000000000002 1 0.5375000000000002
22 0.4921875 0.30803360781250005 0.2803459140625 0.3080336078125 0.28034591406250003 0.5203125 0.4921875 0.5203125
22 0.996875 0.5348319578125003 0.770897209375 0.5348319578125003 0.770897209375 0.6671875000000002 0.996875 0.6671875000000002
22 0.78125 0.5077731937500001 0.5698997640625 0.5077731937500001 0.5698997640625 0.7125000000000001 0.78125 0.7125000000000001
22 0.50625 0.5192364390625 0.2945852984375001 0.5192364390625 0.2945852984375001 0.5984375 0.50625 0.5984375
22 0.503125 0.5899518484375 0.30521324687500007 0.5899518484375 0.30521324687500007 0.640625 0.503125 0.640625
22 0.5046875 0.6358097484375 0.30601415156250006 0.6358097484375 0.30601415156250006 0.675 0.5046875 0.675
22 0.3140625000000001 0.50969929375 0.17292157968750005 0.50969929375 0.17292157968750005 0.7 0.3140625000000001 0.7
22 0.16406250000000006 0.528242925 0.041140920312500065 0.528242925 0.04114092031250008 0.7015625 0.16406250000000008 0.7015625
22 0.11562500000000009 0.56113895625 6.871970266484493e-17 0.56113895625 7.22473616810437e-17 0.61875 0.11562500000000009 0.61875
22 0.7078125000000001 0.6315841203125 0.6360455984375 0.6315841203125 0.6360455984375001 0.8546875 0.7078125000000002 0.8546875
22 0.3531250000000001 0.7369103765625 0.1845813671875001 0.7369103765625 0.1845813671875001 0.8328125 0.3531250000000001 0.8328125
22 0.0656250000000001 0.702658215625 0.00020636718750008604 0.702658215625 0.00020636718750009601 0.865625 0.06562500000000011 0.865625