22 0.17031250000000003 0.103125 1.262917011620708e-17 0.103125 3.4538866757202695e-17 0.4609375 0.17031250000000003 0.4609375
22 0.45625 0.16171875000000002 0.09882812500000002 0.16171875 0.09882812500000003 0.4046875 0.45625 0.4046875
22 0.671875 0.06718750000000007 0.425 0.06718750000000004 0.425 0.425 0.671875 0.425
22 0.909375 0.0671875000000001 0.680078125 0.0671875000000001 0.680078125 0.44218750000000007 0.909375 0.4421875000000002
22 0.22031250000000008 0.534765625 6.548990109502837e-17 0.534765625 7.780812573488945e-17 0.7359375 0.22031250000000008 0.7359375
22 0.428125 0.520703125 0.17187500000000006 0.520703125 0.17187500000000006 0.7171875 0.428125 0.7171875
22 0.5875000000000001 0.601953125 0.3984375000000001 0.601953125 0.3984375000000001 0.7453125 0.5875000000000001 0.7453125
22 0.7828125000000001 0.5640625000000001 0.593359375 0.5640625 0.5933593750000001 0.7375 0.7828125000000001 0.7375000000000002
22 1 0.5007812500000002 0.72890625 0.5007812500000002 0.72890625 0.6921875000000002 1 0.6921875000000002
22 0.2828125000000001 0.780859375 0.10781250000000009 0.780859375 0.10781250000000012 0.95 0.2828125000000001 0.95
22 0.4664062500000002 0.779296875 0.3031250000000001 0.779296875 0.3031250000000001 0.9609375 0.4664062500000002 0.9609375
22 0.6515625000000002 0.765625 0.48632812500000017 0.765625 0.48632812500000017 0.95 0.6515625000000002 0.95
22 0.8359375 0.7703125000000001 0.6714843750000001 0.7703125 0.6714843750000001 0.9375 0.8359375 0.9375
22 1 0.7726562500000002 0.829296875 0.7726562500000002 0.829296875 0.9296875 1 0.9296875