22 0.2 1.2246467991473533e-17 0 0 1.923078176786078e-17 0.3140625 0.2 0.3140625
22 0.4703125 0.00027721718750003987 0.18125 0.0002772171875000222 0.18125000000000002 0.31718750000000007 0.4703125 0.31718750000000007
22 0.7515625 0.00020161250000007543 0.4803931453125 0.00020161250000005882 0.4803931453125 0.3125000000000001 0.7515625 0.3125000000000001
22 1 0.0339465718750001 0.720766128125 0.03394657187500009 0.720766128125 0.27812500000000007 1 0.27812500000000007
22 0.20468750000000005 0.3257560484375 0.00007560468750003989 0.3257560484375 0.0000756046875000563 0.59375 0.20468750000000008 0.59375
22 0.47341229843750005 0.32290826718750004 0.2032510078125 0.3229082671875 0.20325100781250005 0.5984375 0.47341229843750005 0.5984375
22 0.7421875 0.3109375000000001 0.4828125 0.3109375000000001 0.4828125 0.5890625 0.7421875 0.5890625000000002
22 1 0.3329637109375001 0.7383820562500001 0.3329637109375001 0.7383820562500001 0.5859375000000002 1 0.5859375000000002
22 0.21875000000000008 0.6301411296875 7.717003174828941e-17 0.6301411296875 8.747521230885545e-17 0.7984375 0.21875000000000008 0.7984375
22 0.9828125 0.5787802406250002 0.7399193546875 0.5787802406250002 0.7399193546875 0.828125 0.9828125 0.828125
22 0.1906250000000001 0.8084173390625 0.0353830640625001 0.8084173390625 0.035383064062500115 1 0.19062500000000013 1
22 0.43281250000000016 0.79609375 0.2731602828125001 0.79609375 0.2731602828125001 1 0.43281250000000016 1
22 0.6812500000000001 0.79422883125 0.5092489921875002 0.79422883125 0.5092489921875002 1 0.6812500000000001 1
22 0.95 0.8163810484375 0.7196572593750001 0.8163810484375 0.7196572593750001 1 0.95 1