22 0.7234375 0.3654166671875001 0.46276041718750005 0.3654166671875001 0.46276041718750005 0.4390625 0.7234375 0.4390625
22 0.778125 0.3750000000000001 0.5427604171875 0.3750000000000001 0.5427604171875 0.4437500000000001 0.778125 0.4437500000000002
22 0.6452083328125 0.5734375 0.5860416671875 0.5734375 0.5860416671875 0.7140625 0.6452083328125 0.7140625
22 0.7008333328125 0.570364584375 0.6366666671875 0.570364584375 0.6366666671875 0.7046875 0.7008333328125 0.7046875
22 0.7921875 0.6059375000000001 0.672239584375 0.6059375 0.672239584375 0.6640625000000001 0.7921875 0.6640625000000002
22 0.6187500000000001 0.844375 0.5243229171875001 0.844375 0.5243229171875001 0.909375 0.6187500000000001 0.909375
22 0.6109375000000001 0.9032291656250001 0.5684375015625002 0.9032291656250001 0.5684375015625002 0.9623958343749999 0.6109375000000001 0.9623958343749999
22 0.6703125000000002 0.853125 0.6020833328125001 0.853125 0.6020833328125001 0.921875 0.6703125000000002 0.921875
22 0.7671875000000001 0.7913020828125001 0.6204687500000002 0.7913020828125 0.6204687500000002 0.8421875 0.7671875000000001 0.8421875
22 0.7656250000000002 0.7562500000000001 0.7236458328125002 0.75625 0.7236458328125002 0.86875 0.7656250000000002 0.86875
22 0.8296875 0.7859895843750002 0.7375520828125002 0.7859895843750002 0.7375520828125002 0.8484375 0.8296875 0.8484375
22 0.7515625000000001 0.930729165625 0.6757812484375002 0.930729165625 0.6757812484375002 0.9921875 0.7515625000000001 0.9921875
22 0.8078125 0.92015625 0.7187500000000002 0.92015625 0.7187500000000002 0.9984375 0.8078125 0.9984375