22 0.9596774187499999 0.3580645156250001 0.6814516125 0.3580645156250001 0.6814516125 0.5814516125000001 0.9596774187499999 0.5814516125000002
22 0.6854838703125 0.3838709671875001 0.404838709375 0.3838709671875001 0.404838709375 0.575 0.6854838703125 0.575
22 0.40161290312500003 0.40967741875 0.14112903281250005 0.40967741875 0.14112903281250005 0.6008064515625 0.40161290312500003 0.6008064515625
22 0.14677419375000006 0.3693548390625 4.523292214074764e-17 0.3693548390625 5.920772229609196e-17 0.5975806453125 0.1467741937500001 0.5975806453125
22 1 0.18387096718750012 0.80967741875 0.1838709671875001 0.80967741875 0.2951612906250001 1 0.2951612906250001
22 0.7967741937499999 0.19838709687500009 0.5709677421875 0.19838709687500009 0.5709677421875 0.2951612906250001 0.7967741937499999 0.2951612906250001
22 0.5935483875 0.2709677421875001 0.4 0.2709677421875001 0.4 0.3653225812500001 0.5935483875 0.3653225812500001
22 0.404838709375 0.25967741875000006 0.17903225781250004 0.25967741875 0.17903225781250004 0.37903225781250005 0.404838709375 0.3790322578125001
22 0.22258064531250005 0.24193548437499998 2.962855165400082e-17 0.24193548437499998 3.8270212473354795e-17 0.383064515625 0.2225806453125001 0.383064515625
22 1 0.3048387093750001 0.8145161296874999 0.3048387093750001 0.8145161296874999 0.3790322578125001 1 0.3790322578125001
22 0.8145161296874999 0.2951612906250001 0.62822580625 0.2951612906250001 0.62822580625 0.3774193546875001 0.8145161296874999 0.3774193546875001
22 0.60967741875 0.35645161250000007 0.42580645156249997 0.35645161250000007 0.42580645156249997 0.4064516125 0.60967741875 0.4064516125