22 0.2671875 0.16562500000000002 0.034375000000000024 0.165625 0.03437500000000003 0.353125 0.2671875 0.353125
22 0.49453125 0.17187500000000006 0.2734375 0.17187500000000006 0.2734375 0.35000000000000003 0.49453125 0.3500000000000001
22 0.740625 0.15937500000000007 0.5 0.15937500000000004 0.5 0.36406250000000007 0.740625 0.36406250000000007
22 0.95625 0.1734375000000001 0.728125 0.17343750000000008 0.728125 0.3539062500000001 0.95625 0.3539062500000001
22 0.259375 0.35625 0.04531250000000005 0.35625 0.045312500000000054 0.5265625 0.2593750000000001 0.5265625
22 0.5 0.35156250000000006 0.2640625 0.3515625 0.26406250000000003 0.534375 0.5 0.534375
22 0.953125 0.3531250000000001 0.7203125 0.3531250000000001 0.7203125 0.5265625 0.953125 0.5265625000000002
22 0.2523437500000001 0.53125 0.04531250000000007 0.53125 0.045312500000000075 0.68515625 0.2523437500000001 0.68515625
22 0.503125 0.5203125 0.2578125000000001 0.5203125 0.2578125000000001 0.68125 0.503125 0.68125
22 0.7328125 0.5234375000000001 0.496875 0.5234375 0.496875 0.6726562500000001 0.7328125 0.6726562500000002
22 0.94765625 0.5265625 0.7171875 0.5265625 0.7171875 0.6828125 0.94765625 0.6828125000000002