22 0.28125000000000006 0.17421875000000003 2.1335643453895294e-17 0.17421875 3.420400239806084e-17 0.384375 0.2812500000000001 0.384375
22 0.5234375 0.14882812500000003 0.2109375 0.14882812500000003 0.21093750000000006 0.4578125 0.5234375 0.4578125
22 0.815625 0.15937500000000007 0.528125 0.15937500000000004 0.528125 0.4625000000000001 0.815625 0.4625000000000002
22 0.3703125000000001 0.45 0.08906250000000004 0.45 0.08906250000000007 0.65625 0.3703125000000001 0.65625
22 0.6046875 0.435546875 0.3898437500000001 0.435546875 0.3898437500000001 0.6796875 0.6046875 0.6796875
22 0.83828125 0.4433593750000001 0.63125 0.443359375 0.63125 0.6781250000000001 0.83828125 0.6781250000000002
22 0.9984375 0.4675781250000002 0.859375 0.4675781250000002 0.859375 0.6562500000000002 0.9984375 0.6562500000000002
22 0.2578125000000001 0.65625 0.02773437500000008 0.65625 0.02773437500000009 0.834375 0.2578125000000001 0.834375
22 0.7265625000000001 0.6621093750000001 0.510546875 0.662109375 0.5105468750000001 0.8203125 0.7265625000000002 0.8203125
22 0.5125000000000002 0.795703125 0.3906250000000001 0.795703125 0.3906250000000001 0.9921875 0.5125000000000002 0.9921875
22 0.7187500000000002 0.783984375 0.5867187500000002 0.783984375 0.5867187500000002 0.9875 0.7187500000000002 0.9875
22 0.9109375 0.7906250000000001 0.7718750000000002 0.7906250000000001 0.7718750000000002 0.9828125 0.9109375 0.9828125