22 0.325 0.20625 0.14687500000000003 0.20625 0.14687500000000003 0.340625 0.325 0.340625
22 0.80625 0.1808593750000001 0.631640625 0.1808593750000001 0.631640625 0.37968750000000007 0.80625 0.37968750000000007
22 0.634375 0.19101562500000008 0.565625 0.19101562500000008 0.565625 0.3703125000000001 0.634375 0.3703125000000001
22 0.2828125 0.362109375 0.10234375000000004 0.362109375 0.10234375000000007 0.5796875 0.2828125000000001 0.5796875
22 0.49375 0.38125000000000003 0.2921875000000001 0.38125 0.2921875000000001 0.565625 0.49375 0.565625
22 0.6625 0.3765625000000001 0.496875 0.3765625000000001 0.496875 0.565625 0.6625 0.565625
22 0.6671875 0.565234375 0.49375 0.565234375 0.4937500000000001 0.7546875 0.6671875000000002 0.7546875
22 0.30156250000000007 0.765625 0.11289062500000009 0.765625 0.1128906250000001 0.93125 0.30156250000000007 0.93125
22 0.4828125000000002 0.762890625 0.3000000000000001 0.762890625 0.3000000000000001 0.9203125 0.4828125000000002 0.9203125
22 0.6500000000000001 0.75546875 0.4898437500000002 0.75546875 0.4898437500000002 0.9203125 0.6500000000000001 0.9203125
22 0.8265625 0.7546875000000001 0.6609375000000002 0.7546875 0.6609375000000002 0.9109375 0.8265625 0.9109375
22 0.2968750000000001 0.928125 0.12226562500000013 0.928125 0.12226562500000013 1 0.2968750000000001 1
22 0.45312500000000017 0.925390625 0.2953125000000001 0.925390625 0.2953125000000001 0.9984375 0.45312500000000017 0.9984375
22 0.6296875000000002 0.915625 0.4675781250000002 0.915625 0.4675781250000002 1 0.6296875000000002 1
22 0.7968750000000002 0.9109375 0.6343750000000001 0.9109375 0.6343750000000001 1 0.7968750000000002 1