22 0.9061947343750001 0.08653285781250009 0.5573201359375 0.08653285781250006 0.5573201359375 0.2906250000000001 0.9061947343750001 0.2906250000000001
22 0.7201014875 0.09261706250000007 0.3736384640625 0.09261706250000004 0.3736384640625 0.27812500000000007 0.7201014875 0.27812500000000007
22 0.5296875 0.08374196093750005 0.1824281546875 0.08374196093750003 0.1824281546875 0.27343750000000006 0.5296875 0.2734375000000001
22 0.8577848671874999 0.3668734937500001 0.6375276328124999 0.3668734937500001 0.6375276328125 0.7484375000000001 0.8577848671874999 0.7484375000000002
22 0.6453125000000001 0.3603471671875001 0.4283360140625 0.3603471671875001 0.42833601406250005 0.73896453125 0.6453125000000002 0.73896453125
22 0.5155923437500001 0.4371483109375 0.13938655625000004 0.4371483109375 0.13938655625000007 0.6515625 0.5155923437500001 0.6515625
22 0.853125 0.7706390671875001 0.6078125000000002 0.7706390671875 0.6078125000000002 0.9828125 0.853125 0.9828125
22 0.6578125000000001 0.7703125 0.40427301093750023 0.7703125 0.40427301093750023 0.975 0.6578125000000001 0.975
22 0.4591840843750002 0.7659490546875001 0.19712620625000007 0.7659490546875001 0.1971262062500001 0.9703125 0.4591840843750002 0.9703125
22 0.528125 0.08497035781250004 0.1820940515625 0.08497035781250002 0.18209405156250003 0.27656250000000004 0.528125 0.2765625000000001
22 0.4359375000000001 0.35739800937500005 0.22381430781249997 0.357398009375 0.22381430781250003 0.7328125 0.4359375000000002 0.7328125