22 0.1359375 0.05937500000000001 7.271340369937409e-18 0.059375 1.329889883449079e-17 0.1578125 0.1359375 0.1578125
22 0.3640625 0.27190020156250005 0.2023689515625 0.2719002015625 0.2023689515625 0.34843750000000007 0.3640625 0.34843750000000007
22 0.2796875 0.2515625 0.11444052500000004 0.2515625 0.11444052500000004 0.353125 0.2796875 0.353125
22 0.15146169375000004 0.2522681453125 3.089393766837925e-17 0.2522681453125 3.7356665475185245e-17 0.3578125 0.15146169375000004 0.3578125
22 0.3125000000000001 0.41491935468749996 0.2284778234375001 0.41491935468749996 0.2284778234375001 0.5609375 0.3125000000000001 0.5609375
22 0.17812500000000006 0.44521169374999997 5.4522707569390907e-17 0.44521169374999997 6.113049182361444e-17 0.553125 0.1781250000000001 0.553125
22 0.3125000000000001 0.617540321875 0.1472782250000001 0.617540321875 0.1472782250000001 0.7125 0.3125000000000001 0.7125
22 0.2156250000000001 0.6393397171874999 0.04707661250000007 0.6393397171874999 0.04707661250000008 0.740625 0.2156250000000001 0.740625
22 0.07656250000000007 0.6098790328125 0.0003528218750000849 0.6098790328125 0.0003528218750000951 0.7765625 0.07656250000000009 0.7765625
22 0.30156250000000007 0.8018901203125001 0.18883568593750008 0.8018901203125001 0.1888356859375001 0.9796875 0.30156250000000007 0.9796875
22 0.2250000000000001 0.42227822656249997 0.14125504062500005 0.42227822656249997 0.14125504062500008 0.571471775 0.2250000000000001 0.571471775
22 0.22656250000000008 0.840625 0.0309979843750001 0.840625 0.03099798437500011 0.962247984375 0.22656250000000008 0.962247984375
22 0.07031250000000012 0.8418094765624999 0.00032762187500010313 0.8418094765624999 0.00032762187500011273 0.9984375 0.07031250000000014 0.9984375