22 0.941269840625 1.0628184712970913e-16 0.79444444375 9.729138451388369e-17 0.79444444375 0.1301587296875001 0.941269840625 0.13015872968750014
22 0.8142857140625 9.238307792710797e-17 0.6944444437499999 8.504491652241016e-17 0.6944444437499999 0.12063492031250009 0.8142857140625 0.12063492031250009
22 0.6984126984375 7.882448843345908e-17 0.5888888890625 7.211808930438314e-17 0.5888888890625 0.12777777812500007 0.6984126984375 0.12777777812500007
22 0.5952380953125 6.57032727419768e-17 0.477777778125 5.851090266845156e-17 0.477777778125 0.11587301562500008 0.5952380953125 0.1158730156250001
22 0.5 5.403996988384243e-17 0.3825396828125 4.6847599810317194e-17 0.3825396828125 0.11587301562500005 0.5 0.11587301562500005
22 0.3825396828125 4.0529977436800705e-17 0.2793650796875 3.4212355063284215e-17 0.2793650796875 0.12222222187500005 0.3825396828125 0.12222222187500005
22 0.290476190625 2.901246581416336e-17 0.1833333328125 2.2451857920584456e-17 0.1833333328125 0.12777777812500005 0.290476190625 0.12777777812500005
22 0.78095238125 0.1761904765625001 0.6761904765625 0.1761904765625001 0.6761904765625 0.3492063484375001 0.78095238125 0.3492063484375001
22 0.6888888890625 0.1682539687500001 0.584126984375 0.1682539687500001 0.584126984375 0.3492063484375001 0.6888888890625 0.3492063484375001
22 0.584126984375 0.1873015875000001 0.4888888890625 0.18730158750000006 0.4888888890625 0.3365079359375001 0.584126984375 0.3365079359375001
22 0.4952380953125 0.17460317500000005 0.3952380953125 0.17460317500000005 0.3952380953125 0.3333333328125001 0.4952380953125 0.3333333328125001
22 0.3984126984375 0.17301587343750005 0.291269840625 0.17301587343750005 0.291269840625 0.3317460312500001 0.3984126984375 0.33174603125000013
22 0.309523809375 0.1793650796875 0.165079365625 0.17936507968749998 0.16507936562500003 0.33095238125000004 0.309523809375 0.33095238125000004
22 0.7873015875 0.3984126984375001 0.6825396828125 0.3984126984375001 0.6825396828125 0.5595238093750001 0.7873015875 0.5595238093750001
22 0.6920634921875 0.415873015625 0.5896825390625 0.415873015625 0.5896825390625 0.5547619046875 0.6920634921875 0.5547619046875
22 0.5984126984375 0.403174603125 0.49365079375 0.403174603125 0.49365079375 0.547619046875 0.5984126984375 0.547619046875
22 0.503174603125 0.3984126984375001 0.4007936515625 0.3984126984375001 0.4007936515625 0.5452380953125 0.503174603125 0.5452380953125
22 0.41111111093749997 0.39841269843750005 0.3111111109375001 0.3984126984375 0.3111111109375001 0.547619046875 0.41111111093749997 0.547619046875
22 0.32063492031250007 0.390476190625 0.22539682500000008 0.390476190625 0.22539682500000008 0.5396825390625 0.32063492031250007 0.5396825390625
22 0.834920634375 0.5714285718750001 0.7198412703125 0.5714285718750001 0.7198412703125001 0.7500000000000001 0.834920634375 0.7500000000000002
22 0.7365079359375001 0.5714285718750001 0.6166666671875001 0.5714285718750001 0.6166666671875001 0.7571428578125001 0.7365079359375002 0.7571428578125002
22 0.6222222218750001 0.574603175 0.4952380953125 0.574603175 0.49523809531250007 0.7579365078125 0.6222222218750002 0.7579365078125
22 0.4920634921875001 0.577777778125 0.37698412656250013 0.577777778125 0.37698412656250013 0.7388888890625 0.4920634921875002 0.7388888890625
22 0.3761904765625001 0.5698412703125 0.26111111093750006 0.5698412703125 0.26111111093750006 0.740476190625 0.3761904765625001 0.740476190625
22 0.8587301593750001 0.7825396828125001 0.7222222218750002 0.7825396828125 0.7222222218750002 0.94365079375 0.8587301593750001 0.94365079375
22 0.7698412703125002 0.7841269843750001 0.6206349203125001 0.7841269843750001 0.6206349203125001 0.9920634921874999 0.7698412703125002 0.9920634921874999
22 0.6253968250000002 0.7460317453124999 0.5055555562500003 0.7460317453124999 0.5055555562500003 0.977777778125 0.6253968250000002 0.977777778125
22 0.5095238093750002 0.7666666671875 0.3873015875000001 0.7666666671875 0.3873015875000001 0.974603175 0.5095238093750002 0.974603175
22 0.3873015875000001 0.765079365625 0.2460317453125001 0.765079365625 0.2460317453125001 0.9674603171875 0.3873015875000001 0.9674603171875