22 0.36171875000000003 0.025000000000000033 0.1625 0.025000000000000022 0.16250000000000003 0.3640625 0.3617187500000001 0.3640625
22 0.53203125 0.023437500000000056 0.3515625 0.023437500000000045 0.3515625 0.36015625000000007 0.53203125 0.36015625000000007
22 0.71953125 0.015625000000000076 0.534375 0.015625000000000066 0.534375 0.3546875000000001 0.71953125 0.3546875000000001
22 0.3531250000000001 0.3671875 0.13906250000000003 0.3671875 0.13906250000000006 0.73984375 0.3531250000000001 0.73984375
22 0.5570312500000001 0.3609375 0.3453125 0.3609375 0.3453125 0.72890625 0.5570312500000002 0.72890625
22 0.759375 0.3578125000000001 0.55 0.3578125000000001 0.55 0.7234375000000001 0.759375 0.7234375000000002
22 0.3664062500000001 0.74375 0.1593750000000001 0.74375 0.1593750000000001 0.99609375 0.3664062500000001 0.99609375
22 0.5570312500000002 0.7359375 0.3578125000000001 0.7359375 0.3578125000000001 1 0.5570312500000002 1
22 0.7539062500000002 0.7281250000000001 0.5546875000000002 0.728125 0.5546875000000002 0.99765625 0.7539062500000002 0.99765625
22 0.721875 0.01875000000000008 0.534375 0.018750000000000065 0.534375 0.3554687500000001 0.721875 0.3554687500000001
22 0.75546875 0.3578125000000001 0.5484375 0.3578125000000001 0.5484375 0.7234375000000001 0.75546875 0.7234375000000002