22 0.269921875 2.143131898507868e-17 0.080078125 9.806741946297164e-18 0.08007812500000001 0.203125 0.269921875 0.203125
22 0.18125000000000002 0.1609375 0.007812500000000019 0.1609375 0.00781250000000004 0.509375 0.18125000000000005 0.509375
22 0.3921875 0.25820312500000003 0.07851562500000002 0.258203125 0.07851562500000003 0.425 0.3921875000000001 0.425
22 0.6078125 0.19062500000000007 0.259765625 0.19062500000000004 0.25976562500000006 0.4515625 0.6078125 0.4515625
22 0.8 0.2562500000000001 0.603125 0.2562500000000001 0.603125 0.6000000000000001 0.8 0.6000000000000002
22 1 0.00039062500000010963 0.790625 0.0003906250000000968 0.790625 0.2515625000000001 1 0.2515625000000001
22 1 0.37382812500000007 0.853125 0.37382812500000007 0.853125 0.6968750000000001 1 0.6968750000000001
22 0.1187500000000001 0.573828125 0.003125000000000071 0.573828125 0.0031250000000000917 0.91875 0.11875000000000013 0.91875
22 0.3375000000000001 0.648046875 7.936285311661949e-17 0.648046875 9.038945808550484e-17 0.828125 0.3375000000000001 0.828125
22 0.4609375000000001 0.6265625 0.27812500000000007 0.6265625 0.27812500000000007 0.9484375 0.46093750000000017 0.9484375
22 0.6500000000000001 0.6203125 0.465625 0.6203125 0.46562500000000007 0.934375 0.6500000000000001 0.934375
22 0.9328125 0.6453125000000001 0.548828125 0.6453125 0.5488281250000001 0.8390625 0.9328125 0.8390625
22 0.9984375 0.7144531250000001 0.828125 0.7144531250000001 0.828125 0.996875 0.9984375 0.996875