22 0.21093750000000006 0.10312500000000002 1.262917011620708e-17 0.103125 3.425184016365254e-17 0.45625 0.21093750000000008 0.45625
22 0.5234375 0.14843750000000006 0.2109375 0.14843750000000006 0.21093750000000006 0.45859375 0.5234375 0.45859375
22 0.81640625 0.15937500000000007 0.528125 0.15937500000000004 0.528125 0.4625000000000001 0.81640625 0.4625000000000002
22 0.3703125000000001 0.45 0.08906250000000004 0.45 0.08906250000000007 0.65703125 0.3703125000000001 0.65703125
22 0.6203125 0.45 0.3750000000000001 0.45 0.3750000000000001 0.66640625 0.6203125 0.66640625
22 0.853125 0.45781250000000007 0.6171875 0.4578125 0.6171875 0.6648437500000001 0.853125 0.6648437500000002
22 0.9984375 0.4671875000000002 0.859375 0.4671875000000002 0.859375 0.6570312500000002 0.9984375 0.6570312500000002
22 0.25859375000000007 0.65625 0.028125000000000077 0.65625 0.028125000000000087 0.834375 0.25859375000000007 0.834375
22 0.7273437500000001 0.6625000000000001 0.5109375 0.6625 0.5109375 0.82109375 0.7273437500000002 0.82109375
22 0.5500000000000002 0.8328125 0.3531250000000001 0.8328125 0.3531250000000001 0.95546875 0.5500000000000002 0.95546875
22 0.7546875000000002 0.8203125 0.5500000000000002 0.8203125 0.5500000000000002 0.95234375 0.7546875000000002 0.95234375
22 0.9375 0.8171875 0.7453125000000002 0.8171875 0.7453125000000002 0.95625 0.9375 0.95625