22 0.33437500000000003 0.3625 0.06562500000000004 0.3625 0.06562500000000006 0.578125 0.3343750000000001 0.578125
22 0.603125 0.38750000000000007 0.3312500000000001 0.3875 0.3312500000000001 0.571875 0.603125 0.571875
22 0.8578125 0.4125000000000001 0.606640625 0.4125 0.606640625 0.596875 0.8578125 0.5968750000000002
22 1 0.37382812500000007 0.853125 0.37382812500000007 0.853125 0.5937500000000002 1 0.5937500000000002
22 0.15937500000000002 0.1421875 0.051562500000000025 0.1421875 0.05156250000000003 0.353125 0.15937500000000004 0.353125
22 0.37968750000000007 0.14531250000000004 0.2859375 0.14531250000000004 0.28593750000000007 0.36406250000000007 0.37968750000000007 0.36406250000000007
22 0.559375 0.23007812500000008 0.46875 0.23007812500000008 0.46875 0.4171875 0.559375 0.4171875
22 0.7703125 0.2156250000000001 0.6546875 0.2156250000000001 0.6546875 0.43437500000000007 0.7703125 0.4343750000000002
22 0.9578125 0.20898437500000008 0.82109375 0.20898437500000008 0.82109375 0.4265625000000002 0.9578125 0.4265625000000002
22 0.14531250000000004 0.25078125 0.07421875000000003 0.25078125 0.07421875000000003 0.4421875 0.14531250000000004 0.4421875
22 0.33593750000000006 0.2515625 0.256640625 0.2515625 0.25664062500000007 0.43125 0.3359375000000001 0.43125
22 0.5828125 0.3609375000000001 0.4046875 0.3609375000000001 0.4046875 0.409375 0.5828125 0.409375