22 0.11718750000000003 0.05625000000000001 6.888638245203862e-18 0.05625 2.5928068950697868e-17 0.3671875 0.11718750000000004 0.3671875
22 0.34375 0.143359375 0.03554687500000002 0.143359375 0.035546875000000026 0.2921875 0.34375 0.2921875
22 0.4703125 0.16914062500000004 0.1828125 0.16914062500000004 0.18281250000000002 0.30312500000000003 0.4703125 0.3031250000000001
22 0.5296875 0.07695312500000005 0.390625 0.07695312500000004 0.39062500000000006 0.3859375000000001 0.5296875 0.3859375000000001
22 0.6890625 0.04570312500000008 0.545703125 0.04570312500000007 0.545703125 0.1765625000000001 0.6890625 0.1765625000000001
22 0.684375 0.17070312500000007 0.5421875 0.17070312500000004 0.5421875 0.27031250000000007 0.684375 0.27031250000000007
22 0.6734375 0.2632812500000001 0.54921875 0.2632812500000001 0.54921875 0.4015625 0.6734375 0.4015625
22 0.8359375 0.12148437500000009 0.651171875 0.12148437500000009 0.651171875 0.2468750000000001 0.8359375 0.2468750000000001
22 0.8125 0.2718750000000001 0.683203125 0.2718750000000001 0.683203125 0.3984375000000001 0.8125 0.3984375000000001
22 0.96875 0.0898437500000001 0.77734375 0.08984375000000008 0.77734375 0.23593750000000008 0.96875 0.23593750000000008
22 0.9453125 0.25273437500000007 0.81328125 0.25273437500000007 0.81328125 0.3937500000000001 0.9453125 0.3937500000000001
22 0.19062500000000007 0.430859375 0.06445312500000004 0.430859375 0.06445312500000006 0.6109375 0.1906250000000001 0.6109375
22 0.3140625000000001 0.430078125 0.18710937500000005 0.430078125 0.18710937500000008 0.609375 0.3140625000000001 0.609375
22 0.4421875 0.436328125 0.31523437500000007 0.436328125 0.31523437500000007 0.615625 0.4421875 0.615625
22 0.5625 0.433203125 0.4359375 0.433203125 0.4359375 0.6171875 0.5625 0.6171875
22 0.7171875 0.465625 0.530859375 0.465625 0.530859375 0.5921875 0.7171875 0.5921875
22 0.8453125 0.4628906250000001 0.657421875 0.462890625 0.657421875 0.5843750000000001 0.8453125 0.5843750000000002
22 0.9984375 0.4312500000000002 0.934765625 0.4312500000000002 0.934765625 0.6156250000000002 0.9984375 0.6156250000000002
22 0.1781250000000001 0.6609375 8.094149938114538e-17 0.6609375 8.830851528226617e-17 0.78125 0.1781250000000001 0.78125
22 0.2390625000000001 0.6078125 0.1140625000000001 0.6078125 0.1140625000000001 0.8375 0.2390625000000001 0.8375
22 0.3609375000000001 0.608984375 0.2312500000000001 0.608984375 0.2312500000000001 0.8390625 0.3609375000000001 0.8390625
22 0.7296875 0.618359375 0.607421875 0.618359375 0.6074218750000001 0.8484375 0.7296875000000002 0.8484375
22 0.8515625 0.6253906250000002 0.73125 0.6253906250000002 0.7312500000000001 0.85 0.8515625 0.85
22 0.978125 0.6187500000000001 0.8484375 0.6187500000000001 0.8484375 0.8546875 0.978125 0.8546875