22 0.7234375 0.3654166671875001 0.4630729171875 0.3654166671875001 0.4630729171875 0.4390625 0.7234375 0.4390625
22 0.778125 0.37531250000000005 0.54390625 0.37531250000000005 0.54390625 0.4437500000000001 0.778125 0.4437500000000002
22 0.6452083328125 0.5734375 0.5860416671875 0.5734375 0.5860416671875 0.7140625 0.6452083328125 0.7140625
22 0.7359375 0.6058333343750001 0.60046875 0.605833334375 0.60046875 0.6700000000000002 0.7359375 0.6700000000000002
22 0.762395834375 0.5750000000000001 0.703229165625 0.575 0.703229165625 0.6953125000000001 0.762395834375 0.6953125000000002
22 0.6031250000000001 0.8301562499999999 0.5381250000000002 0.8301562499999999 0.5381250000000002 0.925 0.6031250000000001 0.925
22 0.6109375000000001 0.9032291656250001 0.5684375015625002 0.9032291656250001 0.5684375015625002 0.9623958343749999 0.6109375000000001 0.9623958343749999
22 0.6703125000000002 0.853125 0.6015625000000002 0.853125 0.6015625000000002 0.921875 0.6703125000000002 0.921875
22 0.7671875000000001 0.7913020828125001 0.6204687500000002 0.7913020828125 0.6204687500000002 0.8421875 0.7671875000000001 0.8421875
22 0.7656250000000002 0.7570833343750001 0.7230208328125002 0.7570833343750001 0.7230208328125002 0.86875 0.7656250000000002 0.86875
22 0.815625 0.7717187500000001 0.7515625000000001 0.7717187500000001 0.7515625000000001 0.8625 0.815625 0.8625
22 0.7515625000000001 0.930729165625 0.6757812484375002 0.930729165625 0.6757812484375002 0.9921875 0.7515625000000001 0.9921875
22 0.8078125 0.9198437500000001 0.7187500000000002 0.9198437500000001 0.7187500000000002 0.9984375 0.8078125 0.9984375