22 0.43125 0.09531250000000004 0.09257812500000002 0.09531250000000002 0.09257812500000004 0.29375000000000007 0.43125 0.29375000000000007
22 0.53125 0.023828125000000054 0.351953125 0.023828125000000044 0.351953125 0.35937500000000006 0.53125 0.3593750000000001
22 0.7953125 0.09296875000000007 0.457421875 0.09296875000000007 0.457421875 0.2765625000000001 0.7953125 0.2765625000000001
22 0.4328125 0.446484375 0.06015625000000004 0.446484375 0.060156250000000064 0.659375 0.4328125 0.659375
22 0.634375 0.439453125 0.2671875000000001 0.439453125 0.2671875000000001 0.65 0.634375 0.65
22 0.759375 0.3578125000000001 0.55 0.3578125000000001 0.55 0.7234375000000001 0.759375 0.7234375000000002
22 0.3656250000000001 0.744140625 0.1593750000000001 0.744140625 0.1593750000000001 0.9953125 0.3656250000000001 0.9953125
22 0.5890625000000002 0.76875 0.3253906250000001 0.76875 0.3253906250000001 0.9671875 0.5890625000000002 0.9671875
22 0.7531250000000002 0.7285156250000001 0.5550781250000002 0.728515625 0.5550781250000002 0.996875 0.7531250000000002 0.996875
22 0.796875 0.09335937500000008 0.46015625 0.09335937500000006 0.46015625 0.2796875000000001 0.796875 0.2796875000000001
22 0.7546875 0.3578125000000001 0.548046875 0.3578125000000001 0.548046875 0.7234375000000001 0.7546875 0.7234375000000002