22 0.209375 1.2820521178573852e-17 0 0 1.951780836141094e-17 0.31875 0.209375 0.31875
22 0.471875 4.0566425221756075e-17 0.190625 2.3344829608746423e-17 0.19062500000000002 0.321875 0.471875 0.3218750000000001
22 0.7453125 0.004687500000000075 0.48125 0.004687500000000058 0.48125 0.31718750000000007 0.7453125 0.31718750000000007
22 0.99921875 0.014062500000000106 0.746875 0.014062500000000089 0.746875 0.31718750000000007 0.99921875 0.31718750000000007
22 0.21406250000000004 0.3296875 4.0375074159389303e-17 0.3296875 5.640072563260662e-17 0.59140625 0.2140625000000001 0.59140625
22 0.47421875 0.32656250000000003 0.2125 0.3265625 0.21250000000000005 0.59375 0.47421875 0.59375
22 0.73515625 0.3156250000000001 0.4828125 0.3156250000000001 0.4828125 0.58515625 0.73515625 0.5851562500000002
22 0.9828125 0.3296875000000001 0.7375 0.3296875000000001 0.7375 0.5890625000000002 0.9828125 0.5890625000000002
22 0.17968750000000008 0.575 7.041719095097281e-17 0.575 8.649068018978182e-17 0.8375 0.17968750000000008 0.8375
22 0.96875 0.5750000000000002 0.7328125 0.5750000000000002 0.7328125000000001 0.81796875 0.96875 0.81796875
22 0.23593750000000008 0.83125 1.0179876517912373e-16 0.83125 1.1208388478133782e-16 0.99921875 0.23593750000000008 0.99921875
22 0.4773437500000002 0.8265625 0.2390625000000001 0.8265625 0.2390625000000001 1 0.4773437500000002 1
22 0.7078125000000002 0.8140625 0.4781250000000002 0.8140625 0.4781250000000002 1 0.7078125000000002 1
22 0.9359375 0.8046875 0.7125000000000001 0.8046875 0.7125000000000001 0.99921875 0.9359375 0.99921875