22 0.28125000000000006 0.18709677343750003 2.291274647210319e-17 0.1870967734375 3.508822943834818e-17 0.3859375 0.2812500000000001 0.3859375
22 0.521875 0.15158770156250007 0.2003528234375 0.15158770156250007 0.20035282343750005 0.4703125 0.521875 0.4703125
22 0.8234375 0.16272681562500008 0.5270665328125 0.16272681562500005 0.5270665328125 0.4750000000000001 0.8234375 0.4750000000000002
22 0.36406250000000007 0.463130040625 0.07479838750000006 0.463130040625 0.07479838750000008 0.6765625 0.36406250000000007 0.6765625
22 0.621875 0.4625252015625 0.3687500000000001 0.4625252015625 0.3687500000000001 0.685912296875 0.621875 0.685912296875
22 0.86239919375 0.4704889109375001 0.61885080625 0.4704889109375 0.61885080625 0.6841985875000001 0.86239919375 0.6841985875000002
22 1 0.5136088718750002 0.8369707656250001 0.5136088718750002 0.8369707656250001 0.6437500000000002 1 0.6437500000000002
22 0.22031250000000008 0.6484375 0.03807963593750008 0.6484375 0.03807963593750009 0.8859375 0.22031250000000008 0.8859375
22 0.7015625000000001 0.652696571875 0.539465725 0.652696571875 0.5394657250000001 0.875 0.7015625000000002 0.875
22 0.5109375000000002 0.8197076609374999 0.38480342812500007 0.8197076609374999 0.38480342812500007 1 0.5109375000000002 1
22 0.7609375000000002 0.8453125 0.5501764109375002 0.8453125 0.5501764109375002 0.98125 0.7609375000000002 0.98125
22 0.921875 0.8144909281249999 0.7786794359375002 0.8144909281249999 0.7786794359375002 1 0.921875 1