22 0.2671875 0.16562500000000002 0.034375000000000024 0.165625 0.03437500000000003 0.353125 0.2671875 0.353125
22 0.471875 0.15000000000000005 0.294921875 0.15000000000000005 0.29492187500000006 0.37031250000000004 0.471875 0.3703125000000001
22 0.721875 0.14140625000000007 0.51796875 0.14140625000000004 0.51796875 0.3812500000000001 0.721875 0.3812500000000001
22 0.95625 0.1738281250000001 0.728125 0.17382812500000008 0.728125 0.3531250000000001 0.95625 0.3531250000000001
22 0.23750000000000004 0.334375 0.06718750000000004 0.334375 0.06718750000000005 0.5484375 0.2375000000000001 0.5484375
22 0.5 0.35156250000000006 0.2640625 0.3515625 0.26406250000000003 0.534375 0.5 0.534375
22 0.9234375 0.3234375000000001 0.75 0.3234375000000001 0.75 0.5562500000000001 0.9234375 0.5562500000000001
22 0.2515625000000001 0.53125 0.04570312500000007 0.53125 0.04570312500000008 0.684375 0.2515625000000001 0.684375
22 0.4609375 0.478125 0.3000000000000001 0.478125 0.3000000000000001 0.7234375 0.4609375 0.7234375
22 0.7328125 0.5238281250000001 0.496875 0.523828125 0.496875 0.6718750000000001 0.7328125 0.6718750000000002
22 0.946875 0.5265625 0.717578125 0.5265625 0.717578125 0.6828125 0.946875 0.6828125000000002