22 0.4125 0.03329707343750004 0.2222804578125 0.033297073437500026 0.2222804578125 0.15625000000000006 0.4125 0.15625000000000006
22 0.434375 0.19282041093750005 0.33357397187500004 0.19282041093750005 0.33357397187500004 0.39531250000000007 0.434375 0.39531250000000007
22 0.3796875 0.22423852968750008 0.17317048906250004 0.22423852968750002 0.17317048906250004 0.353125 0.3796875 0.3531250000000001
22 0.20156250000000003 0.18912183437500002 0.07812499843750002 0.18912183437500002 0.07812499843750004 0.3765625 0.2015625000000001 0.3765625
22 0.40611155156250006 0.61430973125 0.21875000000000008 0.61430973125 0.21875000000000008 0.7375 0.4061115515625001 0.7375
22 0.2577828328125001 0.5745846515624999 0.08768789531250007 0.5745846515624999 0.08768789531250007 0.6953125 0.2577828328125001 0.6953125
22 0.2218750000000001 0.7557456484375 0.05982990312500008 0.7557456484375 0.0598299031250001 0.853055775 0.2218750000000001 0.853055775
22 0.2406250000000001 0.8924050625 0.1331981812500001 0.8924050625 0.1331981812500001 0.9984375 0.2406250000000001 0.9984375
22 0.4187500000000002 0.84020965 0.2026008703125001 0.84020965 0.2026008703125001 0.9203125 0.4187500000000002 0.9203125
22 0.4781250000000002 0.8418216 0.27964794375000007 0.8418216 0.27964794375000007 0.9109375 0.4781250000000002 0.9109375
22 0.9203125 0.6535403484375002 0.7921875 0.6535403484375002 0.7921875 0.8984375 0.9203125 0.8984375
22 0.7656250000000001 0.6284612328125001 0.6896064078124999 0.6284612328125 0.6896064078125 0.85625 0.7656250000000002 0.85625
22 0.7515625000000001 0.7152393203125001 0.5518492890625 0.7152393203125 0.5518492890625001 0.7903975468750001 0.7515625000000001 0.7903975468750002