22 0.8344051453124999 0.01446945312500009 0.629421221875 0.014469453125000078 0.629421221875 0.36334405156250005 0.8344051453124999 0.36334405156250005
22 0.6398713828125 0.012861735937500066 0.45418006406250006 0.012861735937500054 0.45418006406250006 0.3593247593750001 0.6398713828125 0.3593247593750001
22 0.45176848906249994 0.004823151562500043 0.26125401875 0.004823151562500032 0.26125401875 0.3536977484375 0.45176848906249994 0.35369774843750007
22 0.8585209 0.3665594859375001 0.638263665625 0.3665594859375001 0.638263665625 0.7500000000000001 0.8585209 0.7500000000000002
22 0.6463022515625001 0.3601286171875001 0.4284565921875 0.3601286171875001 0.4284565921875001 0.73874598125 0.6463022515625002 0.73874598125
22 0.4356913187500001 0.35691318281250006 0.220257234375 0.3569131828125 0.22025723437500005 0.7331189703125001 0.43569131875000017 0.7331189703125001
22 0.837620578125 0.7540192921875001 0.6245980703125003 0.7540192921875 0.6245980703125003 1 0.837620578125 1
22 0.6334405140625001 0.7459807078125 0.4284565921875002 0.7459807078125 0.4284565921875002 1 0.6334405140625001 1
22 0.4308681671875002 0.737942121875 0.22588424375000007 0.737942121875 0.22588424375000007 1 0.4308681671875002 1
22 0.45176848906249994 0.008038585937500042 0.25884244375 0.00803858593750003 0.25884244375 0.35450160781250006 0.45176848906249994 0.3545016078125001
22 0.4372990359375001 0.35691318281250006 0.22427652656250002 0.3569131828125 0.22427652656250005 0.7331189703125001 0.43729903593750014 0.7331189703125001