22 0.23125 0.14062500000000003 1.7221595613009655e-17 0.140625 2.2770776421646097e-17 0.23125 0.23125 0.23125
22 0.24062500000000003 2.0474563673244818e-17 0.09375 1.1481063742006437e-17 0.09375000000000003 0.3671875 0.2406250000000001 0.3671875
22 0.5109375 0.10546875000000003 0.13984375 0.10546875 0.13984375000000002 0.26562500000000006 0.5109375 0.2656250000000001
22 0.671875 0.10781250000000006 0.30625 0.10781250000000005 0.30625 0.26406250000000003 0.671875 0.2640625000000001
22 0.8296875 0.0984375000000001 0.471875 0.09843750000000007 0.471875 0.2593750000000001 0.8296875 0.2593750000000001
22 0.83125 0.09921875000000009 0.466796875 0.09921875000000006 0.466796875 0.2671875000000001 0.83125 0.2671875000000001
22 0.875 9.83544460565218e-17 0.73125 8.955229718765019e-17 0.73125 0.3656250000000001 0.875 0.3656250000000001
22 0.9984375 1.146192863576976e-16 0.8734375 1.0696524386302664e-16 0.8734375 0.37187500000000007 0.9984375 0.37187500000000007
22 0.2062500000000001 0.564453125 0.040625000000000064 0.564453125 0.04062500000000009 0.9984375 0.2062500000000001 0.9984375
22 0.3687500000000001 0.558203125 0.1941406250000001 0.558203125 0.19414062500000012 0.996875 0.3687500000000001 0.996875
22 0.5968750000000002 0.766015625 0.2968750000000001 0.766015625 0.2968750000000001 0.93125 0.5968750000000002 0.93125
22 0.6984375 0.5578125 0.528125 0.5578125 0.5281250000000001 0.996875 0.6984375000000002 0.996875
22 0.8546875 0.5578125 0.692578125 0.5578125 0.692578125 0.996875 0.8546875 0.996875
22 1 0.6773437500000001 0.71484375 0.67734375 0.7148437500000001 0.83125 1 0.83125