22 0.2265625 0.16523437500000002 0.07382812500000002 0.165234375 0.07382812500000002 0.26875 0.2265625 0.26875
22 0.3296875 0.158984375 0.1765625 0.158984375 0.1765625 0.26875 0.3296875 0.26875
22 0.434375 0.16289062500000004 0.28125 0.16289062500000004 0.28125 0.26562500000000006 0.434375 0.2656250000000001
22 0.6171875 0.11718750000000007 0.512890625 0.11718750000000004 0.512890625 0.2843750000000001 0.6171875 0.2843750000000001
22 0.7140625 0.12851562500000008 0.603125 0.12851562500000008 0.603125 0.2812500000000001 0.7140625 0.2812500000000001
22 0.8171875 0.12070312500000009 0.717578125 0.12070312500000009 0.717578125 0.2828125000000001 0.8171875 0.2828125000000001
22 0.20937500000000003 0.3234375 0.10156250000000004 0.3234375 0.10156250000000004 0.4703125 0.2093750000000001 0.4703125
22 0.32343750000000004 0.325390625 0.2125 0.325390625 0.21250000000000005 0.46875 0.3234375000000001 0.46875
22 0.4375 0.34453125000000007 0.29609375 0.34453125 0.29609375000000004 0.446875 0.4375 0.446875
22 0.5125 0.3144531250000001 0.4078125 0.3144531250000001 0.4078125 0.4671875 0.5125 0.4671875
22 0.6390625 0.3417968750000001 0.481640625 0.3417968750000001 0.481640625 0.43125 0.6390625 0.43125
22 0.709375 0.30351562500000007 0.609375 0.30351562500000007 0.609375 0.4609375 0.709375 0.4609375
22 0.81875 0.30156250000000007 0.70625 0.30156250000000007 0.70625 0.4593750000000001 0.81875 0.4593750000000002
22 0.2312500000000001 0.5046875 0.12343750000000005 0.5046875 0.12343750000000006 0.64375 0.2312500000000001 0.64375
22 0.3187500000000001 0.4921875 0.22812500000000008 0.4921875 0.22812500000000008 0.640625 0.3187500000000001 0.640625
22 0.4453125 0.516015625 0.2980468750000001 0.516015625 0.2980468750000001 0.615625 0.4453125 0.615625
22 0.5171875 0.490625 0.416796875 0.490625 0.416796875 0.6421875 0.5171875 0.6421875
22 0.634375 0.513671875 0.48984375 0.513671875 0.48984375 0.6203125 0.634375 0.6203125
22 0.709375 0.49375 0.60625 0.49375 0.60625 0.640625 0.709375 0.640625
22 0.8109375 0.4769531250000001 0.706640625 0.476953125 0.706640625 0.6390625000000001 0.8109375 0.6390625000000002
22 0.2515625000000001 0.658984375 0.15781250000000008 0.658984375 0.15781250000000008 0.7953125 0.2515625000000001 0.7953125
22 0.3625000000000001 0.6796875 0.22812500000000008 0.6796875 0.22812500000000008 0.7734375 0.3625000000000001 0.7734375
22 0.46562500000000007 0.669140625 0.3125000000000001 0.669140625 0.3125000000000001 0.771875 0.4656250000000002 0.771875
22 0.5265625 0.640234375 0.430859375 0.640234375 0.4308593750000001 0.7984375 0.5265625000000002 0.7984375
22 0.628125 0.64375 0.528125 0.64375 0.5281250000000001 0.796875 0.6281250000000002 0.796875
22 0.7500000000000001 0.6714843750000001 0.60234375 0.671484375 0.6023437500000001 0.7734375000000001 0.7500000000000002 0.7734375000000002
22 0.825 0.6484375000000001 0.7203125 0.6484375 0.7203125000000001 0.7953125000000001 0.825 0.7953125000000002
22 0.25468750000000007 0.8015625 0.1609375000000001 0.8015625 0.16093750000000012 0.953125 0.25468750000000007 0.953125
22 0.36406250000000007 0.830078125 0.2277343750000001 0.830078125 0.2277343750000001 0.930859375 0.36406250000000007 0.930859375
22 0.44062500000000016 0.809765625 0.3468750000000001 0.809765625 0.3468750000000001 0.953125 0.44062500000000016 0.953125
22 0.6218750000000002 0.80625 0.5269531250000001 0.80625 0.5269531250000001 0.9484375 0.6218750000000002 0.9484375
22 0.7187500000000002 0.8 0.6156250000000002 0.8 0.6156250000000002 0.9421875 0.7187500000000002 0.9421875
22 0.8328125 0.820703125 0.6890625000000001 0.820703125 0.6890625000000001 0.9234375 0.8328125 0.9234375
22 0.5562500000000001 0.8234375 0.40937500000000016 0.8234375 0.40937500000000016 0.9265625 0.5562500000000001 0.9265625