22 0.20390625 0.14062500000000003 0.09843750000000002 0.140625 0.09843750000000004 0.29453125 0.20390625 0.29453125
22 0.309375 0.13750000000000004 0.1984375 0.13750000000000004 0.19843750000000002 0.29140625 0.309375 0.29140625
22 0.409375 0.13750000000000004 0.30625 0.13750000000000004 0.30625 0.29140625000000003 0.409375 0.2914062500000001
22 0.61796875 0.11718750000000007 0.5125 0.11718750000000004 0.5125 0.2851562500000001 0.61796875 0.2851562500000001
22 0.7140625 0.1281250000000001 0.603125 0.1281250000000001 0.603125 0.28203125000000007 0.7140625 0.28203125000000007
22 0.81796875 0.12031250000000009 0.7171875 0.12031250000000009 0.7171875 0.2835937500000001 0.81796875 0.2835937500000001
22 0.20937500000000003 0.3234375 0.10156250000000004 0.3234375 0.10156250000000004 0.4703125 0.2093750000000001 0.4703125
22 0.32343750000000004 0.325 0.2125 0.325 0.21250000000000005 0.46953125 0.3234375000000001 0.46953125
22 0.41875 0.32500000000000007 0.315625 0.325 0.31562500000000004 0.4671875 0.41875 0.4671875
22 0.51328125 0.3140625000000001 0.4078125 0.3140625000000001 0.4078125 0.46796875 0.51328125 0.46796875
22 0.60703125 0.3078125000000001 0.515625 0.3078125000000001 0.515625 0.46640625 0.60703125 0.46640625
22 0.71015625 0.3031250000000001 0.609375 0.3031250000000001 0.609375 0.46171875 0.71015625 0.46171875
22 0.81953125 0.30156250000000007 0.70625 0.30156250000000007 0.70625 0.4601562500000001 0.81953125 0.46015625000000016
22 0.2312500000000001 0.5046875 0.12343750000000005 0.5046875 0.12343750000000006 0.64375 0.2312500000000001 0.64375
22 0.3195312500000001 0.4921875 0.22812500000000008 0.4921875 0.22812500000000008 0.64140625 0.3195312500000001 0.64140625
22 0.42265625 0.4921875 0.3218750000000001 0.4921875 0.3218750000000001 0.64140625 0.42265625 0.64140625
22 0.51796875 0.490625 0.4171875 0.490625 0.4171875 0.6421875 0.51796875 0.6421875
22 0.615625 0.4953125 0.5078125 0.4953125 0.5078125 0.63984375 0.615625 0.63984375
22 0.709375 0.49375 0.60625 0.49375 0.60625 0.640625 0.709375 0.640625
22 0.81171875 0.4765625000000001 0.70625 0.4765625 0.70625 0.63984375 0.81171875 0.6398437500000002
22 0.2515625000000001 0.659375 0.15781250000000008 0.659375 0.15781250000000008 0.79609375 0.2515625000000001 0.79609375
22 0.3421875000000001 0.659375 0.2484375000000001 0.659375 0.2484375000000001 0.79375 0.3421875000000001 0.79375
22 0.4406250000000001 0.64375 0.3375000000000001 0.64375 0.3375000000000001 0.79765625 0.44062500000000016 0.79765625
22 0.5273437500000001 0.640625 0.43125 0.640625 0.4312500000000001 0.79921875 0.5273437500000002 0.79921875
22 0.6289062500000001 0.64375 0.528125 0.64375 0.5281250000000001 0.79765625 0.6289062500000002 0.79765625
22 0.7281250000000001 0.6484375000000001 0.625 0.6484375 0.6250000000000001 0.7976562500000001 0.7281250000000001 0.7976562500000002
22 0.82578125 0.6484375000000001 0.7203125 0.6484375 0.7203125000000001 0.7953125000000001 0.82578125 0.7953125000000002
22 0.25468750000000007 0.8015625 0.1609375000000001 0.8015625 0.16093750000000012 0.953125 0.25468750000000007 0.953125
22 0.3460937500000001 0.8125 0.2453125000000001 0.8125 0.2453125000000001 0.94921875 0.3460937500000001 0.94921875
22 0.44062500000000016 0.809375 0.3468750000000001 0.809375 0.3468750000000001 0.95390625 0.44062500000000016 0.95390625
22 0.6226562500000001 0.80625 0.5265625000000002 0.80625 0.5265625000000002 0.9484375 0.6226562500000001 0.9484375
22 0.7187500000000002 0.8 0.6156250000000002 0.8 0.6156250000000002 0.9421875 0.7187500000000002 0.9421875
22 0.8125 0.8 0.7093750000000002 0.8 0.7093750000000002 0.94453125 0.8125 0.94453125
22 0.5343750000000002 0.8015625 0.4312500000000002 0.8015625 0.4312500000000002 0.9484375 0.5343750000000002 0.9484375