22 0.778125 0.029925846875000085 0.515426378125 0.029925846875000068 0.515426378125 0.2328125000000001 0.778125 0.2328125000000001
22 0.5875 0.01656514687500006 0.3999602765625 0.01656514687500005 0.3999602765625 0.17334480781250006 0.5875 0.17334480781250008
22 0.453125 0.01268538125000004 0.20515095312499998 0.012685381250000027 0.20515095312499998 0.23593750000000005 0.453125 0.23593750000000008
22 0.7609375 0.4156250000000001 0.5669359109375 0.415625 0.5669359109375 0.6546875000000001 0.7609375 0.6546875000000002
22 0.53125 0.4119306140625 0.31411546718750005 0.4119306140625 0.31411546718750005 0.634375 0.53125 0.634375
22 0.2750000000000001 0.447298728125 5.4778295566096346e-17 0.447298728125 6.910367937900489e-17 0.68125 0.2750000000000001 0.68125
22 0.409375 0.32415254218750006 0.13965836875000004 0.3241525421875 0.13965836875000004 0.4609375 0.409375 0.4609375
22 0.7734375000000002 0.7885063578125001 0.5520391968750002 0.7885063578125 0.5520391968750002 0.98125 0.7734375000000002 0.98125
22 0.5529528609375002 0.8072298734375 0.3860037078125001 0.8072298734375 0.3860037078125001 1 0.5529528609375002 1
22 0.3312500000000001 0.825 0.19283633437500008 0.825 0.1928363343750001 1 0.3312500000000001 1
22 0.9875 1.1350523396666212e-16 0.8661811437500001 1.0607659651752311e-16 0.8661811437500001 0.1328125000000001 0.9875 0.13281250000000014
22 0.8546875 9.872985091281647e-17 0.7576933265625 9.279067071100758e-17 0.7576933265625 0.12031250000000009 0.8546875 0.12031250000000009