22 0.8328125 0.01431370468750009 0.6293031546875001 0.014313704687500078 0.6293031546875001 0.3625000000000001 0.8328125 0.3625000000000001
22 0.6390625 0.012705987500000066 0.454810590625 0.012705987500000054 0.454810590625 0.3591690125000001 0.6390625 0.3591690125000001
22 0.5296875 0.08426446875000004 0.18171975468749998 0.08426446875000002 0.1817197546875 0.27343750000000006 0.5296875 0.2734375000000001
22 0.8577848671874999 0.3668734937500001 0.6375276328124999 0.3668734937500001 0.6375276328125 0.7484375000000001 0.8577848671874999 0.7484375000000002
22 0.6453125000000001 0.3599100687500001 0.42857717031250003 0.3599100687500001 0.42857717031250014 0.7385274328125 0.6453125000000002 0.7385274328125
22 0.43437500000000007 0.35739800937500005 0.2201065109375 0.357398009375 0.22010651093750006 0.7328125 0.4343750000000002 0.7328125
22 0.8359375 0.7543533968750001 0.6247387453125002 0.754353396875 0.6247387453125002 0.9984375 0.8359375 0.9984375
22 0.6576240953125001 0.7709781953125 0.4036048031250002 0.7709781953125 0.4036048031250002 0.975 0.6576240953125001 0.975
22 0.4591840843750002 0.7659490546875001 0.19712620625000007 0.7659490546875001 0.1971262062500001 0.9703125 0.4591840843750002 0.9703125
22 0.528125 0.08464379062500005 0.1820538578125 0.08464379062500002 0.18205385781250003 0.27656250000000004 0.528125 0.2765625000000001
22 0.5184058484375 0.438042603125 0.14220006093750004 0.438042603125 0.14220006093750007 0.65 0.5184058484375 0.65