22 0.9996279765624999 0.047569443750000114 0.7972470234375 0.0475694437500001 0.7972470234375 0.4086805562500002 0.9996279765624999 0.4086805562500002
22 0.8046875 0.050111607812500084 0.61325645 0.05011160781250007 0.61325645 0.41093750000000007 0.8046875 0.4109375000000002
22 0.6984375 0.14763145000000005 0.34785466249999997 0.14763145000000005 0.34785466249999997 0.3296875 0.6984375 0.3296875000000001
22 0.4453125 0.049131943750000046 0.2578125 0.04913194375000003 0.25781250000000006 0.41024305625 0.4453125 0.41024305625
22 0.3156126 0.11316964375000002 1.3859284197908376e-17 0.11316964375 2.853560700730396e-17 0.352852184375 0.3156126 0.352852184375
22 0.9984375 0.4188988093750002 0.7616071437499999 0.4188988093750002 0.7616071437499999 0.7109375000000002 0.9984375 0.7109375000000002
22 0.8109375 0.4615699406250001 0.49600694531249995 0.461569940625 0.49600694531249995 0.690625 0.8109375 0.6906250000000002
22 0.528125 0.407750496875 0.2890625000000001 0.407750496875 0.2890625000000001 0.7171875 0.528125 0.7171875
22 0.971875 0.7162822421875001 0.7501984140625 0.7162822421875001 0.7501984140625001 0.8859375 0.971875 0.8859375
22 0.7500000000000001 0.7162450390625 0.5160218265625 0.7162450390624999 0.5160218265625001 0.88125 0.7500000000000002 0.88125
22 0.5218750000000001 0.717447915625 0.2906250000000001 0.717447915625 0.2906250000000001 0.8796875 0.5218750000000002 0.8796875
22 0.2578125000000001 0.6828125 0.09288194531250009 0.6828125 0.0928819453125001 0.9140625 0.2578125000000001 0.9140625