22 0.8671875 0.1112723218750001 0.702579365625 0.1112723218750001 0.702579365625 0.21250000000000008 0.8671875 0.21250000000000008
22 0.9671875 0.11086309375000011 0.800632440625 0.1108630937500001 0.800632440625 0.2093750000000001 0.9671875 0.2093750000000001
22 0.9984375 0.08756200468750011 0.9292038687499999 0.08756200468750011 0.9292038687499999 0.2453125000000001 0.9984375 0.2453125000000001
22 0.7515625 0.2726438500000001 0.6768229156250001 0.2726438500000001 0.6768229156250001 0.4281250000000001 0.7515625 0.4281250000000002
22 0.86875 0.3019221234375001 0.7234375 0.3019221234375001 0.7234375 0.3937500000000001 0.86875 0.3937500000000001
22 0.9375 0.2697916671875001 0.8406994046875 0.2697916671875001 0.8406994046875 0.42187500000000017 0.9375 0.42187500000000017
22 1 0.3045758937500001 0.8834697421875 0.3045758937500001 0.8834697421875 0.3765625000000001 1 0.3765625000000001
22 0.7625 0.4642981156250001 0.636210315625 0.464298115625 0.636210315625 0.5468750000000001 0.7625 0.5468750000000002
22 0.8546875 0.4612847218750001 0.723499503125 0.46128472187499997 0.723499503125 0.5484375000000001 0.8546875 0.5484375000000001
22 0.9359375 0.46107390781250024 0.80750248125 0.46107390781250024 0.80750248125 0.5437500000000002 0.9359375 0.5437500000000002
22 1 0.4546875000000002 0.8932787703124999 0.4546875000000002 0.8932787703124999 0.5421875000000002 1 0.5421875000000002
22 0.7453125 0.4465525781250001 0.6631572421875 0.44655257812500004 0.6631572421875 0.5703125000000001 0.7453125 0.5703125000000002
22 0.784375 0.6000248015625 0.66024305625 0.6000248015625 0.66024305625 0.6890625000000001 0.784375 0.6890625000000001
22 0.8453125 0.5826388890625002 0.76875 0.5826388890625002 0.76875 0.7031250000000002 0.8453125 0.7031250000000002
22 0.9296875 0.5734375000000002 0.8509300609375 0.5734375000000002 0.8509300609375 0.6968750000000001 0.9296875 0.6968750000000001
22 1 0.5985987109375002 0.9015625 0.5985987109375002 0.9015625 0.6716145828125002 1 0.6716145828125002