22 1 0.04462922031250011 0.7897231703125 0.0446292203125001 0.7897231703125 0.2093750000000001 1 0.2093750000000001
22 0.86875 0.047043307812500094 0.6038735921875 0.04704330781250008 0.6038735921875 0.2171875000000001 0.86875 0.2171875000000001
22 0.6484375 0.0003165203125000699 0.4932375390625 0.0003165203125000604 0.4932375390625 0.2718750000000001 0.6484375 0.2718750000000001
22 0.5453125 0.05672477968750006 0.2828953984375 0.056724779687500046 0.2828953984375 0.21718750000000003 0.5453125 0.2171875000000001
22 0.39375 0.056332898437500036 0.130162278125 0.05633289843750002 0.13016227812500003 0.21710460312500005 0.39375 0.21710460312500007
22 1 0.3176698156250001 0.7942473859375 0.3176698156250001 0.7942473859375 0.48437500000000017 1 0.48437500000000017
22 0.86875 0.3325537578125001 0.641916196875 0.3325537578125001 0.641916196875 0.4703125000000001 0.86875 0.4703125000000002
22 0.570234625 0.32620076406250004 0.3572121171875 0.3262007640625 0.35721211718750007 0.471875 0.570234625 0.471875
22 0.384375 0.29270749531250007 0.25756631875 0.2927074953125 0.25756631875 0.5046875 0.3843750000000001 0.5046875
22 0.98125 0.5588575156250002 0.784375 0.5588575156250002 0.784375 0.6984375000000002 0.98125 0.6984375000000002
22 0.8109375 0.5420217046875001 0.67859224375 0.5420217046875 0.67859224375 0.7187500000000001 0.8109375 0.7187500000000002
22 0.678125 0.5366207796875 0.5478697765625 0.5366207796875 0.5478697765625 0.7140625 0.678125 0.7140625
22 0.571875 0.557526125 0.3942021703125001 0.557526125 0.3942021703125001 0.684375 0.571875 0.684375
22 0.41875 0.535771703125 0.2986836812500001 0.535771703125 0.2986836812500001 0.7125 0.41875 0.7125
22 0.4281250000000001 0.71875 0.3235078375000001 0.71875 0.3235078375000001 0.85625 0.4281250000000002 0.85625
22 0.5575663187500001 0.7250427046875 0.43618368125 0.7250427046875 0.43618368125000007 0.8608947953125 0.5575663187500002 0.8608947953125
22 0.6671875000000002 0.7378491765625 0.5562876812500002 0.7378491765625 0.5562876812500002 0.865625 0.6671875000000002 0.865625
22 0.7484375000000002 0.808154140625 0.6113092859375001 0.808154140625 0.6113092859375001 0.9859375 0.7484375000000002 0.9859375
22 0.8984375 0.8273261656249999 0.7218096875000002 0.8273261656249999 0.7218096875000002 0.9796875 0.8984375 0.9796875