22 0.21093750000000006 0.10312500000000002 1.262917011620708e-17 0.103125 3.425184016365254e-17 0.45625 0.21093750000000008 0.45625
22 0.5234375 0.14804687500000005 0.2109375 0.14804687500000005 0.21093750000000006 0.4578125 0.5234375 0.4578125
22 0.815625 0.15937500000000007 0.528515625 0.15937500000000004 0.528515625 0.4625000000000001 0.815625 0.4625000000000002
22 0.3703125000000001 0.450390625 0.08906250000000004 0.450390625 0.08906250000000007 0.65625 0.3703125000000001 0.65625
22 0.6046875 0.435546875 0.3890625000000001 0.435546875 0.3890625000000001 0.6796875 0.6046875 0.6796875
22 0.8390625 0.4433593750000001 0.63203125 0.443359375 0.63203125 0.6781250000000001 0.8390625 0.6781250000000002
22 1 0.4925781250000002 0.834375 0.4925781250000002 0.834375 0.6312500000000002 1 0.6312500000000002
22 0.2312500000000001 0.6296875 0.054296875000000064 0.6296875 0.05429687500000009 0.86015625 0.2312500000000001 0.86015625
22 0.7265625000000001 0.6621093750000001 0.510546875 0.662109375 0.5105468750000001 0.8203125 0.7265625000000002 0.8203125
22 0.5125000000000002 0.795703125 0.3906250000000001 0.795703125 0.3906250000000001 0.9921875 0.5125000000000002 0.9921875
22 0.7179687500000002 0.783984375 0.5859375000000002 0.783984375 0.5859375000000002 0.9875 0.7179687500000002 0.9875
22 0.9375 0.8171875 0.7453125000000002 0.8171875 0.7453125000000002 0.95625 0.9375 0.95625