22 0.26562500000000006 0.320703125 0.10312500000000005 0.320703125 0.10312500000000005 0.4953125 0.2656250000000001 0.4953125
22 0.440625 0.30546875000000007 0.263671875 0.30546875 0.26367187500000006 0.49375 0.440625 0.49375
22 0.2359375 0.10468750000000002 0.06054687500000002 0.1046875 0.060546875000000035 0.31875 0.2359375 0.31875
22 0.453125 0.31250000000000006 0.265625 0.3125 0.26562500000000006 0.4875 0.453125 0.4875
22 0.4140625 0.09062500000000004 0.201171875 0.09062500000000002 0.201171875 0.31640625000000006 0.4140625 0.3164062500000001
22 0.65 0.3234375000000001 0.465625 0.3234375000000001 0.465625 0.496875 0.65 0.496875
22 0.85 0.3140625000000001 0.64375 0.3140625000000001 0.64375 0.4875000000000001 0.85 0.48750000000000016
22 0.6625 0.08593750000000008 0.456640625 0.08593750000000007 0.456640625 0.3187500000000001 0.6625 0.3187500000000001
22 0.8828125 0.0843750000000001 0.6546875 0.08437500000000009 0.6546875 0.31718750000000007 0.8828125 0.31718750000000007
22 0.4515625 0.02968750000000004 0.2234375 0.029687500000000023 0.2234375 0.08750000000000004 0.4515625 0.08750000000000005
22 0.6765625 0.034375000000000065 0.451171875 0.03437500000000006 0.451171875 0.09687500000000007 0.6765625 0.09687500000000009
22 0.8890625 0.026562500000000093 0.664453125 0.02656250000000008 0.664453125 0.0937500000000001 0.8890625 0.09375000000000011