22 0.796875 7.962205248192498e-17 0.5034517968750001 6.165506315679523e-17 0.5034517968750001 0.29375000000000007 0.796875 0.29375000000000007
22 0.49375 0.0004391359375000438 0.2203125 0.00043913593750002705 0.2203125 0.28125000000000006 0.49375 0.2812500000000001
22 0.688791871875 0.1756791250000001 0.616079453125 0.1756791250000001 0.616079453125 0.48125 0.688791871875 0.48125
22 0.37812500000000004 0.17429534375000005 0.3054176875 0.17429534375000005 0.30541768750000003 0.4796875 0.3781250000000001 0.4796875
22 0.6828125 0.2516442000000001 0.62038909375 0.2516442000000001 0.62038909375 0.5453125 0.6828125 0.5453125
22 0.38281250000000006 0.24924428125000006 0.3102685875 0.24924428125000003 0.3102685875000001 0.5453125 0.3828125000000001 0.5453125
22 0.803125 0.3673202625000001 0.5051776953125 0.3673202625000001 0.5051776953125 0.43267973906250007 0.803125 0.4326797390625002
22 0.50625 0.362964665625 0.19218750000000004 0.36296466562499996 0.19218750000000004 0.4328125 0.50625 0.4328125
22 0.6921875 0.3188674437500001 0.620818015625 0.3188674437500001 0.620818015625 0.6125 0.6921875 0.6125
22 0.5078125 0.427721609375 0.21211192812500007 0.427721609375 0.21211192812500007 0.5 0.5078125 0.5
22 0.69375 0.3687500000000001 0.632291665625 0.3687500000000001 0.632291665625 0.6875 0.69375 0.6875
22 0.5203125 0.49690053125 0.2175704656250001 0.49690053125 0.2175704656250001 0.565625 0.5203125 0.565625
22 0.6859375000000001 0.4541156046875 0.6234375 0.4541156046875 0.6234375000000001 0.734375 0.6859375000000002 0.734375
22 0.3828125000000001 0.44544526093750003 0.3227583750000001 0.44544526093750003 0.3227583750000001 0.7515625 0.3828125000000001 0.7515625
22 0.6953125000000001 0.5103451812500001 0.6189542484375 0.5103451812500001 0.6189542484375001 0.815625 0.6953125000000002 0.815625
22 0.37968750000000007 0.5084456703125 0.3032935046875001 0.5084456703125 0.3032935046875001 0.8203125 0.37968750000000007 0.8203125
22 0.6937500000000001 0.578125 0.608440565625 0.578125 0.6084405656250002 0.8765625 0.6937500000000002 0.8765625
22 0.3703125000000001 0.5814440359375 0.2991932171875001 0.5814440359375 0.2991932171875001 0.8890625 0.3703125000000001 0.8890625