22 0.05208333281250003 3.1891843408877236e-18 0 0 2.519455651306672e-17 0.4114583328125 0.05208333281250005 0.4114583328125
22 0.21875000000000006 1.6796371072494842e-17 0.055555556250000006 6.803593413641324e-18 0.05555555625000003 0.40625 0.21875000000000008 0.40625
22 0.40277777812500004 3.837651860848349e-17 0.22395833281250002 2.7426985542120575e-17 0.22395833281250005 0.4114583328125 0.40277777812500004 0.4114583328125
22 0.581597221875 0.0017361109375000606 0.4079861109375 0.00173611093750005 0.4079861109375 0.4079861109375 0.581597221875 0.4079861109375
22 0.7638888890625 8.25998752230989e-17 0.5850694437499999 7.165034215673599e-17 0.5850694437499999 0.3958333328125001 0.7638888890625 0.3958333328125001
22 0.7664930562500001 8.244041606824363e-17 0.5798611109375 7.101250534596376e-17 0.5798611109375 0.4045138890625001 0.7664930562500001 0.4045138890625002
22 0.9244791671874999 1.0338272679346004e-16 0.7638888890625 9.354940828946181e-17 0.7638888890625 0.4045138890625002 0.9244791671874999 0.4045138890625002
22 1 1.1768090335556595e-16 0.921875 1.1289712679639661e-16 0.921875 0.41145833281250016 1 0.41145833281250016
22 0.1805555562500001 0.625 7.654042494670958e-17 0.625 9.950255243072244e-17 1 0.18055555625000014 1
22 0.36197916718750006 0.6180555562500001 0.1666666671875001 0.6180555562500001 0.16666666718750012 1 0.36197916718750006 1
22 0.5399305562500002 0.7743055562500001 0.3559027781250001 0.7743055562500001 0.3559027781250001 1 0.5399305562500002 1
22 0.7274305562500001 0.6180555562500001 0.5381944437499999 0.6180555562500001 0.53819444375 1 0.7274305562500002 1
22 0.901909721875 0.6180555562500001 0.7204861109375 0.6180555562500001 0.7204861109375 1 0.901909721875 1
22 1 0.6059027781250002 0.890625 0.6059027781250002 0.890625 1 1 1