22 0.3359375 2.3368748491542268e-17 0.045703125 5.597018574228137e-18 0.04570312500000002 0.2953125 0.3359375 0.2953125
22 0.6109375 5.759666977239896e-17 0.3296875 4.0375074159389303e-17 0.3296875 0.290625 0.6109375 0.2906250000000001
22 0.9234375 9.3953371622086e-17 0.6109375 7.481826538540861e-17 0.6109375 0.27812500000000007 0.9234375 0.27812500000000007
22 0.29218750000000004 0.290625 0.008984375000000036 0.290625 0.008984375000000051 0.55 0.2921875000000001 0.55
22 0.5890625 0.29960937500000007 0.29375 0.299609375 0.29375000000000007 0.5515625 0.5890625 0.5515625
22 0.859375 0.2828125000000001 0.583203125 0.2828125000000001 0.583203125 0.565625 0.859375 0.5656250000000002
22 0.9984375 0.29570312500000007 0.86875 0.29570312500000007 0.86875 0.5515625000000002 0.9984375 0.5515625000000002
22 0.3125000000000001 0.734375 0.13437500000000008 0.734375 0.1343750000000001 0.9625 0.3125000000000001 0.9625
22 0.5687500000000002 0.746875 0.3218750000000001 0.746875 0.3218750000000001 0.9296875 0.5687500000000002 0.9296875
22 0.7656250000000002 0.7289062500000001 0.6007812500000002 0.72890625 0.6007812500000002 0.9640625 0.7656250000000002 0.9640625
22 0.9984375 0.7578125000000002 0.7968750000000002 0.7578125000000002 0.7968750000000002 0.93125 0.9984375 0.93125
22 0.1359375000000001 0.79296875 9.711066415113777e-17 0.79296875 1.0337741144364963e-16 0.8953125 0.1359375000000001 0.8953125