22 0.11718750000000003 0.05625000000000001 6.888638245203862e-18 0.05625 2.5928068950697868e-17 0.3671875 0.11718750000000004 0.3671875
22 0.26484375000000004 0.06250000000000003 0.115625 0.06250000000000003 0.11562500000000002 0.37265625 0.2648437500000001 0.37265625
22 0.39375000000000004 0.09218750000000003 0.259375 0.09218750000000002 0.259375 0.38046875 0.3937500000000001 0.3804687500000001
22 0.5296875 0.07656250000000006 0.390625 0.07656250000000005 0.39062500000000006 0.3867187500000001 0.5296875 0.3867187500000001
22 0.68984375 0.045312500000000075 0.5453125 0.04531250000000007 0.5453125 0.17734375000000008 0.68984375 0.17734375000000008
22 0.684375 0.17031250000000006 0.5421875 0.17031250000000003 0.5421875 0.2710937500000001 0.684375 0.2710937500000001
22 0.68125 0.27031250000000007 0.5421875 0.27031250000000007 0.5421875 0.39531250000000007 0.68125 0.39531250000000007
22 0.80703125 0.09218750000000009 0.6796875 0.09218750000000009 0.6796875 0.2773437500000001 0.80703125 0.2773437500000001
22 0.81171875 0.27031250000000007 0.684375 0.27031250000000007 0.684375 0.4000000000000001 0.81171875 0.4000000000000002
22 0.946875 0.0671875000000001 0.8 0.0671875000000001 0.8 0.2593750000000001 0.946875 0.2593750000000001
22 0.95 0.2578125000000001 0.8078125 0.2578125000000001 0.8078125 0.3898437500000001 0.95 0.3898437500000001
22 0.19140625000000006 0.43125 0.06406250000000005 0.43125 0.06406250000000005 0.61171875 0.19140625000000008 0.61171875
22 0.3148437500000001 0.4296875 0.18750000000000006 0.4296875 0.18750000000000006 0.61015625 0.3148437500000001 0.61015625
22 0.44296875 0.4359375 0.3156250000000001 0.4359375 0.3156250000000001 0.61640625 0.44296875 0.61640625
22 0.56328125 0.4328125 0.4359375 0.4328125 0.4359375 0.61796875 0.56328125 0.61796875
22 0.68828125 0.4359375 0.5609375 0.4359375 0.5609375 0.6234375 0.68828125 0.6234375
22 0.81328125 0.4296875000000001 0.690625 0.4296875 0.690625 0.6195312500000001 0.81328125 0.6195312500000002
22 0.99921875 0.4312500000000002 0.934375 0.4312500000000002 0.934375 0.6164062500000002 0.99921875 0.6164062500000002
22 0.12031250000000009 0.603125 7.386151007357474e-17 0.603125 8.830851528226616e-17 0.8390625 0.12031250000000009 0.8390625
22 0.2390625000000001 0.6078125 0.1140625000000001 0.6078125 0.1140625000000001 0.83828125 0.2390625000000001 0.83828125
22 0.3609375000000001 0.609375 0.2312500000000001 0.609375 0.2312500000000001 0.83984375 0.3609375000000001 0.83984375
22 0.7304687500000001 0.6187500000000001 0.6078125 0.61875 0.6078125000000001 0.84921875 0.7304687500000002 0.84921875
22 0.8515625 0.6250000000000002 0.73125 0.6250000000000002 0.7312500000000001 0.85078125 0.8515625 0.85078125
22 0.978125 0.6187500000000001 0.8484375 0.6187500000000001 0.8484375 0.8546875 0.978125 0.8546875