22 0.4671875 4.5732903905658965e-17 0.2796875 3.425184016365254e-17 0.2796875 0.30937500000000007 0.4671875 0.30937500000000007
22 0.58671875 6.300233728426032e-17 0.4421875 5.415235064979703e-17 0.4421875 0.2406250000000001 0.58671875 0.2406250000000001
22 0.76953125 8.15633903338374e-17 0.5625 6.888638245203862e-17 0.5625 0.2953125000000001 0.76953125 0.2953125000000001
22 0.44765625 0.4484375 0.2671875000000001 0.4484375 0.2671875000000001 0.66953125 0.44765625 0.66953125
22 0.68125 0.4453125 0.4796875 0.4453125 0.4796875 0.65234375 0.68125 0.65234375
22 0.96015625 0.4500000000000002 0.74375 0.4500000000000002 0.74375 0.7218750000000002 0.96015625 0.7218750000000002
22 0.78046875 0.3031250000000001 0.653125 0.3031250000000001 0.653125 0.5531250000000001 0.78046875 0.5531250000000002
22 0.46093750000000017 0.7921875 0.2562500000000001 0.7921875 0.2562500000000001 0.9703125 0.46093750000000017 0.9703125
22 0.6320312500000002 0.828125 0.4421875000000002 0.828125 0.4421875000000002 0.98203125 0.6320312500000002 0.98203125
22 0.82578125 0.859375 0.6312500000000002 0.859375 0.6312500000000002 0.9984375 0.82578125 0.9984375
22 0.1828125 1.1194037148456274e-17 0 0 1.0907010554906116e-17 0.17812500000000003 0.1828125 0.17812500000000003
22 0.29375 2.7745904043182222e-17 0.159375 1.951780836141094e-17 0.159375 0.15625000000000003 0.29375 0.15625000000000006