22 0.269921875 2.143131898507868e-17 0.080078125 9.806741946297164e-18 0.08007812500000001 0.203125 0.269921875 0.203125
22 0.18125000000000002 0.1609375 0.007812500000000019 0.1609375 0.00781250000000004 0.509375 0.18125000000000005 0.509375
22 0.3921875 0.25820312500000003 0.07851562500000002 0.258203125 0.07851562500000003 0.425 0.3921875000000001 0.425
22 0.5640625 0.14687500000000006 0.303515625 0.14687500000000003 0.30351562500000007 0.4953125 0.5640625 0.4953125
22 0.8 0.2562500000000001 0.603125 0.2562500000000001 0.603125 0.6000000000000001 0.8 0.6000000000000002
22 1 1.0964415873616147e-16 0.790625 9.682363755758761e-17 0.790625 0.2515625000000001 1 0.2515625000000001
22 1 0.3734375000000001 0.853125 0.3734375000000001 0.853125 0.6968750000000001 1 0.6968750000000001
22 0.2328125000000001 0.688671875 8.433798073815561e-17 0.688671875 9.134621339733871e-17 0.803125 0.2328125000000001 0.803125
22 0.3375000000000001 0.648046875 7.936285311661949e-17 0.648046875 9.038945808550484e-17 0.828125 0.3375000000000001 0.828125
22 0.5296875000000001 0.69609375 0.20859375000000008 0.69609375 0.20859375000000008 0.878125 0.5296875000000002 0.878125
22 0.7140625 0.685546875 0.400390625 0.685546875 0.4003906250000001 0.86875 0.7140625000000002 0.86875
22 0.8375 0.55 0.64375 0.55 0.64375 0.934375 0.8375 0.934375
22 1 0.7707031250000002 0.7718750000000002 0.7707031250000002 0.7718750000000002 0.940625 1 0.940625