22 0.051562500000000025 3.157292529051771e-18 0 0 2.516266470123077e-17 0.4109375 0.051562500000000046 0.4109375
22 0.21718750000000003 1.672195674920209e-17 0.055902778125 6.846115829422592e-18 0.05590277812500002 0.40625 0.2171875000000001 0.40625
22 0.51875 0.11623263750000001 0.10789930625 0.11623263749999999 0.10789930625000002 0.29505208281250006 0.51875 0.2950520828125001
22 0.696875 0.11779513906250008 0.291840278125 0.11779513906250005 0.291840278125 0.290625 0.696875 0.2906250000000001
22 0.871875 0.10876735937500007 0.4765625 0.10876735937500004 0.4765625 0.2875000000000001 0.871875 0.2875000000000001
22 0.765625 0.0000868046875000824 0.5801215265625 0.00008680468750007104 0.5801215265625 0.40312500000000007 0.765625 0.4031250000000002
22 1 0.12230902812500011 0.641840278125 0.12230902812500008 0.641840278125 0.2812500000000001 1 0.2812500000000001
22 1 0.16666666562500015 0.7549479171875 0.16666666562500013 0.7549479171875 0.24375000000000008 1 0.24375000000000008
22 0.2765625000000001 0.72256944375 8.848923564501209e-17 0.72256944375 9.954507484650371e-17 0.903125 0.2765625000000001 0.903125
22 0.4546875000000001 0.7118923609375 0.07343750000000009 0.7118923609375 0.0734375000000001 0.90625 0.4546875000000002 0.90625
22 0.5593750000000002 0.79461805625 0.3354166671875001 0.79461805625 0.3354166671875001 0.978125 0.5593750000000002 0.978125
22 0.8234375 0.7144097218750001 0.4421875 0.714409721875 0.44218750000000007 0.903125 0.8234375 0.903125
22 1 0.7185763890625001 0.6205729171875001 0.7185763890625 0.6205729171875001 0.8984375 1 0.8984375
22 1 0.6060763890625002 0.890625 0.6060763890625002 0.890625 0.9984375 1 0.9984375