22 0.275 0.3030616546875 0.08614864843750004 0.3030616546875 0.08614864843750006 0.478125 0.2750000000000001 0.478125
22 0.46511824375 0.28574746562500003 0.25988175625 0.285747465625 0.25988175625000004 0.4765625 0.46511824375 0.4765625
22 0.23745777031249998 0.06258445937500001 0.04742398593750001 0.062584459375 0.047423985937500024 0.29375 0.23745777031249998 0.29375
22 0.4703125 0.28750000000000003 0.26896114843749996 0.2875 0.2689611484375 0.4765625 0.4703125 0.4765625
22 0.4296875 0.04826858125000004 0.1994510125 0.04826858125000002 0.19945101250000002 0.290625 0.4296875 0.2906250000000001
22 0.684375 0.2984375000000001 0.484375 0.2984375000000001 0.484375 0.4859375 0.684375 0.4859375
22 0.8828125 0.27031250000000007 0.695734796875 0.27031250000000007 0.695734796875 0.4937500000000001 0.8828125 0.4937500000000002
22 0.696875 0.04218750000000007 0.4748099671875 0.04218750000000006 0.4748099671875 0.29375000000000007 0.696875 0.29375000000000007
22 0.9375 0.0430743250000001 0.686634290625 0.043074325000000094 0.686634290625 0.2890625000000001 0.9375 0.2890625000000001
22 0.46875 0.00008445937500004232 0.22238175781249997 0.00008445937500002723 0.22238175781249997 0.04375000000000004 0.46875 0.04375000000000005
22 0.61834881875 7.241603391117429e-17 0.5642947640625 6.910617765847514e-17 0.5642947640625 0.14843750000000008 0.61834881875 0.14843750000000008
22 0.9421875 1.0054463998341453e-16 0.6998310812499999 8.570458935966438e-17 0.6998310812499999 0.0500000000000001 0.9421875 0.050000000000000114