54 0.65 0.4234375 0.428125 0.4234375 0.428125 0.6453125 0.65 0.6453125
54 0.51875 0.04531250000000005 0.290625 0.04531250000000003 0.290625 0.27187500000000003 0.51875 0.2718750000000001
57 0.353125 0.18125000000000005 0.240625 0.18125000000000005 0.240625 0.3359375 0.353125 0.3359375
53 0.4156250000000001 0.5515625 0.2812500000000001 0.5515625 0.2812500000000001 0.90625 0.4156250000000002 0.90625
53 0.5468750000000002 0.746875 0.3343750000000001 0.746875 0.3343750000000001 0.959375 0.5468750000000002 0.959375
54 0.3812500000000001 0.8734375 0.08125000000000011 0.8734375 0.08125000000000013 0.9984375 0.3812500000000001 0.9984375
54 0.6953125000000002 0.76875 0.44531250000000017 0.76875 0.44531250000000017 1 0.6953125000000002 1
54 0.6234375000000001 0.709375 0.4265625 0.709375 0.42656250000000007 0.83125 0.6234375000000002 0.83125
54 0.6671875 0.12500000000000006 0.3109375 0.12500000000000006 0.31093750000000003 0.4828125 0.6671875 0.4828125
54 0.39843750000000006 0.2984375 0.225 0.2984375 0.22500000000000003 0.4734375 0.3984375000000001 0.4734375
54 0.37343750000000003 0.33125000000000004 0.19218750000000004 0.33125 0.19218750000000007 0.6109375 0.3734375000000001 0.6109375
55 0.709375 0.2453125000000001 0.465625 0.2453125000000001 0.465625 0.490625 0.709375 0.490625