53 0.6062500000000001 0.6203125 0.3078125000000001 0.6203125 0.3078125000000001 0.91875 0.6062500000000002 0.91875
53 0.6812500000000001 0.5359375 0.5421875 0.5359375 0.5421875 1 0.6812500000000001 1
53 0.6062500000000001 0.4796875 0.3156250000000001 0.4796875 0.3156250000000001 0.7703125 0.6062500000000002 0.7703125
53 0.7750000000000001 0.5046875000000001 0.4421875 0.5046875 0.44218750000000007 0.8390625 0.7750000000000001 0.8390625
55 0.4296875000000001 0.71875 0.1921875000000001 0.71875 0.19218750000000012 0.95625 0.42968750000000017 0.95625
55 0.40625000000000017 0.8703125 0.2875000000000001 0.8703125 0.2875000000000001 0.990625 0.40625000000000017 0.990625
57 0.4765625000000001 0.5875 0.2250000000000001 0.5875 0.2250000000000001 0.740625 0.47656250000000017 0.740625
57 0.7000000000000001 0.24218750000000006 0.16562500000000005 0.2421875 0.16562500000000008 0.775 0.7000000000000002 0.775
55 0.628125 0.11875000000000006 0.496875 0.11875000000000005 0.496875 0.2687500000000001 0.628125 0.2687500000000001
54 0.484375 0.021875000000000044 0.21875 0.021875000000000026 0.21875 0.28437500000000004 0.484375 0.2843750000000001
54 0.6625 0.010937500000000072 0.5265625 0.010937500000000063 0.5265625 0.14531250000000007 0.6625 0.1453125000000001
54 0.68125 0.1312500000000001 0.58125 0.1312500000000001 0.58125 0.2406250000000001 0.68125 0.2406250000000001
54 0.53125 0.014062500000000058 0.4203125 0.01406250000000005 0.4203125 0.21875000000000008 0.53125 0.21875000000000008