54 0.6125 0.38750000000000007 0.465625 0.38750000000000007 0.465625 0.68125 0.6125 0.68125
54 0.51875 0.04531250000000005 0.290625 0.04531250000000003 0.290625 0.27187500000000003 0.51875 0.2718750000000001
57 0.353125 0.18125000000000005 0.240625 0.18125000000000005 0.240625 0.3359375 0.353125 0.3359375
53 0.4703125000000001 0.60625 0.22656250000000008 0.60625 0.22656250000000008 0.8515625 0.4703125000000002 0.8515625
53 0.5468750000000002 0.746875 0.3343750000000001 0.746875 0.3343750000000001 0.959375 0.5468750000000002 0.959375
54 0.3812500000000001 0.8734375 0.08125000000000011 0.8734375 0.08125000000000013 0.9984375 0.3812500000000001 0.9984375
54 0.7171875000000002 0.7890625 0.4265625000000002 0.7890625 0.4265625000000002 1 0.7171875000000002 1
54 0.6234375000000001 0.709375 0.4265625 0.709375 0.42656250000000007 0.83125 0.6234375000000002 0.83125
54 0.6109375 0.06875000000000006 0.3671875 0.06875000000000005 0.36718750000000006 0.5390625 0.6109375 0.5390625
54 0.39843750000000006 0.2984375 0.225 0.2984375 0.22500000000000003 0.4734375 0.3984375000000001 0.4734375
54 0.39687500000000003 0.35625000000000007 0.16718750000000004 0.35625 0.16718750000000007 0.5859375 0.3968750000000001 0.5859375
55 0.709375 0.2453125000000001 0.465625 0.2453125000000001 0.465625 0.490625 0.709375 0.490625