56 0.659375 0.465625 0.3375000000000001 0.465625 0.3375000000000001 0.703125 0.659375 0.703125
54 0.6984375000000002 0.7828125 0.5671875000000002 0.7828125 0.5671875000000002 0.95 0.6984375000000002 0.95
54 0.6890625000000001 0.9140625 0.5593750000000002 0.9140625 0.5593750000000002 1 0.6890625000000001 1
54 0.40625 0.12187500000000004 0.25625 0.12187500000000004 0.25625000000000003 0.409375 0.40625 0.409375
54 0.5890625 0.060937500000000054 0.428125 0.06093750000000005 0.428125 0.2218750000000001 0.5890625 0.2218750000000001
54 0.3828125 3.855723906690495e-17 0.246875 3.023346785395028e-17 0.246875 0.27812500000000007 0.3828125 0.27812500000000007
53 0.5359375 0.07500000000000005 0.2984375 0.07500000000000004 0.2984375 0.31093750000000003 0.5359375 0.3109375000000001
53 0.6640625 7.424421219830829e-17 0.5484375 6.716422289073765e-17 0.5484375 0.3109375000000001 0.6640625 0.3109375000000001
56 0.584375 0.2593750000000001 0.4546875 0.2593750000000001 0.4546875 0.3906250000000001 0.584375 0.3906250000000001
54 0.6171875000000001 0.6671875 0.3750000000000001 0.6671875 0.3750000000000001 0.909375 0.6171875000000002 0.909375
57 0.3937500000000001 0.8 0.20312500000000008 0.8 0.20312500000000008 0.990625 0.3937500000000001 0.990625