54 0.6140625 0.38750000000000007 0.465625 0.38750000000000007 0.465625 0.68125 0.6140625 0.68125
54 0.4734375 4.9464249621811065e-17 0.334375 4.0949127346489623e-17 0.334375 0.31718750000000007 0.4734375 0.31718750000000007
57 0.353125 0.18125000000000005 0.240625 0.18125000000000005 0.240625 0.3359375 0.353125 0.3359375
53 0.4156250000000001 0.5515625 0.2812500000000001 0.5515625 0.2812500000000001 0.90625 0.4156250000000002 0.90625
53 0.5046875000000001 0.7046875 0.3750000000000001 0.7046875 0.3750000000000001 1 0.5046875000000002 1
54 0.3812500000000001 0.8734375 0.08281250000000011 0.8734375 0.08281250000000012 0.9984375 0.3812500000000001 0.9984375
54 0.7171875000000002 0.7890625 0.4265625000000002 0.7890625 0.4265625000000002 1 0.7171875000000002 1
54 0.6234375000000001 0.709375 0.4265625 0.709375 0.42656250000000007 0.83125 0.6234375000000002 0.83125
54 0.6109375 0.06875000000000006 0.3671875 0.06875000000000005 0.36718750000000006 0.5390625 0.6109375 0.5390625
54 0.38906250000000003 0.28906250000000006 0.2359375 0.2890625 0.23593750000000005 0.4828125 0.3890625000000001 0.4828125
54 0.37343750000000003 0.33125000000000004 0.19218750000000004 0.33125 0.19218750000000007 0.6109375 0.3734375000000001 0.6109375
55 0.6890625 0.22656250000000008 0.484375 0.22656250000000008 0.484375 0.509375 0.6890625 0.509375