53 0.5125000000000002 0.7359375 0.3062500000000001 0.7359375 0.3062500000000001 1 0.5125000000000002 1
53 0.6765625000000002 0.7640625 0.45625000000000016 0.7640625 0.45625000000000016 0.9828125 0.6765625000000002 0.9828125
56 0.2765625000000001 0.765625 0.10468750000000009 0.765625 0.10468750000000011 0.990625 0.2765625000000001 0.990625
56 0.35625000000000007 0.81875 0.18750000000000008 0.81875 0.1875000000000001 0.9875 0.35625000000000007 0.9875
54 0.7109375 0.4625 0.5890625 0.4625 0.5890625 0.6953125 0.7109375 0.6953125
55 0.4828125000000001 0.534375 0.15625000000000006 0.534375 0.15625000000000006 0.8625 0.4828125000000002 0.8625
53 0.4640625 0.37968750000000007 0.2578125000000001 0.3796875 0.2578125000000001 0.5875 0.4640625 0.5875
54 0.6453125 0.2593750000000001 0.415625 0.2593750000000001 0.415625 0.4875 0.6453125 0.4875
54 0.628125 0.5109375 0.3937500000000001 0.5109375 0.3937500000000001 0.75 0.6281250000000002 0.75
54 0.3937500000000001 0.434375 0.13281250000000006 0.434375 0.13281250000000006 0.68125 0.3937500000000001 0.68125
54 0.33125000000000004 0.16875 0.146875 0.16875 0.14687500000000003 0.425 0.3312500000000001 0.425
54 0.665625 0.12500000000000006 0.375 0.12500000000000006 0.37500000000000006 0.4171875 0.665625 0.4171875
54 0.4375 3.8844265660455115e-17 0.196875 2.4110233858213517e-17 0.19687500000000002 0.22968750000000004 0.4375 0.2296875000000001
54 0.6234375 5.989288252080024e-17 0.3546875 4.343669115725768e-17 0.3546875 0.23281250000000003 0.6234375 0.2328125000000001