53 0.61875 0.2968750000000001 0.55 0.2968750000000001 0.55 0.621875 0.61875 0.621875
53 0.5328125000000001 0.4734375 0.2062500000000001 0.4734375 0.2062500000000001 0.8 0.5328125000000001 0.8
57 0.3062500000000001 0.7140625 0.1859375000000001 0.7140625 0.18593750000000012 0.94375 0.3062500000000001 0.94375
54 0.4859375 0.23593750000000005 0.2578125 0.2359375 0.25781250000000006 0.4609375 0.4859375 0.4609375
54 0.4796875 0.30312500000000003 0.2515625 0.303125 0.2515625 0.56875 0.4796875 0.56875
57 0.3500000000000001 0.4765625 0.17187500000000006 0.4765625 0.17187500000000006 0.6546875 0.3500000000000001 0.6546875
54 0.6390625000000001 0.640625 0.3046875000000001 0.640625 0.3046875000000001 0.975 0.6390625000000002 0.975
55 0.7093750000000002 0.828125 0.4437500000000002 0.828125 0.4437500000000002 0.99375 0.7093750000000002 0.99375
54 0.534375 5.750099424121557e-17 0.4046875 4.955992515299445e-17 0.4046875 0.12812500000000004 0.534375 0.12812500000000004
54 0.6203125 0.15937500000000007 0.3828125 0.15937500000000004 0.38281250000000006 0.4984375 0.6203125 0.4984375
54 0.625 6.161504208210122e-17 0.38125 4.6689659217492845e-17 0.38125 0.22656250000000008 0.625 0.22656250000000008
56 0.8 0.19687500000000008 0.5921875 0.19687500000000008 0.5921875 0.40312500000000007 0.8 0.4031250000000002