53 0.30937500000000007 0.371875 0.20312500000000008 0.371875 0.20312500000000008 0.796875 0.30937500000000007 0.796875
53 0.4875000000000001 0.37500000000000006 0.32500000000000007 0.375 0.32500000000000007 0.81875 0.48750000000000016 0.81875
53 0.6093750000000001 0.55 0.4671875 0.55 0.4671875000000001 1 0.6093750000000002 1
54 0.6703125000000001 0.6359375 0.603125 0.6359375 0.6031250000000001 0.971875 0.6703125000000002 0.971875
54 0.4625000000000002 0.8484375 0.16562500000000008 0.8484375 0.1656250000000001 0.990625 0.4625000000000002 0.990625
53 0.525 0.2484375000000001 0.4578125 0.2484375000000001 0.4578125 0.515625 0.525 0.515625
54 0.5671875 0.17812500000000006 0.49375 0.17812500000000003 0.49375 0.428125 0.5671875 0.428125
54 0.4734375 0.08593750000000006 0.35625 0.08593750000000004 0.35625000000000007 0.496875 0.4734375 0.496875
54 0.6359375 0.043750000000000074 0.55625 0.04375000000000007 0.55625 0.4625 0.6359375 0.4625
54 0.66875 6.984313776387249e-17 0.471875 5.778802083476573e-17 0.471875 0.17500000000000007 0.66875 0.1750000000000001
54 0.5 4.9464249621811065e-17 0.3078125 3.769615928625447e-17 0.3078125 0.12187500000000004 0.5 0.12187500000000004