56 0.659375 0.465625 0.3375000000000001 0.465625 0.3375000000000001 0.703125 0.659375 0.703125
54 0.6984375000000002 0.7828125 0.5671875000000002 0.7828125 0.5671875000000002 0.95 0.6984375000000002 0.95
54 0.6781250000000002 0.903125 0.5703125000000002 0.903125 0.5703125000000002 1 0.6781250000000002 1
54 0.40625 0.12187500000000004 0.25625 0.12187500000000004 0.25625000000000003 0.409375 0.40625 0.409375
54 0.55625 0.02968750000000006 0.4609375 0.029687500000000054 0.4609375 0.25468750000000007 0.55625 0.25468750000000007
54 0.41875 0.03593750000000004 0.2109375 0.035937500000000025 0.2109375 0.24218750000000006 0.41875 0.24218750000000008
53 0.5359375 0.07500000000000005 0.2984375 0.07500000000000004 0.2984375 0.31093750000000003 0.5359375 0.3109375000000001
53 0.6640625 7.424421219830829e-17 0.5484375 6.716422289073765e-17 0.5484375 0.3109375000000001 0.6640625 0.3109375000000001
56 0.584375 0.2593750000000001 0.4546875 0.2593750000000001 0.4546875 0.3906250000000001 0.584375 0.3906250000000001
54 0.6656250000000001 0.7140625 0.3281250000000001 0.7140625 0.3281250000000001 0.8609375 0.6656250000000001 0.8609375
57 0.3843750000000001 0.790625 0.21250000000000008 0.790625 0.21250000000000008 1 0.3843750000000001 1