56 0.646875 0.440625 0.2968750000000001 0.440625 0.2968750000000001 0.696875 0.646875 0.696875
54 0.6984375000000002 0.7921875 0.5375000000000002 0.7921875 0.5375000000000002 0.9546875 0.6984375000000002 0.9546875
54 0.6781250000000002 0.921875 0.5375000000000002 0.921875 0.5375000000000002 1 0.6781250000000002 1
54 0.4109375 0.10156250000000003 0.1734375 0.1015625 0.17343750000000002 0.34062500000000007 0.4109375 0.34062500000000007
54 0.559375 0.026562500000000055 0.4046875 0.026562500000000044 0.4046875 0.18125000000000008 0.559375 0.18125000000000008
54 0.36875 0.021875000000000033 0.178125 0.021875000000000023 0.17812500000000003 0.21250000000000005 0.36875 0.21250000000000008
53 0.43125 4.6976685811043e-17 0.3359375 4.11404784088564e-17 0.3359375 0.35000000000000003 0.43125 0.3500000000000001
53 0.6859375 0.035937500000000074 0.4890625 0.03593750000000005 0.4890625 0.23437500000000008 0.6859375 0.23437500000000008
56 0.5578125 0.20468750000000008 0.434375 0.20468750000000008 0.434375 0.3671875000000001 0.5578125 0.3671875000000001
54 0.6015625000000001 0.6578125 0.3390625000000001 0.6578125 0.3390625000000001 0.91875 0.6015625000000002 0.91875
57 0.35625000000000007 0.7984375 0.1593750000000001 0.7984375 0.1593750000000001 0.9953125 0.35625000000000007 0.9953125