56 0.659375 0.4671875 0.3375000000000001 0.4671875 0.3375000000000001 0.703125 0.659375 0.703125
54 0.6984375000000002 0.7828125 0.5671875000000002 0.7828125 0.5671875000000002 0.95 0.6984375000000002 0.95
54 0.6890625000000001 0.9140625 0.5593750000000002 0.9140625 0.5593750000000002 1 0.6890625000000001 1
54 0.40625 0.12187500000000004 0.25625 0.12187500000000004 0.25625000000000003 0.4109375 0.40625 0.4109375
54 0.55625 0.02968750000000006 0.4609375 0.029687500000000054 0.4609375 0.25468750000000007 0.55625 0.25468750000000007
54 0.3828125 3.855723906690495e-17 0.246875 3.023346785395028e-17 0.246875 0.27812500000000007 0.3828125 0.27812500000000007
53 0.4609375 5.109073365192865e-17 0.3734375 4.573290390565898e-17 0.37343750000000003 0.3859375000000001 0.4609375 0.3859375000000001
53 0.6640625 7.424421219830829e-17 0.5484375 6.716422289073765e-17 0.5484375 0.3109375000000001 0.6640625 0.3109375000000001
56 0.5765625 0.2515625000000001 0.4625 0.2515625000000001 0.4625 0.3984375000000001 0.5765625 0.3984375000000001
54 0.6656250000000001 0.7140625 0.3281250000000001 0.7140625 0.3281250000000001 0.8609375 0.6656250000000001 0.8609375
57 0.3843750000000001 0.790625 0.21250000000000008 0.790625 0.21250000000000008 1 0.3843750000000001 1