53 0.2562500000000001 0.6296875 0.12500000000000008 0.6296875 0.1250000000000001 1 0.2562500000000001 1
53 0.5375000000000002 0.771875 0.4000000000000002 0.771875 0.4000000000000002 1 0.5375000000000002 1
53 0.3609375 0.054687500000000035 0.125 0.05468750000000002 0.12500000000000003 0.2921875 0.3609375 0.2921875
53 0.4140625 4.372371775080784e-17 0.3 3.6739403974420595e-17 0.3 0.31093750000000003 0.4140625 0.3109375000000001
53 0.359375 0.203125 0.3 0.203125 0.3 0.340625 0.359375 0.340625
53 0.40625 0.26875000000000004 0.3296875 0.26875 0.3296875 0.3453125 0.40625 0.3453125000000001
54 0.653125 7.271340369937409e-17 0.534375 6.544206332943669e-17 0.534375 0.2312500000000001 0.653125 0.2312500000000001
54 0.55 0.08750000000000005 0.375 0.08750000000000005 0.375 0.26250000000000007 0.55 0.26250000000000007
54 0.7390625 0.21250000000000008 0.3828125 0.21250000000000008 0.38281250000000006 0.4593750000000001 0.7390625 0.4593750000000002
54 0.70625 0.33281250000000007 0.14062500000000006 0.3328125 0.14062500000000008 1 0.7062500000000002 1
54 0.721875 0.43125 0.5375 0.43125 0.5375 0.534375 0.721875 0.534375