53 0.3265625000000001 0.4546875 0.22031250000000008 0.4546875 0.22031250000000008 0.81875 0.3265625000000001 0.81875
53 0.42656250000000007 0.39843750000000006 0.3281250000000001 0.3984375 0.3281250000000001 0.79375 0.4265625000000002 0.79375
53 0.5000000000000001 0.5078125 0.403125 0.5078125 0.40312500000000007 1 0.5000000000000002 1
53 0.5406250000000001 0.3468750000000001 0.465625 0.3468750000000001 0.46562500000000007 0.8359375 0.5406250000000001 0.8359375
53 0.6484375 0.3312500000000001 0.546875 0.3312500000000001 0.546875 0.6 0.6484375 0.6
53 0.6578125 0.04843750000000007 0.578125 0.048437500000000064 0.578125 0.3125000000000001 0.6578125 0.3125000000000001
53 0.521875 0.0031250000000000596 0.4484375 0.0031250000000000557 0.4484375 0.2218750000000001 0.521875 0.2218750000000001
53 0.43125 0.27187500000000003 0.35 0.271875 0.35000000000000003 0.5359375 0.43125 0.5359375
53 0.5921875000000002 0.7953125 0.4937500000000002 0.7953125 0.4937500000000002 0.9515625 0.5921875000000002 0.9515625
53 0.6078125000000002 0.925 0.48437500000000017 0.925 0.48437500000000017 1 0.6078125000000002 1
53 0.3109375000000001 0.71875 0.2250000000000001 0.71875 0.2250000000000001 1 0.3109375000000001 1
53 0.4046875000000002 0.7359375 0.3140625000000001 0.7359375 0.3140625000000001 1 0.4046875000000002 1