53 0.28437500000000004 0.056250000000000036 0.1984375 0.05625000000000002 0.19843750000000002 0.3921875 0.2843750000000001 0.3921875
53 0.628125 0.006250000000000072 0.5390625 0.006250000000000066 0.5390625 0.2171875000000001 0.628125 0.2171875000000001
54 0.33125000000000004 0.18906250000000005 0.2046875 0.18906250000000005 0.20468750000000005 1 0.3312500000000001 1
53 0.5718750000000001 0.621875 0.21875000000000008 0.621875 0.21875000000000008 1 0.5718750000000001 1
54 0.5390625 0.01875000000000006 0.415625 0.01875000000000005 0.415625 0.18437500000000004 0.5390625 0.18437500000000004
54 0.5046875 5.463072830571396e-17 0.3875 4.7455063466959936e-17 0.3875 0.09687500000000006 0.5046875 0.09687500000000007
54 0.3609375 0.009375000000000038 0.246875 0.009375000000000031 0.246875 0.2203125 0.3609375 0.2203125
54 0.65 0.3140625000000001 0.540625 0.3140625000000001 0.540625 0.628125 0.65 0.628125
53 0.528125 0.27031250000000007 0.440625 0.27031250000000007 0.440625 0.6296875 0.528125 0.6296875
54 0.490625 0.11250000000000004 0.321875 0.11250000000000004 0.321875 0.30468750000000006 0.490625 0.3046875000000001
57 0.665625 0.17031250000000006 0.4375 0.17031250000000003 0.4375 0.3734375000000001 0.665625 0.3734375000000001
54 0.690625 0.609375 0.5390625 0.609375 0.5390625000000001 0.9796875 0.6906250000000002 0.9796875