56 0.453125 0.37500000000000006 0.21093750000000008 0.375 0.21093750000000008 0.721875 0.453125 0.721875
56 0.5687500000000001 0.5734375 0.3734375000000001 0.5734375 0.3734375000000001 0.8578125 0.5687500000000002 0.8578125
56 0.7078125 0.2875000000000001 0.41875 0.2875000000000001 0.41875 0.5765625 0.7078125 0.5765625
56 0.521875 0.23125000000000004 0.31875 0.23125 0.31875000000000003 0.4359375 0.521875 0.4359375
56 0.4078125 0.16093750000000004 0.1890625 0.16093750000000004 0.18906250000000002 0.38125000000000003 0.4078125 0.3812500000000001
56 0.4765625 0.12656250000000005 0.3515625 0.12656250000000005 0.3515625 0.2515625 0.4765625 0.2515625000000001
56 0.5875 0.08593750000000007 0.515625 0.08593750000000007 0.515625 0.3703125000000001 0.5875 0.3703125000000001
56 0.4 0.014062500000000042 0.278125 0.014062500000000033 0.278125 0.13750000000000004 0.4 0.13750000000000004
56 0.684375 0.07968750000000008 0.534375 0.07968750000000006 0.534375 0.2640625000000001 0.684375 0.2640625000000001
56 0.515625 0.08281250000000005 0.403125 0.08281250000000004 0.403125 0.19531250000000006 0.515625 0.19531250000000006
56 0.4578125000000002 0.7921875 0.2515625000000001 0.7921875 0.2515625000000001 1 0.4578125000000002 1