54 0.3781250000000001 0.4921875 0.06718750000000007 0.4921875 0.06718750000000008 0.8046875 0.3781250000000001 0.8046875
53 0.51875 0.3203125000000001 0.39375 0.3203125000000001 0.39375000000000004 0.7484375 0.5187500000000002 0.7484375
53 0.4375 0.21875000000000006 0.30625 0.21875 0.30625 0.51875 0.4375 0.51875
54 0.64375 0.13125000000000006 0.4625 0.13125000000000003 0.4625 0.3125000000000001 0.64375 0.3125000000000001
54 0.6140625000000002 0.915625 0.17968750000000014 0.915625 0.17968750000000014 0.9953125 0.6140625000000002 0.9953125
54 0.4687500000000001 0.621875 0.05312500000000007 0.621875 0.0531250000000001 1 0.46875000000000017 1
54 0.6562500000000001 0.5875 0.503125 0.5875 0.503125 0.840625 0.6562500000000002 0.840625
54 0.6640625000000002 0.79375 0.5031250000000002 0.79375 0.5031250000000002 0.9546875 0.6640625000000002 0.9546875
54 0.58125 5.836207402186604e-17 0.371875 4.55415528432922e-17 0.371875 0.19218750000000007 0.58125 0.1921875000000001
54 0.68125 0.46875 0.496875 0.46875 0.496875 0.6375 0.68125 0.6375
54 0.6203125 0.3906250000000001 0.49375 0.3906250000000001 0.49375 0.48125 0.6203125 0.48125
55 0.7078125 0.014062500000000075 0.5203125 0.014062500000000061 0.5203125 0.20312500000000008 0.7078125 0.20312500000000008
54 0.4125 0.06718750000000004 0.1984375 0.06718750000000002 0.19843750000000002 0.27968750000000003 0.4125 0.2796875000000001