53 0.3921875000000001 0.51875 0.15625000000000006 0.51875 0.15625000000000006 0.753125 0.3921875000000001 0.753125
53 0.5 0.4734375 0.2531250000000001 0.4734375 0.2531250000000001 0.71875 0.5 0.71875
53 0.5000000000000001 0.5078125 0.403125 0.5078125 0.40312500000000007 1 0.5000000000000002 1
53 0.64375 0.45 0.3609375000000001 0.45 0.3609375000000001 0.7328125 0.6437500000000002 0.7328125
53 0.6890625 0.3734375000000001 0.5046875 0.3734375000000001 0.5046875 0.5578125 0.6890625 0.5578125
53 0.65625 0.04843750000000007 0.578125 0.048437500000000064 0.578125 0.3125000000000001 0.65625 0.3125000000000001
53 0.5578125 0.03906250000000006 0.4109375 0.039062500000000056 0.4109375 0.18593750000000006 0.5578125 0.1859375000000001
53 0.4765625 0.31718750000000007 0.303125 0.3171875 0.30312500000000003 0.490625 0.4765625 0.490625
53 0.5921875000000002 0.7953125 0.4937500000000002 0.7953125 0.4937500000000002 0.9515625 0.5921875000000002 0.9515625
53 0.5953125000000001 0.9125 0.49531250000000016 0.9125 0.49531250000000016 1 0.5953125000000001 1
53 0.3593750000000001 0.7671875 0.1765625000000001 0.7671875 0.17656250000000012 0.9515625 0.3593750000000001 0.9515625
53 0.4046875000000002 0.7359375 0.3140625000000001 0.7359375 0.3140625000000001 1 0.4046875000000002 1