56 0.715625 0.425 0.3531250000000001 0.425 0.3531250000000001 0.690625 0.715625 0.690625
54 0.7593750000000001 0.7812500000000001 0.6125000000000002 0.78125 0.6125000000000002 0.96875 0.7593750000000001 0.96875
54 0.7484375000000002 0.925 0.6015625000000002 0.925 0.6015625000000002 1 0.7484375000000002 1
54 0.43125 0.035937500000000046 0.2640625 0.03593750000000003 0.2640625 0.3609375 0.43125 0.3609375000000001
54 0.5984375 6.668584523482072e-17 0.490625 6.008423358316702e-17 0.490625 0.18437500000000007 0.5984375 0.1843750000000001
54 0.40625 4.0375074159389303e-17 0.253125 3.099887210341738e-17 0.253125 0.21250000000000005 0.40625 0.21250000000000008
53 0.490625 5.415235064979703e-17 0.39375 4.8220467716427034e-17 0.39375 0.3312500000000001 0.490625 0.3312500000000001
53 0.71875 8.00804196004949e-17 0.5890625 7.213935051227377e-17 0.5890625 0.2500000000000001 0.71875 0.2500000000000001
56 0.621875 0.18125000000000008 0.4953125 0.18125000000000005 0.4953125 0.3500000000000001 0.621875 0.3500000000000001
54 0.7203125000000001 0.703125 0.3437500000000001 0.703125 0.3437500000000001 0.86875 0.7203125000000001 0.86875
57 0.4078125000000002 0.790625 0.2156250000000001 0.790625 0.2156250000000001 1 0.4078125000000002 1