53 0.6828125 0.3609375000000001 0.4859375 0.3609375000000001 0.4859375 0.5578125 0.6828125 0.5578125
53 0.4468750000000001 0.38750000000000007 0.2906250000000001 0.3875 0.2906250000000001 0.884375 0.4468750000000002 0.884375
57 0.3062500000000001 0.7140625 0.1859375000000001 0.7140625 0.18593750000000012 0.94375 0.3062500000000001 0.94375
54 0.478125 0.22812500000000005 0.265625 0.228125 0.26562500000000006 0.46875 0.478125 0.46875
54 0.4890625 0.31250000000000006 0.2421875 0.3125 0.24218750000000006 0.559375 0.4890625 0.559375
57 0.34062500000000007 0.4671875 0.18125000000000005 0.4671875 0.18125000000000008 0.6640625 0.34062500000000007 0.6640625
54 0.6140625000000001 0.615625 0.3296875000000001 0.615625 0.3296875000000001 1 0.6140625000000002 1
55 0.7093750000000002 0.828125 0.4437500000000002 0.828125 0.4437500000000002 0.99375 0.7093750000000002 0.99375
54 0.5328125 5.740531871003217e-17 0.4046875 4.955992515299445e-17 0.4046875 0.12812500000000004 0.5328125 0.12812500000000004
54 0.6203125 0.15937500000000007 0.3828125 0.15937500000000004 0.38281250000000006 0.4984375 0.6203125 0.4984375
54 0.625 6.161504208210122e-17 0.38125 4.6689659217492845e-17 0.38125 0.22656250000000008 0.625 0.22656250000000008
56 0.7671875 0.16406250000000008 0.625 0.16406250000000008 0.625 0.4359375000000001 0.7671875 0.4359375000000002