53 0.5125000000000002 0.7359375 0.3062500000000001 0.7359375 0.3062500000000001 1 0.5125000000000002 1
53 0.6593750000000002 0.746875 0.4734375000000002 0.746875 0.4734375000000002 1 0.6593750000000002 1
56 0.2765625000000001 0.765625 0.10468750000000009 0.765625 0.10468750000000011 0.990625 0.2765625000000001 0.990625
56 0.3500000000000001 0.8125 0.1937500000000001 0.8125 0.19375000000000012 0.99375 0.3500000000000001 0.99375
54 0.7109375 0.4625 0.5890625 0.4625 0.5890625 0.6953125 0.7109375 0.6953125
55 0.4828125000000001 0.534375 0.15625000000000006 0.534375 0.15625000000000006 0.8625 0.4828125000000002 0.8625
53 0.4125 0.3296875 0.3078125 0.3296875 0.30781250000000004 0.6375 0.4125 0.6375
54 0.6265625 0.2406250000000001 0.434375 0.2406250000000001 0.434375 0.50625 0.6265625 0.50625
54 0.628125 0.5109375 0.39531250000000007 0.5109375 0.39531250000000007 0.75 0.6281250000000002 0.75
54 0.3937500000000001 0.434375 0.13281250000000006 0.434375 0.13281250000000006 0.68125 0.3937500000000001 0.68125
54 0.33125000000000004 0.16875 0.146875 0.16875 0.14687500000000003 0.425 0.3312500000000001 0.425
54 0.709375 0.16875000000000007 0.3328125 0.16875000000000004 0.33281250000000007 0.37343750000000003 0.709375 0.3734375000000001
54 0.4609375 0.01093750000000004 0.175 0.010937500000000022 0.17500000000000002 0.20781250000000004 0.4609375 0.2078125000000001
54 0.659375 5.989288252080025e-17 0.31875 3.903561672282188e-17 0.31875 0.19687500000000008 0.659375 0.19687500000000008