53 0.2562500000000001 0.6296875 0.12500000000000008 0.6296875 0.1250000000000001 1 0.2562500000000001 1
53 0.5609375000000002 0.7953125 0.3765625000000001 0.7953125 0.3765625000000001 0.978125 0.5609375000000002 0.978125
53 0.3609375 0.054687500000000035 0.125 0.05468750000000002 0.12500000000000003 0.2921875 0.3609375 0.2921875
53 0.4140625 4.372371775080784e-17 0.3 3.6739403974420595e-17 0.3 0.31093750000000003 0.4140625 0.3109375000000001
53 0.359375 0.203125 0.3 0.203125 0.3 0.340625 0.359375 0.340625
53 0.390625 0.25468750000000007 0.34375 0.2546875 0.34375 0.35937500000000006 0.390625 0.3593750000000001
54 0.68125 0.028125000000000077 0.50625 0.028125000000000067 0.50625 0.20312500000000008 0.68125 0.20312500000000008
54 0.5328125 0.07031250000000006 0.3921875 0.07031250000000004 0.3921875 0.2796875000000001 0.5328125 0.2796875000000001
54 0.7125 0.18593750000000006 0.4109375 0.18593750000000003 0.4109375 0.4875 0.7125 0.4875
54 0.7328125000000001 0.35781250000000003 0.11562500000000005 0.3578125 0.11562500000000009 0.975 0.7328125000000002 0.975
54 0.7015625 0.4109375 0.5578125 0.4109375 0.5578125 0.5546875 0.7015625 0.5546875