54 0.38750000000000007 0.503125 0.056250000000000064 0.503125 0.05625000000000008 0.79375 0.38750000000000007 0.79375
53 0.51875 0.3203125000000001 0.39375 0.3203125000000001 0.39375000000000004 0.7484375 0.5187500000000002 0.7484375
53 0.4375 0.21875000000000006 0.30625 0.21875 0.30625 0.51875 0.4375 0.51875
54 0.6171875 0.10468750000000007 0.490625 0.10468750000000004 0.490625 0.34062500000000007 0.6171875 0.34062500000000007
54 0.6140625000000002 0.915625 0.17968750000000014 0.915625 0.17968750000000014 0.9953125 0.6140625000000002 0.9953125
54 0.4687500000000001 0.621875 0.05312500000000007 0.621875 0.0531250000000001 1 0.46875000000000017 1
54 0.6562500000000001 0.5875 0.503125 0.5875 0.503125 0.840625 0.6562500000000002 0.840625
54 0.6468750000000002 0.775 0.5218750000000002 0.775 0.5218750000000002 0.971875 0.6468750000000002 0.971875
54 0.58125 5.845774955304943e-17 0.3734375 4.573290390565898e-17 0.3734375 0.19218750000000007 0.58125 0.1921875000000001
54 0.68125 0.46875 0.496875 0.46875 0.496875 0.6375 0.68125 0.6375
54 0.6203125 0.3906250000000001 0.49375 0.3906250000000001 0.49375 0.48125 0.6203125 0.48125
55 0.69375 7.520096751014216e-17 0.534375 6.544206332943669e-17 0.534375 0.2171875000000001 0.69375 0.2171875000000001
54 0.390625 0.04531250000000003 0.2203125 0.04531250000000002 0.2203125 0.30156250000000007 0.390625 0.30156250000000007