56 0.646875 0.440625 0.2968750000000001 0.440625 0.2968750000000001 0.696875 0.646875 0.696875
54 0.6890625000000001 0.7828125 0.5468750000000002 0.7828125 0.5468750000000002 0.9640625 0.6890625000000001 0.9640625
54 0.6796875000000002 0.921875 0.5375000000000002 0.921875 0.5375000000000002 1 0.6796875000000002 1
54 0.37343750000000003 0.06406250000000004 0.2109375 0.06406250000000002 0.21093750000000006 0.37812500000000004 0.3734375000000001 0.3781250000000001
54 0.534375 5.912747827133314e-17 0.43125 5.281289321322961e-17 0.43125 0.2078125000000001 0.534375 0.2078125000000001
54 0.346875 3.348643591418544e-17 0.2 2.4492935982947065e-17 0.2 0.234375 0.346875 0.234375
53 0.43125 4.6976685811043e-17 0.3359375 4.11404784088564e-17 0.3359375 0.35000000000000003 0.43125 0.3500000000000001
53 0.65 7.1947999449907e-17 0.525 6.429395695523604e-17 0.525 0.27031250000000007 0.65 0.27031250000000007
56 0.5578125 0.20468750000000008 0.434375 0.20468750000000008 0.434375 0.3671875000000001 0.5578125 0.3671875000000001
54 0.6515625 0.7078125 0.2890625000000001 0.7078125 0.2890625000000001 0.8671875 0.6515625000000002 0.8671875
57 0.3500000000000001 0.7921875 0.16406250000000008 0.7921875 0.1640625000000001 1 0.3500000000000001 1