53 0.5265625000000002 0.75 0.2906250000000001 0.75 0.2906250000000001 0.9859375 0.5265625000000002 0.9859375
53 0.6765625000000002 0.7640625 0.45625000000000016 0.7640625 0.45625000000000016 0.9828125 0.6765625000000002 0.9828125
56 0.2906250000000001 0.7796875 0.09218750000000009 0.7796875 0.0921875000000001 0.978125 0.2906250000000001 0.978125
56 0.35625000000000007 0.81875 0.18750000000000008 0.81875 0.1875000000000001 0.9875 0.35625000000000007 0.9875
54 0.7375 0.4906250000000001 0.5609375 0.490625 0.5609375 0.6671875 0.7375 0.6671875000000002
55 0.4828125000000001 0.534375 0.15625000000000006 0.534375 0.15625000000000006 0.8625 0.4828125000000002 0.8625
53 0.4125 0.3296875 0.3078125 0.3296875 0.30781250000000004 0.6375 0.4125 0.6375
54 0.6453125 0.2593750000000001 0.415625 0.2593750000000001 0.415625 0.4875 0.6453125 0.4875
54 0.6296875000000001 0.5125 0.3937500000000001 0.5125 0.3937500000000001 0.7484375 0.6296875000000002 0.7484375
54 0.3906250000000001 0.4296875 0.13593750000000004 0.4296875 0.13593750000000007 0.684375 0.3906250000000001 0.684375
54 0.35000000000000003 0.18750000000000003 0.12968750000000004 0.1875 0.12968750000000004 0.40625 0.3500000000000001 0.40625
54 0.709375 0.16875000000000007 0.33125 0.16875000000000004 0.33125000000000004 0.37343750000000003 0.709375 0.3734375000000001
54 0.4375 3.8844265660455115e-17 0.196875 2.4110233858213517e-17 0.19687500000000002 0.22968750000000004 0.4375 0.2296875000000001
54 0.659375 5.989288252080025e-17 0.31875 3.903561672282188e-17 0.31875 0.19687500000000008 0.659375 0.19687500000000008