56 0.6234375 0.4171875 0.3203125000000001 0.4171875 0.3203125000000001 0.7203125 0.6234375 0.7203125
54 0.6984375000000002 0.7921875 0.5375000000000002 0.7921875 0.5375000000000002 0.9546875 0.6984375000000002 0.9546875
54 0.6625000000000002 0.90625 0.5515625000000002 0.90625 0.5515625000000002 1 0.6625000000000002 1
54 0.4109375 0.10156250000000003 0.1734375 0.1015625 0.17343750000000002 0.34062500000000007 0.4109375 0.34062500000000007
54 0.559375 0.026562500000000055 0.4046875 0.026562500000000044 0.4046875 0.18125000000000008 0.559375 0.18125000000000008
54 0.346875 3.348643591418544e-17 0.2 2.4492935982947065e-17 0.2 0.234375 0.346875 0.234375
53 0.4953125 0.06406250000000005 0.271875 0.06406250000000002 0.271875 0.28593750000000007 0.4953125 0.28593750000000007
53 0.6859375 0.035937500000000074 0.4890625 0.03593750000000005 0.4890625 0.23437500000000008 0.6859375 0.23437500000000008
56 0.5578125 0.20468750000000008 0.434375 0.20468750000000008 0.434375 0.3671875000000001 0.5578125 0.3671875000000001
54 0.6015625000000001 0.6578125 0.3390625000000001 0.6578125 0.3390625000000001 0.91875 0.6015625000000002 0.91875
57 0.3500000000000001 0.7921875 0.16406250000000008 0.7921875 0.1640625000000001 1 0.3500000000000001 1