56 0.453125 0.37500000000000006 0.21093750000000008 0.375 0.21093750000000008 0.721875 0.453125 0.721875
56 0.5687500000000001 0.5734375 0.3734375000000001 0.5734375 0.3734375000000001 0.8578125 0.5687500000000002 0.8578125
56 0.675 0.25468750000000007 0.4515625 0.25468750000000007 0.4515625 0.609375 0.675 0.609375
56 0.5203125 0.23125000000000004 0.31875 0.23125 0.31875000000000003 0.4359375 0.5203125 0.4359375
56 0.36406250000000007 0.11875000000000005 0.23125 0.11875000000000005 0.23125000000000004 0.4234375 0.36406250000000007 0.4234375
56 0.45625 0.10625000000000004 0.371875 0.10625000000000004 0.371875 0.2718750000000001 0.45625 0.2718750000000001
56 0.5875 0.08593750000000007 0.515625 0.08593750000000007 0.515625 0.3703125000000001 0.5875 0.3703125000000001
56 0.3875 4.1618856064773335e-17 0.2921875 3.5782648662586727e-17 0.2921875 0.15000000000000005 0.3875 0.15000000000000005
56 0.6859375 0.07968750000000008 0.534375 0.07968750000000006 0.534375 0.2640625000000001 0.6859375 0.2640625000000001
56 0.5140625 0.08125000000000006 0.40625 0.08125000000000004 0.40625 0.19687500000000005 0.5140625 0.19687500000000005
56 0.5187500000000002 0.853125 0.1937500000000001 0.853125 0.19375000000000012 0.9421875 0.5187500000000002 0.9421875