53 0.5281250000000001 0.5421875 0.3859375000000001 0.5421875 0.3859375000000001 0.996875 0.5281250000000002 0.996875
53 0.6812500000000001 0.5359375 0.5421875 0.5359375 0.5421875 1 0.6812500000000001 1
53 0.5265625 0.4 0.39531250000000007 0.4 0.39531250000000007 0.85 0.5265625000000002 0.85
53 0.6812500000000001 0.4125 0.534375 0.4125 0.534375 0.93125 0.6812500000000001 0.93125
55 0.4156250000000001 0.7046875 0.2062500000000001 0.7046875 0.2062500000000001 0.9703125 0.4156250000000002 0.9703125
55 0.3968750000000001 0.8609375 0.2968750000000001 0.8609375 0.2968750000000001 1 0.3968750000000001 1
57 0.4765625000000001 0.5875 0.2250000000000001 0.5875 0.2250000000000001 0.740625 0.47656250000000017 0.740625
57 0.6984375 0.23906250000000004 0.16875000000000004 0.2390625 0.16875000000000007 0.778125 0.6984375000000002 0.778125
55 0.628125 0.11875000000000006 0.4984375 0.11875000000000005 0.4984375 0.2687500000000001 0.628125 0.2687500000000001
54 0.484375 0.021875000000000044 0.21875 0.021875000000000026 0.21875 0.28593750000000007 0.484375 0.28593750000000007
54 0.653125 7.290475476174086e-17 0.5375 6.582476545417023e-17 0.5375 0.15625000000000006 0.653125 0.15625000000000008
54 0.68125 0.1312500000000001 0.58125 0.1312500000000001 0.58125 0.24218750000000008 0.68125 0.24218750000000008
54 0.53125 0.014062500000000058 0.4203125 0.01406250000000005 0.4203125 0.21875000000000008 0.53125 0.21875000000000008