56 0.453125 0.37500000000000006 0.21093750000000008 0.375 0.21093750000000008 0.721875 0.453125 0.721875
56 0.5906250000000001 0.5953125 0.3515625000000001 0.5953125 0.3515625000000001 0.8359375 0.5906250000000002 0.8359375
56 0.675 0.25468750000000007 0.45 0.25468750000000007 0.45 0.609375 0.675 0.609375
56 0.5203125 0.23125000000000004 0.31875 0.23125 0.31875000000000003 0.4359375 0.5203125 0.4359375
56 0.4078125 0.16093750000000004 0.1890625 0.16093750000000004 0.18906250000000002 0.38125000000000003 0.4078125 0.3812500000000001
56 0.4765625 0.12656250000000005 0.3515625 0.12656250000000005 0.3515625 0.2515625 0.4765625 0.2515625000000001
56 0.640625 0.13906250000000006 0.4625 0.13906250000000003 0.4625 0.31718750000000007 0.640625 0.31718750000000007
56 0.4 0.014062500000000042 0.278125 0.014062500000000033 0.278125 0.13750000000000004 0.4 0.13750000000000004
56 0.69375 0.08906250000000007 0.525 0.08906250000000007 0.525 0.25468750000000007 0.69375 0.25468750000000007
56 0.5125 0.08125000000000006 0.40625 0.08125000000000004 0.40625 0.19687500000000005 0.5125 0.19687500000000005
56 0.5187500000000002 0.853125 0.1937500000000001 0.853125 0.19375000000000012 0.940625 0.5187500000000002 0.940625