53 0.6859375 0.3593750000000001 0.4875 0.3593750000000001 0.4875 0.5578125 0.6859375 0.5578125
53 0.4484375000000001 0.38593750000000004 0.2906250000000001 0.3859375 0.2906250000000001 0.8890625 0.44843750000000016 0.8890625
57 0.3062500000000001 0.715625 0.1859375000000001 0.715625 0.18593750000000012 0.946875 0.3062500000000001 0.946875
54 0.48125 0.22812500000000005 0.265625 0.228125 0.26562500000000006 0.4671875 0.48125 0.4671875
54 0.4796875 0.30156250000000007 0.2515625 0.3015625 0.2515625 0.5703125 0.4796875 0.5703125
57 0.3421875000000001 0.465625 0.17968750000000006 0.465625 0.17968750000000006 0.665625 0.3421875000000001 0.665625
54 0.6156250000000001 0.6171875 0.3312500000000001 0.6171875 0.3312500000000001 1 0.6156250000000002 1
55 0.6859375000000002 0.8046875 0.47187500000000016 0.8046875 0.47187500000000016 1 0.6859375000000002 1
54 0.534375 5.750099424121557e-17 0.4046875 4.955992515299445e-17 0.4046875 0.12500000000000006 0.534375 0.12500000000000006
54 0.621875 0.15625000000000006 0.384375 0.15625000000000006 0.384375 0.5 0.621875 0.5
54 0.6265625 6.17107176132846e-17 0.38125 4.6689659217492845e-17 0.38125 0.2250000000000001 0.6265625 0.2250000000000001
56 0.7703125 0.1625000000000001 0.628125 0.1625000000000001 0.628125 0.4359375000000001 0.7703125 0.4359375000000002