56 0.35000000000000003 0.056250000000000036 0.2375 0.05625000000000002 0.23750000000000004 0.384375 0.3500000000000001 0.384375
54 0.32500000000000007 0.7234375 0.2062500000000001 0.7234375 0.2062500000000001 0.9203125 0.32500000000000007 0.9203125
54 0.3281250000000001 0.8609375 0.1937500000000001 0.8609375 0.19375000000000012 1 0.3281250000000001 1
53 0.45625 0.023437500000000052 0.396875 0.02343750000000005 0.396875 0.19531250000000006 0.45625 0.19531250000000006
53 0.396875 0.009375000000000046 0.3359375 0.009375000000000041 0.3359375 0.20937500000000003 0.396875 0.2093750000000001
54 0.6359375 0.14531250000000007 0.4015625 0.14531250000000004 0.4015625 0.4203125 0.6359375 0.4203125
56 0.47656250000000017 0.7265625 0.3453125000000001 0.7265625 0.3453125000000001 0.9453125 0.47656250000000017 0.9453125
54 0.7031250000000002 0.8984375 0.3656250000000001 0.8984375 0.3656250000000001 0.9984375 0.7031250000000002 0.9984375
56 0.6734375000000001 0.55625 0.4703125 0.55625 0.4703125000000001 0.903125 0.6734375000000001 0.903125
56 0.43437500000000007 0.4265625 0.29375000000000007 0.4265625 0.29375000000000007 0.7265625 0.4343750000000002 0.7265625
54 0.6328125 7.108691966925652e-17 0.528125 6.467665907996959e-17 0.528125 0.15625000000000006 0.6328125 0.15625000000000008