53 0.3453125 0.11718750000000003 0.1359375 0.1171875 0.13593750000000002 0.3296875 0.3453125 0.3296875
53 0.628125 0.006250000000000072 0.5375 0.006250000000000066 0.5375 0.2156250000000001 0.628125 0.2156250000000001
54 0.33125000000000004 0.18906250000000005 0.203125 0.18906250000000005 0.20312500000000006 1 0.3312500000000001 1
53 0.5718750000000001 0.621875 0.21875000000000008 0.621875 0.21875000000000008 1 0.5718750000000001 1
54 0.55 0.029687500000000054 0.4046875 0.029687500000000044 0.4046875 0.17343750000000008 0.55 0.17343750000000008
54 0.4984375 5.443937724334719e-17 0.390625 4.7837765591693485e-17 0.390625 0.10156250000000004 0.4984375 0.10156250000000004
54 0.384375 0.032812500000000036 0.221875 0.03281250000000002 0.221875 0.19531250000000006 0.384375 0.19531250000000006
54 0.65 0.3140625000000001 0.540625 0.3140625000000001 0.540625 0.628125 0.65 0.628125
53 0.5953125 0.3390625000000001 0.371875 0.3390625000000001 0.37187500000000007 0.5609375 0.5953125 0.5609375
54 0.490625 0.11250000000000004 0.321875 0.11250000000000004 0.321875 0.30468750000000006 0.490625 0.3046875000000001
57 0.659375 0.16406250000000006 0.44375 0.16406250000000006 0.44375 0.37968750000000007 0.659375 0.37968750000000007
54 0.7453125 0.6640625000000001 0.484375 0.6640625 0.4843750000000001 0.925 0.7453125000000002 0.925