53 0.2562500000000001 0.6296875 0.12500000000000008 0.6296875 0.1250000000000001 1 0.2562500000000001 1
53 0.5390625000000002 0.771875 0.4000000000000002 0.771875 0.4000000000000002 1 0.5390625000000002 1
53 0.309375 0.0031250000000000297 0.178125 0.0031250000000000223 0.17812500000000003 0.34375 0.309375 0.34375
53 0.4140625 4.372371775080784e-17 0.3 3.6739403974420595e-17 0.3 0.31093750000000003 0.4140625 0.3109375000000001
53 0.359375 0.2046875 0.3 0.2046875 0.3 0.340625 0.359375 0.340625
53 0.3921875 0.25468750000000007 0.34375 0.2546875 0.34375 0.35937500000000006 0.3921875 0.3593750000000001
54 0.653125 7.271340369937409e-17 0.534375 6.544206332943669e-17 0.534375 0.2312500000000001 0.653125 0.2312500000000001
54 0.5328125 0.07031250000000006 0.3921875 0.07031250000000004 0.3921875 0.2796875000000001 0.5328125 0.2796875000000001
54 0.7390625 0.21250000000000008 0.3828125 0.21250000000000008 0.38281250000000006 0.4593750000000001 0.7390625 0.4593750000000002
54 0.7078125000000001 0.33281250000000007 0.14062500000000006 0.3328125 0.14062500000000008 1 0.7078125000000002 1
54 0.721875 0.43125 0.5390625 0.43125 0.5390625 0.534375 0.721875 0.534375