54 0.5625000000000001 0.5984375 0.3218750000000001 0.5984375 0.3218750000000001 0.859375 0.5625000000000002 0.859375
54 0.28593750000000007 0.6828125 0.2078125000000001 0.6828125 0.2078125000000001 0.871875 0.28593750000000007 0.871875
57 0.7937500000000002 0.896875 0.3359375000000001 0.896875 0.3359375000000001 1 0.7937500000000002 1
55 0.3937500000000001 0.85 0.1468750000000001 0.85 0.14687500000000012 1 0.3937500000000001 1
53 0.6406250000000001 0.528125 0.5015625 0.528125 0.5015625000000001 0.84375 0.6406250000000002 0.84375
54 0.3375 0.33125 0.246875 0.33125 0.24687500000000004 0.521875 0.3375000000000001 0.521875
57 0.509375 0.43125 0.21093750000000008 0.43125 0.21093750000000008 0.678125 0.509375 0.678125
54 0.653125 0.08906250000000007 0.5140625 0.08906250000000007 0.5140625 0.32500000000000007 0.653125 0.32500000000000007
54 0.4703125 0.021875000000000044 0.278125 0.021875000000000033 0.278125 0.18593750000000003 0.4703125 0.18593750000000003
55 0.571875 6.429395695523604e-17 0.478125 5.855342508423283e-17 0.478125 0.10625000000000007 0.571875 0.1062500000000001
57 0.5453125 0.16718750000000007 0.2890625 0.16718750000000004 0.2890625 0.33906250000000004 0.5453125 0.3390625000000001
57 0.6796875 0.08906250000000007 0.465625 0.08906250000000007 0.465625 0.17968750000000006 0.6796875 0.17968750000000008
54 0.6484375 0.4359375 0.509375 0.4359375 0.509375 0.6171875 0.6484375 0.6171875