56 0.403125 0.10937500000000004 0.1828125 0.10937500000000004 0.18281250000000002 0.3296875 0.403125 0.3296875000000001
54 0.3453125000000001 0.7421875 0.18750000000000008 0.7421875 0.18750000000000008 0.9 0.3453125000000001 0.9
54 0.3281250000000001 0.8609375 0.1937500000000001 0.8609375 0.19375000000000012 1 0.3281250000000001 1
53 0.45625 0.023437500000000052 0.396875 0.02343750000000005 0.396875 0.19531250000000006 0.45625 0.19531250000000006
53 0.43125 0.043750000000000046 0.3015625 0.04375000000000003 0.3015625 0.17500000000000004 0.43125 0.17500000000000004
54 0.6453125 0.15468750000000006 0.390625 0.15468750000000003 0.39062500000000006 0.409375 0.6453125 0.409375
56 0.4984375000000002 0.7484375 0.3234375000000001 0.7484375 0.3234375000000001 0.9234375 0.4984375000000002 0.9234375
54 0.7031250000000002 0.8984375 0.3656250000000001 0.8984375 0.3656250000000001 0.9984375 0.7031250000000002 0.9984375
56 0.7093750000000001 0.5921875 0.434375 0.5921875 0.43437500000000007 0.8671875 0.7093750000000002 0.8671875
56 0.43437500000000007 0.4265625 0.29375000000000007 0.4265625 0.29375000000000007 0.7265625 0.4343750000000002 0.7265625
54 0.6328125 7.108691966925652e-17 0.528125 6.467665907996959e-17 0.528125 0.15625000000000006 0.6328125 0.15625000000000008