56 0.690625 0.4015625 0.3781250000000001 0.4015625 0.3781250000000001 0.715625 0.690625 0.715625
54 0.7687500000000002 0.7921875 0.6015625000000002 0.7921875 0.6015625000000002 0.959375 0.7687500000000002 0.959375
54 0.7296875000000002 0.90625 0.6187500000000001 0.90625 0.6187500000000001 1 0.7296875000000002 1
54 0.43125 0.035937500000000046 0.2640625 0.03593750000000003 0.2640625 0.3609375 0.43125 0.3609375000000001
54 0.6171875 0.018750000000000065 0.471875 0.018750000000000055 0.471875 0.16562500000000008 0.6171875 0.16562500000000008
54 0.4203125 0.015625000000000038 0.2390625 0.015625000000000028 0.2390625 0.19843750000000004 0.4203125 0.19843750000000004
53 0.490625 5.415235064979703e-17 0.39375 4.8220467716427034e-17 0.39375 0.3312500000000001 0.490625 0.3312500000000001
53 0.71875 8.00804196004949e-17 0.5890625 7.213935051227377e-17 0.5890625 0.2500000000000001 0.71875 0.2500000000000001
56 0.6328125 0.19218750000000007 0.484375 0.19218750000000004 0.484375 0.3390625000000001 0.6328125 0.3390625000000001
54 0.6671875 0.65 0.3968750000000001 0.65 0.3968750000000001 0.921875 0.6671875000000002 0.921875
57 0.4109375000000002 0.7953125 0.21093750000000008 0.7953125 0.21093750000000008 0.9953125 0.4109375000000002 0.9953125