56 0.5859375 0.28593750000000007 0.371875 0.28593750000000007 0.37187500000000007 0.6390625 0.5859375 0.6390625
56 0.5296875000000001 0.659375 0.2968750000000001 0.659375 0.2968750000000001 0.8296875 0.5296875000000002 0.8296875
56 0.4515625000000002 0.825 0.2234375000000001 0.825 0.2234375000000001 0.953125 0.4515625000000002 0.953125
55 0.6281250000000002 0.775 0.38750000000000007 0.775 0.38750000000000007 1 0.6281250000000002 1
54 0.6640625000000002 0.9453125 0.12812500000000013 0.9453125 0.12812500000000013 0.9984375 0.6640625000000002 0.9984375
56 0.646875 0.18906250000000008 0.3640625 0.18906250000000005 0.36406250000000007 0.4921875 0.646875 0.4921875
56 0.4859375 0.10937500000000004 0.4 0.10937500000000004 0.4 0.22031250000000008 0.4859375 0.22031250000000008
56 0.5515625 0.07187500000000006 0.4796875 0.07187500000000006 0.4796875 0.2000000000000001 0.5515625 0.2000000000000001
56 0.6453125 0.1828125000000001 0.5453125 0.1828125000000001 0.5453125 0.2968750000000001 0.6453125 0.2968750000000001
56 0.553125 0.19375000000000006 0.4328125 0.19375000000000003 0.4328125 0.2750000000000001 0.553125 0.2750000000000001
56 0.571875 5.156911130784557e-17 0.2703125 3.3103733789451887e-17 0.2703125 0.11406250000000007 0.571875 0.1140625000000001