56 0.35000000000000003 0.056250000000000036 0.2375 0.05625000000000002 0.23750000000000004 0.384375 0.3500000000000001 0.384375
54 0.32500000000000007 0.7234375 0.2062500000000001 0.7234375 0.2062500000000001 0.9203125 0.32500000000000007 0.9203125
54 0.3281250000000001 0.8609375 0.1937500000000001 0.8609375 0.19375000000000012 1 0.3281250000000001 1
53 0.484375 0.05156250000000005 0.36875 0.051562500000000046 0.36875 0.16718750000000004 0.484375 0.16718750000000004
53 0.43125 0.043750000000000046 0.3015625 0.04375000000000003 0.3015625 0.17500000000000004 0.43125 0.17500000000000004
54 0.6359375 0.14531250000000007 0.4015625 0.14531250000000004 0.4015625 0.4203125 0.6359375 0.4203125
56 0.47656250000000017 0.7265625 0.3453125000000001 0.7265625 0.3453125000000001 0.9453125 0.47656250000000017 0.9453125
54 0.7031250000000002 0.8984375 0.3656250000000001 0.8984375 0.3656250000000001 0.9984375 0.7031250000000002 0.9984375
56 0.7093750000000001 0.5921875 0.434375 0.5921875 0.43437500000000007 0.8671875 0.7093750000000002 0.8671875
56 0.4734375 0.4671875 0.2531250000000001 0.4671875 0.2531250000000001 0.6875 0.4734375 0.6875
54 0.6328125 7.108691966925652e-17 0.528125 6.467665907996959e-17 0.528125 0.15625000000000006 0.6328125 0.15625000000000008