54 0.5671875000000001 0.603125 0.3156250000000001 0.603125 0.3156250000000001 0.8546875 0.5671875000000002 0.8546875
54 0.3140625000000001 0.709375 0.17968750000000008 0.709375 0.17968750000000008 0.84375 0.3140625000000001 0.84375
57 0.7937500000000002 0.896875 0.3359375000000001 0.896875 0.3359375000000001 1 0.7937500000000002 1
55 0.3937500000000001 0.85 0.1468750000000001 0.85 0.14687500000000012 1 0.3937500000000001 1
53 0.6406250000000001 0.528125 0.5015625 0.528125 0.5015625000000001 0.84375 0.6406250000000002 0.84375
54 0.3375 0.33125 0.246875 0.33125 0.24687500000000004 0.521875 0.3375000000000001 0.521875
57 0.496875 0.4171875 0.2234375000000001 0.4171875 0.2234375000000001 0.690625 0.496875 0.690625
54 0.6765625 0.11250000000000007 0.4890625 0.11250000000000004 0.4890625 0.30156250000000007 0.6765625 0.30156250000000007
54 0.46875 0.021875000000000044 0.278125 0.021875000000000033 0.278125 0.18593750000000003 0.46875 0.18593750000000003
55 0.575 0.0031250000000000644 0.475 0.0031250000000000583 0.475 0.10312500000000006 0.575 0.10312500000000009
57 0.5234375 0.14687500000000003 0.309375 0.14687500000000003 0.309375 0.3609375 0.5234375 0.3609375000000001
57 0.678125 0.08906250000000007 0.465625 0.08906250000000007 0.465625 0.17968750000000006 0.678125 0.17968750000000008
54 0.6484375 0.4359375 0.509375 0.4359375 0.509375 0.6171875 0.6484375 0.6171875