53 0.6203125 0.2968750000000001 0.55 0.2968750000000001 0.55 0.621875 0.6203125 0.621875
53 0.4468750000000001 0.38750000000000007 0.2906250000000001 0.3875 0.2906250000000001 0.884375 0.4468750000000002 0.884375
57 0.3062500000000001 0.7140625 0.1859375000000001 0.7140625 0.18593750000000012 0.94375 0.3062500000000001 0.94375
54 0.4796875 0.22968750000000004 0.265625 0.2296875 0.26562500000000006 0.46875 0.4796875 0.46875
54 0.4796875 0.30312500000000003 0.2515625 0.303125 0.2515625 0.56875 0.4796875 0.56875
57 0.3421875000000001 0.4671875 0.18125000000000005 0.4671875 0.18125000000000008 0.6640625 0.3421875000000001 0.6640625
54 0.6140625000000001 0.615625 0.3296875000000001 0.615625 0.3296875000000001 1 0.6140625000000002 1
55 0.7093750000000002 0.8296875 0.44531250000000017 0.8296875 0.44531250000000017 0.99375 0.7093750000000002 0.99375
54 0.534375 5.750099424121557e-17 0.4046875 4.955992515299445e-17 0.4046875 0.12812500000000004 0.534375 0.12812500000000004
54 0.6203125 0.15937500000000007 0.3828125 0.15937500000000004 0.38281250000000006 0.4984375 0.6203125 0.4984375
54 0.6578125 0.015625000000000062 0.35 0.015625000000000045 0.35 0.19531250000000006 0.6578125 0.19531250000000008
56 0.7671875 0.16406250000000008 0.625 0.16406250000000008 0.625 0.4359375000000001 0.7671875 0.4359375000000002