53 0.3921875000000001 0.51875 0.15625000000000006 0.51875 0.15625000000000006 0.753125 0.3921875000000001 0.753125
53 0.5 0.4734375 0.2531250000000001 0.4734375 0.2531250000000001 0.71875 0.5 0.71875
53 0.5984375000000001 0.60625 0.3031250000000001 0.60625 0.3031250000000001 0.9015625 0.5984375000000002 0.9015625
53 0.64375 0.45 0.3609375000000001 0.45 0.3609375000000001 0.7328125 0.6437500000000002 0.7328125
53 0.646875 0.3312500000000001 0.546875 0.3312500000000001 0.546875 0.6 0.646875 0.6
53 0.65625 0.04843750000000007 0.578125 0.048437500000000064 0.578125 0.3125000000000001 0.65625 0.3125000000000001
53 0.5578125 0.03906250000000006 0.4109375 0.039062500000000056 0.4109375 0.18593750000000006 0.5578125 0.1859375000000001
53 0.4765625 0.31718750000000007 0.303125 0.3171875 0.30312500000000003 0.490625 0.4765625 0.490625
53 0.6062500000000002 0.809375 0.47968750000000016 0.809375 0.47968750000000016 0.9375 0.6062500000000002 0.9375
53 0.5953125000000001 0.9125 0.49531250000000016 0.9125 0.49531250000000016 1 0.5953125000000001 1
53 0.3109375000000001 0.71875 0.2250000000000001 0.71875 0.2250000000000001 1 0.3109375000000001 1
53 0.44843750000000016 0.7796875 0.27031250000000007 0.7796875 0.27031250000000007 0.95625 0.44843750000000016 0.95625