53 0.30937500000000007 0.371875 0.20312500000000008 0.371875 0.20312500000000008 0.796875 0.30937500000000007 0.796875
53 0.4875000000000001 0.37500000000000006 0.32500000000000007 0.375 0.32500000000000007 0.81875 0.48750000000000016 0.81875
53 0.6859375000000001 0.6265625 0.3906250000000001 0.6265625 0.3906250000000001 0.9234375 0.6859375000000002 0.9234375
54 0.7375 0.7031250000000001 0.534375 0.703125 0.534375 0.903125 0.7375000000000002 0.903125
54 0.4625000000000002 0.8484375 0.16562500000000008 0.8484375 0.1656250000000001 0.990625 0.4625000000000002 0.990625
53 0.525 0.2484375000000001 0.45625 0.2484375000000001 0.45625 0.515625 0.525 0.515625
54 0.6109375 0.2218750000000001 0.45 0.2218750000000001 0.45 0.3843750000000001 0.6109375 0.3843750000000001
54 0.546875 0.15937500000000007 0.2828125 0.15937500000000004 0.2828125 0.4234375 0.546875 0.4234375
54 0.6359375 0.043750000000000074 0.55625 0.04375000000000007 0.55625 0.4625 0.6359375 0.4625
54 0.66875 6.984313776387249e-17 0.471875 5.778802083476573e-17 0.471875 0.17500000000000007 0.66875 0.1750000000000001
54 0.5 4.9368574090627673e-17 0.30625 3.750480822388769e-17 0.30625 0.12187500000000004 0.5 0.12187500000000004