53 0.6859375 0.3593750000000001 0.4875 0.3593750000000001 0.4875 0.5578125 0.6859375 0.5578125
53 0.4484375000000001 0.38593750000000004 0.2906250000000001 0.3859375 0.2906250000000001 0.8890625 0.44843750000000016 0.8890625
57 0.3343750000000001 0.74375 0.15781250000000008 0.74375 0.1578125000000001 0.91875 0.3343750000000001 0.91875
54 0.48125 0.22812500000000005 0.265625 0.228125 0.26562500000000006 0.4671875 0.48125 0.4671875
54 0.490625 0.31250000000000006 0.2421875 0.3125 0.24218750000000006 0.559375 0.490625 0.559375
57 0.3515625000000001 0.475 0.17031250000000003 0.475 0.17031250000000006 0.65625 0.3515625000000001 0.65625
54 0.6406250000000001 0.6421875 0.3062500000000001 0.6421875 0.3062500000000001 0.975 0.6406250000000002 0.975
55 0.7125000000000001 0.8328125 0.44531250000000017 0.8328125 0.44531250000000017 0.99375 0.7125000000000001 0.99375
54 0.534375 5.750099424121557e-17 0.4046875 4.955992515299445e-17 0.4046875 0.12500000000000006 0.534375 0.12500000000000006
54 0.6484375 0.18281250000000007 0.3578125 0.18281250000000004 0.35781250000000003 0.4734375 0.6484375 0.4734375
54 0.6265625 6.17107176132846e-17 0.38125 4.6689659217492845e-17 0.38125 0.2250000000000001 0.6265625 0.2250000000000001
56 0.7703125 0.1625000000000001 0.628125 0.1625000000000001 0.628125 0.4359375000000001 0.7703125 0.4359375000000002