53 0.3453125 0.11718750000000003 0.1359375 0.1171875 0.13593750000000002 0.3296875 0.3453125 0.3296875
53 0.6578125 0.035937500000000074 0.5078125 0.03593750000000007 0.5078125 0.18593750000000006 0.6578125 0.1859375000000001
54 0.5015625000000001 0.35937500000000006 0.03281250000000004 0.359375 0.03281250000000007 0.8296875 0.5015625000000001 0.8296875
53 0.5718750000000001 0.621875 0.21875000000000008 0.621875 0.21875000000000008 1 0.5718750000000001 1
54 0.5390625 0.01875000000000006 0.415625 0.01875000000000005 0.415625 0.18437500000000004 0.5390625 0.18437500000000004
54 0.4984375 5.443937724334719e-17 0.390625 4.7837765591693485e-17 0.390625 0.10156250000000004 0.4984375 0.10156250000000004
54 0.384375 0.032812500000000036 0.221875 0.03281250000000002 0.221875 0.19531250000000006 0.384375 0.19531250000000006
54 0.65 0.3140625000000001 0.540625 0.3140625000000001 0.540625 0.628125 0.65 0.628125
53 0.528125 0.27031250000000007 0.440625 0.27031250000000007 0.440625 0.6296875 0.528125 0.6296875
54 0.490625 0.11250000000000004 0.321875 0.11250000000000004 0.321875 0.30468750000000006 0.490625 0.3046875000000001
57 0.659375 0.16406250000000006 0.44375 0.16406250000000006 0.44375 0.37968750000000007 0.659375 0.37968750000000007
54 0.7453125 0.6640625000000001 0.484375 0.6640625 0.4843750000000001 0.925 0.7453125000000002 0.925