54 0.3781250000000001 0.4921875 0.06718750000000007 0.4921875 0.06718750000000008 0.8046875 0.3781250000000001 0.8046875
53 0.51875 0.3203125000000001 0.39375 0.3203125000000001 0.39375000000000004 0.7484375 0.5187500000000002 0.7484375
53 0.4796875 0.26093750000000004 0.2640625 0.2609375 0.26406250000000003 0.4765625 0.4796875 0.4765625
54 0.615625 0.10312500000000006 0.490625 0.10312500000000005 0.490625 0.34062500000000007 0.615625 0.34062500000000007
54 0.6140625000000002 0.915625 0.17968750000000014 0.915625 0.17968750000000014 0.9953125 0.6140625000000002 0.9953125
54 0.4593750000000001 0.6125 0.06250000000000007 0.6125 0.0625000000000001 1 0.4593750000000002 1
54 0.6812500000000001 0.6125 0.478125 0.6125 0.4781250000000001 0.815625 0.6812500000000001 0.815625
54 0.6640625000000002 0.79375 0.5031250000000002 0.79375 0.5031250000000002 0.9546875 0.6640625000000002 0.9546875
54 0.58125 5.836207402186604e-17 0.371875 4.55415528432922e-17 0.371875 0.19218750000000007 0.58125 0.1921875000000001
54 0.678125 0.4640625 0.5015625 0.4640625 0.5015625 0.6421875 0.678125 0.6421875
54 0.6109375 0.3812500000000001 0.503125 0.3812500000000001 0.503125 0.490625 0.6109375 0.490625
55 0.7078125 0.014062500000000075 0.5203125 0.014062500000000061 0.5203125 0.20312500000000008 0.7078125 0.20312500000000008
54 0.390625 0.04531250000000003 0.2203125 0.04531250000000002 0.2203125 0.30156250000000007 0.390625 0.30156250000000007