53 0.3890625000000001 0.4515625 0.12343750000000005 0.4515625 0.12343750000000006 0.7171875 0.3890625000000001 0.7171875
53 0.4875000000000001 0.37500000000000006 0.32500000000000007 0.375 0.32500000000000007 0.81875 0.48750000000000016 0.81875
53 0.6859375000000001 0.6265625 0.3906250000000001 0.6265625 0.3906250000000001 0.9234375 0.6859375000000002 0.9234375
54 0.6687500000000001 0.634375 0.603125 0.634375 0.6031250000000001 0.971875 0.6687500000000002 0.971875
54 0.4625000000000002 0.8484375 0.16562500000000008 0.8484375 0.1656250000000001 0.990625 0.4625000000000002 0.990625
53 0.575 0.2984375000000001 0.4078125 0.2984375000000001 0.4078125 0.465625 0.575 0.465625
54 0.6109375 0.2218750000000001 0.45 0.2218750000000001 0.45 0.3843750000000001 0.6109375 0.3843750000000001
54 0.471875 0.08593750000000006 0.35625 0.08593750000000004 0.35625000000000007 0.496875 0.471875 0.496875
54 0.7203125 0.12812500000000007 0.471875 0.12812500000000004 0.471875 0.3781250000000001 0.7203125 0.3781250000000001
54 0.6625 6.97474622326891e-17 0.4765625 5.836207402186604e-17 0.4765625 0.17968750000000006 0.6625 0.17968750000000008
54 0.48125 4.927289855944429e-17 0.3234375 3.9609669909922206e-17 0.3234375 0.13906250000000003 0.48125 0.13906250000000003